organ,as_label,cell_label,cell_id,mean_cell_count,cell_count
VHFHeart,Posteromedial head of posterior papillary muscle of left ventricle,Adip1,http://purl.obolibrary.org/obo/CL_0000136,33,792
VHFHeart,Posteromedial head of posterior papillary muscle of left ventricle,Adip2,http://purl.obolibrary.org/obo/CL_0000136,20.5,246
VHFHeart,Posteromedial head of posterior papillary muscle of left ventricle,Adipocyte,http://purl.obolibrary.org/obo/CL_0000136,20.5,738
VHFHeart,Posteromedial head of posterior papillary muscle of left ventricle,Arterial Endothelial,http://purl.obolibrary.org/obo/CL_1000413,85.16666666666666666667,3066
VHFHeart,Posteromedial head of posterior papillary muscle of left ventricle,Atrial Cardiomyocyte,http://purl.obolibrary.org/obo/CL_0002129,3.66666666666666666667,66
VHFHeart,Posteromedial head of posterior papillary muscle of left ventricle,B,http://purl.obolibrary.org/obo/CL_0000236,21.7,1302
VHFHeart,Posteromedial head of posterior papillary muscle of left ventricle,B_plasma,http://purl.obolibrary.org/obo/CL_0000786,5,120
VHFHeart,Posteromedial head of posterior papillary muscle of left ventricle,CD14+Mo,http://purl.obolibrary.org/obo/CL_0002057,168.75,4050
VHFHeart,Posteromedial head of posterior papillary muscle of left ventricle,CD16+Mo,http://purl.obolibrary.org/obo/CL_0002396,58.66666666666666666667,2112
VHFHeart,Posteromedial head of posterior papillary muscle of left ventricle,CD4+T_Tfh,http://purl.obolibrary.org/obo/CL_0000492,4.5,54
VHFHeart,Posteromedial head of posterior papillary muscle of left ventricle,CD4+T_Th1,http://purl.obolibrary.org/obo/CL_0000545,6,72
VHFHeart,Posteromedial head of posterior papillary muscle of left ventricle,CD4+T_Th17,http://purl.obolibrary.org/obo/CL_0000899,1,12
VHFHeart,Posteromedial head of posterior papillary muscle of left ventricle,CD4+T_Th2,http://purl.obolibrary.org/obo/CL_0000546,2,36
VHFHeart,Posteromedial head of posterior papillary muscle of left ventricle,CD4+T_act,http://purl.obolibrary.org/obo/CL_0001043,15.2,456
VHFHeart,Posteromedial head of posterior papillary muscle of left ventricle,CD4+T_naive,http://purl.obolibrary.org/obo/CL_0000895,33.8,1014
VHFHeart,Posteromedial head of posterior papillary muscle of left ventricle,CD4+T_reg,http://purl.obolibrary.org/obo/CL_0000792,1.33333333333333333333,24
VHFHeart,Posteromedial head of posterior papillary muscle of left ventricle,CD8+T_cytox,http://purl.obolibrary.org/obo/CL_0000794,2.8,84
VHFHeart,Posteromedial head of posterior papillary muscle of left ventricle,CD8+T_em,http://purl.obolibrary.org/obo/CL_0000913,4.8,144
VHFHeart,Posteromedial head of posterior papillary muscle of left ventricle,CD8+T_te,http://purl.obolibrary.org/obo/CL_0001050,13,234
VHFHeart,Posteromedial head of posterior papillary muscle of left ventricle,CD8+T_trans,http://purl.obolibrary.org/obo/CL_0000625,7.83333333333333333333,282
VHFHeart,Posteromedial head of posterior papillary muscle of left ventricle,Capillary Endothelial,http://purl.obolibrary.org/obo/CL_0002144,1361.66666666666666666667,49020
VHFHeart,Posteromedial head of posterior papillary muscle of left ventricle,DC,http://purl.obolibrary.org/obo/CL_0000451,15.2,456
VHFHeart,Posteromedial head of posterior papillary muscle of left ventricle,EC1_cap,http://purl.obolibrary.org/obo/CL_0002144,219.33333333333333333333,3948
VHFHeart,Posteromedial head of posterior papillary muscle of left ventricle,EC2_cap,http://purl.obolibrary.org/obo/CL_0002144,336,2016
VHFHeart,Posteromedial head of posterior papillary muscle of left ventricle,EC3_cap,http://purl.obolibrary.org/obo/CL_0002144,2333,27996
VHFHeart,Posteromedial head of posterior papillary muscle of left ventricle,EC4_immune,http://purl.obolibrary.org/obo/CL_0000115,133,4788
VHFHeart,Posteromedial head of posterior papillary muscle of left ventricle,EC5_art,http://purl.obolibrary.org/obo/CL_1000413,326.16666666666666666667,11742
VHFHeart,Posteromedial head of posterior papillary muscle of left ventricle,EC6_ven,http://purl.obolibrary.org/obo/CL_0002543,83.16666666666666666667,2994
VHFHeart,Posteromedial head of posterior papillary muscle of left ventricle,EC7_endocardial,http://purl.obolibrary.org/obo/CL_0002350,11.4,342
VHFHeart,Posteromedial head of posterior papillary muscle of left ventricle,EC8_ln,http://purl.obolibrary.org/obo/CL_0002138,10.2,306
VHFHeart,Posteromedial head of posterior papillary muscle of left ventricle,Endocardial,http://purl.obolibrary.org/obo/CL_0002350,10.6,318
VHFHeart,Posteromedial head of posterior papillary muscle of left ventricle,Endothelial,http://purl.obolibrary.org/obo/CL_0000115,1.5,18
VHFHeart,Posteromedial head of posterior papillary muscle of left ventricle,FB1,http://purl.obolibrary.org/obo/CL_0000057,1243.66666666666666666667,22386
VHFHeart,Posteromedial head of posterior papillary muscle of left ventricle,FB3,http://purl.obolibrary.org/obo/CL_0000057,1273,7638
VHFHeart,Posteromedial head of posterior papillary muscle of left ventricle,FB4_activated,http://purl.obolibrary.org/obo/CL_0000057,452,2712
VHFHeart,Posteromedial head of posterior papillary muscle of left ventricle,FB5,http://purl.obolibrary.org/obo/CL_0000057,566,3396
VHFHeart,Posteromedial head of posterior papillary muscle of left ventricle,Fibroblast,http://purl.obolibrary.org/obo/CL_0000057,999.66666666666666666667,35988
VHFHeart,Posteromedial head of posterior papillary muscle of left ventricle,ILC,http://purl.obolibrary.org/obo/CL_0001065,2.5,60
VHFHeart,Posteromedial head of posterior papillary muscle of left ventricle,LYVE1+IGF1+MP,http://purl.obolibrary.org/obo/CL_0000235,124.66666666666666666667,2244
VHFHeart,Posteromedial head of posterior papillary muscle of left ventricle,LYVE1+MP_cycling,http://purl.obolibrary.org/obo/CL_0000235,102,612
VHFHeart,Posteromedial head of posterior papillary muscle of left ventricle,LYVE1+TIMD4+MP,http://purl.obolibrary.org/obo/CL_0000235,402.5,4830
VHFHeart,Posteromedial head of posterior papillary muscle of left ventricle,Lymphatic Endothelial,http://purl.obolibrary.org/obo/CL_0002138,9.2,276
VHFHeart,Posteromedial head of posterior papillary muscle of left ventricle,MAIT-like,http://purl.obolibrary.org/obo/CL_0000791,13.33333333333333333333,240
VHFHeart,Posteromedial head of posterior papillary muscle of left ventricle,Macrophage,http://purl.obolibrary.org/obo/CL_0000235,116.16666666666666666667,4182
VHFHeart,Posteromedial head of posterior papillary muscle of left ventricle,Mast,http://purl.obolibrary.org/obo/CL_0000097,32.16666666666666666667,2316
VHFHeart,Posteromedial head of posterior papillary muscle of left ventricle,Mesothelial,http://purl.obolibrary.org/obo/CL_0000077,23,138
VHFHeart,Posteromedial head of posterior papillary muscle of left ventricle,Monocyte/cDC,http://purl.obolibrary.org/obo/CL_0011031,291,10476
VHFHeart,Posteromedial head of posterior papillary muscle of left ventricle,NC1_glial,http://purl.obolibrary.org/obo/CL_0010020,67.25,1614
VHFHeart,Posteromedial head of posterior papillary muscle of left ventricle,NC2_glial_NGF+,http://purl.obolibrary.org/obo/CL_0010020,25,300
VHFHeart,Posteromedial head of posterior papillary muscle of left ventricle,NK,http://purl.obolibrary.org/obo/CL_0000623,164.8,4944
VHFHeart,Posteromedial head of posterior papillary muscle of left ventricle,NK_CD16hi,http://purl.obolibrary.org/obo/CL_0000939,119.16666666666666666667,4290
VHFHeart,Posteromedial head of posterior papillary muscle of left ventricle,NK_CD56hi,http://purl.obolibrary.org/obo/CL_0000938,26.25,630
VHFHeart,Posteromedial head of posterior papillary muscle of left ventricle,Neuronal,http://purl.obolibrary.org/obo/CL_0002573,49.66666666666666666667,1788
VHFHeart,Posteromedial head of posterior papillary muscle of left ventricle,Neut,http://purl.obolibrary.org/obo/CL_0000775,23,138
VHFHeart,Posteromedial head of posterior papillary muscle of left ventricle,PC1_vent,http://purl.obolibrary.org/obo/CL_0000669,932.5,33570
VHFHeart,Posteromedial head of posterior papillary muscle of left ventricle,Pericyte,http://purl.obolibrary.org/obo/CL_0000669,987.5,35550
VHFHeart,Posteromedial head of posterior papillary muscle of left ventricle,SAN_P_cell,http://purl.obolibrary.org/obo/CL_1000477,1,6
VHFHeart,Posteromedial head of posterior papillary muscle of left ventricle,SMC1_basic,http://purl.obolibrary.org/obo/CL_0000359,235.5,8478
VHFHeart,Posteromedial head of posterior papillary muscle of left ventricle,Smooth Muscle,http://purl.obolibrary.org/obo/CL_0000192,173.66666666666666666667,6252
VHFHeart,Posteromedial head of posterior papillary muscle of left ventricle,T,http://purl.obolibrary.org/obo/CL_0000084,75.16666666666666666667,2706
VHFHeart,Posteromedial head of posterior papillary muscle of left ventricle,T/NK_cycling,http://purl.obolibrary.org/obo/CL_0000814,2.5,30
VHFHeart,Posteromedial head of posterior papillary muscle of left ventricle,Venous Endothelial,http://purl.obolibrary.org/obo/CL_1000414,63.5,2286
VHFHeart,Posteromedial head of posterior papillary muscle of left ventricle,Ventricular Cardiomycoyte,http://purl.obolibrary.org/obo/CL_0002131,2355,84780
VHFHeart,Posteromedial head of posterior papillary muscle of left ventricle,aCM1,http://purl.obolibrary.org/obo/CL_0002129,1,6
VHFHeart,Posteromedial head of posterior papillary muscle of left ventricle,aCM2,http://purl.obolibrary.org/obo/CL_0002129,1,6
VHFHeart,Posteromedial head of posterior papillary muscle of left ventricle,aCM5,http://purl.obolibrary.org/obo/CL_0002129,2,12
VHFHeart,Posteromedial head of posterior papillary muscle of left ventricle,cardiac endothelial cell,http://purl.obolibrary.org/obo/CL_0010008,1462,52632
VHFHeart,Posteromedial head of posterior papillary muscle of left ventricle,cardiac muscle cell,http://purl.obolibrary.org/obo/CL_0000746,2654.5,95562
VHFHeart,Posteromedial head of posterior papillary muscle of left ventricle,fibroblast of cardiac tissue,http://purl.obolibrary.org/obo/CL_0002548,1037.66666666666666666667,37356
VHFHeart,Posteromedial head of posterior papillary muscle of left ventricle,gdT,http://purl.obolibrary.org/obo/CL_0000798,2,12
VHFHeart,Posteromedial head of posterior papillary muscle of left ventricle,hepatocyte,http://purl.obolibrary.org/obo/CL_0000182,8.33333333333333333333,300
VHFHeart,Posteromedial head of posterior papillary muscle of left ventricle,macrophage,http://purl.obolibrary.org/obo/CL_0000235,550,19800
VHFHeart,Posteromedial head of posterior papillary muscle of left ventricle,smooth muscle cell,http://purl.obolibrary.org/obo/CL_0000192,1080,38880
VHFHeart,Posteromedial head of posterior papillary muscle of left ventricle,vCM1,http://purl.obolibrary.org/obo/CL_0002131,2349.25,56382
VHFHeart,Posteromedial head of posterior papillary muscle of left ventricle,vCM2,http://purl.obolibrary.org/obo/CL_0002131,2305,13830
VHFHeart,Posteromedial head of posterior papillary muscle of left ventricle,vCM3_stressed,http://purl.obolibrary.org/obo/CL_0002131,2518,15108
VHFHeart,heart left ventricle,AVN_P_cell,http://purl.obolibrary.org/obo/CL_0002072,1,7
VHFHeart,heart left ventricle,Adip1,http://purl.obolibrary.org/obo/CL_0000136,60.73417721518987341772,4798
VHFHeart,heart left ventricle,Adip2,http://purl.obolibrary.org/obo/CL_0000136,32.60714285714285714286,1826
VHFHeart,heart left ventricle,Adip3,http://purl.obolibrary.org/obo/CL_0000136,13,91
VHFHeart,heart left ventricle,Adipocyte,http://purl.obolibrary.org/obo/CL_0000136,48.11851851851851851852,6496
VHFHeart,heart left ventricle,Arterial Endothelial,http://purl.obolibrary.org/obo/CL_1000413,93.83802816901408450704,13325
VHFHeart,heart left ventricle,Atrial Cardiomyocyte,http://purl.obolibrary.org/obo/CL_0002129,9.31506849315068493151,680
VHFHeart,heart left ventricle,B,http://purl.obolibrary.org/obo/CL_0000236,97.84848484848484848485,19374
VHFHeart,heart left ventricle,B_plasma,http://purl.obolibrary.org/obo/CL_0000786,3.44444444444444444444,248
VHFHeart,heart left ventricle,CD14+Mo,http://purl.obolibrary.org/obo/CL_0002057,54.64912280701754385965,6230
VHFHeart,heart left ventricle,CD16+Mo,http://purl.obolibrary.org/obo/CL_0002396,32.40714285714285714286,4537
VHFHeart,heart left ventricle,CD4+T_Tfh,http://purl.obolibrary.org/obo/CL_0000492,4.39393939393939393939,145
VHFHeart,heart left ventricle,CD4+T_Th1,http://purl.obolibrary.org/obo/CL_0000545,3.55,142
VHFHeart,heart left ventricle,CD4+T_Th17,http://purl.obolibrary.org/obo/CL_0000899,1,19
VHFHeart,heart left ventricle,CD4+T_Th2,http://purl.obolibrary.org/obo/CL_0000546,3.09523809523809523810,130
VHFHeart,heart left ventricle,CD4+T_act,http://purl.obolibrary.org/obo/CL_0001043,16.58267716535433070866,2106
VHFHeart,heart left ventricle,CD4+T_naive,http://purl.obolibrary.org/obo/CL_0000895,24.60833333333333333333,2953
VHFHeart,heart left ventricle,CD4+T_reg,http://purl.obolibrary.org/obo/CL_0000792,1.24,31
VHFHeart,heart left ventricle,CD8+T_cytox,http://purl.obolibrary.org/obo/CL_0000794,2.90163934426229508197,354
VHFHeart,heart left ventricle,CD8+T_em,http://purl.obolibrary.org/obo/CL_0000913,8.22123893805309734513,929
VHFHeart,heart left ventricle,CD8+T_te,http://purl.obolibrary.org/obo/CL_0001050,14.25609756097560975610,1169
VHFHeart,heart left ventricle,CD8+T_trans,http://purl.obolibrary.org/obo/CL_0000625,18.15079365079365079365,2287
VHFHeart,heart left ventricle,Capillary Endothelial,http://purl.obolibrary.org/obo/CL_0002144,1129.95774647887323943662,160454
VHFHeart,heart left ventricle,DC,http://purl.obolibrary.org/obo/CL_0000451,10.01470588235294117647,1362
VHFHeart,heart left ventricle,EC10_CMC-like,http://purl.obolibrary.org/obo/CL_0000115,14.71428571428571428571,721
VHFHeart,heart left ventricle,EC1_cap,http://purl.obolibrary.org/obo/CL_0002144,1361.84,102138
VHFHeart,heart left ventricle,EC2_cap,http://purl.obolibrary.org/obo/CL_0002144,548.59259259259259259259,14812
VHFHeart,heart left ventricle,EC3_cap,http://purl.obolibrary.org/obo/CL_0002144,896.075,35843
VHFHeart,heart left ventricle,EC4_immune,http://purl.obolibrary.org/obo/CL_0000115,213.53571428571428571429,17937
VHFHeart,heart left ventricle,EC5_art,http://purl.obolibrary.org/obo/CL_1000413,235.17605633802816901408,33395
VHFHeart,heart left ventricle,EC6_ven,http://purl.obolibrary.org/obo/CL_0002543,115.73943661971830985915,16435
VHFHeart,heart left ventricle,EC7_endocardial,http://purl.obolibrary.org/obo/CL_0002350,27.55172413793103448276,2397
VHFHeart,heart left ventricle,EC8_ln,http://purl.obolibrary.org/obo/CL_0002138,13.84426229508196721311,1689
VHFHeart,heart left ventricle,EC9_FB-like,http://purl.obolibrary.org/obo/CL_0000115,12,84
VHFHeart,heart left ventricle,Endocardial,http://purl.obolibrary.org/obo/CL_0002350,43.70114942528735632184,3802
VHFHeart,heart left ventricle,Endothelial,http://purl.obolibrary.org/obo/CL_0000115,2.4375,78
VHFHeart,heart left ventricle,FB1,http://purl.obolibrary.org/obo/CL_0000057,1050.18691588785046728972,112370
VHFHeart,heart left ventricle,FB2,http://purl.obolibrary.org/obo/CL_0000057,706,9884
VHFHeart,heart left ventricle,FB3,http://purl.obolibrary.org/obo/CL_0000057,1273,7638
VHFHeart,heart left ventricle,FB4_activated,http://purl.obolibrary.org/obo/CL_0000057,1139.11111111111111111111,10252
VHFHeart,heart left ventricle,FB5,http://purl.obolibrary.org/obo/CL_0000057,566,3396
VHFHeart,heart left ventricle,Fibroblast,http://purl.obolibrary.org/obo/CL_0000057,1527.90140845070422535211,216962
VHFHeart,heart left ventricle,ILC,http://purl.obolibrary.org/obo/CL_0001065,3.22619047619047619048,271
VHFHeart,heart left ventricle,LYVE1+IGF1+MP,http://purl.obolibrary.org/obo/CL_0000235,226.41584158415841584158,22868
VHFHeart,heart left ventricle,LYVE1+MP_cycling,http://purl.obolibrary.org/obo/CL_0000235,78.75,630
VHFHeart,heart left ventricle,LYVE1+TIMD4+MP,http://purl.obolibrary.org/obo/CL_0000235,451.39393939393939393939,14896
VHFHeart,heart left ventricle,Lymphatic Endothelial,http://purl.obolibrary.org/obo/CL_0002138,16.52459016393442622951,2016
VHFHeart,heart left ventricle,MAIT-like,http://purl.obolibrary.org/obo/CL_0000791,5.5,495
VHFHeart,heart left ventricle,Macrophage,http://purl.obolibrary.org/obo/CL_0000235,149,21158
VHFHeart,heart left ventricle,Mast,http://purl.obolibrary.org/obo/CL_0000097,50.93117408906882591093,12580
VHFHeart,heart left ventricle,Meso,http://purl.obolibrary.org/obo/CL_0000077,7.03571428571428571429,197
VHFHeart,heart left ventricle,Mesothelial,http://purl.obolibrary.org/obo/CL_0000077,75.28571428571428571429,3162
VHFHeart,heart left ventricle,Monocyte/cDC,http://purl.obolibrary.org/obo/CL_0011031,217.83098591549295774648,30932
VHFHeart,heart left ventricle,NC1_glial,http://purl.obolibrary.org/obo/CL_0010020,44.65,4465
VHFHeart,heart left ventricle,NC2_glial_NGF+,http://purl.obolibrary.org/obo/CL_0010020,65.92857142857142857143,2769
VHFHeart,heart left ventricle,NK,http://purl.obolibrary.org/obo/CL_0000623,85.94573643410852713178,11087
VHFHeart,heart left ventricle,NK_CD16hi,http://purl.obolibrary.org/obo/CL_0000939,54.90476190476190476190,6918
VHFHeart,heart left ventricle,NK_CD56hi,http://purl.obolibrary.org/obo/CL_0000938,25.31182795698924731183,2354
VHFHeart,heart left ventricle,Neuronal,http://purl.obolibrary.org/obo/CL_0002573,52.61267605633802816901,7471
VHFHeart,heart left ventricle,Neut,http://purl.obolibrary.org/obo/CL_0000775,13.40740740740740740741,362
VHFHeart,heart left ventricle,PC1_vent,http://purl.obolibrary.org/obo/CL_0000669,2768.35514018691588785047,296214
VHFHeart,heart left ventricle,PC2_atria,http://purl.obolibrary.org/obo/CL_0000669,1471,10297
VHFHeart,heart left ventricle,PC3_str,http://purl.obolibrary.org/obo/CL_0000669,1430.33333333333333333333,30037
VHFHeart,heart left ventricle,PC4_CMC-like,http://purl.obolibrary.org/obo/CL_0000669,1740,12180
VHFHeart,heart left ventricle,Pericyte,http://purl.obolibrary.org/obo/CL_0000669,1152.73943661971830985915,163689
VHFHeart,heart left ventricle,Purkinje_cell,http://purl.obolibrary.org/obo/CL_0002068,1.5,21
VHFHeart,heart left ventricle,SAN_P_cell,http://purl.obolibrary.org/obo/CL_1000477,1,14
VHFHeart,heart left ventricle,SMC1_basic,http://purl.obolibrary.org/obo/CL_0000359,205.4,28756
VHFHeart,heart left ventricle,Smooth Muscle,http://purl.obolibrary.org/obo/CL_0000192,186.88571428571428571429,26164
VHFHeart,heart left ventricle,T,http://purl.obolibrary.org/obo/CL_0000084,78.55633802816901408451,11155
VHFHeart,heart left ventricle,T/NK_cycling,http://purl.obolibrary.org/obo/CL_0000814,2.60606060606060606061,86
VHFHeart,heart left ventricle,Venous Endothelial,http://purl.obolibrary.org/obo/CL_1000414,108.26760563380281690141,15374
VHFHeart,heart left ventricle,Ventricular Cardiomycoyte,http://purl.obolibrary.org/obo/CL_0002131,3696.34507042253521126761,524881
VHFHeart,heart left ventricle,aCM1,http://purl.obolibrary.org/obo/CL_0002129,119.87878787878787878788,3956
VHFHeart,heart left ventricle,aCM2,http://purl.obolibrary.org/obo/CL_0002129,1.61764705882352941176,55
VHFHeart,heart left ventricle,aCM3,http://purl.obolibrary.org/obo/CL_0002129,3,21
VHFHeart,heart left ventricle,aCM4,http://purl.obolibrary.org/obo/CL_0002129,2,28
VHFHeart,heart left ventricle,aCM5,http://purl.obolibrary.org/obo/CL_0002129,2,12
VHFHeart,heart left ventricle,cardiac endothelial cell,http://purl.obolibrary.org/obo/CL_0010008,1219.60563380281690140845,173184
VHFHeart,heart left ventricle,cardiac muscle cell,http://purl.obolibrary.org/obo/CL_0000746,2996.61267605633802816901,425519
VHFHeart,heart left ventricle,fibroblast of cardiac tissue,http://purl.obolibrary.org/obo/CL_0002548,1012.42253521126760563380,143764
VHFHeart,heart left ventricle,gdT,http://purl.obolibrary.org/obo/CL_0000798,1.3,26
VHFHeart,heart left ventricle,hepatocyte,http://purl.obolibrary.org/obo/CL_0000182,13.61481481481481481481,1838
VHFHeart,heart left ventricle,macrophage,http://purl.obolibrary.org/obo/CL_0000235,391.38571428571428571429,54794
VHFHeart,heart left ventricle,smooth muscle cell,http://purl.obolibrary.org/obo/CL_0000192,1175.57042253521126760563,166931
VHFHeart,heart left ventricle,vCM1,http://purl.obolibrary.org/obo/CL_0002131,3119.08602150537634408602,290075
VHFHeart,heart left ventricle,vCM2,http://purl.obolibrary.org/obo/CL_0002131,2859.4,57188
VHFHeart,heart left ventricle,vCM3_stressed,http://purl.obolibrary.org/obo/CL_0002131,2518,15108
VHFHeart,heart left ventricle,vCM4,http://purl.obolibrary.org/obo/CL_0002131,1687.04347826086956521739,38802
VHFHeart,heart right ventricle,AVN_P_cell,http://purl.obolibrary.org/obo/CL_0002072,1,7
VHFHeart,heart right ventricle,Adip1,http://purl.obolibrary.org/obo/CL_0000136,27.26086956521739130435,1254
VHFHeart,heart right ventricle,Adip2,http://purl.obolibrary.org/obo/CL_0000136,36.95,1478
VHFHeart,heart right ventricle,Adipocyte,http://purl.obolibrary.org/obo/CL_0000136,25.24050632911392405063,1994
VHFHeart,heart right ventricle,Arterial Endothelial,http://purl.obolibrary.org/obo/CL_1000413,77.77215189873417721519,6144
VHFHeart,heart right ventricle,Atrial Cardiomyocyte,http://purl.obolibrary.org/obo/CL_0002129,14,658
VHFHeart,heart right ventricle,B,http://purl.obolibrary.org/obo/CL_0000236,58.06185567010309278351,5632
VHFHeart,heart right ventricle,B_plasma,http://purl.obolibrary.org/obo/CL_0000786,4.41509433962264150943,234
VHFHeart,heart right ventricle,CD14+Mo,http://purl.obolibrary.org/obo/CL_0002057,74.71666666666666666667,4483
VHFHeart,heart right ventricle,CD16+Mo,http://purl.obolibrary.org/obo/CL_0002396,33.88372093023255813953,2914
VHFHeart,heart right ventricle,CD4+T_Tfh,http://purl.obolibrary.org/obo/CL_0000492,3.21052631578947368421,61
VHFHeart,heart right ventricle,CD4+T_Th1,http://purl.obolibrary.org/obo/CL_0000545,2.81818181818181818182,93
VHFHeart,heart right ventricle,CD4+T_Th17,http://purl.obolibrary.org/obo/CL_0000899,1,12
VHFHeart,heart right ventricle,CD4+T_Th2,http://purl.obolibrary.org/obo/CL_0000546,1.69565217391304347826,78
VHFHeart,heart right ventricle,CD4+T_act,http://purl.obolibrary.org/obo/CL_0001043,11.53424657534246575342,842
VHFHeart,heart right ventricle,CD4+T_naive,http://purl.obolibrary.org/obo/CL_0000895,22.50684931506849315068,1643
VHFHeart,heart right ventricle,CD4+T_reg,http://purl.obolibrary.org/obo/CL_0000792,1.33333333333333333333,24
VHFHeart,heart right ventricle,CD8+T_cytox,http://purl.obolibrary.org/obo/CL_0000794,2.98305084745762711864,176
VHFHeart,heart right ventricle,CD8+T_em,http://purl.obolibrary.org/obo/CL_0000913,4.56060606060606060606,301
VHFHeart,heart right ventricle,CD8+T_te,http://purl.obolibrary.org/obo/CL_0001050,8.11320754716981132075,430
VHFHeart,heart right ventricle,CD8+T_trans,http://purl.obolibrary.org/obo/CL_0000625,7.79746835443037974684,616
VHFHeart,heart right ventricle,Capillary Endothelial,http://purl.obolibrary.org/obo/CL_0002144,880.11627906976744186047,75690
VHFHeart,heart right ventricle,DC,http://purl.obolibrary.org/obo/CL_0000451,16.06060606060606060606,1060
VHFHeart,heart right ventricle,EC10_CMC-like,http://purl.obolibrary.org/obo/CL_0000115,225.5,3157
VHFHeart,heart right ventricle,EC1_cap,http://purl.obolibrary.org/obo/CL_0002144,455.22222222222222222222,24582
VHFHeart,heart right ventricle,EC2_cap,http://purl.obolibrary.org/obo/CL_0002144,226.69230769230769230769,2947
VHFHeart,heart right ventricle,EC3_cap,http://purl.obolibrary.org/obo/CL_0002144,1536.10526315789473684211,29186
VHFHeart,heart right ventricle,EC4_immune,http://purl.obolibrary.org/obo/CL_0000115,71.98611111111111111111,5183
VHFHeart,heart right ventricle,EC5_art,http://purl.obolibrary.org/obo/CL_1000413,231.45348837209302325581,19905
VHFHeart,heart right ventricle,EC6_ven,http://purl.obolibrary.org/obo/CL_0002543,76.29069767441860465116,6561
VHFHeart,heart right ventricle,EC7_endocardial,http://purl.obolibrary.org/obo/CL_0002350,23.49315068493150684932,1715
VHFHeart,heart right ventricle,EC8_ln,http://purl.obolibrary.org/obo/CL_0002138,12.30136986301369863014,898
VHFHeart,heart right ventricle,Endocardial,http://purl.obolibrary.org/obo/CL_0002350,25.54794520547945205479,1865
VHFHeart,heart right ventricle,Endothelial,http://purl.obolibrary.org/obo/CL_0000115,3.1,62
VHFHeart,heart right ventricle,FB1,http://purl.obolibrary.org/obo/CL_0000057,1012.55,60753
VHFHeart,heart right ventricle,FB3,http://purl.obolibrary.org/obo/CL_0000057,1031.76923076923076923077,13413
VHFHeart,heart right ventricle,FB4_activated,http://purl.obolibrary.org/obo/CL_0000057,1446.57142857142857142857,10126
VHFHeart,heart right ventricle,FB5,http://purl.obolibrary.org/obo/CL_0000057,566,3396
VHFHeart,heart right ventricle,Fibroblast,http://purl.obolibrary.org/obo/CL_0000057,1067.76744186046511627907,91828
VHFHeart,heart right ventricle,ILC,http://purl.obolibrary.org/obo/CL_0001065,2.26666666666666666667,102
VHFHeart,heart right ventricle,LYVE1+IGF1+MP,http://purl.obolibrary.org/obo/CL_0000235,181.10638297872340425532,8512
VHFHeart,heart right ventricle,LYVE1+MP_cycling,http://purl.obolibrary.org/obo/CL_0000235,102,612
VHFHeart,heart right ventricle,LYVE1+TIMD4+MP,http://purl.obolibrary.org/obo/CL_0000235,356.26315789473684210526,6769
VHFHeart,heart right ventricle,Lymphatic Endothelial,http://purl.obolibrary.org/obo/CL_0002138,14.56060606060606060606,961
VHFHeart,heart right ventricle,MAIT-like,http://purl.obolibrary.org/obo/CL_0000791,5.89361702127659574468,277
VHFHeart,heart right ventricle,Macrophage,http://purl.obolibrary.org/obo/CL_0000235,142.10465116279069767442,12221
VHFHeart,heart right ventricle,Mast,http://purl.obolibrary.org/obo/CL_0000097,28.54545454545454545455,4710
VHFHeart,heart right ventricle,Meso,http://purl.obolibrary.org/obo/CL_0000077,3,21
VHFHeart,heart right ventricle,Mesothelial,http://purl.obolibrary.org/obo/CL_0000077,22.42857142857142857143,471
VHFHeart,heart right ventricle,MoMP,http://purl.obolibrary.org/obo/CL_0000235,161,2254
VHFHeart,heart right ventricle,Monocyte/cDC,http://purl.obolibrary.org/obo/CL_0011031,180.97674418604651162791,15564
VHFHeart,heart right ventricle,NC1_glial,http://purl.obolibrary.org/obo/CL_0010020,47.48648648648648648649,3514
VHFHeart,heart right ventricle,NC2_glial_NGF+,http://purl.obolibrary.org/obo/CL_0010020,25,300
VHFHeart,heart right ventricle,NK,http://purl.obolibrary.org/obo/CL_0000623,84.9125,6793
VHFHeart,heart right ventricle,NK_CD16hi,http://purl.obolibrary.org/obo/CL_0000939,60.51898734177215189873,4781
VHFHeart,heart right ventricle,NK_CD56hi,http://purl.obolibrary.org/obo/CL_0000938,29.16981132075471698113,1546
VHFHeart,heart right ventricle,Neuronal,http://purl.obolibrary.org/obo/CL_0002573,41.88372093023255813953,3602
VHFHeart,heart right ventricle,Neut,http://purl.obolibrary.org/obo/CL_0000775,23,138
VHFHeart,heart right ventricle,PC1_vent,http://purl.obolibrary.org/obo/CL_0000669,1595.94827586206896551724,92565
VHFHeart,heart right ventricle,PC2_atria,http://purl.obolibrary.org/obo/CL_0000669,686,9604
VHFHeart,heart right ventricle,PC3_str,http://purl.obolibrary.org/obo/CL_0000669,641,8974
VHFHeart,heart right ventricle,Pericyte,http://purl.obolibrary.org/obo/CL_0000669,927.82558139534883720930,79793
VHFHeart,heart right ventricle,SAN_P_cell,http://purl.obolibrary.org/obo/CL_1000477,1,7
VHFHeart,heart right ventricle,SMC1_basic,http://purl.obolibrary.org/obo/CL_0000359,171.17441860465116279070,14721
VHFHeart,heart right ventricle,Smooth Muscle,http://purl.obolibrary.org/obo/CL_0000192,138.84883720930232558140,11941
VHFHeart,heart right ventricle,T,http://purl.obolibrary.org/obo/CL_0000084,53.80232558139534883721,4627
VHFHeart,heart right ventricle,T/NK_cycling,http://purl.obolibrary.org/obo/CL_0000814,2.5,30
VHFHeart,heart right ventricle,Venous Endothelial,http://purl.obolibrary.org/obo/CL_1000414,66.05813953488372093023,5681
VHFHeart,heart right ventricle,Ventricular Cardiomycoyte,http://purl.obolibrary.org/obo/CL_0002131,2962.16279069767441860465,254746
VHFHeart,heart right ventricle,aCM1,http://purl.obolibrary.org/obo/CL_0002129,61,854
VHFHeart,heart right ventricle,aCM2,http://purl.obolibrary.org/obo/CL_0002129,2.61538461538461538462,34
VHFHeart,heart right ventricle,aCM5,http://purl.obolibrary.org/obo/CL_0002129,2,12
VHFHeart,heart right ventricle,cardiac endothelial cell,http://purl.obolibrary.org/obo/CL_0010008,970.45348837209302325581,83459
VHFHeart,heart right ventricle,cardiac muscle cell,http://purl.obolibrary.org/obo/CL_0000746,2815.76744186046511627907,242156
VHFHeart,heart right ventricle,fibroblast of cardiac tissue,http://purl.obolibrary.org/obo/CL_0002548,1055.25581395348837209302,90752
VHFHeart,heart right ventricle,gdT,http://purl.obolibrary.org/obo/CL_0000798,1.46153846153846153846,19
VHFHeart,heart right ventricle,hepatocyte,http://purl.obolibrary.org/obo/CL_0000182,8.69767441860465116279,748
VHFHeart,heart right ventricle,macrophage,http://purl.obolibrary.org/obo/CL_0000235,346.69767441860465116279,29816
VHFHeart,heart right ventricle,smooth muscle cell,http://purl.obolibrary.org/obo/CL_0000192,983.68604651162790697674,84597
VHFHeart,heart right ventricle,vCM1,http://purl.obolibrary.org/obo/CL_0002131,2584.30434782608695652174,118878
VHFHeart,heart right ventricle,vCM2,http://purl.obolibrary.org/obo/CL_0002131,2130,42600
VHFHeart,heart right ventricle,vCM3_stressed,http://purl.obolibrary.org/obo/CL_0002131,3948.69230769230769230769,51333
VHFHeart,heart right ventricle,vCM4,http://purl.obolibrary.org/obo/CL_0002131,1898,13286
VHFHeart,interventricular septum,Adip1,http://purl.obolibrary.org/obo/CL_0000136,32.8,820
VHFHeart,interventricular septum,Adip2,http://purl.obolibrary.org/obo/CL_0000136,20.5,246
VHFHeart,interventricular septum,Adipocyte,http://purl.obolibrary.org/obo/CL_0000136,24.75675675675675675676,916
VHFHeart,interventricular septum,Arterial Endothelial,http://purl.obolibrary.org/obo/CL_1000413,103.05405405405405405405,3813
VHFHeart,interventricular septum,Atrial Cardiomyocyte,http://purl.obolibrary.org/obo/CL_0002129,26.15789473684210526316,497
VHFHeart,interventricular septum,B,http://purl.obolibrary.org/obo/CL_0000236,85.75806451612903225806,5317
VHFHeart,interventricular septum,B_plasma,http://purl.obolibrary.org/obo/CL_0000786,4.88,122
VHFHeart,interventricular septum,CD14+Mo,http://purl.obolibrary.org/obo/CL_0002057,165.6,4140
VHFHeart,interventricular septum,CD16+Mo,http://purl.obolibrary.org/obo/CL_0002396,62.67567567567567567568,2319
VHFHeart,interventricular septum,CD4+T_Tfh,http://purl.obolibrary.org/obo/CL_0000492,4.5,54
VHFHeart,interventricular septum,CD4+T_Th1,http://purl.obolibrary.org/obo/CL_0000545,6,72
VHFHeart,interventricular septum,CD4+T_Th17,http://purl.obolibrary.org/obo/CL_0000899,1,12
VHFHeart,interventricular septum,CD4+T_Th2,http://purl.obolibrary.org/obo/CL_0000546,2,36
VHFHeart,interventricular septum,CD4+T_act,http://purl.obolibrary.org/obo/CL_0001043,15.41935483870967741935,478
VHFHeart,interventricular septum,CD4+T_naive,http://purl.obolibrary.org/obo/CL_0000895,39.45161290322580645161,1223
VHFHeart,interventricular septum,CD4+T_reg,http://purl.obolibrary.org/obo/CL_0000792,1.33333333333333333333,24
VHFHeart,interventricular septum,CD8+T_cytox,http://purl.obolibrary.org/obo/CL_0000794,2.96774193548387096774,92
VHFHeart,interventricular septum,CD8+T_em,http://purl.obolibrary.org/obo/CL_0000913,5.19354838709677419355,161
VHFHeart,interventricular septum,CD8+T_te,http://purl.obolibrary.org/obo/CL_0001050,13,234
VHFHeart,interventricular septum,CD8+T_trans,http://purl.obolibrary.org/obo/CL_0000625,13.43243243243243243243,497
VHFHeart,interventricular septum,Capillary Endothelial,http://purl.obolibrary.org/obo/CL_0002144,1362.51351351351351351351,50413
VHFHeart,interventricular septum,DC,http://purl.obolibrary.org/obo/CL_0000451,17.70967741935483870968,549
VHFHeart,interventricular septum,EC1_cap,http://purl.obolibrary.org/obo/CL_0002144,633.94736842105263157895,12045
VHFHeart,interventricular septum,EC2_cap,http://purl.obolibrary.org/obo/CL_0002144,336,2016
VHFHeart,interventricular septum,EC3_cap,http://purl.obolibrary.org/obo/CL_0002144,2333,27996
VHFHeart,interventricular septum,EC4_immune,http://purl.obolibrary.org/obo/CL_0000115,131.37837837837837837838,4861
VHFHeart,interventricular septum,EC5_art,http://purl.obolibrary.org/obo/CL_1000413,318.70270270270270270270,11792
VHFHeart,interventricular septum,EC6_ven,http://purl.obolibrary.org/obo/CL_0002543,91.81081081081081081081,3397
VHFHeart,interventricular septum,EC7_endocardial,http://purl.obolibrary.org/obo/CL_0002350,12.41935483870967741935,385
VHFHeart,interventricular septum,EC8_ln,http://purl.obolibrary.org/obo/CL_0002138,12.70967741935483870968,394
VHFHeart,interventricular septum,Endocardial,http://purl.obolibrary.org/obo/CL_0002350,18.16129032258064516129,563
VHFHeart,interventricular septum,Endothelial,http://purl.obolibrary.org/obo/CL_0000115,2.61538461538461538462,34
VHFHeart,interventricular septum,FB1,http://purl.obolibrary.org/obo/CL_0000057,1243.66666666666666666667,22386
VHFHeart,interventricular septum,FB3,http://purl.obolibrary.org/obo/CL_0000057,1273,7638
VHFHeart,interventricular septum,FB4_activated,http://purl.obolibrary.org/obo/CL_0000057,1446.57142857142857142857,10126
VHFHeart,interventricular septum,FB5,http://purl.obolibrary.org/obo/CL_0000057,566,3396
VHFHeart,interventricular septum,Fibroblast,http://purl.obolibrary.org/obo/CL_0000057,1289,47693
VHFHeart,interventricular septum,ILC,http://purl.obolibrary.org/obo/CL_0001065,2.5,60
VHFHeart,interventricular septum,LYVE1+IGF1+MP,http://purl.obolibrary.org/obo/CL_0000235,271.89473684210526315789,5166
VHFHeart,interventricular septum,LYVE1+MP_cycling,http://purl.obolibrary.org/obo/CL_0000235,102,612
VHFHeart,interventricular septum,LYVE1+TIMD4+MP,http://purl.obolibrary.org/obo/CL_0000235,402.5,4830
VHFHeart,interventricular septum,Lymphatic Endothelial,http://purl.obolibrary.org/obo/CL_0002138,16.32258064516129032258,506
VHFHeart,interventricular septum,MAIT-like,http://purl.obolibrary.org/obo/CL_0000791,12.73684210526315789474,242
VHFHeart,interventricular septum,Macrophage,http://purl.obolibrary.org/obo/CL_0000235,153.59459459459459459459,5683
VHFHeart,interventricular septum,Mast,http://purl.obolibrary.org/obo/CL_0000097,35.08108108108108108108,2596
VHFHeart,interventricular septum,Mesothelial,http://purl.obolibrary.org/obo/CL_0000077,63.28571428571428571429,443
VHFHeart,interventricular septum,Monocyte/cDC,http://purl.obolibrary.org/obo/CL_0011031,337.59459459459459459459,12491
VHFHeart,interventricular septum,NC1_glial,http://purl.obolibrary.org/obo/CL_0010020,66.64,1666
VHFHeart,interventricular septum,NC2_glial_NGF+,http://purl.obolibrary.org/obo/CL_0010020,25,300
VHFHeart,interventricular septum,NK,http://purl.obolibrary.org/obo/CL_0000623,175.32258064516129032258,5435
VHFHeart,interventricular septum,NK_CD16hi,http://purl.obolibrary.org/obo/CL_0000939,118.05405405405405405405,4368
VHFHeart,interventricular septum,NK_CD56hi,http://purl.obolibrary.org/obo/CL_0000938,26,650
VHFHeart,interventricular septum,Neuronal,http://purl.obolibrary.org/obo/CL_0002573,52.13513513513513513514,1929
VHFHeart,interventricular septum,Neut,http://purl.obolibrary.org/obo/CL_0000775,23,138
VHFHeart,interventricular septum,PC1_vent,http://purl.obolibrary.org/obo/CL_0000669,1873.64864864864864864865,69325
VHFHeart,interventricular septum,Pericyte,http://purl.obolibrary.org/obo/CL_0000669,1001,37037
VHFHeart,interventricular septum,SAN_P_cell,http://purl.obolibrary.org/obo/CL_1000477,1,7
VHFHeart,interventricular septum,SMC1_basic,http://purl.obolibrary.org/obo/CL_0000359,230.62162162162162162162,8533
VHFHeart,interventricular septum,Smooth Muscle,http://purl.obolibrary.org/obo/CL_0000192,182.35135135135135135135,6747
VHFHeart,interventricular septum,T,http://purl.obolibrary.org/obo/CL_0000084,87.02702702702702702703,3220
VHFHeart,interventricular septum,T/NK_cycling,http://purl.obolibrary.org/obo/CL_0000814,2.5,30
VHFHeart,interventricular septum,Venous Endothelial,http://purl.obolibrary.org/obo/CL_1000414,83.35135135135135135135,3084
VHFHeart,interventricular septum,Ventricular Cardiomycoyte,http://purl.obolibrary.org/obo/CL_0002131,3194.32432432432432432432,118190
VHFHeart,interventricular septum,aCM1,http://purl.obolibrary.org/obo/CL_0002129,121,847
VHFHeart,interventricular septum,aCM2,http://purl.obolibrary.org/obo/CL_0002129,1,6
VHFHeart,interventricular septum,aCM5,http://purl.obolibrary.org/obo/CL_0002129,2,12
VHFHeart,interventricular septum,cardiac endothelial cell,http://purl.obolibrary.org/obo/CL_0010008,1435.89189189189189189189,53128
VHFHeart,interventricular septum,cardiac muscle cell,http://purl.obolibrary.org/obo/CL_0000746,2631.18918918918918918919,97354
VHFHeart,interventricular septum,fibroblast of cardiac tissue,http://purl.obolibrary.org/obo/CL_0002548,1122.75675675675675675676,41542
VHFHeart,interventricular septum,gdT,http://purl.obolibrary.org/obo/CL_0000798,2,12
VHFHeart,interventricular septum,hepatocyte,http://purl.obolibrary.org/obo/CL_0000182,14.16216216216216216216,524
VHFHeart,interventricular septum,macrophage,http://purl.obolibrary.org/obo/CL_0000235,599.24324324324324324324,22172
VHFHeart,interventricular septum,smooth muscle cell,http://purl.obolibrary.org/obo/CL_0000192,1069.16216216216216216216,39559
VHFHeart,interventricular septum,vCM1,http://purl.obolibrary.org/obo/CL_0002131,2395.84,59896
VHFHeart,interventricular septum,vCM2,http://purl.obolibrary.org/obo/CL_0002131,2305,13830
VHFHeart,interventricular septum,vCM3_stressed,http://purl.obolibrary.org/obo/CL_0002131,2518,15108
VHFHeart,left cardiac atrium,Adip1,http://purl.obolibrary.org/obo/CL_0000136,102.16666666666666666667,4291
VHFHeart,left cardiac atrium,Adip2,http://purl.obolibrary.org/obo/CL_0000136,71,497
VHFHeart,left cardiac atrium,Adipocyte,http://purl.obolibrary.org/obo/CL_0000136,84.57142857142857142857,4144
VHFHeart,left cardiac atrium,Arterial Endothelial,http://purl.obolibrary.org/obo/CL_1000413,30,1470
VHFHeart,left cardiac atrium,Atrial Cardiomyocyte,http://purl.obolibrary.org/obo/CL_0002129,1210.57142857142857142857,59318
VHFHeart,left cardiac atrium,B,http://purl.obolibrary.org/obo/CL_0000236,4.90909090909090909091,378
VHFHeart,left cardiac atrium,B_plasma,http://purl.obolibrary.org/obo/CL_0000786,1.75,49
VHFHeart,left cardiac atrium,CD14+Mo,http://purl.obolibrary.org/obo/CL_0002057,32.57142857142857142857,1596
VHFHeart,left cardiac atrium,CD16+Mo,http://purl.obolibrary.org/obo/CL_0002396,17.14285714285714285714,840
VHFHeart,left cardiac atrium,CD4+T_Tfh,http://purl.obolibrary.org/obo/CL_0000492,1.5,21
VHFHeart,left cardiac atrium,CD4+T_Th1,http://purl.obolibrary.org/obo/CL_0000545,2,14
VHFHeart,left cardiac atrium,CD4+T_Th2,http://purl.obolibrary.org/obo/CL_0000546,1,7
VHFHeart,left cardiac atrium,CD4+T_act,http://purl.obolibrary.org/obo/CL_0001043,14,392
VHFHeart,left cardiac atrium,CD4+T_naive,http://purl.obolibrary.org/obo/CL_0000895,15.28571428571428571429,749
VHFHeart,left cardiac atrium,CD4+T_reg,http://purl.obolibrary.org/obo/CL_0000792,1,14
VHFHeart,left cardiac atrium,CD8+T_cytox,http://purl.obolibrary.org/obo/CL_0000794,3.5,147
VHFHeart,left cardiac atrium,CD8+T_em,http://purl.obolibrary.org/obo/CL_0000913,5.8,203
VHFHeart,left cardiac atrium,CD8+T_te,http://purl.obolibrary.org/obo/CL_0001050,17.57142857142857142857,861
VHFHeart,left cardiac atrium,CD8+T_trans,http://purl.obolibrary.org/obo/CL_0000625,8,336
VHFHeart,left cardiac atrium,Capillary Endothelial,http://purl.obolibrary.org/obo/CL_0002144,472.71428571428571428571,23163
VHFHeart,left cardiac atrium,DC,http://purl.obolibrary.org/obo/CL_0000451,5.8,203
VHFHeart,left cardiac atrium,EC10_CMC-like,http://purl.obolibrary.org/obo/CL_0000115,226.2,7917
VHFHeart,left cardiac atrium,EC1_cap,http://purl.obolibrary.org/obo/CL_0002144,297.75,8337
VHFHeart,left cardiac atrium,EC2_cap,http://purl.obolibrary.org/obo/CL_0002144,70.5,987
VHFHeart,left cardiac atrium,EC3_cap,http://purl.obolibrary.org/obo/CL_0002144,84,588
VHFHeart,left cardiac atrium,EC4_immune,http://purl.obolibrary.org/obo/CL_0000115,16,224
VHFHeart,left cardiac atrium,EC5_art,http://purl.obolibrary.org/obo/CL_1000413,94.14285714285714285714,4613
VHFHeart,left cardiac atrium,EC6_ven,http://purl.obolibrary.org/obo/CL_0002543,70.14285714285714285714,3437
VHFHeart,left cardiac atrium,EC7_endocardial,http://purl.obolibrary.org/obo/CL_0002350,66.2,2317
VHFHeart,left cardiac atrium,EC8_ln,http://purl.obolibrary.org/obo/CL_0002138,3.5,147
VHFHeart,left cardiac atrium,Endocardial,http://purl.obolibrary.org/obo/CL_0002350,76.5,2142
VHFHeart,left cardiac atrium,Endothelial,http://purl.obolibrary.org/obo/CL_0000115,1,14
VHFHeart,left cardiac atrium,FB1,http://purl.obolibrary.org/obo/CL_0000057,364,2548
VHFHeart,left cardiac atrium,FB2,http://purl.obolibrary.org/obo/CL_0000057,526,18410
VHFHeart,left cardiac atrium,FB3,http://purl.obolibrary.org/obo/CL_0000057,859,6013
VHFHeart,left cardiac atrium,Fibroblast,http://purl.obolibrary.org/obo/CL_0000057,556.57142857142857142857,27272
VHFHeart,left cardiac atrium,ILC,http://purl.obolibrary.org/obo/CL_0001065,2.5,70
VHFHeart,left cardiac atrium,LYVE1+IGF1+MP,http://purl.obolibrary.org/obo/CL_0000235,120,3360
VHFHeart,left cardiac atrium,LYVE1+TIMD4+MP,http://purl.obolibrary.org/obo/CL_0000235,146,3066
VHFHeart,left cardiac atrium,Lymphatic Endothelial,http://purl.obolibrary.org/obo/CL_0002138,3.4,119
VHFHeart,left cardiac atrium,MAIT-like,http://purl.obolibrary.org/obo/CL_0000791,3.6,126
VHFHeart,left cardiac atrium,Macrophage,http://purl.obolibrary.org/obo/CL_0000235,97.57142857142857142857,4781
VHFHeart,left cardiac atrium,Mast,http://purl.obolibrary.org/obo/CL_0000097,26.54545454545454545455,2044
VHFHeart,left cardiac atrium,Meso,http://purl.obolibrary.org/obo/CL_0000077,21,588
VHFHeart,left cardiac atrium,Mesothelial,http://purl.obolibrary.org/obo/CL_0000077,23.25,651
VHFHeart,left cardiac atrium,Monocyte/cDC,http://purl.obolibrary.org/obo/CL_0011031,100,4900
VHFHeart,left cardiac atrium,NC1_glial,http://purl.obolibrary.org/obo/CL_0010020,69.42857142857142857143,3402
VHFHeart,left cardiac atrium,NK,http://purl.obolibrary.org/obo/CL_0000623,50.5,2121
VHFHeart,left cardiac atrium,NK_CD16hi,http://purl.obolibrary.org/obo/CL_0000939,28.5,1197
VHFHeart,left cardiac atrium,NK_CD56hi,http://purl.obolibrary.org/obo/CL_0000938,15.5,651
VHFHeart,left cardiac atrium,Neuronal,http://purl.obolibrary.org/obo/CL_0002573,68.28571428571428571429,3346
VHFHeart,left cardiac atrium,Neut,http://purl.obolibrary.org/obo/CL_0000775,12,84
VHFHeart,left cardiac atrium,PC1_vent,http://purl.obolibrary.org/obo/CL_0000669,637.6,22316
VHFHeart,left cardiac atrium,PC2_atria,http://purl.obolibrary.org/obo/CL_0000669,815,11410
VHFHeart,left cardiac atrium,Pericyte,http://purl.obolibrary.org/obo/CL_0000669,705.85714285714285714286,34587
VHFHeart,left cardiac atrium,Purkinje_cell,http://purl.obolibrary.org/obo/CL_0002068,1,7
VHFHeart,left cardiac atrium,SMC1_basic,http://purl.obolibrary.org/obo/CL_0000359,129.66666666666666666667,2723
VHFHeart,left cardiac atrium,SMC2_art,http://purl.obolibrary.org/obo/CL_0000359,240.25,6727
VHFHeart,left cardiac atrium,Smooth Muscle,http://purl.obolibrary.org/obo/CL_0000192,175.57142857142857142857,8603
VHFHeart,left cardiac atrium,T,http://purl.obolibrary.org/obo/CL_0000084,68.33333333333333333333,2870
VHFHeart,left cardiac atrium,T/NK_cycling,http://purl.obolibrary.org/obo/CL_0000814,1.5,21
VHFHeart,left cardiac atrium,Venous Endothelial,http://purl.obolibrary.org/obo/CL_1000414,36.57142857142857142857,1792
VHFHeart,left cardiac atrium,Ventricular Cardiomycoyte,http://purl.obolibrary.org/obo/CL_0002131,65,2275
VHFHeart,left cardiac atrium,aCM1,http://purl.obolibrary.org/obo/CL_0002129,1096.25,30695
VHFHeart,left cardiac atrium,aCM3,http://purl.obolibrary.org/obo/CL_0002129,3406,23842
VHFHeart,left cardiac atrium,aCM4,http://purl.obolibrary.org/obo/CL_0002129,524,7336
VHFHeart,left cardiac atrium,cardiac endothelial cell,http://purl.obolibrary.org/obo/CL_0010008,528.28571428571428571429,25886
VHFHeart,left cardiac atrium,cardiac muscle cell,http://purl.obolibrary.org/obo/CL_0000746,1507.57142857142857142857,73871
VHFHeart,left cardiac atrium,fibroblast of cardiac tissue,http://purl.obolibrary.org/obo/CL_0002548,697.85714285714285714286,34195
VHFHeart,left cardiac atrium,hepatocyte,http://purl.obolibrary.org/obo/CL_0000182,10.14285714285714285714,497
VHFHeart,left cardiac atrium,macrophage,http://purl.obolibrary.org/obo/CL_0000235,230.85714285714285714286,11312
VHFHeart,left cardiac atrium,smooth muscle cell,http://purl.obolibrary.org/obo/CL_0000192,798.14285714285714285714,39109
VHFHeart,left cardiac atrium,vCM1,http://purl.obolibrary.org/obo/CL_0002131,5,140
VHFHeart,left cardiac atrium,vCM2,http://purl.obolibrary.org/obo/CL_0002131,25,175
VHFHeart,left cardiac atrium,vCM4,http://purl.obolibrary.org/obo/CL_0002131,4,56
VHFHeart,right cardiac atrium,AVN_P_cell,http://purl.obolibrary.org/obo/CL_0002072,1,6
VHFHeart,right cardiac atrium,Adip1,http://purl.obolibrary.org/obo/CL_0000136,44.75,1074
VHFHeart,right cardiac atrium,Adip2,http://purl.obolibrary.org/obo/CL_0000136,150.5,1806
VHFHeart,right cardiac atrium,Adipocyte,http://purl.obolibrary.org/obo/CL_0000136,83.16666666666666666667,2994
VHFHeart,right cardiac atrium,Arterial Endothelial,http://purl.obolibrary.org/obo/CL_1000413,31.66666666666666666667,1140
VHFHeart,right cardiac atrium,Atrial Cardiomyocyte,http://purl.obolibrary.org/obo/CL_0002129,598.5,21546
VHFHeart,right cardiac atrium,B,http://purl.obolibrary.org/obo/CL_0000236,4.45454545454545454545,294
VHFHeart,right cardiac atrium,B_plasma,http://purl.obolibrary.org/obo/CL_0000786,2,24
VHFHeart,right cardiac atrium,CD14+Mo,http://purl.obolibrary.org/obo/CL_0002057,6,216
VHFHeart,right cardiac atrium,CD16+Mo,http://purl.obolibrary.org/obo/CL_0002396,14,420
VHFHeart,right cardiac atrium,CD4+T_Tfh,http://purl.obolibrary.org/obo/CL_0000492,1,12
VHFHeart,right cardiac atrium,CD4+T_Th1,http://purl.obolibrary.org/obo/CL_0000545,1,6
VHFHeart,right cardiac atrium,CD4+T_Th2,http://purl.obolibrary.org/obo/CL_0000546,2,24
VHFHeart,right cardiac atrium,CD4+T_act,http://purl.obolibrary.org/obo/CL_0001043,8.66666666666666666667,312
VHFHeart,right cardiac atrium,CD4+T_naive,http://purl.obolibrary.org/obo/CL_0000895,7.5,270
VHFHeart,right cardiac atrium,CD4+T_reg,http://purl.obolibrary.org/obo/CL_0000792,1,12
VHFHeart,right cardiac atrium,CD8+T_cytox,http://purl.obolibrary.org/obo/CL_0000794,5.5,132
VHFHeart,right cardiac atrium,CD8+T_em,http://purl.obolibrary.org/obo/CL_0000913,4.8,144
VHFHeart,right cardiac atrium,CD8+T_te,http://purl.obolibrary.org/obo/CL_0001050,15.33333333333333333333,552
VHFHeart,right cardiac atrium,CD8+T_trans,http://purl.obolibrary.org/obo/CL_0000625,11.8,354
VHFHeart,right cardiac atrium,Capillary Endothelial,http://purl.obolibrary.org/obo/CL_0002144,219.16666666666666666667,7890
VHFHeart,right cardiac atrium,DC,http://purl.obolibrary.org/obo/CL_0000451,5.33333333333333333333,96
VHFHeart,right cardiac atrium,EC10_CMC-like,http://purl.obolibrary.org/obo/CL_0000115,50.2,1506
VHFHeart,right cardiac atrium,EC1_cap,http://purl.obolibrary.org/obo/CL_0002144,92.25,2214
VHFHeart,right cardiac atrium,EC2_cap,http://purl.obolibrary.org/obo/CL_0002144,33,396
VHFHeart,right cardiac atrium,EC4_immune,http://purl.obolibrary.org/obo/CL_0000115,17,102
VHFHeart,right cardiac atrium,EC5_art,http://purl.obolibrary.org/obo/CL_1000413,77.66666666666666666667,2796
VHFHeart,right cardiac atrium,EC6_ven,http://purl.obolibrary.org/obo/CL_0002543,107.33333333333333333333,3864
VHFHeart,right cardiac atrium,EC7_endocardial,http://purl.obolibrary.org/obo/CL_0002350,182.66666666666666666667,6576
VHFHeart,right cardiac atrium,EC8_ln,http://purl.obolibrary.org/obo/CL_0002138,7.5,90
VHFHeart,right cardiac atrium,Endocardial,http://purl.obolibrary.org/obo/CL_0002350,172.83333333333333333333,6222
VHFHeart,right cardiac atrium,Endothelial,http://purl.obolibrary.org/obo/CL_0000115,69.75,1674
VHFHeart,right cardiac atrium,FB2,http://purl.obolibrary.org/obo/CL_0000057,1250,22500
VHFHeart,right cardiac atrium,FB3,http://purl.obolibrary.org/obo/CL_0000057,357,2142
VHFHeart,right cardiac atrium,FB4_activated,http://purl.obolibrary.org/obo/CL_0000057,265,3180
VHFHeart,right cardiac atrium,Fibroblast,http://purl.obolibrary.org/obo/CL_0000057,768.66666666666666666667,27672
VHFHeart,right cardiac atrium,ILC,http://purl.obolibrary.org/obo/CL_0001065,1.5,18
VHFHeart,right cardiac atrium,LYVE1+IGF1+MP,http://purl.obolibrary.org/obo/CL_0000235,166,996
VHFHeart,right cardiac atrium,LYVE1+TIMD4+MP,http://purl.obolibrary.org/obo/CL_0000235,102.75,2466
VHFHeart,right cardiac atrium,Lymphatic Endothelial,http://purl.obolibrary.org/obo/CL_0002138,8.5,102
VHFHeart,right cardiac atrium,MAIT-like,http://purl.obolibrary.org/obo/CL_0000791,4,72
VHFHeart,right cardiac atrium,Macrophage,http://purl.obolibrary.org/obo/CL_0000235,59.4,1782
VHFHeart,right cardiac atrium,Mast,http://purl.obolibrary.org/obo/CL_0000097,4.5,216
VHFHeart,right cardiac atrium,Meso,http://purl.obolibrary.org/obo/CL_0000077,24.33333333333333333333,438
VHFHeart,right cardiac atrium,Mesothelial,http://purl.obolibrary.org/obo/CL_0000077,25,450
VHFHeart,right cardiac atrium,MoMP,http://purl.obolibrary.org/obo/CL_0000235,104,624
VHFHeart,right cardiac atrium,Monocyte/cDC,http://purl.obolibrary.org/obo/CL_0011031,91.66666666666666666667,3300
VHFHeart,right cardiac atrium,NC1_glial,http://purl.obolibrary.org/obo/CL_0010020,62.25,1494
VHFHeart,right cardiac atrium,NC2_glial_NGF+,http://purl.obolibrary.org/obo/CL_0010020,81.5,978
VHFHeart,right cardiac atrium,NK,http://purl.obolibrary.org/obo/CL_0000623,13.5,486
VHFHeart,right cardiac atrium,NK_CD16hi,http://purl.obolibrary.org/obo/CL_0000939,6.5,234
VHFHeart,right cardiac atrium,NK_CD56hi,http://purl.obolibrary.org/obo/CL_0000938,7.4,222
VHFHeart,right cardiac atrium,Neuronal,http://purl.obolibrary.org/obo/CL_0002573,67.33333333333333333333,2424
VHFHeart,right cardiac atrium,PC2_atria,http://purl.obolibrary.org/obo/CL_0000669,148.2,4446
VHFHeart,right cardiac atrium,PC4_CMC-like,http://purl.obolibrary.org/obo/CL_0000669,154,924
VHFHeart,right cardiac atrium,Pericyte,http://purl.obolibrary.org/obo/CL_0000669,162.66666666666666666667,5856
VHFHeart,right cardiac atrium,SMC1_basic,http://purl.obolibrary.org/obo/CL_0000359,131,3930
VHFHeart,right cardiac atrium,SMC2_art,http://purl.obolibrary.org/obo/CL_0000359,139,834
VHFHeart,right cardiac atrium,Smooth Muscle,http://purl.obolibrary.org/obo/CL_0000192,121.16666666666666666667,4362
VHFHeart,right cardiac atrium,T,http://purl.obolibrary.org/obo/CL_0000084,55.33333333333333333333,1992
VHFHeart,right cardiac atrium,T/NK_cycling,http://purl.obolibrary.org/obo/CL_0000814,1,6
VHFHeart,right cardiac atrium,Venous Endothelial,http://purl.obolibrary.org/obo/CL_1000414,19.16666666666666666667,690
VHFHeart,right cardiac atrium,Ventricular Cardiomycoyte,http://purl.obolibrary.org/obo/CL_0002131,2,24
VHFHeart,right cardiac atrium,aCM1,http://purl.obolibrary.org/obo/CL_0002129,1315,7890
VHFHeart,right cardiac atrium,aCM2,http://purl.obolibrary.org/obo/CL_0002129,218,1308
VHFHeart,right cardiac atrium,aCM3,http://purl.obolibrary.org/obo/CL_0002129,535.5,12852
VHFHeart,right cardiac atrium,cardiac endothelial cell,http://purl.obolibrary.org/obo/CL_0010008,333.66666666666666666667,12012
VHFHeart,right cardiac atrium,cardiac muscle cell,http://purl.obolibrary.org/obo/CL_0000746,859.83333333333333333333,30954
VHFHeart,right cardiac atrium,fibroblast of cardiac tissue,http://purl.obolibrary.org/obo/CL_0002548,899.33333333333333333333,32376
VHFHeart,right cardiac atrium,hepatocyte,http://purl.obolibrary.org/obo/CL_0000182,29.4,882
VHFHeart,right cardiac atrium,macrophage,http://purl.obolibrary.org/obo/CL_0000235,152.5,5490
VHFHeart,right cardiac atrium,smooth muscle cell,http://purl.obolibrary.org/obo/CL_0000192,255,9180
VHFHeart,right cardiac atrium,vCM1,http://purl.obolibrary.org/obo/CL_0002131,2.33333333333333333333,42
VHFHeart,right cardiac atrium,vCM3_stressed,http://purl.obolibrary.org/obo/CL_0002131,11,66
VHFHeart,right cardiac atrium,vCM4,http://purl.obolibrary.org/obo/CL_0002131,1,6
VHFLargeIntestine,ascending colon,Activated CD4 T,https://purl.org/ccf/ASCTB-TEMP_activated-cd4-t,2,2
VHFLargeIntestine,ascending colon,Activated CD8 T,https://purl.org/ccf/ASCTB-TEMP_activated-cd8-t,3.33333333333333333333,10
VHFLargeIntestine,ascending colon,Activated T,https://purl.org/ccf/ASCTB-TEMP_activated-t,173,519
VHFLargeIntestine,ascending colon,Adult Glia,https://purl.org/ccf/ASCTB-TEMP_adult-glia,121.66666666666666666667,365
VHFLargeIntestine,ascending colon,B cell,http://purl.obolibrary.org/obo/CL_0000236,50.66666666666666666667,152
VHFLargeIntestine,ascending colon,BEST2+ Goblet cell,https://purl.org/ccf/ASCTB-TEMP_best2-goblet-cell,19.66666666666666666667,59
VHFLargeIntestine,ascending colon,BEST4+ epithelial,https://purl.org/ccf/ASCTB-TEMP_best4-epithelial,43.66666666666666666667,131
VHFLargeIntestine,ascending colon,Branch A1 (iMN),https://purl.org/ccf/ASCTB-TEMP_branch-a1-imn-,16.66666666666666666667,50
VHFLargeIntestine,ascending colon,Branch A2 (IPAN/IN),https://purl.org/ccf/ASCTB-TEMP_branch-a2-ipan-in-,21.33333333333333333333,64
VHFLargeIntestine,ascending colon,Branch A3 (IPAN/IN),https://purl.org/ccf/ASCTB-TEMP_branch-a3-ipan-in-,16,48
VHFLargeIntestine,ascending colon,Branch A4 (IN),https://purl.org/ccf/ASCTB-TEMP_branch-a4-in-,22,66
VHFLargeIntestine,ascending colon,Branch B1 (eMN),https://purl.org/ccf/ASCTB-TEMP_branch-b1-emn-,32.66666666666666666667,98
VHFLargeIntestine,ascending colon,Branch B2 (eMN),https://purl.org/ccf/ASCTB-TEMP_branch-b2-emn-,22.5,45
VHFLargeIntestine,ascending colon,Branch B3 (IPAN),https://purl.org/ccf/ASCTB-TEMP_branch-b3-ipan-,5.66666666666666666667,17
VHFLargeIntestine,ascending colon,"CD4-positive, alpha-beta T cell",http://purl.obolibrary.org/obo/CL_0000624,67.66666666666666666667,203
VHFLargeIntestine,ascending colon,CD8 Tmem,https://purl.org/ccf/ASCTB-TEMP_cd8-tmem,6,18
VHFLargeIntestine,ascending colon,"CD8-positive, alpha-beta T cell",http://purl.obolibrary.org/obo/CL_0000625,61,183
VHFLargeIntestine,ascending colon,CLC+ Mast cell,https://purl.org/ccf/ASCTB-TEMP_clc-mast-cell,5.5,11
VHFLargeIntestine,ascending colon,CLDN10+ cells,https://purl.org/ccf/ASCTB-TEMP_cldn10-cells,4.5,9
VHFLargeIntestine,ascending colon,CLP,https://purl.org/ccf/ASCTB-TEMP_clp,7,14
VHFLargeIntestine,ascending colon,CX3CR1+ CD8 Tmem,https://purl.org/ccf/ASCTB-TEMP_cx3cr1-cd8-tmem,1.66666666666666666667,5
VHFLargeIntestine,ascending colon,Colonocyte,https://purl.org/ccf/ASCTB-TEMP_colonocyte,321,963
VHFLargeIntestine,ascending colon,Contractile pericyte (PLN+),https://purl.org/ccf/ASCTB-TEMP_contractile-pericyte-pln-,58.66666666666666666667,176
VHFLargeIntestine,ascending colon,Cycling B cell,https://purl.org/ccf/ASCTB-TEMP_cycling-b-cell,38.66666666666666666667,116
VHFLargeIntestine,ascending colon,Cycling plasma cell,https://purl.org/ccf/ASCTB-TEMP_cycling-plasma-cell,377.66666666666666666667,1133
VHFLargeIntestine,ascending colon,D cells (SST+),https://purl.org/ccf/ASCTB-TEMP_d-cells-sst-,4.66666666666666666667,14
VHFLargeIntestine,ascending colon,DZ GC cell,https://purl.org/ccf/ASCTB-TEMP_dz-gc-cell,5,5
VHFLargeIntestine,ascending colon,Differentiating glia,https://purl.org/ccf/ASCTB-TEMP_differentiating-glia,2,2
VHFLargeIntestine,ascending colon,Distal progenitor,https://purl.org/ccf/ASCTB-TEMP_distal-progenitor,27,54
VHFLargeIntestine,ascending colon,EC cells (NPW+),https://purl.org/ccf/ASCTB-TEMP_ec-cells-npw-,4,12
VHFLargeIntestine,ascending colon,EC cells (TAC1+),https://purl.org/ccf/ASCTB-TEMP_ec-cells-tac1-,2.66666666666666666667,8
VHFLargeIntestine,ascending colon,EECs,https://purl.org/ccf/ASCTB-TEMP_eecs,117.33333333333333333333,352
VHFLargeIntestine,ascending colon,ENCC/glia Progenitor,https://purl.org/ccf/ASCTB-TEMP_encc-glia-progenitor,3.33333333333333333333,10
VHFLargeIntestine,ascending colon,Enterocyte,https://purl.org/ccf/ASCTB-TEMP_enterocyte,22.33333333333333333333,67
VHFLargeIntestine,ascending colon,FCRL4+ Memory B,https://purl.org/ccf/ASCTB-TEMP_fcrl4-memory-b,7,7
VHFLargeIntestine,ascending colon,FDC,https://purl.org/ccf/ASCTB-TEMP_fdc,2.5,5
VHFLargeIntestine,ascending colon,Fetal arterial EC,https://purl.org/ccf/ASCTB-TEMP_fetal-arterial-ec,6.33333333333333333333,19
VHFLargeIntestine,ascending colon,Fetal venous EC,https://purl.org/ccf/ASCTB-TEMP_fetal-venous-ec,12.33333333333333333333,37
VHFLargeIntestine,ascending colon,GC B cell,https://purl.org/ccf/ASCTB-TEMP_gc-b-cell,1,2
VHFLargeIntestine,ascending colon,Germ,https://purl.org/ccf/ASCTB-TEMP_germ,4,8
VHFLargeIntestine,ascending colon,Glia 1 (DHH+),https://purl.org/ccf/ASCTB-TEMP_glia-1-dhh-,2.66666666666666666667,8
VHFLargeIntestine,ascending colon,Glia 2 (ELN+),https://purl.org/ccf/ASCTB-TEMP_glia-2-eln-,28.5,57
VHFLargeIntestine,ascending colon,Glia 3 (BCAN+),https://purl.org/ccf/ASCTB-TEMP_glia-3-bcan-,33.33333333333333333333,100
VHFLargeIntestine,ascending colon,Goblet cell,https://purl.org/ccf/ASCTB-TEMP_goblet-cell,293.33333333333333333333,880
VHFLargeIntestine,ascending colon,I cells (CCK+),https://purl.org/ccf/ASCTB-TEMP_i-cells-cck-,6,18
VHFLargeIntestine,ascending colon,ICC,https://purl.org/ccf/ASCTB-TEMP_icc,6,12
VHFLargeIntestine,ascending colon,ILC2,https://purl.org/ccf/ASCTB-TEMP_ilc2,6,12
VHFLargeIntestine,ascending colon,ILC3,https://purl.org/ccf/ASCTB-TEMP_ilc3,3,9
VHFLargeIntestine,ascending colon,ILCP,https://purl.org/ccf/ASCTB-TEMP_ilcp,4.66666666666666666667,14
VHFLargeIntestine,ascending colon,IgA plasma cell,https://purl.org/ccf/ASCTB-TEMP_iga-plasma-cell,67,134
VHFLargeIntestine,ascending colon,IgG plasma cell,https://purl.org/ccf/ASCTB-TEMP_igg-plasma-cell,14.5,29
VHFLargeIntestine,ascending colon,IgM plasma cell,https://purl.org/ccf/ASCTB-TEMP_igm-plasma-cell,1,1
VHFLargeIntestine,ascending colon,Immature B,https://purl.org/ccf/ASCTB-TEMP_immature-b,3,3
VHFLargeIntestine,ascending colon,Immature pericyte,https://purl.org/ccf/ASCTB-TEMP_immature-pericyte,3,9
VHFLargeIntestine,ascending colon,K cells (GIP+),https://purl.org/ccf/ASCTB-TEMP_k-cells-gip-,8,8
VHFLargeIntestine,ascending colon,L cells (PYY+),https://purl.org/ccf/ASCTB-TEMP_l-cells-pyy-,18.5,37
VHFLargeIntestine,ascending colon,LEC1 (ACKR4+),https://purl.org/ccf/ASCTB-TEMP_lec1-ackr4-,81,243
VHFLargeIntestine,ascending colon,LEC2 (MADCAM1+),https://purl.org/ccf/ASCTB-TEMP_lec2-madcam1-,2,2
VHFLargeIntestine,ascending colon,LEC3 (ADGRG3+),https://purl.org/ccf/ASCTB-TEMP_lec3-adgrg3-,6.5,13
VHFLargeIntestine,ascending colon,LEC4 (STAB2+),https://purl.org/ccf/ASCTB-TEMP_lec4-stab2-,7.33333333333333333333,22
VHFLargeIntestine,ascending colon,LEC5 (CLDN11+),https://purl.org/ccf/ASCTB-TEMP_lec5-cldn11-,3,6
VHFLargeIntestine,ascending colon,LEC6 (ADAMTS4+),https://purl.org/ccf/ASCTB-TEMP_lec6-adamts4-,29,87
VHFLargeIntestine,ascending colon,LTi-like NCR+ ILC3,https://purl.org/ccf/ASCTB-TEMP_lti-like-ncr-ilc3,11,11
VHFLargeIntestine,ascending colon,LTi-like NCR- ILC3,https://purl.org/ccf/ASCTB-TEMP_lti-like-ncr-ilc3,4.5,9
VHFLargeIntestine,ascending colon,LYVE1+ Macrophage,https://purl.org/ccf/ASCTB-TEMP_lyve1-macrophage,43.66666666666666666667,131
VHFLargeIntestine,ascending colon,LZ GC cell,https://purl.org/ccf/ASCTB-TEMP_lz-gc-cell,1,1
VHFLargeIntestine,ascending colon,Lymphoid DC,https://purl.org/ccf/ASCTB-TEMP_lymphoid-dc,9.33333333333333333333,28
VHFLargeIntestine,ascending colon,M/X cells (MLN/GHRL+),https://purl.org/ccf/ASCTB-TEMP_m-x-cells-mln-ghrl-,3,6
VHFLargeIntestine,ascending colon,MAIT cell,https://purl.org/ccf/ASCTB-TEMP_mait-cell,11,22
VHFLargeIntestine,ascending colon,MMP9+ Inflammatory macrophage,https://purl.org/ccf/ASCTB-TEMP_mmp9-inflammatory-macrophage,5.66666666666666666667,17
VHFLargeIntestine,ascending colon,MPO+ mono-neutrophil,https://purl.org/ccf/ASCTB-TEMP_mpo-mono-neutrophil,8.5,17
VHFLargeIntestine,ascending colon,Macrophages,https://purl.org/ccf/ASCTB-TEMP_macrophages,23.66666666666666666667,71
VHFLargeIntestine,ascending colon,Mast cell,https://purl.org/ccf/ASCTB-TEMP_mast-cell,13,39
VHFLargeIntestine,ascending colon,Mature arterial EC,https://purl.org/ccf/ASCTB-TEMP_mature-arterial-ec,29.33333333333333333333,88
VHFLargeIntestine,ascending colon,Mature venous EC,https://purl.org/ccf/ASCTB-TEMP_mature-venous-ec,31.33333333333333333333,94
VHFLargeIntestine,ascending colon,Megakaryocyte,https://purl.org/ccf/ASCTB-TEMP_megakaryocyte,5.33333333333333333333,16
VHFLargeIntestine,ascending colon,Memory B,https://purl.org/ccf/ASCTB-TEMP_memory-b,28.5,57
VHFLargeIntestine,ascending colon,Mesoderm 1 (HAND1+),https://purl.org/ccf/ASCTB-TEMP_mesoderm-1-hand1-,341.66666666666666666667,1025
VHFLargeIntestine,ascending colon,Mesoderm 2 (ZEB2+),https://purl.org/ccf/ASCTB-TEMP_mesoderm-2-zeb2-,1,1
VHFLargeIntestine,ascending colon,Mesothelium,https://purl.org/ccf/ASCTB-TEMP_mesothelium,1,1
VHFLargeIntestine,ascending colon,Mesothelium (PRG4+),https://purl.org/ccf/ASCTB-TEMP_mesothelium-prg4-,2,2
VHFLargeIntestine,ascending colon,Mesothelium (RGS5+),https://purl.org/ccf/ASCTB-TEMP_mesothelium-rgs5-,23.33333333333333333333,70
VHFLargeIntestine,ascending colon,Microfold cell,https://purl.org/ccf/ASCTB-TEMP_microfold-cell,128.33333333333333333333,385
VHFLargeIntestine,ascending colon,Monocytes,https://purl.org/ccf/ASCTB-TEMP_monocytes,20,60
VHFLargeIntestine,ascending colon,N cells (NTS+),https://purl.org/ccf/ASCTB-TEMP_n-cells-nts-,3,3
VHFLargeIntestine,ascending colon,NK T cell,https://purl.org/ccf/ASCTB-TEMP_nk-t-cell,7.66666666666666666667,23
VHFLargeIntestine,ascending colon,NK cell,https://purl.org/ccf/ASCTB-TEMP_nk-cell,40.5,81
VHFLargeIntestine,ascending colon,Naive B,https://purl.org/ccf/ASCTB-TEMP_naive-b,6,18
VHFLargeIntestine,ascending colon,Neuroblast,https://purl.org/ccf/ASCTB-TEMP_neuroblast,3.33333333333333333333,10
VHFLargeIntestine,ascending colon,Paneth,https://purl.org/ccf/ASCTB-TEMP_paneth,10.5,21
VHFLargeIntestine,ascending colon,Pericyte,https://purl.org/ccf/ASCTB-TEMP_pericyte,10.33333333333333333333,31
VHFLargeIntestine,ascending colon,Pre-B,https://purl.org/ccf/ASCTB-TEMP_pre-b,22,44
VHFLargeIntestine,ascending colon,Pro-B,https://purl.org/ccf/ASCTB-TEMP_pro-b,7.5,15
VHFLargeIntestine,ascending colon,Progenitor (NEUROG3+),https://purl.org/ccf/ASCTB-TEMP_progenitor-neurog3-,9.33333333333333333333,28
VHFLargeIntestine,ascending colon,Proximal progenitor,https://purl.org/ccf/ASCTB-TEMP_proximal-progenitor,59.66666666666666666667,179
VHFLargeIntestine,ascending colon,RBC,https://purl.org/ccf/ASCTB-TEMP_rbc,5,10
VHFLargeIntestine,ascending colon,SELL+ CD4 T,https://purl.org/ccf/ASCTB-TEMP_sell-cd4-t,25.66666666666666666667,77
VHFLargeIntestine,ascending colon,SELL+ CD8 T,https://purl.org/ccf/ASCTB-TEMP_sell-cd8-t,24,72
VHFLargeIntestine,ascending colon,SMC (PART1/CAPN3+),https://purl.org/ccf/ASCTB-TEMP_smc-part1-capn3-,69.66666666666666666667,209
VHFLargeIntestine,ascending colon,SMC (PLPP2+),https://purl.org/ccf/ASCTB-TEMP_smc-plpp2-,552.66666666666666666667,1658
VHFLargeIntestine,ascending colon,STAT1+ Naive B,https://purl.org/ccf/ASCTB-TEMP_stat1-naive-b,14,28
VHFLargeIntestine,ascending colon,Stem cells,https://purl.org/ccf/ASCTB-TEMP_stem-cells,77.33333333333333333333,232
VHFLargeIntestine,ascending colon,Stromal 1 (CCL11+),https://purl.org/ccf/ASCTB-TEMP_stromal-1-ccl11-,63,126
VHFLargeIntestine,ascending colon,Stromal 2 (CH25H+),https://purl.org/ccf/ASCTB-TEMP_stromal-2-ch25h-,6.5,13
VHFLargeIntestine,ascending colon,Stromal 2 (NPY+),https://purl.org/ccf/ASCTB-TEMP_stromal-2-npy-,19.5,39
VHFLargeIntestine,ascending colon,Stromal 3 (C7+),https://purl.org/ccf/ASCTB-TEMP_stromal-3-c7-,45.66666666666666666667,137
VHFLargeIntestine,ascending colon,Stromal 3 (KCNN3+),https://purl.org/ccf/ASCTB-TEMP_stromal-3-kcnn3-,58.66666666666666666667,176
VHFLargeIntestine,ascending colon,Stromal 4 (MMP1+),https://purl.org/ccf/ASCTB-TEMP_stromal-4-mmp1-,7,21
VHFLargeIntestine,ascending colon,T reticular,https://purl.org/ccf/ASCTB-TEMP_t-reticular,9,27
VHFLargeIntestine,ascending colon,TA,https://purl.org/ccf/ASCTB-TEMP_ta,86.33333333333333333333,259
VHFLargeIntestine,ascending colon,TRDV2/TRGV9 gdT,https://purl.org/ccf/ASCTB-TEMP_trdv2-trgv9-gdt,4.5,9
VHFLargeIntestine,ascending colon,TRGV2 gdT,https://purl.org/ccf/ASCTB-TEMP_trgv2-gdt,46,138
VHFLargeIntestine,ascending colon,TRGV4 gdT,https://purl.org/ccf/ASCTB-TEMP_trgv4-gdt,13.66666666666666666667,41
VHFLargeIntestine,ascending colon,TRGV5/7 gdT,https://purl.org/ccf/ASCTB-TEMP_trgv5-7-gdt,1,3
VHFLargeIntestine,ascending colon,Tfh,https://purl.org/ccf/ASCTB-TEMP_tfh,123.66666666666666666667,371
VHFLargeIntestine,ascending colon,Th1,https://purl.org/ccf/ASCTB-TEMP_th1,4.5,9
VHFLargeIntestine,ascending colon,Th17,https://purl.org/ccf/ASCTB-TEMP_th17,1.33333333333333333333,4
VHFLargeIntestine,ascending colon,Transitional Stromal 3 (C3+),https://purl.org/ccf/ASCTB-TEMP_transitional-stromal-3-c3-,95.33333333333333333333,286
VHFLargeIntestine,ascending colon,Treg,https://purl.org/ccf/ASCTB-TEMP_treg,11,33
VHFLargeIntestine,ascending colon,Tuft,https://purl.org/ccf/ASCTB-TEMP_tuft,20,60
VHFLargeIntestine,ascending colon,angiogenic pericyte,https://purl.org/ccf/ASCTB-TEMP_angiogenic-pericyte,13.66666666666666666667,41
VHFLargeIntestine,ascending colon,arterial capillary,https://purl.org/ccf/ASCTB-TEMP_arterial-capillary,59.66666666666666666667,179
VHFLargeIntestine,ascending colon,cDC1,https://purl.org/ccf/ASCTB-TEMP_cdc1,3.66666666666666666667,11
VHFLargeIntestine,ascending colon,cDC2,https://purl.org/ccf/ASCTB-TEMP_cdc2,39,117
VHFLargeIntestine,ascending colon,cycling EC,https://purl.org/ccf/ASCTB-TEMP_cycling-ec,14.33333333333333333333,43
VHFLargeIntestine,ascending colon,cycling ENCC/glia,https://purl.org/ccf/ASCTB-TEMP_cycling-encc-glia,2.66666666666666666667,8
VHFLargeIntestine,ascending colon,cycling neuroblast,https://purl.org/ccf/ASCTB-TEMP_cycling-neuroblast,3,3
VHFLargeIntestine,ascending colon,enterocyte of epithelium of large intestine,http://purl.obolibrary.org/obo/CL_0002071,1239,3717
VHFLargeIntestine,ascending colon,fibroblast,http://purl.obolibrary.org/obo/CL_0000057,995.33333333333333333333,2986
VHFLargeIntestine,ascending colon,gdT,https://purl.org/ccf/ASCTB-TEMP_gdt,1,1
VHFLargeIntestine,ascending colon,gut endothelial cell,http://purl.obolibrary.org/obo/CL_0000131,640,1920
VHFLargeIntestine,ascending colon,intestinal enteroendocrine cell,http://purl.obolibrary.org/obo/CL_1001516,13,39
VHFLargeIntestine,ascending colon,intestinal tuft cell,http://purl.obolibrary.org/obo/CL_0019032,231,693
VHFLargeIntestine,ascending colon,large intestine goblet cell,http://purl.obolibrary.org/obo/CL_1000320,298.66666666666666666667,896
VHFLargeIntestine,ascending colon,mLN Stroma (FMO2+),https://purl.org/ccf/ASCTB-TEMP_mln-stroma-fmo2-,12.66666666666666666667,38
VHFLargeIntestine,ascending colon,mLTo,https://purl.org/ccf/ASCTB-TEMP_mlto,20.66666666666666666667,62
VHFLargeIntestine,ascending colon,mast cell,http://purl.obolibrary.org/obo/CL_0000097,2.33333333333333333333,7
VHFLargeIntestine,ascending colon,monocyte,http://purl.obolibrary.org/obo/CL_0000576,57.33333333333333333333,172
VHFLargeIntestine,ascending colon,myofibroblast,https://purl.org/ccf/ASCTB-TEMP_myofibroblast,200.33333333333333333333,601
VHFLargeIntestine,ascending colon,myofibroblast (RSPO2+),https://purl.org/ccf/ASCTB-TEMP_myofibroblast-rspo2-,182,546
VHFLargeIntestine,ascending colon,neutrophil,http://purl.obolibrary.org/obo/CL_0000775,34.66666666666666666667,104
VHFLargeIntestine,ascending colon,pDC,https://purl.org/ccf/ASCTB-TEMP_pdc,2.5,5
VHFLargeIntestine,ascending colon,paneth cell of colon,http://purl.obolibrary.org/obo/CL_0009009,70.66666666666666666667,212
VHFLargeIntestine,ascending colon,plasma cell,http://purl.obolibrary.org/obo/CL_0000786,77.33333333333333333333,232
VHFLargeIntestine,ascending colon,transit amplifying cell of colon,http://purl.obolibrary.org/obo/CL_0009011,128,128
VHFLargeIntestine,ascending colon,venous capillary,https://purl.org/ccf/ASCTB-TEMP_venous-capillary,1.5,3
VHFLargeIntestine,ascending colon,β cells (INS+),https://purl.org/ccf/ASCTB-TEMP_-cells-ins-,1,1
VHFLargeIntestine,caecum,Activated CD4 T,https://purl.org/ccf/ASCTB-TEMP_activated-cd4-t,2,2
VHFLargeIntestine,caecum,Activated CD8 T,https://purl.org/ccf/ASCTB-TEMP_activated-cd8-t,3.33333333333333333333,10
VHFLargeIntestine,caecum,Activated T,https://purl.org/ccf/ASCTB-TEMP_activated-t,173,519
VHFLargeIntestine,caecum,Adult Glia,https://purl.org/ccf/ASCTB-TEMP_adult-glia,121.66666666666666666667,365
VHFLargeIntestine,caecum,B cell,http://purl.obolibrary.org/obo/CL_0000236,50.66666666666666666667,152
VHFLargeIntestine,caecum,BEST2+ Goblet cell,https://purl.org/ccf/ASCTB-TEMP_best2-goblet-cell,19.66666666666666666667,59
VHFLargeIntestine,caecum,BEST4+ epithelial,https://purl.org/ccf/ASCTB-TEMP_best4-epithelial,43.66666666666666666667,131
VHFLargeIntestine,caecum,Branch A1 (iMN),https://purl.org/ccf/ASCTB-TEMP_branch-a1-imn-,16.66666666666666666667,50
VHFLargeIntestine,caecum,Branch A2 (IPAN/IN),https://purl.org/ccf/ASCTB-TEMP_branch-a2-ipan-in-,21.33333333333333333333,64
VHFLargeIntestine,caecum,Branch A3 (IPAN/IN),https://purl.org/ccf/ASCTB-TEMP_branch-a3-ipan-in-,16,48
VHFLargeIntestine,caecum,Branch A4 (IN),https://purl.org/ccf/ASCTB-TEMP_branch-a4-in-,22,66
VHFLargeIntestine,caecum,Branch B1 (eMN),https://purl.org/ccf/ASCTB-TEMP_branch-b1-emn-,32.66666666666666666667,98
VHFLargeIntestine,caecum,Branch B2 (eMN),https://purl.org/ccf/ASCTB-TEMP_branch-b2-emn-,22.5,45
VHFLargeIntestine,caecum,Branch B3 (IPAN),https://purl.org/ccf/ASCTB-TEMP_branch-b3-ipan-,5.66666666666666666667,17
VHFLargeIntestine,caecum,"CD4-positive, alpha-beta T cell",http://purl.obolibrary.org/obo/CL_0000624,67.66666666666666666667,203
VHFLargeIntestine,caecum,CD8 Tmem,https://purl.org/ccf/ASCTB-TEMP_cd8-tmem,6,18
VHFLargeIntestine,caecum,"CD8-positive, alpha-beta T cell",http://purl.obolibrary.org/obo/CL_0000625,61,183
VHFLargeIntestine,caecum,CLC+ Mast cell,https://purl.org/ccf/ASCTB-TEMP_clc-mast-cell,5.5,11
VHFLargeIntestine,caecum,CLDN10+ cells,https://purl.org/ccf/ASCTB-TEMP_cldn10-cells,4.5,9
VHFLargeIntestine,caecum,CLP,https://purl.org/ccf/ASCTB-TEMP_clp,7,14
VHFLargeIntestine,caecum,CX3CR1+ CD8 Tmem,https://purl.org/ccf/ASCTB-TEMP_cx3cr1-cd8-tmem,1.66666666666666666667,5
VHFLargeIntestine,caecum,Colonocyte,https://purl.org/ccf/ASCTB-TEMP_colonocyte,321,963
VHFLargeIntestine,caecum,Contractile pericyte (PLN+),https://purl.org/ccf/ASCTB-TEMP_contractile-pericyte-pln-,58.66666666666666666667,176
VHFLargeIntestine,caecum,Cycling B cell,https://purl.org/ccf/ASCTB-TEMP_cycling-b-cell,38.66666666666666666667,116
VHFLargeIntestine,caecum,Cycling plasma cell,https://purl.org/ccf/ASCTB-TEMP_cycling-plasma-cell,377.66666666666666666667,1133
VHFLargeIntestine,caecum,D cells (SST+),https://purl.org/ccf/ASCTB-TEMP_d-cells-sst-,4.66666666666666666667,14
VHFLargeIntestine,caecum,DZ GC cell,https://purl.org/ccf/ASCTB-TEMP_dz-gc-cell,5,5
VHFLargeIntestine,caecum,Differentiating glia,https://purl.org/ccf/ASCTB-TEMP_differentiating-glia,2,2
VHFLargeIntestine,caecum,Distal progenitor,https://purl.org/ccf/ASCTB-TEMP_distal-progenitor,27,54
VHFLargeIntestine,caecum,EC cells (NPW+),https://purl.org/ccf/ASCTB-TEMP_ec-cells-npw-,4,12
VHFLargeIntestine,caecum,EC cells (TAC1+),https://purl.org/ccf/ASCTB-TEMP_ec-cells-tac1-,2.66666666666666666667,8
VHFLargeIntestine,caecum,EECs,https://purl.org/ccf/ASCTB-TEMP_eecs,117.33333333333333333333,352
VHFLargeIntestine,caecum,ENCC/glia Progenitor,https://purl.org/ccf/ASCTB-TEMP_encc-glia-progenitor,3.33333333333333333333,10
VHFLargeIntestine,caecum,Enterocyte,https://purl.org/ccf/ASCTB-TEMP_enterocyte,22.33333333333333333333,67
VHFLargeIntestine,caecum,FCRL4+ Memory B,https://purl.org/ccf/ASCTB-TEMP_fcrl4-memory-b,7,7
VHFLargeIntestine,caecum,FDC,https://purl.org/ccf/ASCTB-TEMP_fdc,2.5,5
VHFLargeIntestine,caecum,Fetal arterial EC,https://purl.org/ccf/ASCTB-TEMP_fetal-arterial-ec,6.33333333333333333333,19
VHFLargeIntestine,caecum,Fetal venous EC,https://purl.org/ccf/ASCTB-TEMP_fetal-venous-ec,12.33333333333333333333,37
VHFLargeIntestine,caecum,GC B cell,https://purl.org/ccf/ASCTB-TEMP_gc-b-cell,1,2
VHFLargeIntestine,caecum,Germ,https://purl.org/ccf/ASCTB-TEMP_germ,4,8
VHFLargeIntestine,caecum,Glia 1 (DHH+),https://purl.org/ccf/ASCTB-TEMP_glia-1-dhh-,2.66666666666666666667,8
VHFLargeIntestine,caecum,Glia 2 (ELN+),https://purl.org/ccf/ASCTB-TEMP_glia-2-eln-,28.5,57
VHFLargeIntestine,caecum,Glia 3 (BCAN+),https://purl.org/ccf/ASCTB-TEMP_glia-3-bcan-,33.33333333333333333333,100
VHFLargeIntestine,caecum,Goblet cell,https://purl.org/ccf/ASCTB-TEMP_goblet-cell,293.33333333333333333333,880
VHFLargeIntestine,caecum,I cells (CCK+),https://purl.org/ccf/ASCTB-TEMP_i-cells-cck-,6,18
VHFLargeIntestine,caecum,ICC,https://purl.org/ccf/ASCTB-TEMP_icc,6,12
VHFLargeIntestine,caecum,ILC2,https://purl.org/ccf/ASCTB-TEMP_ilc2,6,12
VHFLargeIntestine,caecum,ILC3,https://purl.org/ccf/ASCTB-TEMP_ilc3,3,9
VHFLargeIntestine,caecum,ILCP,https://purl.org/ccf/ASCTB-TEMP_ilcp,4.66666666666666666667,14
VHFLargeIntestine,caecum,IgA plasma cell,https://purl.org/ccf/ASCTB-TEMP_iga-plasma-cell,67,134
VHFLargeIntestine,caecum,IgG plasma cell,https://purl.org/ccf/ASCTB-TEMP_igg-plasma-cell,14.5,29
VHFLargeIntestine,caecum,IgM plasma cell,https://purl.org/ccf/ASCTB-TEMP_igm-plasma-cell,1,1
VHFLargeIntestine,caecum,Immature B,https://purl.org/ccf/ASCTB-TEMP_immature-b,3,3
VHFLargeIntestine,caecum,Immature pericyte,https://purl.org/ccf/ASCTB-TEMP_immature-pericyte,3,9
VHFLargeIntestine,caecum,K cells (GIP+),https://purl.org/ccf/ASCTB-TEMP_k-cells-gip-,8,8
VHFLargeIntestine,caecum,L cells (PYY+),https://purl.org/ccf/ASCTB-TEMP_l-cells-pyy-,18.5,37
VHFLargeIntestine,caecum,LEC1 (ACKR4+),https://purl.org/ccf/ASCTB-TEMP_lec1-ackr4-,81,243
VHFLargeIntestine,caecum,LEC2 (MADCAM1+),https://purl.org/ccf/ASCTB-TEMP_lec2-madcam1-,2,2
VHFLargeIntestine,caecum,LEC3 (ADGRG3+),https://purl.org/ccf/ASCTB-TEMP_lec3-adgrg3-,6.5,13
VHFLargeIntestine,caecum,LEC4 (STAB2+),https://purl.org/ccf/ASCTB-TEMP_lec4-stab2-,7.33333333333333333333,22
VHFLargeIntestine,caecum,LEC5 (CLDN11+),https://purl.org/ccf/ASCTB-TEMP_lec5-cldn11-,3,6
VHFLargeIntestine,caecum,LEC6 (ADAMTS4+),https://purl.org/ccf/ASCTB-TEMP_lec6-adamts4-,29,87
VHFLargeIntestine,caecum,LTi-like NCR+ ILC3,https://purl.org/ccf/ASCTB-TEMP_lti-like-ncr-ilc3,11,11
VHFLargeIntestine,caecum,LTi-like NCR- ILC3,https://purl.org/ccf/ASCTB-TEMP_lti-like-ncr-ilc3,4.5,9
VHFLargeIntestine,caecum,LYVE1+ Macrophage,https://purl.org/ccf/ASCTB-TEMP_lyve1-macrophage,43.66666666666666666667,131
VHFLargeIntestine,caecum,LZ GC cell,https://purl.org/ccf/ASCTB-TEMP_lz-gc-cell,1,1
VHFLargeIntestine,caecum,Lymphoid DC,https://purl.org/ccf/ASCTB-TEMP_lymphoid-dc,9.33333333333333333333,28
VHFLargeIntestine,caecum,M/X cells (MLN/GHRL+),https://purl.org/ccf/ASCTB-TEMP_m-x-cells-mln-ghrl-,3,6
VHFLargeIntestine,caecum,MAIT cell,https://purl.org/ccf/ASCTB-TEMP_mait-cell,11,22
VHFLargeIntestine,caecum,MMP9+ Inflammatory macrophage,https://purl.org/ccf/ASCTB-TEMP_mmp9-inflammatory-macrophage,5.66666666666666666667,17
VHFLargeIntestine,caecum,MPO+ mono-neutrophil,https://purl.org/ccf/ASCTB-TEMP_mpo-mono-neutrophil,8.5,17
VHFLargeIntestine,caecum,Macrophages,https://purl.org/ccf/ASCTB-TEMP_macrophages,23.66666666666666666667,71
VHFLargeIntestine,caecum,Mast cell,https://purl.org/ccf/ASCTB-TEMP_mast-cell,13,39
VHFLargeIntestine,caecum,Mature arterial EC,https://purl.org/ccf/ASCTB-TEMP_mature-arterial-ec,29.33333333333333333333,88
VHFLargeIntestine,caecum,Mature venous EC,https://purl.org/ccf/ASCTB-TEMP_mature-venous-ec,31.33333333333333333333,94
VHFLargeIntestine,caecum,Megakaryocyte,https://purl.org/ccf/ASCTB-TEMP_megakaryocyte,5.33333333333333333333,16
VHFLargeIntestine,caecum,Memory B,https://purl.org/ccf/ASCTB-TEMP_memory-b,28.5,57
VHFLargeIntestine,caecum,Mesoderm 1 (HAND1+),https://purl.org/ccf/ASCTB-TEMP_mesoderm-1-hand1-,341.66666666666666666667,1025
VHFLargeIntestine,caecum,Mesoderm 2 (ZEB2+),https://purl.org/ccf/ASCTB-TEMP_mesoderm-2-zeb2-,1,1
VHFLargeIntestine,caecum,Mesothelium,https://purl.org/ccf/ASCTB-TEMP_mesothelium,1,1
VHFLargeIntestine,caecum,Mesothelium (PRG4+),https://purl.org/ccf/ASCTB-TEMP_mesothelium-prg4-,2,2
VHFLargeIntestine,caecum,Mesothelium (RGS5+),https://purl.org/ccf/ASCTB-TEMP_mesothelium-rgs5-,23.33333333333333333333,70
VHFLargeIntestine,caecum,Microfold cell,https://purl.org/ccf/ASCTB-TEMP_microfold-cell,128.33333333333333333333,385
VHFLargeIntestine,caecum,Monocytes,https://purl.org/ccf/ASCTB-TEMP_monocytes,20,60
VHFLargeIntestine,caecum,N cells (NTS+),https://purl.org/ccf/ASCTB-TEMP_n-cells-nts-,3,3
VHFLargeIntestine,caecum,NK T cell,https://purl.org/ccf/ASCTB-TEMP_nk-t-cell,7.66666666666666666667,23
VHFLargeIntestine,caecum,NK cell,https://purl.org/ccf/ASCTB-TEMP_nk-cell,40.5,81
VHFLargeIntestine,caecum,Naive B,https://purl.org/ccf/ASCTB-TEMP_naive-b,6,18
VHFLargeIntestine,caecum,Neuroblast,https://purl.org/ccf/ASCTB-TEMP_neuroblast,3.33333333333333333333,10
VHFLargeIntestine,caecum,Paneth,https://purl.org/ccf/ASCTB-TEMP_paneth,10.5,21
VHFLargeIntestine,caecum,Pericyte,https://purl.org/ccf/ASCTB-TEMP_pericyte,10.33333333333333333333,31
VHFLargeIntestine,caecum,Pre-B,https://purl.org/ccf/ASCTB-TEMP_pre-b,22,44
VHFLargeIntestine,caecum,Pro-B,https://purl.org/ccf/ASCTB-TEMP_pro-b,7.5,15
VHFLargeIntestine,caecum,Progenitor (NEUROG3+),https://purl.org/ccf/ASCTB-TEMP_progenitor-neurog3-,9.33333333333333333333,28
VHFLargeIntestine,caecum,Proximal progenitor,https://purl.org/ccf/ASCTB-TEMP_proximal-progenitor,59.66666666666666666667,179
VHFLargeIntestine,caecum,RBC,https://purl.org/ccf/ASCTB-TEMP_rbc,5,10
VHFLargeIntestine,caecum,SELL+ CD4 T,https://purl.org/ccf/ASCTB-TEMP_sell-cd4-t,25.66666666666666666667,77
VHFLargeIntestine,caecum,SELL+ CD8 T,https://purl.org/ccf/ASCTB-TEMP_sell-cd8-t,24,72
VHFLargeIntestine,caecum,SMC (PART1/CAPN3+),https://purl.org/ccf/ASCTB-TEMP_smc-part1-capn3-,69.66666666666666666667,209
VHFLargeIntestine,caecum,SMC (PLPP2+),https://purl.org/ccf/ASCTB-TEMP_smc-plpp2-,552.66666666666666666667,1658
VHFLargeIntestine,caecum,STAT1+ Naive B,https://purl.org/ccf/ASCTB-TEMP_stat1-naive-b,14,28
VHFLargeIntestine,caecum,Stem cells,https://purl.org/ccf/ASCTB-TEMP_stem-cells,77.33333333333333333333,232
VHFLargeIntestine,caecum,Stromal 1 (CCL11+),https://purl.org/ccf/ASCTB-TEMP_stromal-1-ccl11-,63,126
VHFLargeIntestine,caecum,Stromal 2 (CH25H+),https://purl.org/ccf/ASCTB-TEMP_stromal-2-ch25h-,6.5,13
VHFLargeIntestine,caecum,Stromal 2 (NPY+),https://purl.org/ccf/ASCTB-TEMP_stromal-2-npy-,19.5,39
VHFLargeIntestine,caecum,Stromal 3 (C7+),https://purl.org/ccf/ASCTB-TEMP_stromal-3-c7-,45.66666666666666666667,137
VHFLargeIntestine,caecum,Stromal 3 (KCNN3+),https://purl.org/ccf/ASCTB-TEMP_stromal-3-kcnn3-,58.66666666666666666667,176
VHFLargeIntestine,caecum,Stromal 4 (MMP1+),https://purl.org/ccf/ASCTB-TEMP_stromal-4-mmp1-,7,21
VHFLargeIntestine,caecum,T reticular,https://purl.org/ccf/ASCTB-TEMP_t-reticular,9,27
VHFLargeIntestine,caecum,TA,https://purl.org/ccf/ASCTB-TEMP_ta,86.33333333333333333333,259
VHFLargeIntestine,caecum,TRDV2/TRGV9 gdT,https://purl.org/ccf/ASCTB-TEMP_trdv2-trgv9-gdt,4.5,9
VHFLargeIntestine,caecum,TRGV2 gdT,https://purl.org/ccf/ASCTB-TEMP_trgv2-gdt,46,138
VHFLargeIntestine,caecum,TRGV4 gdT,https://purl.org/ccf/ASCTB-TEMP_trgv4-gdt,13.66666666666666666667,41
VHFLargeIntestine,caecum,TRGV5/7 gdT,https://purl.org/ccf/ASCTB-TEMP_trgv5-7-gdt,1,3
VHFLargeIntestine,caecum,Tfh,https://purl.org/ccf/ASCTB-TEMP_tfh,123.66666666666666666667,371
VHFLargeIntestine,caecum,Th1,https://purl.org/ccf/ASCTB-TEMP_th1,4.5,9
VHFLargeIntestine,caecum,Th17,https://purl.org/ccf/ASCTB-TEMP_th17,1.33333333333333333333,4
VHFLargeIntestine,caecum,Transitional Stromal 3 (C3+),https://purl.org/ccf/ASCTB-TEMP_transitional-stromal-3-c3-,95.33333333333333333333,286
VHFLargeIntestine,caecum,Treg,https://purl.org/ccf/ASCTB-TEMP_treg,11,33
VHFLargeIntestine,caecum,Tuft,https://purl.org/ccf/ASCTB-TEMP_tuft,20,60
VHFLargeIntestine,caecum,angiogenic pericyte,https://purl.org/ccf/ASCTB-TEMP_angiogenic-pericyte,13.66666666666666666667,41
VHFLargeIntestine,caecum,arterial capillary,https://purl.org/ccf/ASCTB-TEMP_arterial-capillary,59.66666666666666666667,179
VHFLargeIntestine,caecum,cDC1,https://purl.org/ccf/ASCTB-TEMP_cdc1,3.66666666666666666667,11
VHFLargeIntestine,caecum,cDC2,https://purl.org/ccf/ASCTB-TEMP_cdc2,39,117
VHFLargeIntestine,caecum,cycling EC,https://purl.org/ccf/ASCTB-TEMP_cycling-ec,14.33333333333333333333,43
VHFLargeIntestine,caecum,cycling ENCC/glia,https://purl.org/ccf/ASCTB-TEMP_cycling-encc-glia,2.66666666666666666667,8
VHFLargeIntestine,caecum,cycling neuroblast,https://purl.org/ccf/ASCTB-TEMP_cycling-neuroblast,3,3
VHFLargeIntestine,caecum,enterocyte of epithelium of large intestine,http://purl.obolibrary.org/obo/CL_0002071,1239,3717
VHFLargeIntestine,caecum,fibroblast,http://purl.obolibrary.org/obo/CL_0000057,995.33333333333333333333,2986
VHFLargeIntestine,caecum,gdT,https://purl.org/ccf/ASCTB-TEMP_gdt,1,1
VHFLargeIntestine,caecum,gut endothelial cell,http://purl.obolibrary.org/obo/CL_0000131,640,1920
VHFLargeIntestine,caecum,intestinal enteroendocrine cell,http://purl.obolibrary.org/obo/CL_1001516,13,39
VHFLargeIntestine,caecum,intestinal tuft cell,http://purl.obolibrary.org/obo/CL_0019032,231,693
VHFLargeIntestine,caecum,large intestine goblet cell,http://purl.obolibrary.org/obo/CL_1000320,298.66666666666666666667,896
VHFLargeIntestine,caecum,mLN Stroma (FMO2+),https://purl.org/ccf/ASCTB-TEMP_mln-stroma-fmo2-,12.66666666666666666667,38
VHFLargeIntestine,caecum,mLTo,https://purl.org/ccf/ASCTB-TEMP_mlto,20.66666666666666666667,62
VHFLargeIntestine,caecum,mast cell,http://purl.obolibrary.org/obo/CL_0000097,2.33333333333333333333,7
VHFLargeIntestine,caecum,monocyte,http://purl.obolibrary.org/obo/CL_0000576,57.33333333333333333333,172
VHFLargeIntestine,caecum,myofibroblast,https://purl.org/ccf/ASCTB-TEMP_myofibroblast,200.33333333333333333333,601
VHFLargeIntestine,caecum,myofibroblast (RSPO2+),https://purl.org/ccf/ASCTB-TEMP_myofibroblast-rspo2-,182,546
VHFLargeIntestine,caecum,neutrophil,http://purl.obolibrary.org/obo/CL_0000775,34.66666666666666666667,104
VHFLargeIntestine,caecum,pDC,https://purl.org/ccf/ASCTB-TEMP_pdc,2.5,5
VHFLargeIntestine,caecum,paneth cell of colon,http://purl.obolibrary.org/obo/CL_0009009,70.66666666666666666667,212
VHFLargeIntestine,caecum,plasma cell,http://purl.obolibrary.org/obo/CL_0000786,77.33333333333333333333,232
VHFLargeIntestine,caecum,transit amplifying cell of colon,http://purl.obolibrary.org/obo/CL_0009011,128,128
VHFLargeIntestine,caecum,venous capillary,https://purl.org/ccf/ASCTB-TEMP_venous-capillary,1.5,3
VHFLargeIntestine,caecum,β cells (INS+),https://purl.org/ccf/ASCTB-TEMP_-cells-ins-,1,1
VHFLargeIntestine,descending colon,Activated CD4 T,https://purl.org/ccf/ASCTB-TEMP_activated-cd4-t,3,3
VHFLargeIntestine,descending colon,Activated CD8 T,https://purl.org/ccf/ASCTB-TEMP_activated-cd8-t,7.5,15
VHFLargeIntestine,descending colon,Activated T,https://purl.org/ccf/ASCTB-TEMP_activated-t,143,572
VHFLargeIntestine,descending colon,Adult Glia,https://purl.org/ccf/ASCTB-TEMP_adult-glia,77.5,310
VHFLargeIntestine,descending colon,B cell,http://purl.obolibrary.org/obo/CL_0000236,27,81
VHFLargeIntestine,descending colon,BEST2+ Goblet cell,https://purl.org/ccf/ASCTB-TEMP_best2-goblet-cell,87,348
VHFLargeIntestine,descending colon,BEST4+ epithelial,https://purl.org/ccf/ASCTB-TEMP_best4-epithelial,99,396
VHFLargeIntestine,descending colon,Branch A1 (iMN),https://purl.org/ccf/ASCTB-TEMP_branch-a1-imn-,6.75,27
VHFLargeIntestine,descending colon,Branch A2 (IPAN/IN),https://purl.org/ccf/ASCTB-TEMP_branch-a2-ipan-in-,24.25,97
VHFLargeIntestine,descending colon,Branch A3 (IPAN/IN),https://purl.org/ccf/ASCTB-TEMP_branch-a3-ipan-in-,3,6
VHFLargeIntestine,descending colon,Branch A4 (IN),https://purl.org/ccf/ASCTB-TEMP_branch-a4-in-,34.5,138
VHFLargeIntestine,descending colon,Branch B1 (eMN),https://purl.org/ccf/ASCTB-TEMP_branch-b1-emn-,22.25,89
VHFLargeIntestine,descending colon,Branch B2 (eMN),https://purl.org/ccf/ASCTB-TEMP_branch-b2-emn-,2,6
VHFLargeIntestine,descending colon,Branch B3 (IPAN),https://purl.org/ccf/ASCTB-TEMP_branch-b3-ipan-,4.33333333333333333333,13
VHFLargeIntestine,descending colon,"CD4-positive, alpha-beta T cell",http://purl.obolibrary.org/obo/CL_0000624,76,228
VHFLargeIntestine,descending colon,CD8 Tmem,https://purl.org/ccf/ASCTB-TEMP_cd8-tmem,15.33333333333333333333,46
VHFLargeIntestine,descending colon,"CD8-positive, alpha-beta T cell",http://purl.obolibrary.org/obo/CL_0000625,49,196
VHFLargeIntestine,descending colon,CLC+ Mast cell,https://purl.org/ccf/ASCTB-TEMP_clc-mast-cell,7,21
VHFLargeIntestine,descending colon,CLDN10+ cells,https://purl.org/ccf/ASCTB-TEMP_cldn10-cells,3.75,15
VHFLargeIntestine,descending colon,CLP,https://purl.org/ccf/ASCTB-TEMP_clp,7.66666666666666666667,23
VHFLargeIntestine,descending colon,CX3CR1+ CD8 Tmem,https://purl.org/ccf/ASCTB-TEMP_cx3cr1-cd8-tmem,2,4
VHFLargeIntestine,descending colon,Colonocyte,https://purl.org/ccf/ASCTB-TEMP_colonocyte,382.25,1529
VHFLargeIntestine,descending colon,Contractile pericyte (PLN+),https://purl.org/ccf/ASCTB-TEMP_contractile-pericyte-pln-,51,204
VHFLargeIntestine,descending colon,Cycling B cell,https://purl.org/ccf/ASCTB-TEMP_cycling-b-cell,30.75,123
VHFLargeIntestine,descending colon,Cycling plasma cell,https://purl.org/ccf/ASCTB-TEMP_cycling-plasma-cell,440.5,1762
VHFLargeIntestine,descending colon,D cells (SST+),https://purl.org/ccf/ASCTB-TEMP_d-cells-sst-,3.66666666666666666667,11
VHFLargeIntestine,descending colon,DZ GC cell,https://purl.org/ccf/ASCTB-TEMP_dz-gc-cell,16.66666666666666666667,50
VHFLargeIntestine,descending colon,Differentiating glia,https://purl.org/ccf/ASCTB-TEMP_differentiating-glia,1,3
VHFLargeIntestine,descending colon,Distal progenitor,https://purl.org/ccf/ASCTB-TEMP_distal-progenitor,56,224
VHFLargeIntestine,descending colon,EC cells (NPW+),https://purl.org/ccf/ASCTB-TEMP_ec-cells-npw-,5,15
VHFLargeIntestine,descending colon,EC cells (TAC1+),https://purl.org/ccf/ASCTB-TEMP_ec-cells-tac1-,4.75,19
VHFLargeIntestine,descending colon,EECs,https://purl.org/ccf/ASCTB-TEMP_eecs,116.25,465
VHFLargeIntestine,descending colon,ENCC/glia Progenitor,https://purl.org/ccf/ASCTB-TEMP_encc-glia-progenitor,3.66666666666666666667,11
VHFLargeIntestine,descending colon,Enterocyte,https://purl.org/ccf/ASCTB-TEMP_enterocyte,5.5,22
VHFLargeIntestine,descending colon,FCRL4+ Memory B,https://purl.org/ccf/ASCTB-TEMP_fcrl4-memory-b,3.33333333333333333333,10
VHFLargeIntestine,descending colon,FDC,https://purl.org/ccf/ASCTB-TEMP_fdc,2,6
VHFLargeIntestine,descending colon,Fetal arterial EC,https://purl.org/ccf/ASCTB-TEMP_fetal-arterial-ec,5.25,21
VHFLargeIntestine,descending colon,Fetal venous EC,https://purl.org/ccf/ASCTB-TEMP_fetal-venous-ec,10,40
VHFLargeIntestine,descending colon,GC B cell,https://purl.org/ccf/ASCTB-TEMP_gc-b-cell,1.5,3
VHFLargeIntestine,descending colon,Germ,https://purl.org/ccf/ASCTB-TEMP_germ,22.33333333333333333333,67
VHFLargeIntestine,descending colon,Glia 1 (DHH+),https://purl.org/ccf/ASCTB-TEMP_glia-1-dhh-,3.66666666666666666667,11
VHFLargeIntestine,descending colon,Glia 2 (ELN+),https://purl.org/ccf/ASCTB-TEMP_glia-2-eln-,11,33
VHFLargeIntestine,descending colon,Glia 3 (BCAN+),https://purl.org/ccf/ASCTB-TEMP_glia-3-bcan-,39.5,158
VHFLargeIntestine,descending colon,Goblet cell,https://purl.org/ccf/ASCTB-TEMP_goblet-cell,464.75,1859
VHFLargeIntestine,descending colon,I cells (CCK+),https://purl.org/ccf/ASCTB-TEMP_i-cells-cck-,7.33333333333333333333,22
VHFLargeIntestine,descending colon,ICC,https://purl.org/ccf/ASCTB-TEMP_icc,1.25,5
VHFLargeIntestine,descending colon,ILC2,https://purl.org/ccf/ASCTB-TEMP_ilc2,4,12
VHFLargeIntestine,descending colon,ILC3,https://purl.org/ccf/ASCTB-TEMP_ilc3,2.5,10
VHFLargeIntestine,descending colon,ILCP,https://purl.org/ccf/ASCTB-TEMP_ilcp,10.33333333333333333333,31
VHFLargeIntestine,descending colon,IgA plasma cell,https://purl.org/ccf/ASCTB-TEMP_iga-plasma-cell,8.5,34
VHFLargeIntestine,descending colon,IgG plasma cell,https://purl.org/ccf/ASCTB-TEMP_igg-plasma-cell,7.25,29
VHFLargeIntestine,descending colon,Immature B,https://purl.org/ccf/ASCTB-TEMP_immature-b,2.5,5
VHFLargeIntestine,descending colon,Immature pericyte,https://purl.org/ccf/ASCTB-TEMP_immature-pericyte,3,3
VHFLargeIntestine,descending colon,K cells (GIP+),https://purl.org/ccf/ASCTB-TEMP_k-cells-gip-,12,36
VHFLargeIntestine,descending colon,L cells (PYY+),https://purl.org/ccf/ASCTB-TEMP_l-cells-pyy-,22.75,91
VHFLargeIntestine,descending colon,LEC1 (ACKR4+),https://purl.org/ccf/ASCTB-TEMP_lec1-ackr4-,28.5,114
VHFLargeIntestine,descending colon,LEC2 (MADCAM1+),https://purl.org/ccf/ASCTB-TEMP_lec2-madcam1-,2,6
VHFLargeIntestine,descending colon,LEC3 (ADGRG3+),https://purl.org/ccf/ASCTB-TEMP_lec3-adgrg3-,9.75,39
VHFLargeIntestine,descending colon,LEC4 (STAB2+),https://purl.org/ccf/ASCTB-TEMP_lec4-stab2-,24.33333333333333333333,73
VHFLargeIntestine,descending colon,LEC5 (CLDN11+),https://purl.org/ccf/ASCTB-TEMP_lec5-cldn11-,3,9
VHFLargeIntestine,descending colon,LEC6 (ADAMTS4+),https://purl.org/ccf/ASCTB-TEMP_lec6-adamts4-,20.5,82
VHFLargeIntestine,descending colon,LTi-like NCR+ ILC3,https://purl.org/ccf/ASCTB-TEMP_lti-like-ncr-ilc3,5.5,11
VHFLargeIntestine,descending colon,LTi-like NCR- ILC3,https://purl.org/ccf/ASCTB-TEMP_lti-like-ncr-ilc3,17,17
VHFLargeIntestine,descending colon,LYVE1+ Macrophage,https://purl.org/ccf/ASCTB-TEMP_lyve1-macrophage,43.25,173
VHFLargeIntestine,descending colon,LZ GC cell,https://purl.org/ccf/ASCTB-TEMP_lz-gc-cell,2,4
VHFLargeIntestine,descending colon,Lymphoid DC,https://purl.org/ccf/ASCTB-TEMP_lymphoid-dc,21.33333333333333333333,64
VHFLargeIntestine,descending colon,M/X cells (MLN/GHRL+),https://purl.org/ccf/ASCTB-TEMP_m-x-cells-mln-ghrl-,4.66666666666666666667,14
VHFLargeIntestine,descending colon,MAIT cell,https://purl.org/ccf/ASCTB-TEMP_mait-cell,18,72
VHFLargeIntestine,descending colon,MMP9+ Inflammatory macrophage,https://purl.org/ccf/ASCTB-TEMP_mmp9-inflammatory-macrophage,7,28
VHFLargeIntestine,descending colon,MPO+ mono-neutrophil,https://purl.org/ccf/ASCTB-TEMP_mpo-mono-neutrophil,6.66666666666666666667,20
VHFLargeIntestine,descending colon,Macrophages,https://purl.org/ccf/ASCTB-TEMP_macrophages,20.5,82
VHFLargeIntestine,descending colon,Mast cell,https://purl.org/ccf/ASCTB-TEMP_mast-cell,22.33333333333333333333,67
VHFLargeIntestine,descending colon,Mature arterial EC,https://purl.org/ccf/ASCTB-TEMP_mature-arterial-ec,35,140
VHFLargeIntestine,descending colon,Mature venous EC,https://purl.org/ccf/ASCTB-TEMP_mature-venous-ec,36.25,145
VHFLargeIntestine,descending colon,Megakaryocyte,https://purl.org/ccf/ASCTB-TEMP_megakaryocyte,7.33333333333333333333,22
VHFLargeIntestine,descending colon,Memory B,https://purl.org/ccf/ASCTB-TEMP_memory-b,8.25,33
VHFLargeIntestine,descending colon,Mesoderm 1 (HAND1+),https://purl.org/ccf/ASCTB-TEMP_mesoderm-1-hand1-,276.25,1105
VHFLargeIntestine,descending colon,Mesoderm 2 (ZEB2+),https://purl.org/ccf/ASCTB-TEMP_mesoderm-2-zeb2-,1,2
VHFLargeIntestine,descending colon,Mesothelium,https://purl.org/ccf/ASCTB-TEMP_mesothelium,1,3
VHFLargeIntestine,descending colon,Mesothelium (PRG4+),https://purl.org/ccf/ASCTB-TEMP_mesothelium-prg4-,2.5,5
VHFLargeIntestine,descending colon,Mesothelium (RGS5+),https://purl.org/ccf/ASCTB-TEMP_mesothelium-rgs5-,24.25,97
VHFLargeIntestine,descending colon,Microfold cell,https://purl.org/ccf/ASCTB-TEMP_microfold-cell,198.75,795
VHFLargeIntestine,descending colon,Monocytes,https://purl.org/ccf/ASCTB-TEMP_monocytes,10.25,41
VHFLargeIntestine,descending colon,N cells (NTS+),https://purl.org/ccf/ASCTB-TEMP_n-cells-nts-,2,4
VHFLargeIntestine,descending colon,NK T cell,https://purl.org/ccf/ASCTB-TEMP_nk-t-cell,16,64
VHFLargeIntestine,descending colon,NK cell,https://purl.org/ccf/ASCTB-TEMP_nk-cell,40.66666666666666666667,122
VHFLargeIntestine,descending colon,Naive B,https://purl.org/ccf/ASCTB-TEMP_naive-b,5,20
VHFLargeIntestine,descending colon,Neuroblast,https://purl.org/ccf/ASCTB-TEMP_neuroblast,4,16
VHFLargeIntestine,descending colon,Paneth,https://purl.org/ccf/ASCTB-TEMP_paneth,9.5,38
VHFLargeIntestine,descending colon,Pericyte,https://purl.org/ccf/ASCTB-TEMP_pericyte,13.25,53
VHFLargeIntestine,descending colon,Pre-B,https://purl.org/ccf/ASCTB-TEMP_pre-b,20,80
VHFLargeIntestine,descending colon,Pro-B,https://purl.org/ccf/ASCTB-TEMP_pro-b,6,24
VHFLargeIntestine,descending colon,Progenitor (NEUROG3+),https://purl.org/ccf/ASCTB-TEMP_progenitor-neurog3-,12.25,49
VHFLargeIntestine,descending colon,Proximal progenitor,https://purl.org/ccf/ASCTB-TEMP_proximal-progenitor,74.5,298
VHFLargeIntestine,descending colon,RBC,https://purl.org/ccf/ASCTB-TEMP_rbc,7.66666666666666666667,23
VHFLargeIntestine,descending colon,SELL+ CD4 T,https://purl.org/ccf/ASCTB-TEMP_sell-cd4-t,11,44
VHFLargeIntestine,descending colon,SELL+ CD8 T,https://purl.org/ccf/ASCTB-TEMP_sell-cd8-t,23.25,93
VHFLargeIntestine,descending colon,SMC (PART1/CAPN3+),https://purl.org/ccf/ASCTB-TEMP_smc-part1-capn3-,22,88
VHFLargeIntestine,descending colon,SMC (PLPP2+),https://purl.org/ccf/ASCTB-TEMP_smc-plpp2-,221.75,887
VHFLargeIntestine,descending colon,STAT1+ Naive B,https://purl.org/ccf/ASCTB-TEMP_stat1-naive-b,14.25,57
VHFLargeIntestine,descending colon,Stem cells,https://purl.org/ccf/ASCTB-TEMP_stem-cells,46.5,186
VHFLargeIntestine,descending colon,Stromal 1 (CCL11+),https://purl.org/ccf/ASCTB-TEMP_stromal-1-ccl11-,57,228
VHFLargeIntestine,descending colon,Stromal 2 (CH25H+),https://purl.org/ccf/ASCTB-TEMP_stromal-2-ch25h-,10.25,41
VHFLargeIntestine,descending colon,Stromal 2 (NPY+),https://purl.org/ccf/ASCTB-TEMP_stromal-2-npy-,20.25,81
VHFLargeIntestine,descending colon,Stromal 3 (C7+),https://purl.org/ccf/ASCTB-TEMP_stromal-3-c7-,17.75,71
VHFLargeIntestine,descending colon,Stromal 3 (KCNN3+),https://purl.org/ccf/ASCTB-TEMP_stromal-3-kcnn3-,42.25,169
VHFLargeIntestine,descending colon,Stromal 4 (MMP1+),https://purl.org/ccf/ASCTB-TEMP_stromal-4-mmp1-,3.33333333333333333333,10
VHFLargeIntestine,descending colon,T reticular,https://purl.org/ccf/ASCTB-TEMP_t-reticular,6.66666666666666666667,20
VHFLargeIntestine,descending colon,TA,https://purl.org/ccf/ASCTB-TEMP_ta,261,1044
VHFLargeIntestine,descending colon,TRDV2/TRGV9 gdT,https://purl.org/ccf/ASCTB-TEMP_trdv2-trgv9-gdt,6.66666666666666666667,20
VHFLargeIntestine,descending colon,TRGV2 gdT,https://purl.org/ccf/ASCTB-TEMP_trgv2-gdt,61.75,247
VHFLargeIntestine,descending colon,TRGV4 gdT,https://purl.org/ccf/ASCTB-TEMP_trgv4-gdt,11.75,47
VHFLargeIntestine,descending colon,TRGV5/7 gdT,https://purl.org/ccf/ASCTB-TEMP_trgv5-7-gdt,2,2
VHFLargeIntestine,descending colon,Tfh,https://purl.org/ccf/ASCTB-TEMP_tfh,107.75,431
VHFLargeIntestine,descending colon,Th1,https://purl.org/ccf/ASCTB-TEMP_th1,9,27
VHFLargeIntestine,descending colon,Th17,https://purl.org/ccf/ASCTB-TEMP_th17,8.66666666666666666667,26
VHFLargeIntestine,descending colon,Transitional Stromal 3 (C3+),https://purl.org/ccf/ASCTB-TEMP_transitional-stromal-3-c3-,52.5,210
VHFLargeIntestine,descending colon,Treg,https://purl.org/ccf/ASCTB-TEMP_treg,7,28
VHFLargeIntestine,descending colon,Tuft,https://purl.org/ccf/ASCTB-TEMP_tuft,44,176
VHFLargeIntestine,descending colon,angiogenic pericyte,https://purl.org/ccf/ASCTB-TEMP_angiogenic-pericyte,12.5,50
VHFLargeIntestine,descending colon,arterial capillary,https://purl.org/ccf/ASCTB-TEMP_arterial-capillary,56.75,227
VHFLargeIntestine,descending colon,cDC1,https://purl.org/ccf/ASCTB-TEMP_cdc1,3,9
VHFLargeIntestine,descending colon,cDC2,https://purl.org/ccf/ASCTB-TEMP_cdc2,16,64
VHFLargeIntestine,descending colon,cycling EC,https://purl.org/ccf/ASCTB-TEMP_cycling-ec,23.66666666666666666667,71
VHFLargeIntestine,descending colon,cycling ENCC/glia,https://purl.org/ccf/ASCTB-TEMP_cycling-encc-glia,4.25,17
VHFLargeIntestine,descending colon,cycling neuroblast,https://purl.org/ccf/ASCTB-TEMP_cycling-neuroblast,2,2
VHFLargeIntestine,descending colon,cycling stromal,https://purl.org/ccf/ASCTB-TEMP_cycling-stromal,1,1
VHFLargeIntestine,descending colon,enterocyte of epithelium of large intestine,http://purl.obolibrary.org/obo/CL_0002071,2051.25,8205
VHFLargeIntestine,descending colon,fibroblast,http://purl.obolibrary.org/obo/CL_0000057,312.5,1250
VHFLargeIntestine,descending colon,gut endothelial cell,http://purl.obolibrary.org/obo/CL_0000131,348.25,1393
VHFLargeIntestine,descending colon,intestinal enteroendocrine cell,http://purl.obolibrary.org/obo/CL_1001516,27.25,109
VHFLargeIntestine,descending colon,intestinal tuft cell,http://purl.obolibrary.org/obo/CL_0019032,293.25,1173
VHFLargeIntestine,descending colon,large intestine goblet cell,http://purl.obolibrary.org/obo/CL_1000320,673.5,2694
VHFLargeIntestine,descending colon,mLN Stroma (FMO2+),https://purl.org/ccf/ASCTB-TEMP_mln-stroma-fmo2-,9,36
VHFLargeIntestine,descending colon,mLTo,https://purl.org/ccf/ASCTB-TEMP_mlto,28.66666666666666666667,86
VHFLargeIntestine,descending colon,mast cell,http://purl.obolibrary.org/obo/CL_0000097,2,4
VHFLargeIntestine,descending colon,monocyte,http://purl.obolibrary.org/obo/CL_0000576,26.75,107
VHFLargeIntestine,descending colon,myofibroblast,https://purl.org/ccf/ASCTB-TEMP_myofibroblast,94.5,378
VHFLargeIntestine,descending colon,myofibroblast (RSPO2+),https://purl.org/ccf/ASCTB-TEMP_myofibroblast-rspo2-,38.25,153
VHFLargeIntestine,descending colon,neutrophil,http://purl.obolibrary.org/obo/CL_0000775,30.75,123
VHFLargeIntestine,descending colon,pDC,https://purl.org/ccf/ASCTB-TEMP_pdc,3.33333333333333333333,10
VHFLargeIntestine,descending colon,paneth cell of colon,http://purl.obolibrary.org/obo/CL_0009009,124.5,498
VHFLargeIntestine,descending colon,plasma cell,http://purl.obolibrary.org/obo/CL_0000786,22.5,90
VHFLargeIntestine,descending colon,transit amplifying cell of colon,http://purl.obolibrary.org/obo/CL_0009011,50.75,203
VHFLargeIntestine,descending colon,venous capillary,https://purl.org/ccf/ASCTB-TEMP_venous-capillary,2,6
VHFLargeIntestine,descending colon,β cells (INS+),https://purl.org/ccf/ASCTB-TEMP_-cells-ins-,1,1
VHFLargeIntestine,sigmoid colon,Activated CD4 T,https://purl.org/ccf/ASCTB-TEMP_activated-cd4-t,1,2
VHFLargeIntestine,sigmoid colon,Activated CD8 T,https://purl.org/ccf/ASCTB-TEMP_activated-cd8-t,4,4
VHFLargeIntestine,sigmoid colon,Activated T,https://purl.org/ccf/ASCTB-TEMP_activated-t,149.33333333333333333333,448
VHFLargeIntestine,sigmoid colon,Adult Glia,https://purl.org/ccf/ASCTB-TEMP_adult-glia,67.75,271
VHFLargeIntestine,sigmoid colon,B cell,http://purl.obolibrary.org/obo/CL_0000236,19,57
VHFLargeIntestine,sigmoid colon,BEST2+ Goblet cell,https://purl.org/ccf/ASCTB-TEMP_best2-goblet-cell,62.75,251
VHFLargeIntestine,sigmoid colon,BEST4+ epithelial,https://purl.org/ccf/ASCTB-TEMP_best4-epithelial,50,200
VHFLargeIntestine,sigmoid colon,Branch A1 (iMN),https://purl.org/ccf/ASCTB-TEMP_branch-a1-imn-,6.5,13
VHFLargeIntestine,sigmoid colon,Branch A2 (IPAN/IN),https://purl.org/ccf/ASCTB-TEMP_branch-a2-ipan-in-,16,48
VHFLargeIntestine,sigmoid colon,Branch A3 (IPAN/IN),https://purl.org/ccf/ASCTB-TEMP_branch-a3-ipan-in-,4,8
VHFLargeIntestine,sigmoid colon,Branch A4 (IN),https://purl.org/ccf/ASCTB-TEMP_branch-a4-in-,36,108
VHFLargeIntestine,sigmoid colon,Branch B1 (eMN),https://purl.org/ccf/ASCTB-TEMP_branch-b1-emn-,23.33333333333333333333,70
VHFLargeIntestine,sigmoid colon,Branch B2 (eMN),https://purl.org/ccf/ASCTB-TEMP_branch-b2-emn-,2,6
VHFLargeIntestine,sigmoid colon,Branch B3 (IPAN),https://purl.org/ccf/ASCTB-TEMP_branch-b3-ipan-,3,9
VHFLargeIntestine,sigmoid colon,"CD4-positive, alpha-beta T cell",http://purl.obolibrary.org/obo/CL_0000624,37.75,151
VHFLargeIntestine,sigmoid colon,CD8 Tmem,https://purl.org/ccf/ASCTB-TEMP_cd8-tmem,19.5,39
VHFLargeIntestine,sigmoid colon,"CD8-positive, alpha-beta T cell",http://purl.obolibrary.org/obo/CL_0000625,28.5,114
VHFLargeIntestine,sigmoid colon,CLC+ Mast cell,https://purl.org/ccf/ASCTB-TEMP_clc-mast-cell,8.66666666666666666667,26
VHFLargeIntestine,sigmoid colon,CLDN10+ cells,https://purl.org/ccf/ASCTB-TEMP_cldn10-cells,3.66666666666666666667,11
VHFLargeIntestine,sigmoid colon,CLP,https://purl.org/ccf/ASCTB-TEMP_clp,4.33333333333333333333,13
VHFLargeIntestine,sigmoid colon,CX3CR1+ CD8 Tmem,https://purl.org/ccf/ASCTB-TEMP_cx3cr1-cd8-tmem,2.66666666666666666667,8
VHFLargeIntestine,sigmoid colon,Colonocyte,https://purl.org/ccf/ASCTB-TEMP_colonocyte,223,892
VHFLargeIntestine,sigmoid colon,Contractile pericyte (PLN+),https://purl.org/ccf/ASCTB-TEMP_contractile-pericyte-pln-,37.5,150
VHFLargeIntestine,sigmoid colon,Cycling B cell,https://purl.org/ccf/ASCTB-TEMP_cycling-b-cell,28.25,113
VHFLargeIntestine,sigmoid colon,Cycling plasma cell,https://purl.org/ccf/ASCTB-TEMP_cycling-plasma-cell,795.5,3182
VHFLargeIntestine,sigmoid colon,D cells (SST+),https://purl.org/ccf/ASCTB-TEMP_d-cells-sst-,4,12
VHFLargeIntestine,sigmoid colon,DZ GC cell,https://purl.org/ccf/ASCTB-TEMP_dz-gc-cell,6,18
VHFLargeIntestine,sigmoid colon,Differentiating glia,https://purl.org/ccf/ASCTB-TEMP_differentiating-glia,1.5,3
VHFLargeIntestine,sigmoid colon,Distal progenitor,https://purl.org/ccf/ASCTB-TEMP_distal-progenitor,23.25,93
VHFLargeIntestine,sigmoid colon,EC cells (NPW+),https://purl.org/ccf/ASCTB-TEMP_ec-cells-npw-,4,12
VHFLargeIntestine,sigmoid colon,EC cells (TAC1+),https://purl.org/ccf/ASCTB-TEMP_ec-cells-tac1-,3.25,13
VHFLargeIntestine,sigmoid colon,EECs,https://purl.org/ccf/ASCTB-TEMP_eecs,81.75,327
VHFLargeIntestine,sigmoid colon,ENCC/glia Progenitor,https://purl.org/ccf/ASCTB-TEMP_encc-glia-progenitor,3,6
VHFLargeIntestine,sigmoid colon,Enterocyte,https://purl.org/ccf/ASCTB-TEMP_enterocyte,13.5,27
VHFLargeIntestine,sigmoid colon,FCRL4+ Memory B,https://purl.org/ccf/ASCTB-TEMP_fcrl4-memory-b,2,6
VHFLargeIntestine,sigmoid colon,FDC,https://purl.org/ccf/ASCTB-TEMP_fdc,1,1
VHFLargeIntestine,sigmoid colon,Fetal arterial EC,https://purl.org/ccf/ASCTB-TEMP_fetal-arterial-ec,5.33333333333333333333,16
VHFLargeIntestine,sigmoid colon,Fetal venous EC,https://purl.org/ccf/ASCTB-TEMP_fetal-venous-ec,14.66666666666666666667,44
VHFLargeIntestine,sigmoid colon,GC B cell,https://purl.org/ccf/ASCTB-TEMP_gc-b-cell,2,4
VHFLargeIntestine,sigmoid colon,Germ,https://purl.org/ccf/ASCTB-TEMP_germ,9,27
VHFLargeIntestine,sigmoid colon,Glia 1 (DHH+),https://purl.org/ccf/ASCTB-TEMP_glia-1-dhh-,3,6
VHFLargeIntestine,sigmoid colon,Glia 2 (ELN+),https://purl.org/ccf/ASCTB-TEMP_glia-2-eln-,13,39
VHFLargeIntestine,sigmoid colon,Glia 3 (BCAN+),https://purl.org/ccf/ASCTB-TEMP_glia-3-bcan-,15,60
VHFLargeIntestine,sigmoid colon,Goblet cell,https://purl.org/ccf/ASCTB-TEMP_goblet-cell,352.75,1411
VHFLargeIntestine,sigmoid colon,I cells (CCK+),https://purl.org/ccf/ASCTB-TEMP_i-cells-cck-,7,14
VHFLargeIntestine,sigmoid colon,ICC,https://purl.org/ccf/ASCTB-TEMP_icc,1.5,3
VHFLargeIntestine,sigmoid colon,ILC2,https://purl.org/ccf/ASCTB-TEMP_ilc2,7,7
VHFLargeIntestine,sigmoid colon,ILC3,https://purl.org/ccf/ASCTB-TEMP_ilc3,2.33333333333333333333,7
VHFLargeIntestine,sigmoid colon,ILCP,https://purl.org/ccf/ASCTB-TEMP_ilcp,3.33333333333333333333,10
VHFLargeIntestine,sigmoid colon,IgA plasma cell,https://purl.org/ccf/ASCTB-TEMP_iga-plasma-cell,6.66666666666666666667,20
VHFLargeIntestine,sigmoid colon,IgG plasma cell,https://purl.org/ccf/ASCTB-TEMP_igg-plasma-cell,9.66666666666666666667,29
VHFLargeIntestine,sigmoid colon,Immature B,https://purl.org/ccf/ASCTB-TEMP_immature-b,2,2
VHFLargeIntestine,sigmoid colon,Immature pericyte,https://purl.org/ccf/ASCTB-TEMP_immature-pericyte,3.5,7
VHFLargeIntestine,sigmoid colon,K cells (GIP+),https://purl.org/ccf/ASCTB-TEMP_k-cells-gip-,12.5,25
VHFLargeIntestine,sigmoid colon,L cells (PYY+),https://purl.org/ccf/ASCTB-TEMP_l-cells-pyy-,18,54
VHFLargeIntestine,sigmoid colon,LEC1 (ACKR4+),https://purl.org/ccf/ASCTB-TEMP_lec1-ackr4-,24,72
VHFLargeIntestine,sigmoid colon,LEC2 (MADCAM1+),https://purl.org/ccf/ASCTB-TEMP_lec2-madcam1-,1,1
VHFLargeIntestine,sigmoid colon,LEC3 (ADGRG3+),https://purl.org/ccf/ASCTB-TEMP_lec3-adgrg3-,5.25,21
VHFLargeIntestine,sigmoid colon,LEC4 (STAB2+),https://purl.org/ccf/ASCTB-TEMP_lec4-stab2-,12.33333333333333333333,37
VHFLargeIntestine,sigmoid colon,LEC5 (CLDN11+),https://purl.org/ccf/ASCTB-TEMP_lec5-cldn11-,3,6
VHFLargeIntestine,sigmoid colon,LEC6 (ADAMTS4+),https://purl.org/ccf/ASCTB-TEMP_lec6-adamts4-,17.33333333333333333333,52
VHFLargeIntestine,sigmoid colon,LTi-like NCR- ILC3,https://purl.org/ccf/ASCTB-TEMP_lti-like-ncr-ilc3,8.33333333333333333333,25
VHFLargeIntestine,sigmoid colon,LYVE1+ Macrophage,https://purl.org/ccf/ASCTB-TEMP_lyve1-macrophage,30,90
VHFLargeIntestine,sigmoid colon,LZ GC cell,https://purl.org/ccf/ASCTB-TEMP_lz-gc-cell,6,12
VHFLargeIntestine,sigmoid colon,Lymphoid DC,https://purl.org/ccf/ASCTB-TEMP_lymphoid-dc,14,42
VHFLargeIntestine,sigmoid colon,M/X cells (MLN/GHRL+),https://purl.org/ccf/ASCTB-TEMP_m-x-cells-mln-ghrl-,2.33333333333333333333,7
VHFLargeIntestine,sigmoid colon,MAIT cell,https://purl.org/ccf/ASCTB-TEMP_mait-cell,12.66666666666666666667,38
VHFLargeIntestine,sigmoid colon,MMP9+ Inflammatory macrophage,https://purl.org/ccf/ASCTB-TEMP_mmp9-inflammatory-macrophage,7.25,29
VHFLargeIntestine,sigmoid colon,MPO+ mono-neutrophil,https://purl.org/ccf/ASCTB-TEMP_mpo-mono-neutrophil,4,12
VHFLargeIntestine,sigmoid colon,Macrophages,https://purl.org/ccf/ASCTB-TEMP_macrophages,14.66666666666666666667,44
VHFLargeIntestine,sigmoid colon,Mast cell,https://purl.org/ccf/ASCTB-TEMP_mast-cell,16.33333333333333333333,49
VHFLargeIntestine,sigmoid colon,Mature arterial EC,https://purl.org/ccf/ASCTB-TEMP_mature-arterial-ec,24.5,98
VHFLargeIntestine,sigmoid colon,Mature venous EC,https://purl.org/ccf/ASCTB-TEMP_mature-venous-ec,31.66666666666666666667,95
VHFLargeIntestine,sigmoid colon,Megakaryocyte,https://purl.org/ccf/ASCTB-TEMP_megakaryocyte,3.5,7
VHFLargeIntestine,sigmoid colon,Memory B,https://purl.org/ccf/ASCTB-TEMP_memory-b,8.5,34
VHFLargeIntestine,sigmoid colon,Mesoderm 1 (HAND1+),https://purl.org/ccf/ASCTB-TEMP_mesoderm-1-hand1-,720.5,2882
VHFLargeIntestine,sigmoid colon,Mesothelium,https://purl.org/ccf/ASCTB-TEMP_mesothelium,2,4
VHFLargeIntestine,sigmoid colon,Mesothelium (PRG4+),https://purl.org/ccf/ASCTB-TEMP_mesothelium-prg4-,2,2
VHFLargeIntestine,sigmoid colon,Mesothelium (RGS5+),https://purl.org/ccf/ASCTB-TEMP_mesothelium-rgs5-,18,72
VHFLargeIntestine,sigmoid colon,Microfold cell,https://purl.org/ccf/ASCTB-TEMP_microfold-cell,117,351
VHFLargeIntestine,sigmoid colon,Monocytes,https://purl.org/ccf/ASCTB-TEMP_monocytes,8,16
VHFLargeIntestine,sigmoid colon,N cells (NTS+),https://purl.org/ccf/ASCTB-TEMP_n-cells-nts-,1,1
VHFLargeIntestine,sigmoid colon,NK T cell,https://purl.org/ccf/ASCTB-TEMP_nk-t-cell,13,39
VHFLargeIntestine,sigmoid colon,NK cell,https://purl.org/ccf/ASCTB-TEMP_nk-cell,24,72
VHFLargeIntestine,sigmoid colon,Naive B,https://purl.org/ccf/ASCTB-TEMP_naive-b,4.33333333333333333333,13
VHFLargeIntestine,sigmoid colon,Neuroblast,https://purl.org/ccf/ASCTB-TEMP_neuroblast,2,6
VHFLargeIntestine,sigmoid colon,Paneth,https://purl.org/ccf/ASCTB-TEMP_paneth,7,21
VHFLargeIntestine,sigmoid colon,Pericyte,https://purl.org/ccf/ASCTB-TEMP_pericyte,16.66666666666666666667,50
VHFLargeIntestine,sigmoid colon,Pre-B,https://purl.org/ccf/ASCTB-TEMP_pre-b,12.33333333333333333333,37
VHFLargeIntestine,sigmoid colon,Pro-B,https://purl.org/ccf/ASCTB-TEMP_pro-b,5.33333333333333333333,16
VHFLargeIntestine,sigmoid colon,Progenitor (NEUROG3+),https://purl.org/ccf/ASCTB-TEMP_progenitor-neurog3-,7,21
VHFLargeIntestine,sigmoid colon,Proximal progenitor,https://purl.org/ccf/ASCTB-TEMP_proximal-progenitor,58.25,233
VHFLargeIntestine,sigmoid colon,RBC,https://purl.org/ccf/ASCTB-TEMP_rbc,4.33333333333333333333,13
VHFLargeIntestine,sigmoid colon,SELL+ CD4 T,https://purl.org/ccf/ASCTB-TEMP_sell-cd4-t,5.75,23
VHFLargeIntestine,sigmoid colon,SELL+ CD8 T,https://purl.org/ccf/ASCTB-TEMP_sell-cd8-t,21,84
VHFLargeIntestine,sigmoid colon,SMC (PART1/CAPN3+),https://purl.org/ccf/ASCTB-TEMP_smc-part1-capn3-,22,44
VHFLargeIntestine,sigmoid colon,SMC (PLPP2+),https://purl.org/ccf/ASCTB-TEMP_smc-plpp2-,77.66666666666666666667,233
VHFLargeIntestine,sigmoid colon,STAT1+ Naive B,https://purl.org/ccf/ASCTB-TEMP_stat1-naive-b,12,36
VHFLargeIntestine,sigmoid colon,Stem cells,https://purl.org/ccf/ASCTB-TEMP_stem-cells,33.5,134
VHFLargeIntestine,sigmoid colon,Stromal 1 (CCL11+),https://purl.org/ccf/ASCTB-TEMP_stromal-1-ccl11-,108,216
VHFLargeIntestine,sigmoid colon,Stromal 2 (CH25H+),https://purl.org/ccf/ASCTB-TEMP_stromal-2-ch25h-,12.66666666666666666667,38
VHFLargeIntestine,sigmoid colon,Stromal 2 (NPY+),https://purl.org/ccf/ASCTB-TEMP_stromal-2-npy-,23.33333333333333333333,70
VHFLargeIntestine,sigmoid colon,Stromal 3 (C7+),https://purl.org/ccf/ASCTB-TEMP_stromal-3-c7-,30,60
VHFLargeIntestine,sigmoid colon,Stromal 3 (KCNN3+),https://purl.org/ccf/ASCTB-TEMP_stromal-3-kcnn3-,51.33333333333333333333,154
VHFLargeIntestine,sigmoid colon,Stromal 4 (MMP1+),https://purl.org/ccf/ASCTB-TEMP_stromal-4-mmp1-,1.5,3
VHFLargeIntestine,sigmoid colon,T reticular,https://purl.org/ccf/ASCTB-TEMP_t-reticular,4,12
VHFLargeIntestine,sigmoid colon,TA,https://purl.org/ccf/ASCTB-TEMP_ta,255.75,1023
VHFLargeIntestine,sigmoid colon,TRDV2/TRGV9 gdT,https://purl.org/ccf/ASCTB-TEMP_trdv2-trgv9-gdt,1.66666666666666666667,5
VHFLargeIntestine,sigmoid colon,TRGV2 gdT,https://purl.org/ccf/ASCTB-TEMP_trgv2-gdt,63.33333333333333333333,190
VHFLargeIntestine,sigmoid colon,TRGV4 gdT,https://purl.org/ccf/ASCTB-TEMP_trgv4-gdt,12.5,25
VHFLargeIntestine,sigmoid colon,TRGV5/7 gdT,https://purl.org/ccf/ASCTB-TEMP_trgv5-7-gdt,2,2
VHFLargeIntestine,sigmoid colon,Tfh,https://purl.org/ccf/ASCTB-TEMP_tfh,108,324
VHFLargeIntestine,sigmoid colon,Th1,https://purl.org/ccf/ASCTB-TEMP_th1,5.5,11
VHFLargeIntestine,sigmoid colon,Th17,https://purl.org/ccf/ASCTB-TEMP_th17,5,10
VHFLargeIntestine,sigmoid colon,Transitional Stromal 3 (C3+),https://purl.org/ccf/ASCTB-TEMP_transitional-stromal-3-c3-,50.5,202
VHFLargeIntestine,sigmoid colon,Treg,https://purl.org/ccf/ASCTB-TEMP_treg,3,9
VHFLargeIntestine,sigmoid colon,Tuft,https://purl.org/ccf/ASCTB-TEMP_tuft,22.33333333333333333333,67
VHFLargeIntestine,sigmoid colon,angiogenic pericyte,https://purl.org/ccf/ASCTB-TEMP_angiogenic-pericyte,16.33333333333333333333,49
VHFLargeIntestine,sigmoid colon,arterial capillary,https://purl.org/ccf/ASCTB-TEMP_arterial-capillary,42,126
VHFLargeIntestine,sigmoid colon,cDC1,https://purl.org/ccf/ASCTB-TEMP_cdc1,3,6
VHFLargeIntestine,sigmoid colon,cDC2,https://purl.org/ccf/ASCTB-TEMP_cdc2,17,68
VHFLargeIntestine,sigmoid colon,cycling EC,https://purl.org/ccf/ASCTB-TEMP_cycling-ec,13,39
VHFLargeIntestine,sigmoid colon,cycling ENCC/glia,https://purl.org/ccf/ASCTB-TEMP_cycling-encc-glia,5,15
VHFLargeIntestine,sigmoid colon,cycling neuroblast,https://purl.org/ccf/ASCTB-TEMP_cycling-neuroblast,1,2
VHFLargeIntestine,sigmoid colon,enterocyte of epithelium of large intestine,http://purl.obolibrary.org/obo/CL_0002071,1309,5236
VHFLargeIntestine,sigmoid colon,fibroblast,http://purl.obolibrary.org/obo/CL_0000057,187.5,750
VHFLargeIntestine,sigmoid colon,gut endothelial cell,http://purl.obolibrary.org/obo/CL_0000131,181.75,727
VHFLargeIntestine,sigmoid colon,intestinal enteroendocrine cell,http://purl.obolibrary.org/obo/CL_1001516,24.33333333333333333333,73
VHFLargeIntestine,sigmoid colon,intestinal tuft cell,http://purl.obolibrary.org/obo/CL_0019032,328,1312
VHFLargeIntestine,sigmoid colon,large intestine goblet cell,http://purl.obolibrary.org/obo/CL_1000320,541.5,2166
VHFLargeIntestine,sigmoid colon,mLN Stroma (FMO2+),https://purl.org/ccf/ASCTB-TEMP_mln-stroma-fmo2-,8.66666666666666666667,26
VHFLargeIntestine,sigmoid colon,mLTo,https://purl.org/ccf/ASCTB-TEMP_mlto,21,63
VHFLargeIntestine,sigmoid colon,mast cell,http://purl.obolibrary.org/obo/CL_0000097,3,3
VHFLargeIntestine,sigmoid colon,monocyte,http://purl.obolibrary.org/obo/CL_0000576,32,96
VHFLargeIntestine,sigmoid colon,myofibroblast,https://purl.org/ccf/ASCTB-TEMP_myofibroblast,83.25,333
VHFLargeIntestine,sigmoid colon,myofibroblast (RSPO2+),https://purl.org/ccf/ASCTB-TEMP_myofibroblast-rspo2-,38,114
VHFLargeIntestine,sigmoid colon,neutrophil,http://purl.obolibrary.org/obo/CL_0000775,20,60
VHFLargeIntestine,sigmoid colon,pDC,https://purl.org/ccf/ASCTB-TEMP_pdc,2.33333333333333333333,7
VHFLargeIntestine,sigmoid colon,paneth cell of colon,http://purl.obolibrary.org/obo/CL_0009009,67.66666666666666666667,203
VHFLargeIntestine,sigmoid colon,plasma cell,http://purl.obolibrary.org/obo/CL_0000786,88,88
VHFLargeIntestine,sigmoid colon,transit amplifying cell of colon,http://purl.obolibrary.org/obo/CL_0009011,17.75,71
VHFLargeIntestine,sigmoid colon,venous capillary,https://purl.org/ccf/ASCTB-TEMP_venous-capillary,3,9
VHFLargeIntestine,transverse colon,Activated CD4 T,https://purl.org/ccf/ASCTB-TEMP_activated-cd4-t,2,4
VHFLargeIntestine,transverse colon,Activated CD8 T,https://purl.org/ccf/ASCTB-TEMP_activated-cd8-t,4,8
VHFLargeIntestine,transverse colon,Activated T,https://purl.org/ccf/ASCTB-TEMP_activated-t,127,381
VHFLargeIntestine,transverse colon,Adult Glia,https://purl.org/ccf/ASCTB-TEMP_adult-glia,171.33333333333333333333,514
VHFLargeIntestine,transverse colon,B cell,http://purl.obolibrary.org/obo/CL_0000236,87,261
VHFLargeIntestine,transverse colon,BEST2+ Goblet cell,https://purl.org/ccf/ASCTB-TEMP_best2-goblet-cell,18,54
VHFLargeIntestine,transverse colon,BEST4+ epithelial,https://purl.org/ccf/ASCTB-TEMP_best4-epithelial,23,69
VHFLargeIntestine,transverse colon,Branch A1 (iMN),https://purl.org/ccf/ASCTB-TEMP_branch-a1-imn-,27.33333333333333333333,82
VHFLargeIntestine,transverse colon,Branch A2 (IPAN/IN),https://purl.org/ccf/ASCTB-TEMP_branch-a2-ipan-in-,24.33333333333333333333,73
VHFLargeIntestine,transverse colon,Branch A3 (IPAN/IN),https://purl.org/ccf/ASCTB-TEMP_branch-a3-ipan-in-,5.66666666666666666667,17
VHFLargeIntestine,transverse colon,Branch A4 (IN),https://purl.org/ccf/ASCTB-TEMP_branch-a4-in-,42,126
VHFLargeIntestine,transverse colon,Branch B1 (eMN),https://purl.org/ccf/ASCTB-TEMP_branch-b1-emn-,32,96
VHFLargeIntestine,transverse colon,Branch B2 (eMN),https://purl.org/ccf/ASCTB-TEMP_branch-b2-emn-,4,8
VHFLargeIntestine,transverse colon,Branch B3 (IPAN),https://purl.org/ccf/ASCTB-TEMP_branch-b3-ipan-,6.66666666666666666667,20
VHFLargeIntestine,transverse colon,"CD4-positive, alpha-beta T cell",http://purl.obolibrary.org/obo/CL_0000624,84,252
VHFLargeIntestine,transverse colon,CD8 Tmem,https://purl.org/ccf/ASCTB-TEMP_cd8-tmem,9.66666666666666666667,29
VHFLargeIntestine,transverse colon,"CD8-positive, alpha-beta T cell",http://purl.obolibrary.org/obo/CL_0000625,108,324
VHFLargeIntestine,transverse colon,CLC+ Mast cell,https://purl.org/ccf/ASCTB-TEMP_clc-mast-cell,8.5,17
VHFLargeIntestine,transverse colon,CLDN10+ cells,https://purl.org/ccf/ASCTB-TEMP_cldn10-cells,6.66666666666666666667,20
VHFLargeIntestine,transverse colon,CLP,https://purl.org/ccf/ASCTB-TEMP_clp,6.66666666666666666667,20
VHFLargeIntestine,transverse colon,CX3CR1+ CD8 Tmem,https://purl.org/ccf/ASCTB-TEMP_cx3cr1-cd8-tmem,3,6
VHFLargeIntestine,transverse colon,Colonocyte,https://purl.org/ccf/ASCTB-TEMP_colonocyte,141.33333333333333333333,424
VHFLargeIntestine,transverse colon,Contractile pericyte (PLN+),https://purl.org/ccf/ASCTB-TEMP_contractile-pericyte-pln-,78,234
VHFLargeIntestine,transverse colon,Cycling B cell,https://purl.org/ccf/ASCTB-TEMP_cycling-b-cell,43,129
VHFLargeIntestine,transverse colon,Cycling plasma cell,https://purl.org/ccf/ASCTB-TEMP_cycling-plasma-cell,292.66666666666666666667,878
VHFLargeIntestine,transverse colon,D cells (SST+),https://purl.org/ccf/ASCTB-TEMP_d-cells-sst-,6,12
VHFLargeIntestine,transverse colon,DZ GC cell,https://purl.org/ccf/ASCTB-TEMP_dz-gc-cell,5,5
VHFLargeIntestine,transverse colon,Differentiating glia,https://purl.org/ccf/ASCTB-TEMP_differentiating-glia,3,9
VHFLargeIntestine,transverse colon,Distal progenitor,https://purl.org/ccf/ASCTB-TEMP_distal-progenitor,11,22
VHFLargeIntestine,transverse colon,EC cells (NPW+),https://purl.org/ccf/ASCTB-TEMP_ec-cells-npw-,3.5,7
VHFLargeIntestine,transverse colon,EC cells (TAC1+),https://purl.org/ccf/ASCTB-TEMP_ec-cells-tac1-,1.5,3
VHFLargeIntestine,transverse colon,EECs,https://purl.org/ccf/ASCTB-TEMP_eecs,82,246
VHFLargeIntestine,transverse colon,ENCC/glia Progenitor,https://purl.org/ccf/ASCTB-TEMP_encc-glia-progenitor,3,9
VHFLargeIntestine,transverse colon,Enterocyte,https://purl.org/ccf/ASCTB-TEMP_enterocyte,9.66666666666666666667,29
VHFLargeIntestine,transverse colon,FCRL4+ Memory B,https://purl.org/ccf/ASCTB-TEMP_fcrl4-memory-b,2,4
VHFLargeIntestine,transverse colon,FDC,https://purl.org/ccf/ASCTB-TEMP_fdc,1,2
VHFLargeIntestine,transverse colon,Fetal arterial EC,https://purl.org/ccf/ASCTB-TEMP_fetal-arterial-ec,5.33333333333333333333,16
VHFLargeIntestine,transverse colon,Fetal venous EC,https://purl.org/ccf/ASCTB-TEMP_fetal-venous-ec,18.66666666666666666667,56
VHFLargeIntestine,transverse colon,GC B cell,https://purl.org/ccf/ASCTB-TEMP_gc-b-cell,1.66666666666666666667,5
VHFLargeIntestine,transverse colon,Germ,https://purl.org/ccf/ASCTB-TEMP_germ,12,24
VHFLargeIntestine,transverse colon,Glia 1 (DHH+),https://purl.org/ccf/ASCTB-TEMP_glia-1-dhh-,4,8
VHFLargeIntestine,transverse colon,Glia 2 (ELN+),https://purl.org/ccf/ASCTB-TEMP_glia-2-eln-,14.33333333333333333333,43
VHFLargeIntestine,transverse colon,Glia 3 (BCAN+),https://purl.org/ccf/ASCTB-TEMP_glia-3-bcan-,31.33333333333333333333,94
VHFLargeIntestine,transverse colon,Goblet cell,https://purl.org/ccf/ASCTB-TEMP_goblet-cell,196.66666666666666666667,590
VHFLargeIntestine,transverse colon,I cells (CCK+),https://purl.org/ccf/ASCTB-TEMP_i-cells-cck-,4.33333333333333333333,13
VHFLargeIntestine,transverse colon,ICC,https://purl.org/ccf/ASCTB-TEMP_icc,11.33333333333333333333,34
VHFLargeIntestine,transverse colon,ILC2,https://purl.org/ccf/ASCTB-TEMP_ilc2,7.5,15
VHFLargeIntestine,transverse colon,ILC3,https://purl.org/ccf/ASCTB-TEMP_ilc3,3.66666666666666666667,11
VHFLargeIntestine,transverse colon,ILCP,https://purl.org/ccf/ASCTB-TEMP_ilcp,6,18
VHFLargeIntestine,transverse colon,IgA plasma cell,https://purl.org/ccf/ASCTB-TEMP_iga-plasma-cell,31,31
VHFLargeIntestine,transverse colon,IgG plasma cell,https://purl.org/ccf/ASCTB-TEMP_igg-plasma-cell,19.5,39
VHFLargeIntestine,transverse colon,Immature B,https://purl.org/ccf/ASCTB-TEMP_immature-b,1.5,3
VHFLargeIntestine,transverse colon,Immature pericyte,https://purl.org/ccf/ASCTB-TEMP_immature-pericyte,5.33333333333333333333,16
VHFLargeIntestine,transverse colon,K cells (GIP+),https://purl.org/ccf/ASCTB-TEMP_k-cells-gip-,10,20
VHFLargeIntestine,transverse colon,L cells (PYY+),https://purl.org/ccf/ASCTB-TEMP_l-cells-pyy-,20,40
VHFLargeIntestine,transverse colon,LEC1 (ACKR4+),https://purl.org/ccf/ASCTB-TEMP_lec1-ackr4-,87.33333333333333333333,262
VHFLargeIntestine,transverse colon,LEC2 (MADCAM1+),https://purl.org/ccf/ASCTB-TEMP_lec2-madcam1-,3,6
VHFLargeIntestine,transverse colon,LEC3 (ADGRG3+),https://purl.org/ccf/ASCTB-TEMP_lec3-adgrg3-,7.66666666666666666667,23
VHFLargeIntestine,transverse colon,LEC4 (STAB2+),https://purl.org/ccf/ASCTB-TEMP_lec4-stab2-,15.33333333333333333333,46
VHFLargeIntestine,transverse colon,LEC5 (CLDN11+),https://purl.org/ccf/ASCTB-TEMP_lec5-cldn11-,5.5,11
VHFLargeIntestine,transverse colon,LEC6 (ADAMTS4+),https://purl.org/ccf/ASCTB-TEMP_lec6-adamts4-,27.66666666666666666667,83
VHFLargeIntestine,transverse colon,LTi-like NCR- ILC3,https://purl.org/ccf/ASCTB-TEMP_lti-like-ncr-ilc3,9.5,19
VHFLargeIntestine,transverse colon,LYVE1+ Macrophage,https://purl.org/ccf/ASCTB-TEMP_lyve1-macrophage,90.66666666666666666667,272
VHFLargeIntestine,transverse colon,LZ GC cell,https://purl.org/ccf/ASCTB-TEMP_lz-gc-cell,1,2
VHFLargeIntestine,transverse colon,Lymphoid DC,https://purl.org/ccf/ASCTB-TEMP_lymphoid-dc,15.66666666666666666667,47
VHFLargeIntestine,transverse colon,M/X cells (MLN/GHRL+),https://purl.org/ccf/ASCTB-TEMP_m-x-cells-mln-ghrl-,3,3
VHFLargeIntestine,transverse colon,MAIT cell,https://purl.org/ccf/ASCTB-TEMP_mait-cell,16.33333333333333333333,49
VHFLargeIntestine,transverse colon,MMP9+ Inflammatory macrophage,https://purl.org/ccf/ASCTB-TEMP_mmp9-inflammatory-macrophage,12,24
VHFLargeIntestine,transverse colon,MPO+ mono-neutrophil,https://purl.org/ccf/ASCTB-TEMP_mpo-mono-neutrophil,7.5,15
VHFLargeIntestine,transverse colon,Macrophages,https://purl.org/ccf/ASCTB-TEMP_macrophages,24.66666666666666666667,74
VHFLargeIntestine,transverse colon,Mast cell,https://purl.org/ccf/ASCTB-TEMP_mast-cell,13.66666666666666666667,41
VHFLargeIntestine,transverse colon,Mature arterial EC,https://purl.org/ccf/ASCTB-TEMP_mature-arterial-ec,26.33333333333333333333,79
VHFLargeIntestine,transverse colon,Mature venous EC,https://purl.org/ccf/ASCTB-TEMP_mature-venous-ec,37,111
VHFLargeIntestine,transverse colon,Megakaryocyte,https://purl.org/ccf/ASCTB-TEMP_megakaryocyte,2.33333333333333333333,7
VHFLargeIntestine,transverse colon,Memory B,https://purl.org/ccf/ASCTB-TEMP_memory-b,12,24
VHFLargeIntestine,transverse colon,Mesoderm 1 (HAND1+),https://purl.org/ccf/ASCTB-TEMP_mesoderm-1-hand1-,195.33333333333333333333,586
VHFLargeIntestine,transverse colon,Mesoderm 2 (ZEB2+),https://purl.org/ccf/ASCTB-TEMP_mesoderm-2-zeb2-,8,8
VHFLargeIntestine,transverse colon,Mesothelium,https://purl.org/ccf/ASCTB-TEMP_mesothelium,2,4
VHFLargeIntestine,transverse colon,Mesothelium (PRG4+),https://purl.org/ccf/ASCTB-TEMP_mesothelium-prg4-,2,6
VHFLargeIntestine,transverse colon,Mesothelium (RGS5+),https://purl.org/ccf/ASCTB-TEMP_mesothelium-rgs5-,23.33333333333333333333,70
VHFLargeIntestine,transverse colon,Microfold cell,https://purl.org/ccf/ASCTB-TEMP_microfold-cell,78.33333333333333333333,235
VHFLargeIntestine,transverse colon,Monocytes,https://purl.org/ccf/ASCTB-TEMP_monocytes,9.66666666666666666667,29
VHFLargeIntestine,transverse colon,N cells (NTS+),https://purl.org/ccf/ASCTB-TEMP_n-cells-nts-,1,1
VHFLargeIntestine,transverse colon,NK T cell,https://purl.org/ccf/ASCTB-TEMP_nk-t-cell,12,36
VHFLargeIntestine,transverse colon,NK cell,https://purl.org/ccf/ASCTB-TEMP_nk-cell,37.33333333333333333333,112
VHFLargeIntestine,transverse colon,Naive B,https://purl.org/ccf/ASCTB-TEMP_naive-b,9.66666666666666666667,29
VHFLargeIntestine,transverse colon,Neuroblast,https://purl.org/ccf/ASCTB-TEMP_neuroblast,5.66666666666666666667,17
VHFLargeIntestine,transverse colon,Paneth,https://purl.org/ccf/ASCTB-TEMP_paneth,8.66666666666666666667,26
VHFLargeIntestine,transverse colon,Pericyte,https://purl.org/ccf/ASCTB-TEMP_pericyte,18.66666666666666666667,56
VHFLargeIntestine,transverse colon,Pre-B,https://purl.org/ccf/ASCTB-TEMP_pre-b,11.66666666666666666667,35
VHFLargeIntestine,transverse colon,Pro-B,https://purl.org/ccf/ASCTB-TEMP_pro-b,4.66666666666666666667,14
VHFLargeIntestine,transverse colon,Progenitor (NEUROG3+),https://purl.org/ccf/ASCTB-TEMP_progenitor-neurog3-,8,24
VHFLargeIntestine,transverse colon,Proximal progenitor,https://purl.org/ccf/ASCTB-TEMP_proximal-progenitor,49.33333333333333333333,148
VHFLargeIntestine,transverse colon,RBC,https://purl.org/ccf/ASCTB-TEMP_rbc,5.33333333333333333333,16
VHFLargeIntestine,transverse colon,SELL+ CD4 T,https://purl.org/ccf/ASCTB-TEMP_sell-cd4-t,37.33333333333333333333,112
VHFLargeIntestine,transverse colon,SELL+ CD8 T,https://purl.org/ccf/ASCTB-TEMP_sell-cd8-t,23,69
VHFLargeIntestine,transverse colon,SMC (PART1/CAPN3+),https://purl.org/ccf/ASCTB-TEMP_smc-part1-capn3-,79.33333333333333333333,238
VHFLargeIntestine,transverse colon,SMC (PLPP2+),https://purl.org/ccf/ASCTB-TEMP_smc-plpp2-,871.33333333333333333333,2614
VHFLargeIntestine,transverse colon,STAT1+ Naive B,https://purl.org/ccf/ASCTB-TEMP_stat1-naive-b,6.66666666666666666667,20
VHFLargeIntestine,transverse colon,Stem cells,https://purl.org/ccf/ASCTB-TEMP_stem-cells,57.33333333333333333333,172
VHFLargeIntestine,transverse colon,Stromal 1 (CCL11+),https://purl.org/ccf/ASCTB-TEMP_stromal-1-ccl11-,37,111
VHFLargeIntestine,transverse colon,Stromal 2 (CH25H+),https://purl.org/ccf/ASCTB-TEMP_stromal-2-ch25h-,5.33333333333333333333,16
VHFLargeIntestine,transverse colon,Stromal 2 (NPY+),https://purl.org/ccf/ASCTB-TEMP_stromal-2-npy-,10.33333333333333333333,31
VHFLargeIntestine,transverse colon,Stromal 3 (C7+),https://purl.org/ccf/ASCTB-TEMP_stromal-3-c7-,142,426
VHFLargeIntestine,transverse colon,Stromal 3 (KCNN3+),https://purl.org/ccf/ASCTB-TEMP_stromal-3-kcnn3-,103.33333333333333333333,310
VHFLargeIntestine,transverse colon,Stromal 4 (MMP1+),https://purl.org/ccf/ASCTB-TEMP_stromal-4-mmp1-,5.5,11
VHFLargeIntestine,transverse colon,T reticular,https://purl.org/ccf/ASCTB-TEMP_t-reticular,19.33333333333333333333,58
VHFLargeIntestine,transverse colon,TA,https://purl.org/ccf/ASCTB-TEMP_ta,70.33333333333333333333,211
VHFLargeIntestine,transverse colon,TRDV2/TRGV9 gdT,https://purl.org/ccf/ASCTB-TEMP_trdv2-trgv9-gdt,6,12
VHFLargeIntestine,transverse colon,TRGV2 gdT,https://purl.org/ccf/ASCTB-TEMP_trgv2-gdt,42.66666666666666666667,128
VHFLargeIntestine,transverse colon,TRGV4 gdT,https://purl.org/ccf/ASCTB-TEMP_trgv4-gdt,11.5,23
VHFLargeIntestine,transverse colon,TRGV5/7 gdT,https://purl.org/ccf/ASCTB-TEMP_trgv5-7-gdt,1,1
VHFLargeIntestine,transverse colon,Tfh,https://purl.org/ccf/ASCTB-TEMP_tfh,86,258
VHFLargeIntestine,transverse colon,Th1,https://purl.org/ccf/ASCTB-TEMP_th1,3,9
VHFLargeIntestine,transverse colon,Th17,https://purl.org/ccf/ASCTB-TEMP_th17,3.66666666666666666667,11
VHFLargeIntestine,transverse colon,Transitional Stromal 3 (C3+),https://purl.org/ccf/ASCTB-TEMP_transitional-stromal-3-c3-,135.66666666666666666667,407
VHFLargeIntestine,transverse colon,Treg,https://purl.org/ccf/ASCTB-TEMP_treg,10,20
VHFLargeIntestine,transverse colon,Tuft,https://purl.org/ccf/ASCTB-TEMP_tuft,21.66666666666666666667,65
VHFLargeIntestine,transverse colon,angiogenic pericyte,https://purl.org/ccf/ASCTB-TEMP_angiogenic-pericyte,8,24
VHFLargeIntestine,transverse colon,arterial capillary,https://purl.org/ccf/ASCTB-TEMP_arterial-capillary,105,315
VHFLargeIntestine,transverse colon,cDC1,https://purl.org/ccf/ASCTB-TEMP_cdc1,6,18
VHFLargeIntestine,transverse colon,cDC2,https://purl.org/ccf/ASCTB-TEMP_cdc2,32.66666666666666666667,98
VHFLargeIntestine,transverse colon,cycling EC,https://purl.org/ccf/ASCTB-TEMP_cycling-ec,20,60
VHFLargeIntestine,transverse colon,cycling ENCC/glia,https://purl.org/ccf/ASCTB-TEMP_cycling-encc-glia,3.33333333333333333333,10
VHFLargeIntestine,transverse colon,cycling neuroblast,https://purl.org/ccf/ASCTB-TEMP_cycling-neuroblast,2,6
VHFLargeIntestine,transverse colon,cycling stromal,https://purl.org/ccf/ASCTB-TEMP_cycling-stromal,1,1
VHFLargeIntestine,transverse colon,enterocyte of epithelium of large intestine,http://purl.obolibrary.org/obo/CL_0002071,716.66666666666666666667,2150
VHFLargeIntestine,transverse colon,fibroblast,http://purl.obolibrary.org/obo/CL_0000057,1497.66666666666666666667,4493
VHFLargeIntestine,transverse colon,gut endothelial cell,http://purl.obolibrary.org/obo/CL_0000131,913.66666666666666666667,2741
VHFLargeIntestine,transverse colon,intestinal enteroendocrine cell,http://purl.obolibrary.org/obo/CL_1001516,26.66666666666666666667,80
VHFLargeIntestine,transverse colon,intestinal tuft cell,http://purl.obolibrary.org/obo/CL_0019032,344.33333333333333333333,1033
VHFLargeIntestine,transverse colon,large intestine goblet cell,http://purl.obolibrary.org/obo/CL_1000320,224.33333333333333333333,673
VHFLargeIntestine,transverse colon,mLN Stroma (FMO2+),https://purl.org/ccf/ASCTB-TEMP_mln-stroma-fmo2-,23.66666666666666666667,71
VHFLargeIntestine,transverse colon,mLTo,https://purl.org/ccf/ASCTB-TEMP_mlto,26.33333333333333333333,79
VHFLargeIntestine,transverse colon,mast cell,http://purl.obolibrary.org/obo/CL_0000097,4.5,9
VHFLargeIntestine,transverse colon,monocyte,http://purl.obolibrary.org/obo/CL_0000576,112.33333333333333333333,337
VHFLargeIntestine,transverse colon,myofibroblast,https://purl.org/ccf/ASCTB-TEMP_myofibroblast,222.33333333333333333333,667
VHFLargeIntestine,transverse colon,myofibroblast (RSPO2+),https://purl.org/ccf/ASCTB-TEMP_myofibroblast-rspo2-,135.33333333333333333333,406
VHFLargeIntestine,transverse colon,neutrophil,http://purl.obolibrary.org/obo/CL_0000775,52.33333333333333333333,157
VHFLargeIntestine,transverse colon,pDC,https://purl.org/ccf/ASCTB-TEMP_pdc,2,2
VHFLargeIntestine,transverse colon,paneth cell of colon,http://purl.obolibrary.org/obo/CL_0009009,39.33333333333333333333,118
VHFLargeIntestine,transverse colon,plasma cell,http://purl.obolibrary.org/obo/CL_0000786,40,120
VHFLargeIntestine,transverse colon,transit amplifying cell of colon,http://purl.obolibrary.org/obo/CL_0009011,80,80
VHFLargeIntestine,transverse colon,venous capillary,https://purl.org/ccf/ASCTB-TEMP_venous-capillary,2,2
VHFLargeIntestine,transverse colon,β cells (INS+),https://purl.org/ccf/ASCTB-TEMP_-cells-ins-,2,2
VHFLeftKidney,hilum of kidney,Afferent / Efferent Arteriole Endothelial,http://purl.obolibrary.org/obo/CL_1000412,164.5,329
VHFLeftKidney,hilum of kidney,Ascending Thin Limb,http://purl.obolibrary.org/obo/CL_1001107,7315,14630
VHFLeftKidney,hilum of kidney,Ascending Vasa Recta Endothelial,http://purl.obolibrary.org/obo/CL_1001131,347.5,695
VHFLeftKidney,hilum of kidney,B,http://purl.obolibrary.org/obo/CL_0000236,1160.5,2321
VHFLeftKidney,hilum of kidney,Classical Dendritic,http://purl.obolibrary.org/obo/CL_0000990,979,1958
VHFLeftKidney,hilum of kidney,Connecting Tubule,http://purl.obolibrary.org/obo/CL_1000768,7884.5,15769
VHFLeftKidney,hilum of kidney,Connecting Tubule Principal,http://purl.obolibrary.org/obo/CL_4030018,312,624
VHFLeftKidney,hilum of kidney,Cortical Collecting Duct Intercalated Type A,http://purl.obolibrary.org/obo/CL_1000715,1623.5,3247
VHFLeftKidney,hilum of kidney,Cortical Collecting Duct Principal,http://purl.obolibrary.org/obo/CL_1000714,1232.5,2465
VHFLeftKidney,hilum of kidney,Cortical Thick Ascending Limb,http://purl.obolibrary.org/obo/CL_1001109,1045.5,2091
VHFLeftKidney,hilum of kidney,Cortical Vascular Smooth Muscle / Pericyte,http://purl.obolibrary.org/obo/CL_1001318,675,1350
VHFLeftKidney,hilum of kidney,Descending Thin Limb Type 1,http://purl.obolibrary.org/obo/CL_4030012,26264,52528
VHFLeftKidney,hilum of kidney,Descending Thin Limb Type 2,http://purl.obolibrary.org/obo/CL_4030013,5090.5,10181
VHFLeftKidney,hilum of kidney,Descending Thin Limb Type 3,http://purl.obolibrary.org/obo/CL_4030014,1029.5,2059
VHFLeftKidney,hilum of kidney,"Descending Vasa Recta Endothelial ",https://purl.org/ccf/ASCTB-TEMP_descending-vasa-recta-endothelial,552,1104
VHFLeftKidney,hilum of kidney,Distal Convoluted Tubule Type 1,http://purl.obolibrary.org/obo/CL_4030016,5359.5,10719
VHFLeftKidney,hilum of kidney,Fibroblast,http://purl.obolibrary.org/obo/CL_1000692,1328.5,2657
VHFLeftKidney,hilum of kidney,Glomerular Capillary Endothelial,http://purl.obolibrary.org/obo/CL_1001005,18,36
VHFLeftKidney,hilum of kidney,Inner Medullary Collecting Duct,http://purl.obolibrary.org/obo/CL_1000718,10508,21016
VHFLeftKidney,hilum of kidney,Intercalated Type B,http://purl.obolibrary.org/obo/CL_0002201,798.5,1597
VHFLeftKidney,hilum of kidney,Lymphatic Endothelial,http://purl.obolibrary.org/obo/CL_0002138,226.5,453
VHFLeftKidney,hilum of kidney,M2 Macrophage,http://purl.obolibrary.org/obo/CL_0000890,181.5,363
VHFLeftKidney,hilum of kidney,Macula Densa,http://purl.obolibrary.org/obo/CL_1000850,522,1044
VHFLeftKidney,hilum of kidney,Mast,http://purl.obolibrary.org/obo/CL_0000097,146,292
VHFLeftKidney,hilum of kidney,Medullary Fibroblast,http://purl.obolibrary.org/obo/CL_4030022,794,1588
VHFLeftKidney,hilum of kidney,Medullary Thick Ascending Limb,http://purl.obolibrary.org/obo/CL_1001108,5507,11014
VHFLeftKidney,hilum of kidney,Mesangial,http://purl.obolibrary.org/obo/CL_0000650,1761.5,3523
VHFLeftKidney,hilum of kidney,Monocyte-derived,http://purl.obolibrary.org/obo/CL_0011031,32,64
VHFLeftKidney,hilum of kidney,Natural Killer T,http://purl.obolibrary.org/obo/CL_0000814,3,6
VHFLeftKidney,hilum of kidney,Non-classical monocyte,http://purl.obolibrary.org/obo/CL_0000875,3,6
VHFLeftKidney,hilum of kidney,Outer Medullary Collecting Duct Intercalated Type A,http://purl.obolibrary.org/obo/CL_1000717,125.5,251
VHFLeftKidney,hilum of kidney,Outer Medullary Collecting Duct Principal,http://purl.obolibrary.org/obo/CL_1000716,889,1778
VHFLeftKidney,hilum of kidney,Papillary Tip Epithelial,http://purl.obolibrary.org/obo/CL_1000597,1,2
VHFLeftKidney,hilum of kidney,Parietal Epithelial,http://purl.obolibrary.org/obo/CL_1000452,2005.5,4011
VHFLeftKidney,hilum of kidney,"Peritubular Capilary Endothelial ",https://purl.org/ccf/ASCTB-TEMP_peritubular-capilary-endothelial,178,356
VHFLeftKidney,hilum of kidney,Plasma,http://purl.obolibrary.org/obo/CL_0000786,6,12
VHFLeftKidney,hilum of kidney,Plasmacytoid Dendritic,http://purl.obolibrary.org/obo/CL_0001058,2.5,5
VHFLeftKidney,hilum of kidney,Podocyte,http://purl.obolibrary.org/obo/CL_0000653,341,682
VHFLeftKidney,hilum of kidney,Proximal Tubule Epithelial Segment 1,http://purl.obolibrary.org/obo/CL_4030009,11427,22854
VHFLeftKidney,hilum of kidney,Proximal Tubule Epithelial Segment 2,http://purl.obolibrary.org/obo/CL_4030010,52,52
VHFLeftKidney,hilum of kidney,Proximal Tubule Epithelial Segment 3,http://purl.obolibrary.org/obo/CL_4030011,580,1160
VHFLeftKidney,hilum of kidney,Renin-positive Juxtaglomerular Granular,http://purl.obolibrary.org/obo/CL_0000648,2.5,5
VHFLeftKidney,hilum of kidney,Schwann / Neural,http://purl.obolibrary.org/obo/CL_0002573,1,2
VHFLeftKidney,hilum of kidney,T,http://purl.obolibrary.org/obo/CL_0000084,1457.5,2915
VHFLeftKidney,kidney capsule,Afferent / Efferent Arteriole Endothelial,http://purl.obolibrary.org/obo/CL_1000412,12.33333333333333333333,37
VHFLeftKidney,kidney capsule,Ascending Thin Limb,http://purl.obolibrary.org/obo/CL_1001107,6409,12818
VHFLeftKidney,kidney capsule,Ascending Vasa Recta Endothelial,http://purl.obolibrary.org/obo/CL_1001131,414.33333333333333333333,1243
VHFLeftKidney,kidney capsule,B,http://purl.obolibrary.org/obo/CL_0000236,546.5,1093
VHFLeftKidney,kidney capsule,Classical Dendritic,http://purl.obolibrary.org/obo/CL_0000990,1.66666666666666666667,5
VHFLeftKidney,kidney capsule,Connecting Tubule,http://purl.obolibrary.org/obo/CL_1000768,4824.66666666666666666667,14474
VHFLeftKidney,kidney capsule,Connecting Tubule Intercalated Type A,http://purl.obolibrary.org/obo/CL_4030020,6.5,13
VHFLeftKidney,kidney capsule,Connecting Tubule Principal,http://purl.obolibrary.org/obo/CL_4030018,394.66666666666666666667,1184
VHFLeftKidney,kidney capsule,Cortical Collecting Duct Intercalated Type A,http://purl.obolibrary.org/obo/CL_1000715,574.33333333333333333333,1723
VHFLeftKidney,kidney capsule,Cortical Collecting Duct Principal,http://purl.obolibrary.org/obo/CL_1000714,1930,5790
VHFLeftKidney,kidney capsule,Cortical Thick Ascending Limb,http://purl.obolibrary.org/obo/CL_1001109,4359,13077
VHFLeftKidney,kidney capsule,Cortical Vascular Smooth Muscle / Pericyte,http://purl.obolibrary.org/obo/CL_1001318,118,118
VHFLeftKidney,kidney capsule,Descending Thin Limb Type 1,http://purl.obolibrary.org/obo/CL_4030012,2060,6180
VHFLeftKidney,kidney capsule,Descending Thin Limb Type 2,http://purl.obolibrary.org/obo/CL_4030013,3112.66666666666666666667,9338
VHFLeftKidney,kidney capsule,Descending Thin Limb Type 3,http://purl.obolibrary.org/obo/CL_4030014,1909,3818
VHFLeftKidney,kidney capsule,"Descending Vasa Recta Endothelial ",https://purl.org/ccf/ASCTB-TEMP_descending-vasa-recta-endothelial,369.66666666666666666667,1109
VHFLeftKidney,kidney capsule,Distal Convoluted Tubule Type 1,http://purl.obolibrary.org/obo/CL_4030016,9240.33333333333333333333,27721
VHFLeftKidney,kidney capsule,Distal Convoluted Tubule Type 2,http://purl.obolibrary.org/obo/CL_4030017,29,87
VHFLeftKidney,kidney capsule,Fibroblast,http://purl.obolibrary.org/obo/CL_1000692,1489.66666666666666666667,4469
VHFLeftKidney,kidney capsule,Glomerular Capillary Endothelial,http://purl.obolibrary.org/obo/CL_1001005,133,399
VHFLeftKidney,kidney capsule,Inner Medullary Collecting Duct,http://purl.obolibrary.org/obo/CL_1000718,21958.5,43917
VHFLeftKidney,kidney capsule,Intercalated Type B,http://purl.obolibrary.org/obo/CL_0002201,149.33333333333333333333,448
VHFLeftKidney,kidney capsule,Lymphatic Endothelial,http://purl.obolibrary.org/obo/CL_0002138,40.66666666666666666667,122
VHFLeftKidney,kidney capsule,M2 Macrophage,http://purl.obolibrary.org/obo/CL_0000890,209.66666666666666666667,629
VHFLeftKidney,kidney capsule,Macula Densa,http://purl.obolibrary.org/obo/CL_1000850,1428.66666666666666666667,4286
VHFLeftKidney,kidney capsule,Mast,http://purl.obolibrary.org/obo/CL_0000097,21.33333333333333333333,64
VHFLeftKidney,kidney capsule,Medullary Fibroblast,http://purl.obolibrary.org/obo/CL_4030022,1714.33333333333333333333,5143
VHFLeftKidney,kidney capsule,Medullary Thick Ascending Limb,http://purl.obolibrary.org/obo/CL_1001108,5050.33333333333333333333,15151
VHFLeftKidney,kidney capsule,Mesangial,http://purl.obolibrary.org/obo/CL_0000650,100.66666666666666666667,302
VHFLeftKidney,kidney capsule,Monocyte-derived,http://purl.obolibrary.org/obo/CL_0011031,9.33333333333333333333,28
VHFLeftKidney,kidney capsule,Natural Killer T,http://purl.obolibrary.org/obo/CL_0000814,3,6
VHFLeftKidney,kidney capsule,Non-classical monocyte,http://purl.obolibrary.org/obo/CL_0000875,2,2
VHFLeftKidney,kidney capsule,Outer Medullary Collecting Duct Intercalated Type A,http://purl.obolibrary.org/obo/CL_1000717,338.5,677
VHFLeftKidney,kidney capsule,Outer Medullary Collecting Duct Principal,http://purl.obolibrary.org/obo/CL_1000716,640.33333333333333333333,1921
VHFLeftKidney,kidney capsule,Parietal Epithelial,http://purl.obolibrary.org/obo/CL_1000452,206.66666666666666666667,620
VHFLeftKidney,kidney capsule,"Peritubular Capilary Endothelial ",https://purl.org/ccf/ASCTB-TEMP_peritubular-capilary-endothelial,938,2814
VHFLeftKidney,kidney capsule,Plasma,http://purl.obolibrary.org/obo/CL_0000786,139.66666666666666666667,419
VHFLeftKidney,kidney capsule,Plasmacytoid Dendritic,http://purl.obolibrary.org/obo/CL_0001058,7.5,15
VHFLeftKidney,kidney capsule,Podocyte,http://purl.obolibrary.org/obo/CL_0000653,346.66666666666666666667,1040
VHFLeftKidney,kidney capsule,Proximal Tubule Epithelial Segment 1,http://purl.obolibrary.org/obo/CL_4030009,3618.33333333333333333333,10855
VHFLeftKidney,kidney capsule,Proximal Tubule Epithelial Segment 2,http://purl.obolibrary.org/obo/CL_4030010,920.33333333333333333333,2761
VHFLeftKidney,kidney capsule,Proximal Tubule Epithelial Segment 3,http://purl.obolibrary.org/obo/CL_4030011,3623,10869
VHFLeftKidney,kidney capsule,Renin-positive Juxtaglomerular Granular,http://purl.obolibrary.org/obo/CL_0000648,11.66666666666666666667,35
VHFLeftKidney,kidney capsule,Schwann / Neural,http://purl.obolibrary.org/obo/CL_0002573,77.33333333333333333333,232
VHFLeftKidney,kidney capsule,T,http://purl.obolibrary.org/obo/CL_0000084,175.33333333333333333333,526
VHFLeftKidney,kidney capsule,Vascular Smooth Muscle / Pericyte,http://purl.obolibrary.org/obo/CL_1001318,602,1204
VHFLeftKidney,outer cortex of kidney,Afferent / Efferent Arteriole Endothelial,http://purl.obolibrary.org/obo/CL_1000412,58.69230769230769230769,1526
VHFLeftKidney,outer cortex of kidney,Ascending Thin Limb,http://purl.obolibrary.org/obo/CL_1001107,1366.41666666666666666667,32794
VHFLeftKidney,outer cortex of kidney,Ascending Vasa Recta Endothelial,http://purl.obolibrary.org/obo/CL_1001131,217.94736842105263157895,4141
VHFLeftKidney,outer cortex of kidney,B,http://purl.obolibrary.org/obo/CL_0000236,241.15384615384615384615,3135
VHFLeftKidney,outer cortex of kidney,Classical Dendritic,http://purl.obolibrary.org/obo/CL_0000990,2.9,29
VHFLeftKidney,outer cortex of kidney,Connecting Tubule,http://purl.obolibrary.org/obo/CL_1000768,2214.76923076923076923077,57584
VHFLeftKidney,outer cortex of kidney,Connecting Tubule Intercalated Type A,http://purl.obolibrary.org/obo/CL_4030020,9.55555555555555555556,172
VHFLeftKidney,outer cortex of kidney,Connecting Tubule Principal,http://purl.obolibrary.org/obo/CL_4030018,163.15384615384615384615,4242
VHFLeftKidney,outer cortex of kidney,Cortical Collecting Duct Intercalated Type A,http://purl.obolibrary.org/obo/CL_1000715,397.53846153846153846154,10336
VHFLeftKidney,outer cortex of kidney,Cortical Collecting Duct Principal,http://purl.obolibrary.org/obo/CL_1000714,820.46153846153846153846,21332
VHFLeftKidney,outer cortex of kidney,Cortical Thick Ascending Limb,http://purl.obolibrary.org/obo/CL_1001109,2833.38461538461538461538,73668
VHFLeftKidney,outer cortex of kidney,Cortical Vascular Smooth Muscle / Pericyte,http://purl.obolibrary.org/obo/CL_1001318,88.8,888
VHFLeftKidney,outer cortex of kidney,Descending Thin Limb Type 1,http://purl.obolibrary.org/obo/CL_4030012,3838.45833333333333333333,92123
VHFLeftKidney,outer cortex of kidney,Descending Thin Limb Type 2,http://purl.obolibrary.org/obo/CL_4030013,1030.26923076923076923077,26787
VHFLeftKidney,outer cortex of kidney,Descending Thin Limb Type 3,http://purl.obolibrary.org/obo/CL_4030014,425.56,10639
VHFLeftKidney,outer cortex of kidney,"Descending Vasa Recta Endothelial ",https://purl.org/ccf/ASCTB-TEMP_descending-vasa-recta-endothelial,231.46153846153846153846,6018
VHFLeftKidney,outer cortex of kidney,Distal Convoluted Tubule Type 1,http://purl.obolibrary.org/obo/CL_4030016,3121.26923076923076923077,81153
VHFLeftKidney,outer cortex of kidney,Distal Convoluted Tubule Type 2,http://purl.obolibrary.org/obo/CL_4030017,13.14285714285714285714,276
VHFLeftKidney,outer cortex of kidney,Fibroblast,http://purl.obolibrary.org/obo/CL_1000692,438.57692307692307692308,11403
VHFLeftKidney,outer cortex of kidney,Glomerular Capillary Endothelial,http://purl.obolibrary.org/obo/CL_1001005,53.68,1342
VHFLeftKidney,outer cortex of kidney,Inner Medullary Collecting Duct,http://purl.obolibrary.org/obo/CL_1000718,4684.88,117122
VHFLeftKidney,outer cortex of kidney,Intercalated Type B,http://purl.obolibrary.org/obo/CL_0002201,113.07692307692307692308,2940
VHFLeftKidney,outer cortex of kidney,Lymphatic Endothelial,http://purl.obolibrary.org/obo/CL_0002138,11.6,290
VHFLeftKidney,outer cortex of kidney,M2 Macrophage,http://purl.obolibrary.org/obo/CL_0000890,51.42307692307692307692,1337
VHFLeftKidney,outer cortex of kidney,Macula Densa,http://purl.obolibrary.org/obo/CL_1000850,542.26923076923076923077,14099
VHFLeftKidney,outer cortex of kidney,Mast,http://purl.obolibrary.org/obo/CL_0000097,21.92857142857142857143,307
VHFLeftKidney,outer cortex of kidney,Medullary Fibroblast,http://purl.obolibrary.org/obo/CL_4030022,550,12650
VHFLeftKidney,outer cortex of kidney,Medullary Thick Ascending Limb,http://purl.obolibrary.org/obo/CL_1001108,2394.66666666666666666667,57472
VHFLeftKidney,outer cortex of kidney,Mesangial,http://purl.obolibrary.org/obo/CL_0000650,71.04,1776
VHFLeftKidney,outer cortex of kidney,Monocyte-derived,http://purl.obolibrary.org/obo/CL_0011031,14.92,373
VHFLeftKidney,outer cortex of kidney,Natural Killer T,http://purl.obolibrary.org/obo/CL_0000814,4.16666666666666666667,50
VHFLeftKidney,outer cortex of kidney,Non-classical monocyte,http://purl.obolibrary.org/obo/CL_0000875,3.57142857142857142857,50
VHFLeftKidney,outer cortex of kidney,Outer Medullary Collecting Duct Intercalated Type A,http://purl.obolibrary.org/obo/CL_1000717,158.23809523809523809524,3323
VHFLeftKidney,outer cortex of kidney,Outer Medullary Collecting Duct Principal,http://purl.obolibrary.org/obo/CL_1000716,277.28,6932
VHFLeftKidney,outer cortex of kidney,Papillary Tip Epithelial,http://purl.obolibrary.org/obo/CL_1000597,1,6
VHFLeftKidney,outer cortex of kidney,Parietal Epithelial,http://purl.obolibrary.org/obo/CL_1000452,556.84615384615384615385,14478
VHFLeftKidney,outer cortex of kidney,"Peritubular Capilary Endothelial ",https://purl.org/ccf/ASCTB-TEMP_peritubular-capilary-endothelial,239.46153846153846153846,6226
VHFLeftKidney,outer cortex of kidney,Plasma,http://purl.obolibrary.org/obo/CL_0000786,49.46153846153846153846,643
VHFLeftKidney,outer cortex of kidney,Plasmacytoid Dendritic,http://purl.obolibrary.org/obo/CL_0001058,3.8,19
VHFLeftKidney,outer cortex of kidney,Podocyte,http://purl.obolibrary.org/obo/CL_0000653,120.5,3133
VHFLeftKidney,outer cortex of kidney,Proximal Tubule Epithelial Segment 1,http://purl.obolibrary.org/obo/CL_4030009,1123.26923076923076923077,29205
VHFLeftKidney,outer cortex of kidney,Proximal Tubule Epithelial Segment 2,http://purl.obolibrary.org/obo/CL_4030010,167.65384615384615384615,4359
VHFLeftKidney,outer cortex of kidney,Proximal Tubule Epithelial Segment 3,http://purl.obolibrary.org/obo/CL_4030011,867.34615384615384615385,22551
VHFLeftKidney,outer cortex of kidney,Renin-positive Juxtaglomerular Granular,http://purl.obolibrary.org/obo/CL_0000648,17.94444444444444444444,323
VHFLeftKidney,outer cortex of kidney,Schwann / Neural,http://purl.obolibrary.org/obo/CL_0002573,26,520
VHFLeftKidney,outer cortex of kidney,T,http://purl.obolibrary.org/obo/CL_0000084,43.42307692307692307692,1129
VHFLeftKidney,outer cortex of kidney,Vascular Smooth Muscle / Pericyte,http://purl.obolibrary.org/obo/CL_1001318,218.3125,3493
VHFLeftKidney,renal column,Afferent / Efferent Arteriole Endothelial,http://purl.obolibrary.org/obo/CL_1000412,99.07692307692307692308,1288
VHFLeftKidney,renal column,Ascending Thin Limb,http://purl.obolibrary.org/obo/CL_1001107,2353.61538461538461538462,30597
VHFLeftKidney,renal column,Ascending Vasa Recta Endothelial,http://purl.obolibrary.org/obo/CL_1001131,399,3192
VHFLeftKidney,renal column,B,http://purl.obolibrary.org/obo/CL_0000236,708.83333333333333333333,4253
VHFLeftKidney,renal column,Classical Dendritic,http://purl.obolibrary.org/obo/CL_0000990,491.25,1965
VHFLeftKidney,renal column,Connecting Tubule,http://purl.obolibrary.org/obo/CL_1000768,4115.15384615384615384615,53497
VHFLeftKidney,renal column,Connecting Tubule Intercalated Type A,http://purl.obolibrary.org/obo/CL_4030020,10.625,85
VHFLeftKidney,renal column,Connecting Tubule Principal,http://purl.obolibrary.org/obo/CL_4030018,203.53846153846153846154,2646
VHFLeftKidney,renal column,Cortical Collecting Duct Intercalated Type A,http://purl.obolibrary.org/obo/CL_1000715,795.92307692307692307692,10347
VHFLeftKidney,renal column,Cortical Collecting Duct Principal,http://purl.obolibrary.org/obo/CL_1000714,1101.92307692307692307692,14325
VHFLeftKidney,renal column,Cortical Thick Ascending Limb,http://purl.obolibrary.org/obo/CL_1001109,2831.76923076923076923077,36813
VHFLeftKidney,renal column,Cortical Vascular Smooth Muscle / Pericyte,http://purl.obolibrary.org/obo/CL_1001318,240.375,1923
VHFLeftKidney,renal column,Descending Thin Limb Type 1,http://purl.obolibrary.org/obo/CL_4030012,10401.53846153846153846154,135220
VHFLeftKidney,renal column,Descending Thin Limb Type 2,http://purl.obolibrary.org/obo/CL_4030013,1941.61538461538461538462,25241
VHFLeftKidney,renal column,Descending Thin Limb Type 3,http://purl.obolibrary.org/obo/CL_4030014,544.61538461538461538462,7080
VHFLeftKidney,renal column,"Descending Vasa Recta Endothelial ",https://purl.org/ccf/ASCTB-TEMP_descending-vasa-recta-endothelial,275.46153846153846153846,3581
VHFLeftKidney,renal column,Distal Convoluted Tubule Type 1,http://purl.obolibrary.org/obo/CL_4030016,4416.53846153846153846154,57415
VHFLeftKidney,renal column,Distal Convoluted Tubule Type 2,http://purl.obolibrary.org/obo/CL_4030017,6.28571428571428571429,44
VHFLeftKidney,renal column,Fibroblast,http://purl.obolibrary.org/obo/CL_1000692,411.61538461538461538462,5351
VHFLeftKidney,renal column,Glomerular Capillary Endothelial,http://purl.obolibrary.org/obo/CL_1001005,36.38461538461538461538,473
VHFLeftKidney,renal column,Inner Medullary Collecting Duct,http://purl.obolibrary.org/obo/CL_1000718,6143.92307692307692307692,79871
VHFLeftKidney,renal column,Intercalated Type B,http://purl.obolibrary.org/obo/CL_0002201,248.92307692307692307692,3236
VHFLeftKidney,renal column,Lymphatic Endothelial,http://purl.obolibrary.org/obo/CL_0002138,41,533
VHFLeftKidney,renal column,M2 Macrophage,http://purl.obolibrary.org/obo/CL_0000890,58.69230769230769230769,763
VHFLeftKidney,renal column,Macula Densa,http://purl.obolibrary.org/obo/CL_1000850,621.76923076923076923077,8083
VHFLeftKidney,renal column,Mast,http://purl.obolibrary.org/obo/CL_0000097,85.66666666666666666667,514
VHFLeftKidney,renal column,Medullary Fibroblast,http://purl.obolibrary.org/obo/CL_4030022,575.30769230769230769231,7479
VHFLeftKidney,renal column,Medullary Thick Ascending Limb,http://purl.obolibrary.org/obo/CL_1001108,4085.63636363636363636364,44942
VHFLeftKidney,renal column,Mesangial,http://purl.obolibrary.org/obo/CL_0000650,364,4732
VHFLeftKidney,renal column,Monocyte-derived,http://purl.obolibrary.org/obo/CL_0011031,23.30769230769230769231,303
VHFLeftKidney,renal column,Natural Killer T,http://purl.obolibrary.org/obo/CL_0000814,2,12
VHFLeftKidney,renal column,Non-classical monocyte,http://purl.obolibrary.org/obo/CL_0000875,3.5,35
VHFLeftKidney,renal column,Outer Medullary Collecting Duct Intercalated Type A,http://purl.obolibrary.org/obo/CL_1000717,199.18181818181818181818,2191
VHFLeftKidney,renal column,Outer Medullary Collecting Duct Principal,http://purl.obolibrary.org/obo/CL_1000716,473,6149
VHFLeftKidney,renal column,Papillary Tip Epithelial,http://purl.obolibrary.org/obo/CL_1000597,1,4
VHFLeftKidney,renal column,Parietal Epithelial,http://purl.obolibrary.org/obo/CL_1000452,1286.38461538461538461538,16723
VHFLeftKidney,renal column,"Peritubular Capilary Endothelial ",https://purl.org/ccf/ASCTB-TEMP_peritubular-capilary-endothelial,155.84615384615384615385,2026
VHFLeftKidney,renal column,Plasma,http://purl.obolibrary.org/obo/CL_0000786,32.71428571428571428571,229
VHFLeftKidney,renal column,Plasmacytoid Dendritic,http://purl.obolibrary.org/obo/CL_0001058,1.75,7
VHFLeftKidney,renal column,Podocyte,http://purl.obolibrary.org/obo/CL_0000653,103.69230769230769230769,1348
VHFLeftKidney,renal column,Proximal Tubule Epithelial Segment 1,http://purl.obolibrary.org/obo/CL_4030009,2343.07692307692307692308,30460
VHFLeftKidney,renal column,Proximal Tubule Epithelial Segment 2,http://purl.obolibrary.org/obo/CL_4030010,80.58333333333333333333,967
VHFLeftKidney,renal column,Proximal Tubule Epithelial Segment 3,http://purl.obolibrary.org/obo/CL_4030011,423.23076923076923076923,5502
VHFLeftKidney,renal column,Renin-positive Juxtaglomerular Granular,http://purl.obolibrary.org/obo/CL_0000648,39.5,237
VHFLeftKidney,renal column,Schwann / Neural,http://purl.obolibrary.org/obo/CL_0002573,19.84615384615384615385,258
VHFLeftKidney,renal column,T,http://purl.obolibrary.org/obo/CL_0000084,249.38461538461538461538,3242
VHFLeftKidney,renal column,Vascular Smooth Muscle / Pericyte,http://purl.obolibrary.org/obo/CL_1001318,197.2,986
VHFLeftKidney,renal pyramid,Afferent / Efferent Arteriole Endothelial,http://purl.obolibrary.org/obo/CL_1000412,63.04545454545454545455,2774
VHFLeftKidney,renal pyramid,Ascending Thin Limb,http://purl.obolibrary.org/obo/CL_1001107,1363.95918367346938775510,66834
VHFLeftKidney,renal pyramid,Ascending Vasa Recta Endothelial,http://purl.obolibrary.org/obo/CL_1001131,277.20454545454545454545,12197
VHFLeftKidney,renal pyramid,B,http://purl.obolibrary.org/obo/CL_0000236,200.5,6015
VHFLeftKidney,renal pyramid,Classical Dendritic,http://purl.obolibrary.org/obo/CL_0000990,157.72,3943
VHFLeftKidney,renal pyramid,Connecting Tubule,http://purl.obolibrary.org/obo/CL_1000768,2498.14285714285714285714,122409
VHFLeftKidney,renal pyramid,Connecting Tubule Intercalated Type A,http://purl.obolibrary.org/obo/CL_4030020,5.89473684210526315789,112
VHFLeftKidney,renal pyramid,Connecting Tubule Principal,http://purl.obolibrary.org/obo/CL_4030018,154.54545454545454545455,6800
VHFLeftKidney,renal pyramid,Cortical Collecting Duct Intercalated Type A,http://purl.obolibrary.org/obo/CL_1000715,591.93181818181818181818,26045
VHFLeftKidney,renal pyramid,Cortical Collecting Duct Principal,http://purl.obolibrary.org/obo/CL_1000714,1301.83673469387755102041,63790
VHFLeftKidney,renal pyramid,Cortical Thick Ascending Limb,http://purl.obolibrary.org/obo/CL_1001109,4508.77777777777777777778,202895
VHFLeftKidney,renal pyramid,Cortical Vascular Smooth Muscle / Pericyte,http://purl.obolibrary.org/obo/CL_1001318,316.54545454545454545455,3482
VHFLeftKidney,renal pyramid,Cycling Mononuclear Phagocyte,http://purl.obolibrary.org/obo/CL_0000113,1,6
VHFLeftKidney,renal pyramid,Descending Thin Limb Type 1,http://purl.obolibrary.org/obo/CL_4030012,4184.32653061224489795918,205032
VHFLeftKidney,renal pyramid,Descending Thin Limb Type 2,http://purl.obolibrary.org/obo/CL_4030013,2661.25,127740
VHFLeftKidney,renal pyramid,Descending Thin Limb Type 3,http://purl.obolibrary.org/obo/CL_4030014,315.69387755102040816327,15469
VHFLeftKidney,renal pyramid,"Descending Vasa Recta Endothelial ",https://purl.org/ccf/ASCTB-TEMP_descending-vasa-recta-endothelial,553,27097
VHFLeftKidney,renal pyramid,Distal Convoluted Tubule Type 1,http://purl.obolibrary.org/obo/CL_4030016,2702.79545454545454545455,118923
VHFLeftKidney,renal pyramid,Distal Convoluted Tubule Type 2,http://purl.obolibrary.org/obo/CL_4030017,6.69230769230769230769,87
VHFLeftKidney,renal pyramid,Fibroblast,http://purl.obolibrary.org/obo/CL_1000692,721.125,34614
VHFLeftKidney,renal pyramid,Glomerular Capillary Endothelial,http://purl.obolibrary.org/obo/CL_1001005,96.26829268292682926829,3947
VHFLeftKidney,renal pyramid,Inner Medullary Collecting Duct,http://purl.obolibrary.org/obo/CL_1000718,3030.95918367346938775510,148517
VHFLeftKidney,renal pyramid,Intercalated Type B,http://purl.obolibrary.org/obo/CL_0002201,311.45238095238095238095,13081
VHFLeftKidney,renal pyramid,Lymphatic Endothelial,http://purl.obolibrary.org/obo/CL_0002138,26.97222222222222222222,971
VHFLeftKidney,renal pyramid,M2 Macrophage,http://purl.obolibrary.org/obo/CL_0000890,60.40816326530612244898,2960
VHFLeftKidney,renal pyramid,Macula Densa,http://purl.obolibrary.org/obo/CL_1000850,433.26530612244897959184,21230
VHFLeftKidney,renal pyramid,Mast,http://purl.obolibrary.org/obo/CL_0000097,38.40909090909090909091,845
VHFLeftKidney,renal pyramid,Medullary Fibroblast,http://purl.obolibrary.org/obo/CL_4030022,1041.71428571428571428571,51044
VHFLeftKidney,renal pyramid,Medullary Thick Ascending Limb,http://purl.obolibrary.org/obo/CL_1001108,2621.65909090909090909091,115353
VHFLeftKidney,renal pyramid,Mesangial,http://purl.obolibrary.org/obo/CL_0000650,328.02702702702702702703,12137
VHFLeftKidney,renal pyramid,Monocyte-derived,http://purl.obolibrary.org/obo/CL_0011031,79.93181818181818181818,3517
VHFLeftKidney,renal pyramid,Natural Killer T,http://purl.obolibrary.org/obo/CL_0000814,1.88,47
VHFLeftKidney,renal pyramid,Neutrophil,http://purl.obolibrary.org/obo/CL_0000775,1,5
VHFLeftKidney,renal pyramid,Non-classical monocyte,http://purl.obolibrary.org/obo/CL_0000875,2.74193548387096774194,85
VHFLeftKidney,renal pyramid,Outer Medullary Collecting Duct Intercalated Type A,http://purl.obolibrary.org/obo/CL_1000717,370.70454545454545454545,16311
VHFLeftKidney,renal pyramid,Outer Medullary Collecting Duct Principal,http://purl.obolibrary.org/obo/CL_1000716,238.97959183673469387755,11710
VHFLeftKidney,renal pyramid,Papillary Tip Epithelial,http://purl.obolibrary.org/obo/CL_1000597,76.1875,2438
VHFLeftKidney,renal pyramid,Parietal Epithelial,http://purl.obolibrary.org/obo/CL_1000452,745.45652173913043478261,34291
VHFLeftKidney,renal pyramid,"Peritubular Capilary Endothelial ",https://purl.org/ccf/ASCTB-TEMP_peritubular-capilary-endothelial,228.56521739130434782609,10514
VHFLeftKidney,renal pyramid,Plasma,http://purl.obolibrary.org/obo/CL_0000786,31.85714285714285714286,669
VHFLeftKidney,renal pyramid,Plasmacytoid Dendritic,http://purl.obolibrary.org/obo/CL_0001058,1.75,21
VHFLeftKidney,renal pyramid,Podocyte,http://purl.obolibrary.org/obo/CL_0000653,62.07894736842105263158,2359
VHFLeftKidney,renal pyramid,Proximal Tubule Epithelial Segment 1,http://purl.obolibrary.org/obo/CL_4030009,894.275,35771
VHFLeftKidney,renal pyramid,Proximal Tubule Epithelial Segment 2,http://purl.obolibrary.org/obo/CL_4030010,62.6875,1003
VHFLeftKidney,renal pyramid,Proximal Tubule Epithelial Segment 3,http://purl.obolibrary.org/obo/CL_4030011,179.88372093023255813953,7735
VHFLeftKidney,renal pyramid,Renin-positive Juxtaglomerular Granular,http://purl.obolibrary.org/obo/CL_0000648,20.66666666666666666667,434
VHFLeftKidney,renal pyramid,Schwann / Neural,http://purl.obolibrary.org/obo/CL_0002573,9.93103448275862068966,288
VHFLeftKidney,renal pyramid,T,http://purl.obolibrary.org/obo/CL_0000084,109.91836734693877551020,5386
VHFLeftKidney,renal pyramid,Vascular Smooth Muscle / Pericyte,http://purl.obolibrary.org/obo/CL_1001318,291.31578947368421052632,11070
VHFLeftUreter,left ureter,Afferent / Efferent Arteriole Endothelial,http://purl.obolibrary.org/obo/CL_1000412,8,24
VHFLeftUreter,left ureter,Ascending Vasa Recta Endothelial,http://purl.obolibrary.org/obo/CL_1001131,3.2,16
VHFLeftUreter,left ureter,B,http://purl.obolibrary.org/obo/CL_0000236,19,57
VHFLeftUreter,left ureter,Classical Dendritic,http://purl.obolibrary.org/obo/CL_0000990,12,60
VHFLeftUreter,left ureter,Connecting Tubule,http://purl.obolibrary.org/obo/CL_1000768,43,215
VHFLeftUreter,left ureter,Connecting Tubule Principal,http://purl.obolibrary.org/obo/CL_4030018,12,60
VHFLeftUreter,left ureter,Cortical Collecting Duct Intercalated Type A,http://purl.obolibrary.org/obo/CL_1000715,1,5
VHFLeftUreter,left ureter,Cortical Collecting Duct Principal,http://purl.obolibrary.org/obo/CL_1000714,962.6,4813
VHFLeftUreter,left ureter,Cortical Thick Ascending Limb,http://purl.obolibrary.org/obo/CL_1001109,1,2
VHFLeftUreter,left ureter,Cortical Vascular Smooth Muscle / Pericyte,http://purl.obolibrary.org/obo/CL_1001318,382,1910
VHFLeftUreter,left ureter,Descending Thin Limb Type 1,http://purl.obolibrary.org/obo/CL_4030012,14,70
VHFLeftUreter,left ureter,Descending Thin Limb Type 2,http://purl.obolibrary.org/obo/CL_4030013,4,12
VHFLeftUreter,left ureter,Descending Thin Limb Type 3,http://purl.obolibrary.org/obo/CL_4030014,2,4
VHFLeftUreter,left ureter,"Descending Vasa Recta Endothelial ",https://purl.org/ccf/ASCTB-TEMP_descending-vasa-recta-endothelial,158.2,791
VHFLeftUreter,left ureter,Distal Convoluted Tubule Type 1,http://purl.obolibrary.org/obo/CL_4030016,2,6
VHFLeftUreter,left ureter,Fibroblast,http://purl.obolibrary.org/obo/CL_1000692,1627.2,8136
VHFLeftUreter,left ureter,Inner Medullary Collecting Duct,http://purl.obolibrary.org/obo/CL_1000718,4110.4,20552
VHFLeftUreter,left ureter,Intercalated Type B,http://purl.obolibrary.org/obo/CL_0002201,1,2
VHFLeftUreter,left ureter,Lymphatic Endothelial,http://purl.obolibrary.org/obo/CL_0002138,45.8,229
VHFLeftUreter,left ureter,M2 Macrophage,http://purl.obolibrary.org/obo/CL_0000890,89.6,448
VHFLeftUreter,left ureter,Macula Densa,http://purl.obolibrary.org/obo/CL_1000850,1.8,9
VHFLeftUreter,left ureter,Mast,http://purl.obolibrary.org/obo/CL_0000097,20.2,101
VHFLeftUreter,left ureter,Medullary Fibroblast,http://purl.obolibrary.org/obo/CL_4030022,1960.4,9802
VHFLeftUreter,left ureter,Mesangial,http://purl.obolibrary.org/obo/CL_0000650,2,4
VHFLeftUreter,left ureter,Monocyte-derived,http://purl.obolibrary.org/obo/CL_0011031,123.4,617
VHFLeftUreter,left ureter,Natural Killer T,http://purl.obolibrary.org/obo/CL_0000814,1.4,7
VHFLeftUreter,left ureter,Non-classical monocyte,http://purl.obolibrary.org/obo/CL_0000875,4,12
VHFLeftUreter,left ureter,Outer Medullary Collecting Duct Intercalated Type A,http://purl.obolibrary.org/obo/CL_1000717,1,2
VHFLeftUreter,left ureter,Outer Medullary Collecting Duct Principal,http://purl.obolibrary.org/obo/CL_1000716,215.8,1079
VHFLeftUreter,left ureter,Papillary Tip Epithelial,http://purl.obolibrary.org/obo/CL_1000597,5157.2,25786
VHFLeftUreter,left ureter,Parietal Epithelial,http://purl.obolibrary.org/obo/CL_1000452,18.8,94
VHFLeftUreter,left ureter,"Peritubular Capilary Endothelial ",https://purl.org/ccf/ASCTB-TEMP_peritubular-capilary-endothelial,492.6,2463
VHFLeftUreter,left ureter,Plasma,http://purl.obolibrary.org/obo/CL_0000786,2,6
VHFLeftUreter,left ureter,Plasmacytoid Dendritic,http://purl.obolibrary.org/obo/CL_0001058,51,153
VHFLeftUreter,left ureter,Podocyte,http://purl.obolibrary.org/obo/CL_0000653,1,5
VHFLeftUreter,left ureter,Proximal Tubule Epithelial Segment 1,http://purl.obolibrary.org/obo/CL_4030009,1,2
VHFLeftUreter,left ureter,Renin-positive Juxtaglomerular Granular,http://purl.obolibrary.org/obo/CL_0000648,1,2
VHFLeftUreter,left ureter,Schwann / Neural,http://purl.obolibrary.org/obo/CL_0002573,1.6,8
VHFLeftUreter,left ureter,T,http://purl.obolibrary.org/obo/CL_0000084,192.2,961
VHFLung,Lateral segmental bronchus,AT0,http://purl.obolibrary.org/obo/CL_0010003,25,225
VHFLung,Lateral segmental bronchus,AT1,http://purl.obolibrary.org/obo/CL_0002062,656.5,11817
VHFLung,Lateral segmental bronchus,AT2,http://purl.obolibrary.org/obo/CL_0002063,773,13914
VHFLung,Lateral segmental bronchus,Adventitial fibroblasts,http://purl.obolibrary.org/obo/CL_4028006,125.83333333333333333333,2265
VHFLung,Lateral segmental bronchus,Alveolar Mph CCL3+,http://purl.obolibrary.org/obo/CL_4033041,3,27
VHFLung,Lateral segmental bronchus,Alveolar fibroblasts,http://purl.obolibrary.org/obo/CL_4028004,527.83333333333333333333,9501
VHFLung,Lateral segmental bronchus,Alveolar macrophages,http://purl.obolibrary.org/obo/CL_0000583,148.4,2226
VHFLung,Lateral segmental bronchus,B cell,http://purl.obolibrary.org/obo/CL_0000236,95,855
VHFLung,Lateral segmental bronchus,B cells,http://purl.obolibrary.org/obo/CL_0000236,142,2556
VHFLung,Lateral segmental bronchus,Basal resting,http://purl.obolibrary.org/obo/CL_0002633,12,144
VHFLung,Lateral segmental bronchus,CD4 T cells,http://purl.obolibrary.org/obo/CL_0000492,325.66666666666666666667,5862
VHFLung,Lateral segmental bronchus,"CD4-positive, alpha-beta T cell",http://purl.obolibrary.org/obo/CL_0000624,533.66666666666666666667,4803
VHFLung,Lateral segmental bronchus,CD8 T cells,http://purl.obolibrary.org/obo/CL_0000913,204.66666666666666666667,3684
VHFLung,Lateral segmental bronchus,"CD8-positive, alpha-beta T cell",http://purl.obolibrary.org/obo/CL_0000625,126.33333333333333333333,1137
VHFLung,Lateral segmental bronchus,Classical monocytes,http://purl.obolibrary.org/obo/CL_0000576,76.5,1377
VHFLung,Lateral segmental bronchus,Club (nasal),http://purl.obolibrary.org/obo/CL_0000158,60.5,726
VHFLung,Lateral segmental bronchus,DC1,http://purl.obolibrary.org/obo/CL_0002394,7,63
VHFLung,Lateral segmental bronchus,DC2,http://purl.obolibrary.org/obo/CL_0002399,86.16666666666666666667,1551
VHFLung,Lateral segmental bronchus,Deuterosomal,http://purl.obolibrary.org/obo/CL_4033044,7.5,45
VHFLung,Lateral segmental bronchus,EC aerocyte capillary,http://purl.obolibrary.org/obo/CL_4028003,64.66666666666666666667,1164
VHFLung,Lateral segmental bronchus,EC arterial,http://purl.obolibrary.org/obo/CL_1000413,38,684
VHFLung,Lateral segmental bronchus,EC general capillary,http://purl.obolibrary.org/obo/CL_0002144,233.16666666666666666667,4197
VHFLung,Lateral segmental bronchus,EC venous pulmonary,http://purl.obolibrary.org/obo/CL_1000414,30,450
VHFLung,Lateral segmental bronchus,EC venous systemic,http://purl.obolibrary.org/obo/CL_1000414,20,60
VHFLung,Lateral segmental bronchus,Goblet (bronchial),http://purl.obolibrary.org/obo/CL_0019003,2,6
VHFLung,Lateral segmental bronchus,Goblet (nasal),http://purl.obolibrary.org/obo/CL_0002480,10.25,123
VHFLung,Lateral segmental bronchus,Goblet (subsegmental),http://purl.obolibrary.org/obo/CL_1000312,21,189
VHFLung,Lateral segmental bronchus,Hematopoietic stem cells,http://purl.obolibrary.org/obo/CL_0000037,2,6
VHFLung,Lateral segmental bronchus,Interstitial Mph perivascular,http://purl.obolibrary.org/obo/CL_4033043,44.33333333333333333333,399
VHFLung,Lateral segmental bronchus,Interstitial Mφ perivascular,https://purl.org/ccf/ASCTB-TEMP_interstitial-m-perivascular,79.66666666666666666667,717
VHFLung,Lateral segmental bronchus,Ionocyte,http://purl.obolibrary.org/obo/CL_0005006,13.5,162
VHFLung,Lateral segmental bronchus,Lymphatic EC differentiating,http://purl.obolibrary.org/obo/CL_0002138,136,2040
VHFLung,Lateral segmental bronchus,Lymphatic EC mature,http://purl.obolibrary.org/obo/CL_0002138,46,138
VHFLung,Lateral segmental bronchus,Mast cells,http://purl.obolibrary.org/obo/CL_0000097,6.33333333333333333333,114
VHFLung,Lateral segmental bronchus,Mesothelium,http://purl.obolibrary.org/obo/CL_1000491,1.5,9
VHFLung,Lateral segmental bronchus,Migratory DCs,http://purl.obolibrary.org/obo/CL_0001056,5,45
VHFLung,Lateral segmental bronchus,Monocyte-derived Mph,http://purl.obolibrary.org/obo/CL_1001603,632.33333333333333333333,5691
VHFLung,Lateral segmental bronchus,Monocyte-derived Mφ,https://purl.org/ccf/ASCTB-TEMP_monocyte-derived-m,220,1980
VHFLung,Lateral segmental bronchus,Multiciliated (nasal),http://purl.obolibrary.org/obo/CL_0005012,158,948
VHFLung,Lateral segmental bronchus,Multiciliated (non-nasal),http://purl.obolibrary.org/obo/CL_0005012,130.5,1566
VHFLung,Lateral segmental bronchus,Myofibroblasts,http://purl.obolibrary.org/obo/CL_0000186,83.5,1503
VHFLung,Lateral segmental bronchus,NK cells,http://purl.obolibrary.org/obo/CL_0000623,57.4,861
VHFLung,Lateral segmental bronchus,Neuroendocrine,http://purl.obolibrary.org/obo/CL_0000165,7,63
VHFLung,Lateral segmental bronchus,Non-classical monocytes,http://purl.obolibrary.org/obo/CL_0000875,471.33333333333333333333,8484
VHFLung,Lateral segmental bronchus,Peribronchial fibroblasts,http://purl.obolibrary.org/obo/CL_0002241,87.8,1317
VHFLung,Lateral segmental bronchus,Pericytes,http://purl.obolibrary.org/obo/CL_0009089,138.83333333333333333333,2499
VHFLung,Lateral segmental bronchus,Plasma cells,http://purl.obolibrary.org/obo/CL_0000786,7.33333333333333333333,66
VHFLung,Lateral segmental bronchus,Plasmacytoid DCs,http://purl.obolibrary.org/obo/CL_0000784,7.66666666666666666667,69
VHFLung,Lateral segmental bronchus,SM activated stress response,http://purl.obolibrary.org/obo/CL_0000313,22,66
VHFLung,Lateral segmental bronchus,SMG duct,http://purl.obolibrary.org/obo/CL_4033023,2.33333333333333333333,21
VHFLung,Lateral segmental bronchus,SMG mucous,http://purl.obolibrary.org/obo/CL_4033022,1,3
VHFLung,Lateral segmental bronchus,SMG serous (bronchial),http://purl.obolibrary.org/obo/CL_4033005,7,21
VHFLung,Lateral segmental bronchus,SMG serous (nasal),http://purl.obolibrary.org/obo/CL_0000313,2.33333333333333333333,21
VHFLung,Lateral segmental bronchus,Smooth muscle,http://purl.obolibrary.org/obo/CL_0000192,48.33333333333333333333,870
VHFLung,Lateral segmental bronchus,Subpleural fibroblasts,http://purl.obolibrary.org/obo/CL_4023054,6,18
VHFLung,Lateral segmental bronchus,Suprabasal,http://purl.obolibrary.org/obo/CL_0002633,57,342
VHFLung,Lateral segmental bronchus,T cells proliferating,http://purl.obolibrary.org/obo/CL_0000084,6.5,39
VHFLung,Lateral segmental bronchus,Transitional Club-AT2,https://purl.org/ccf/ASCTB-TEMP_transitional-club-at2,25.33333333333333333333,228
VHFLung,Lateral segmental bronchus,Tuft,http://purl.obolibrary.org/obo/CL_0002075,3.33333333333333333333,30
VHFLung,Lateral segmental bronchus,adventitial cell,http://purl.obolibrary.org/obo/CL_4028006,1,3
VHFLung,Lateral segmental bronchus,basal cell,http://purl.obolibrary.org/obo/CL_0000646,35,315
VHFLung,Lateral segmental bronchus,basophil,http://purl.obolibrary.org/obo/CL_0000767,117.33333333333333333333,1056
VHFLung,Lateral segmental bronchus,bronchial smooth muscle cell,http://purl.obolibrary.org/obo/CL_0002598,6,54
VHFLung,Lateral segmental bronchus,capillary endothelial cell,http://purl.obolibrary.org/obo/CL_0002144,163,1467
VHFLung,Lateral segmental bronchus,classical monocyte,http://purl.obolibrary.org/obo/CL_0000860,128.66666666666666666667,1158
VHFLung,Lateral segmental bronchus,club cell,http://purl.obolibrary.org/obo/CL_0000158,215,1935
VHFLung,Lateral segmental bronchus,dendritic cell,http://purl.obolibrary.org/obo/CL_0000451,14.33333333333333333333,129
VHFLung,Lateral segmental bronchus,"effector CD4-positive, alpha-beta T cell",http://purl.obolibrary.org/obo/CL_0001044,18.66666666666666666667,168
VHFLung,Lateral segmental bronchus,"effector CD8-positive, alpha-beta T cell",http://purl.obolibrary.org/obo/CL_0001050,123,1107
VHFLung,Lateral segmental bronchus,endothelial cell of artery,http://purl.obolibrary.org/obo/CL_1000413,14,126
VHFLung,Lateral segmental bronchus,endothelial cell of lymphatic vessel,http://purl.obolibrary.org/obo/CL_0002138,71.33333333333333333333,642
VHFLung,Lateral segmental bronchus,fibroblast,http://purl.obolibrary.org/obo/CL_0000057,1030.33333333333333333333,9273
VHFLung,Lateral segmental bronchus,intermediate monocyte,http://purl.obolibrary.org/obo/CL_0002393,3,18
VHFLung,Lateral segmental bronchus,lung ciliated cell,http://purl.obolibrary.org/obo/CL_1000271,109,981
VHFLung,Lateral segmental bronchus,lung microvascular endothelial cell,http://purl.obolibrary.org/obo/CL_2000016,2,6
VHFLung,Lateral segmental bronchus,macrophage,http://purl.obolibrary.org/obo/CL_0000235,826.66666666666666666667,7440
VHFLung,Lateral segmental bronchus,mature NK T cell,http://purl.obolibrary.org/obo/CL_0000814,26,234
VHFLung,Lateral segmental bronchus,neutrophil,http://purl.obolibrary.org/obo/CL_0000775,15.66666666666666666667,141
VHFLung,Lateral segmental bronchus,non-classical monocyte,http://purl.obolibrary.org/obo/CL_0000875,126.33333333333333333333,1137
VHFLung,Lateral segmental bronchus,pericyte,http://purl.obolibrary.org/obo/CL_0000669,61,549
VHFLung,Lateral segmental bronchus,plasma cell,http://purl.obolibrary.org/obo/CL_0000786,51.66666666666666666667,465
VHFLung,Lateral segmental bronchus,pre-TB secretory,http://purl.obolibrary.org/obo/CL_0019001,178.66666666666666666667,1608
VHFLung,Lateral segmental bronchus,respiratory goblet cell,http://purl.obolibrary.org/obo/CL_0002370,17.5,105
VHFLung,Lateral segmental bronchus,smooth muscle cell,http://purl.obolibrary.org/obo/CL_0000192,3,9
VHFLung,Lateral segmental bronchus,type I pneumocyte,http://purl.obolibrary.org/obo/CL_0002062,421,3789
VHFLung,Lateral segmental bronchus,type II pneumocyte,http://purl.obolibrary.org/obo/CL_0002063,793,7137
VHFLung,Lateral segmental bronchus,vascular associated smooth muscle cell,http://purl.obolibrary.org/obo/CL_0000359,12.66666666666666666667,114
VHFLung,Lateral segmental bronchus,vein endothelial cell,http://purl.obolibrary.org/obo/CL_0002543,116.33333333333333333333,1047
VHFLung,Right Anterior Bronchopulmonary Segment,AT0,http://purl.obolibrary.org/obo/CL_0010003,48.2,482
VHFLung,Right Anterior Bronchopulmonary Segment,AT1,http://purl.obolibrary.org/obo/CL_0002062,1441.25,28825
VHFLung,Right Anterior Bronchopulmonary Segment,AT2,http://purl.obolibrary.org/obo/CL_0002063,1512.55,30251
VHFLung,Right Anterior Bronchopulmonary Segment,Adventitial fibroblasts,http://purl.obolibrary.org/obo/CL_4028006,80.1,1602
VHFLung,Right Anterior Bronchopulmonary Segment,Alveolar Mph CCL3+,http://purl.obolibrary.org/obo/CL_4033041,7,70
VHFLung,Right Anterior Bronchopulmonary Segment,Alveolar Mph MT-positive,http://purl.obolibrary.org/obo/CL_4033042,2.33333333333333333333,14
VHFLung,Right Anterior Bronchopulmonary Segment,Alveolar fibroblasts,http://purl.obolibrary.org/obo/CL_4028004,992.9,19858
VHFLung,Right Anterior Bronchopulmonary Segment,Alveolar macrophages,http://purl.obolibrary.org/obo/CL_0000583,84.4,844
VHFLung,Right Anterior Bronchopulmonary Segment,B cell,http://purl.obolibrary.org/obo/CL_0000236,11.66666666666666666667,70
VHFLung,Right Anterior Bronchopulmonary Segment,B cells,http://purl.obolibrary.org/obo/CL_0000236,24.2,484
VHFLung,Right Anterior Bronchopulmonary Segment,Basal resting,http://purl.obolibrary.org/obo/CL_0002633,131.66666666666666666667,2370
VHFLung,Right Anterior Bronchopulmonary Segment,CD4 T cells,http://purl.obolibrary.org/obo/CL_0000492,528.7,10574
VHFLung,Right Anterior Bronchopulmonary Segment,"CD4-positive, alpha-beta T cell",http://purl.obolibrary.org/obo/CL_0000624,1325.4,13254
VHFLung,Right Anterior Bronchopulmonary Segment,CD8 T cells,http://purl.obolibrary.org/obo/CL_0000913,288.95,5779
VHFLung,Right Anterior Bronchopulmonary Segment,"CD8-positive, alpha-beta T cell",http://purl.obolibrary.org/obo/CL_0000625,138.8,1388
VHFLung,Right Anterior Bronchopulmonary Segment,Classical monocytes,http://purl.obolibrary.org/obo/CL_0000576,50.6,1012
VHFLung,Right Anterior Bronchopulmonary Segment,Club (nasal),http://purl.obolibrary.org/obo/CL_0000158,221,884
VHFLung,Right Anterior Bronchopulmonary Segment,Club (non-nasal),http://purl.obolibrary.org/obo/CL_0000158,82.28571428571428571429,1152
VHFLung,Right Anterior Bronchopulmonary Segment,DC1,http://purl.obolibrary.org/obo/CL_0002394,8.75,70
VHFLung,Right Anterior Bronchopulmonary Segment,DC2,http://purl.obolibrary.org/obo/CL_0002399,116.25,2325
VHFLung,Right Anterior Bronchopulmonary Segment,Deuterosomal,http://purl.obolibrary.org/obo/CL_4033044,7.83333333333333333333,94
VHFLung,Right Anterior Bronchopulmonary Segment,EC aerocyte capillary,http://purl.obolibrary.org/obo/CL_4028003,312.75,6255
VHFLung,Right Anterior Bronchopulmonary Segment,EC arterial,http://purl.obolibrary.org/obo/CL_1000413,264.35,5287
VHFLung,Right Anterior Bronchopulmonary Segment,EC general capillary,http://purl.obolibrary.org/obo/CL_0002144,1730.05,34601
VHFLung,Right Anterior Bronchopulmonary Segment,EC venous pulmonary,http://purl.obolibrary.org/obo/CL_1000414,287.6,2876
VHFLung,Right Anterior Bronchopulmonary Segment,EC venous systemic,http://purl.obolibrary.org/obo/CL_1000414,294,2940
VHFLung,Right Anterior Bronchopulmonary Segment,Goblet (bronchial),http://purl.obolibrary.org/obo/CL_0019003,1,6
VHFLung,Right Anterior Bronchopulmonary Segment,Goblet (nasal),http://purl.obolibrary.org/obo/CL_0002480,22.125,354
VHFLung,Right Anterior Bronchopulmonary Segment,Goblet (subsegmental),http://purl.obolibrary.org/obo/CL_1000312,211.6,2116
VHFLung,Right Anterior Bronchopulmonary Segment,Hematopoietic stem cells,http://purl.obolibrary.org/obo/CL_0000037,1.75,14
VHFLung,Right Anterior Bronchopulmonary Segment,Hillock-like,http://purl.obolibrary.org/obo/CL_0000158,212,424
VHFLung,Right Anterior Bronchopulmonary Segment,Interstitial Mph perivascular,http://purl.obolibrary.org/obo/CL_4033043,63.6,636
VHFLung,Right Anterior Bronchopulmonary Segment,Interstitial Mφ perivascular,https://purl.org/ccf/ASCTB-TEMP_interstitial-m-perivascular,16.75,134
VHFLung,Right Anterior Bronchopulmonary Segment,Ionocyte,http://purl.obolibrary.org/obo/CL_0005006,31.15,623
VHFLung,Right Anterior Bronchopulmonary Segment,Lymphatic EC differentiating,http://purl.obolibrary.org/obo/CL_0002138,200.3125,3205
VHFLung,Right Anterior Bronchopulmonary Segment,Lymphatic EC mature,http://purl.obolibrary.org/obo/CL_0002138,76,304
VHFLung,Right Anterior Bronchopulmonary Segment,Mast cells,http://purl.obolibrary.org/obo/CL_0000097,115.1,2302
VHFLung,Right Anterior Bronchopulmonary Segment,Mesothelium,http://purl.obolibrary.org/obo/CL_1000491,5.5,44
VHFLung,Right Anterior Bronchopulmonary Segment,Migratory DCs,http://purl.obolibrary.org/obo/CL_0001056,6.75,54
VHFLung,Right Anterior Bronchopulmonary Segment,Monocyte-derived Mph,http://purl.obolibrary.org/obo/CL_1001603,137.4,1374
VHFLung,Right Anterior Bronchopulmonary Segment,Monocyte-derived Mφ,https://purl.org/ccf/ASCTB-TEMP_monocyte-derived-m,51.3,513
VHFLung,Right Anterior Bronchopulmonary Segment,Multiciliated (non-nasal),http://purl.obolibrary.org/obo/CL_0005012,555.05,11101
VHFLung,Right Anterior Bronchopulmonary Segment,Myofibroblasts,http://purl.obolibrary.org/obo/CL_0000186,125.25,2505
VHFLung,Right Anterior Bronchopulmonary Segment,NK cells,http://purl.obolibrary.org/obo/CL_0000623,51.6,516
VHFLung,Right Anterior Bronchopulmonary Segment,Neuroendocrine,http://purl.obolibrary.org/obo/CL_0000165,20.6,206
VHFLung,Right Anterior Bronchopulmonary Segment,Non-classical monocytes,https://purl.org/ccf/ASCTB-TEMP_non-classical-monocytes,277.95,5559
VHFLung,Right Anterior Bronchopulmonary Segment,Peribronchial fibroblasts,http://purl.obolibrary.org/obo/CL_0002241,40.16666666666666666667,482
VHFLung,Right Anterior Bronchopulmonary Segment,Pericytes,http://purl.obolibrary.org/obo/CL_0009089,201,4020
VHFLung,Right Anterior Bronchopulmonary Segment,Plasma cells,http://purl.obolibrary.org/obo/CL_0000786,26.75,428
VHFLung,Right Anterior Bronchopulmonary Segment,Plasmacytoid DCs,http://purl.obolibrary.org/obo/CL_0000784,7,56
VHFLung,Right Anterior Bronchopulmonary Segment,SM activated stress response,http://purl.obolibrary.org/obo/CL_0000313,40.83333333333333333333,490
VHFLung,Right Anterior Bronchopulmonary Segment,SMG duct,http://purl.obolibrary.org/obo/CL_4033023,5,70
VHFLung,Right Anterior Bronchopulmonary Segment,SMG mucous,http://purl.obolibrary.org/obo/CL_4033022,6,60
VHFLung,Right Anterior Bronchopulmonary Segment,SMG serous (bronchial),http://purl.obolibrary.org/obo/CL_4033005,12.5,150
VHFLung,Right Anterior Bronchopulmonary Segment,SMG serous (nasal),http://purl.obolibrary.org/obo/CL_0000313,15.5,124
VHFLung,Right Anterior Bronchopulmonary Segment,Smooth muscle,http://purl.obolibrary.org/obo/CL_0000192,144.77777777777777777778,2606
VHFLung,Right Anterior Bronchopulmonary Segment,Smooth muscle FAM83D+,http://purl.obolibrary.org/obo/CL_0000192,157,314
VHFLung,Right Anterior Bronchopulmonary Segment,Subpleural fibroblasts,http://purl.obolibrary.org/obo/CL_4023054,2,12
VHFLung,Right Anterior Bronchopulmonary Segment,T cells proliferating,http://purl.obolibrary.org/obo/CL_0000084,2.55555555555555555556,23
VHFLung,Right Anterior Bronchopulmonary Segment,Transitional Club-AT2,https://purl.org/ccf/ASCTB-TEMP_transitional-club-at2,136.4,1364
VHFLung,Right Anterior Bronchopulmonary Segment,Tuft,http://purl.obolibrary.org/obo/CL_0002075,6.2,62
VHFLung,Right Anterior Bronchopulmonary Segment,basal cell,http://purl.obolibrary.org/obo/CL_0000646,198.8,1988
VHFLung,Right Anterior Bronchopulmonary Segment,basophil,http://purl.obolibrary.org/obo/CL_0000767,399,3990
VHFLung,Right Anterior Bronchopulmonary Segment,blood vessel endothelial cell,http://purl.obolibrary.org/obo/CL_0000071,1,4
VHFLung,Right Anterior Bronchopulmonary Segment,bronchial smooth muscle cell,http://purl.obolibrary.org/obo/CL_0002598,51.2,512
VHFLung,Right Anterior Bronchopulmonary Segment,capillary endothelial cell,http://purl.obolibrary.org/obo/CL_0002144,1785.6,17856
VHFLung,Right Anterior Bronchopulmonary Segment,classical monocyte,http://purl.obolibrary.org/obo/CL_0000860,35.8,358
VHFLung,Right Anterior Bronchopulmonary Segment,club cell,http://purl.obolibrary.org/obo/CL_0000158,673.8,6738
VHFLung,Right Anterior Bronchopulmonary Segment,dendritic cell,http://purl.obolibrary.org/obo/CL_0000451,1.5,6
VHFLung,Right Anterior Bronchopulmonary Segment,"effector CD4-positive, alpha-beta T cell",http://purl.obolibrary.org/obo/CL_0001044,20.2,202
VHFLung,Right Anterior Bronchopulmonary Segment,"effector CD8-positive, alpha-beta T cell",http://purl.obolibrary.org/obo/CL_0001050,210.8,2108
VHFLung,Right Anterior Bronchopulmonary Segment,endothelial cell of artery,http://purl.obolibrary.org/obo/CL_1000413,54.6,546
VHFLung,Right Anterior Bronchopulmonary Segment,endothelial cell of lymphatic vessel,http://purl.obolibrary.org/obo/CL_0002138,19.2,192
VHFLung,Right Anterior Bronchopulmonary Segment,fibroblast,http://purl.obolibrary.org/obo/CL_0000057,1270.2,12702
VHFLung,Right Anterior Bronchopulmonary Segment,intermediate monocyte,http://purl.obolibrary.org/obo/CL_0002393,2,12
VHFLung,Right Anterior Bronchopulmonary Segment,lung ciliated cell,http://purl.obolibrary.org/obo/CL_1000271,413.8,4138
VHFLung,Right Anterior Bronchopulmonary Segment,lung microvascular endothelial cell,http://purl.obolibrary.org/obo/CL_2000016,5.2,52
VHFLung,Right Anterior Bronchopulmonary Segment,macrophage,http://purl.obolibrary.org/obo/CL_0000235,337.4,3374
VHFLung,Right Anterior Bronchopulmonary Segment,mature NK T cell,http://purl.obolibrary.org/obo/CL_0000814,16,160
VHFLung,Right Anterior Bronchopulmonary Segment,neutrophil,http://purl.obolibrary.org/obo/CL_0000775,104.4,1044
VHFLung,Right Anterior Bronchopulmonary Segment,non-classical monocyte,http://purl.obolibrary.org/obo/CL_0000875,109.8,1098
VHFLung,Right Anterior Bronchopulmonary Segment,pericyte,http://purl.obolibrary.org/obo/CL_0000669,70.2,702
VHFLung,Right Anterior Bronchopulmonary Segment,plasma cell,http://purl.obolibrary.org/obo/CL_0000786,12.8,128
VHFLung,Right Anterior Bronchopulmonary Segment,pre-TB secretory,http://purl.obolibrary.org/obo/CL_0019001,302.4,3024
VHFLung,Right Anterior Bronchopulmonary Segment,pulmonary ionocyte,http://purl.obolibrary.org/obo/CL_0017000,1,2
VHFLung,Right Anterior Bronchopulmonary Segment,respiratory goblet cell,http://purl.obolibrary.org/obo/CL_0002370,36.2,362
VHFLung,Right Anterior Bronchopulmonary Segment,serous cell of epithelium of bronchus,http://purl.obolibrary.org/obo/CL_1000331,16,32
VHFLung,Right Anterior Bronchopulmonary Segment,type I pneumocyte,http://purl.obolibrary.org/obo/CL_0002062,911.8,9118
VHFLung,Right Anterior Bronchopulmonary Segment,type II pneumocyte,http://purl.obolibrary.org/obo/CL_0002063,1473.2,14732
VHFLung,Right Anterior Bronchopulmonary Segment,vascular associated smooth muscle cell,http://purl.obolibrary.org/obo/CL_0000359,10.8,108
VHFLung,Right Anterior Bronchopulmonary Segment,vein endothelial cell,http://purl.obolibrary.org/obo/CL_0002543,433.2,4332
VHFLung,Right Apical Bronchopulmonary Segment,AT0,http://purl.obolibrary.org/obo/CL_0010003,21.57142857142857142857,151
VHFLung,Right Apical Bronchopulmonary Segment,AT1,http://purl.obolibrary.org/obo/CL_0002062,2383.78571428571428571429,33373
VHFLung,Right Apical Bronchopulmonary Segment,AT2,http://purl.obolibrary.org/obo/CL_0002063,2513.35714285714285714286,35187
VHFLung,Right Apical Bronchopulmonary Segment,Adventitial fibroblasts,http://purl.obolibrary.org/obo/CL_4028006,130.5,1827
VHFLung,Right Apical Bronchopulmonary Segment,Alveolar Mph CCL3+,http://purl.obolibrary.org/obo/CL_4033041,8.14285714285714285714,57
VHFLung,Right Apical Bronchopulmonary Segment,Alveolar Mph MT-positive,http://purl.obolibrary.org/obo/CL_4033042,3.2,16
VHFLung,Right Apical Bronchopulmonary Segment,Alveolar Mph proliferating,http://purl.obolibrary.org/obo/CL_0000583,68.33333333333333333333,205
VHFLung,Right Apical Bronchopulmonary Segment,Alveolar fibroblasts,http://purl.obolibrary.org/obo/CL_4028004,1028.28571428571428571429,14396
VHFLung,Right Apical Bronchopulmonary Segment,Alveolar macrophages,http://purl.obolibrary.org/obo/CL_0000583,42.55555555555555555556,383
VHFLung,Right Apical Bronchopulmonary Segment,B cell,http://purl.obolibrary.org/obo/CL_0000236,13.14285714285714285714,92
VHFLung,Right Apical Bronchopulmonary Segment,B cells,http://purl.obolibrary.org/obo/CL_0000236,74.07142857142857142857,1037
VHFLung,Right Apical Bronchopulmonary Segment,Basal resting,http://purl.obolibrary.org/obo/CL_0002633,3693.5,44322
VHFLung,Right Apical Bronchopulmonary Segment,CD4 T cells,http://purl.obolibrary.org/obo/CL_0000492,3422.28571428571428571429,47912
VHFLung,Right Apical Bronchopulmonary Segment,"CD4-positive, alpha-beta T cell",http://purl.obolibrary.org/obo/CL_0000624,1774.42857142857142857143,12421
VHFLung,Right Apical Bronchopulmonary Segment,CD8 T cells,http://purl.obolibrary.org/obo/CL_0000913,1449.85714285714285714286,20298
VHFLung,Right Apical Bronchopulmonary Segment,"CD8-positive, alpha-beta T cell",http://purl.obolibrary.org/obo/CL_0000625,265.71428571428571428571,1860
VHFLung,Right Apical Bronchopulmonary Segment,Classical monocytes,http://purl.obolibrary.org/obo/CL_0000576,130.42857142857142857143,1826
VHFLung,Right Apical Bronchopulmonary Segment,Club (nasal),http://purl.obolibrary.org/obo/CL_0000158,5320.5,10641
VHFLung,Right Apical Bronchopulmonary Segment,Club (non-nasal),http://purl.obolibrary.org/obo/CL_0000158,48,192
VHFLung,Right Apical Bronchopulmonary Segment,DC1,http://purl.obolibrary.org/obo/CL_0002394,11,77
VHFLung,Right Apical Bronchopulmonary Segment,DC2,http://purl.obolibrary.org/obo/CL_0002399,208.07142857142857142857,2913
VHFLung,Right Apical Bronchopulmonary Segment,Deuterosomal,http://purl.obolibrary.org/obo/CL_4033044,18.11111111111111111111,163
VHFLung,Right Apical Bronchopulmonary Segment,EC aerocyte capillary,http://purl.obolibrary.org/obo/CL_4028003,398.35714285714285714286,5577
VHFLung,Right Apical Bronchopulmonary Segment,EC arterial,http://purl.obolibrary.org/obo/CL_1000413,299.28571428571428571429,4190
VHFLung,Right Apical Bronchopulmonary Segment,EC general capillary,http://purl.obolibrary.org/obo/CL_0002144,3006.92857142857142857143,42097
VHFLung,Right Apical Bronchopulmonary Segment,EC venous pulmonary,http://purl.obolibrary.org/obo/CL_1000414,259.6,2596
VHFLung,Right Apical Bronchopulmonary Segment,EC venous systemic,http://purl.obolibrary.org/obo/CL_1000414,1772.25,7089
VHFLung,Right Apical Bronchopulmonary Segment,Goblet (bronchial),http://purl.obolibrary.org/obo/CL_0019003,3.14285714285714285714,22
VHFLung,Right Apical Bronchopulmonary Segment,Goblet (nasal),http://purl.obolibrary.org/obo/CL_0002480,30.5,305
VHFLung,Right Apical Bronchopulmonary Segment,Goblet (subsegmental),http://purl.obolibrary.org/obo/CL_1000312,468.57142857142857142857,3280
VHFLung,Right Apical Bronchopulmonary Segment,Hematopoietic stem cells,http://purl.obolibrary.org/obo/CL_0000037,3.71428571428571428571,26
VHFLung,Right Apical Bronchopulmonary Segment,Hillock-like,http://purl.obolibrary.org/obo/CL_0000158,232.66666666666666666667,1396
VHFLung,Right Apical Bronchopulmonary Segment,Interstitial Mph perivascular,http://purl.obolibrary.org/obo/CL_4033043,71.71428571428571428571,502
VHFLung,Right Apical Bronchopulmonary Segment,Interstitial Mφ perivascular,https://purl.org/ccf/ASCTB-TEMP_interstitial-m-perivascular,9.16666666666666666667,55
VHFLung,Right Apical Bronchopulmonary Segment,Ionocyte,http://purl.obolibrary.org/obo/CL_0005006,173,2422
VHFLung,Right Apical Bronchopulmonary Segment,Lymphatic EC differentiating,http://purl.obolibrary.org/obo/CL_0002138,228.66666666666666666667,2058
VHFLung,Right Apical Bronchopulmonary Segment,Lymphatic EC mature,http://purl.obolibrary.org/obo/CL_0002138,195.4,977
VHFLung,Right Apical Bronchopulmonary Segment,Mast cells,http://purl.obolibrary.org/obo/CL_0000097,130.57142857142857142857,1828
VHFLung,Right Apical Bronchopulmonary Segment,Mesothelium,http://purl.obolibrary.org/obo/CL_1000491,8.28571428571428571429,58
VHFLung,Right Apical Bronchopulmonary Segment,Migratory DCs,http://purl.obolibrary.org/obo/CL_0001056,8.71428571428571428571,61
VHFLung,Right Apical Bronchopulmonary Segment,Monocyte-derived Mph,http://purl.obolibrary.org/obo/CL_1001603,219.28571428571428571429,1535
VHFLung,Right Apical Bronchopulmonary Segment,Monocyte-derived Mφ,https://purl.org/ccf/ASCTB-TEMP_monocyte-derived-m,28.28571428571428571429,198
VHFLung,Right Apical Bronchopulmonary Segment,Multiciliated (non-nasal),http://purl.obolibrary.org/obo/CL_0005012,2022.35714285714285714286,28313
VHFLung,Right Apical Bronchopulmonary Segment,Myofibroblasts,http://purl.obolibrary.org/obo/CL_0000186,130.71428571428571428571,1830
VHFLung,Right Apical Bronchopulmonary Segment,NK cells,http://purl.obolibrary.org/obo/CL_0000623,59,767
VHFLung,Right Apical Bronchopulmonary Segment,Neuroendocrine,http://purl.obolibrary.org/obo/CL_0000165,79.85714285714285714286,559
VHFLung,Right Apical Bronchopulmonary Segment,Non-classical monocytes,http://purl.obolibrary.org/obo/CL_0000875,312.64285714285714285714,4377
VHFLung,Right Apical Bronchopulmonary Segment,Peribronchial fibroblasts,http://purl.obolibrary.org/obo/CL_0002241,55.14285714285714285714,386
VHFLung,Right Apical Bronchopulmonary Segment,Pericytes,http://purl.obolibrary.org/obo/CL_0000669,240,3360
VHFLung,Right Apical Bronchopulmonary Segment,Plasma cells,http://purl.obolibrary.org/obo/CL_0000786,56.53846153846153846154,735
VHFLung,Right Apical Bronchopulmonary Segment,Plasmacytoid DCs,http://purl.obolibrary.org/obo/CL_0000784,9.6,96
VHFLung,Right Apical Bronchopulmonary Segment,SM activated stress response,http://purl.obolibrary.org/obo/CL_0000313,56.66666666666666666667,340
VHFLung,Right Apical Bronchopulmonary Segment,SMG duct,http://purl.obolibrary.org/obo/CL_4033023,3.28571428571428571429,23
VHFLung,Right Apical Bronchopulmonary Segment,SMG mucous,http://purl.obolibrary.org/obo/CL_4033022,23.42857142857142857143,164
VHFLung,Right Apical Bronchopulmonary Segment,SMG serous (bronchial),http://purl.obolibrary.org/obo/CL_4033005,14.14285714285714285714,99
VHFLung,Right Apical Bronchopulmonary Segment,SMG serous (nasal),http://purl.obolibrary.org/obo/CL_0000313,23.25,186
VHFLung,Right Apical Bronchopulmonary Segment,Smooth muscle,http://purl.obolibrary.org/obo/CL_0000192,1002,10020
VHFLung,Right Apical Bronchopulmonary Segment,Smooth muscle FAM83D+,http://purl.obolibrary.org/obo/CL_0000192,183.5,734
VHFLung,Right Apical Bronchopulmonary Segment,Subpleural fibroblasts,http://purl.obolibrary.org/obo/CL_4023054,3.2,16
VHFLung,Right Apical Bronchopulmonary Segment,T cells proliferating,http://purl.obolibrary.org/obo/CL_0000084,6.85714285714285714286,48
VHFLung,Right Apical Bronchopulmonary Segment,Transitional Club-AT2,https://purl.org/ccf/ASCTB-TEMP_transitional-club-at2,62.71428571428571428571,439
VHFLung,Right Apical Bronchopulmonary Segment,Tuft,http://purl.obolibrary.org/obo/CL_0002075,5,40
VHFLung,Right Apical Bronchopulmonary Segment,adventitial cell,http://purl.obolibrary.org/obo/CL_4028006,1,1
VHFLung,Right Apical Bronchopulmonary Segment,basal cell,http://purl.obolibrary.org/obo/CL_0000646,243.85714285714285714286,1707
VHFLung,Right Apical Bronchopulmonary Segment,basophil,http://purl.obolibrary.org/obo/CL_0000767,523.14285714285714285714,3662
VHFLung,Right Apical Bronchopulmonary Segment,bronchial smooth muscle cell,http://purl.obolibrary.org/obo/CL_0002598,33.42857142857142857143,234
VHFLung,Right Apical Bronchopulmonary Segment,capillary endothelial cell,http://purl.obolibrary.org/obo/CL_0002144,1934.85714285714285714286,13544
VHFLung,Right Apical Bronchopulmonary Segment,classical monocyte,http://purl.obolibrary.org/obo/CL_0000860,38.28571428571428571429,268
VHFLung,Right Apical Bronchopulmonary Segment,club cell,http://purl.obolibrary.org/obo/CL_0000158,651,4557
VHFLung,Right Apical Bronchopulmonary Segment,dendritic cell,http://purl.obolibrary.org/obo/CL_0000451,1.66666666666666666667,5
VHFLung,Right Apical Bronchopulmonary Segment,"effector CD4-positive, alpha-beta T cell",http://purl.obolibrary.org/obo/CL_0001044,30.42857142857142857143,213
VHFLung,Right Apical Bronchopulmonary Segment,"effector CD8-positive, alpha-beta T cell",http://purl.obolibrary.org/obo/CL_0001050,334.57142857142857142857,2342
VHFLung,Right Apical Bronchopulmonary Segment,endothelial cell of artery,http://purl.obolibrary.org/obo/CL_1000413,40,280
VHFLung,Right Apical Bronchopulmonary Segment,endothelial cell of lymphatic vessel,http://purl.obolibrary.org/obo/CL_0002138,20,140
VHFLung,Right Apical Bronchopulmonary Segment,fibroblast,http://purl.obolibrary.org/obo/CL_0000057,1244.85714285714285714286,8714
VHFLung,Right Apical Bronchopulmonary Segment,intermediate monocyte,http://purl.obolibrary.org/obo/CL_0002393,3,12
VHFLung,Right Apical Bronchopulmonary Segment,lung ciliated cell,http://purl.obolibrary.org/obo/CL_1000271,616.85714285714285714286,4318
VHFLung,Right Apical Bronchopulmonary Segment,lung microvascular endothelial cell,http://purl.obolibrary.org/obo/CL_2000016,3.2,16
VHFLung,Right Apical Bronchopulmonary Segment,macrophage,http://purl.obolibrary.org/obo/CL_0000235,386.42857142857142857143,2705
VHFLung,Right Apical Bronchopulmonary Segment,mature NK T cell,http://purl.obolibrary.org/obo/CL_0000814,49.71428571428571428571,348
VHFLung,Right Apical Bronchopulmonary Segment,neutrophil,http://purl.obolibrary.org/obo/CL_0000775,104.28571428571428571429,730
VHFLung,Right Apical Bronchopulmonary Segment,non-classical monocyte,http://purl.obolibrary.org/obo/CL_0000875,99.71428571428571428571,698
VHFLung,Right Apical Bronchopulmonary Segment,pericyte,http://purl.obolibrary.org/obo/CL_0000669,67.85714285714285714286,475
VHFLung,Right Apical Bronchopulmonary Segment,plasma cell,http://purl.obolibrary.org/obo/CL_0000786,24.85714285714285714286,174
VHFLung,Right Apical Bronchopulmonary Segment,pre-TB secretory,http://purl.obolibrary.org/obo/CL_0019001,296.85714285714285714286,2078
VHFLung,Right Apical Bronchopulmonary Segment,pulmonary ionocyte,http://purl.obolibrary.org/obo/CL_0017000,4,4
VHFLung,Right Apical Bronchopulmonary Segment,respiratory goblet cell,http://purl.obolibrary.org/obo/CL_0002370,41.42857142857142857143,290
VHFLung,Right Apical Bronchopulmonary Segment,type I pneumocyte,http://purl.obolibrary.org/obo/CL_0002062,737.57142857142857142857,5163
VHFLung,Right Apical Bronchopulmonary Segment,type II pneumocyte,http://purl.obolibrary.org/obo/CL_0002063,2404.71428571428571428571,16833
VHFLung,Right Apical Bronchopulmonary Segment,vascular associated smooth muscle cell,http://purl.obolibrary.org/obo/CL_0000359,7.42857142857142857143,52
VHFLung,Right Apical Bronchopulmonary Segment,vein endothelial cell,http://purl.obolibrary.org/obo/CL_0002543,394.57142857142857142857,2762
VHFLung,Right Lateral Bronchopulmonary Segment,AT0,http://purl.obolibrary.org/obo/CL_0010003,34.94736842105263157895,664
VHFLung,Right Lateral Bronchopulmonary Segment,AT1,http://purl.obolibrary.org/obo/CL_0002062,2039.21052631578947368421,77490
VHFLung,Right Lateral Bronchopulmonary Segment,AT2,http://purl.obolibrary.org/obo/CL_0002063,2417.91666666666666666667,87045
VHFLung,Right Lateral Bronchopulmonary Segment,AT2 proliferating,http://purl.obolibrary.org/obo/CL_0002063,2499,4998
VHFLung,Right Lateral Bronchopulmonary Segment,Adventitial fibroblasts,http://purl.obolibrary.org/obo/CL_4028006,151.13157894736842105263,5743
VHFLung,Right Lateral Bronchopulmonary Segment,Alveolar Mph CCL3+,http://purl.obolibrary.org/obo/CL_4033041,8.05263157894736842105,153
VHFLung,Right Lateral Bronchopulmonary Segment,Alveolar Mph MT-positive,http://purl.obolibrary.org/obo/CL_4033042,8.25,66
VHFLung,Right Lateral Bronchopulmonary Segment,Alveolar Mph proliferating,http://purl.obolibrary.org/obo/CL_0000583,118.2,591
VHFLung,Right Lateral Bronchopulmonary Segment,Alveolar Mφ proliferating,https://purl.org/ccf/ASCTB-TEMP_alveolar-m-proliferating,3.25,13
VHFLung,Right Lateral Bronchopulmonary Segment,Alveolar fibroblasts,http://purl.obolibrary.org/obo/CL_4028004,907.15789473684210526316,34472
VHFLung,Right Lateral Bronchopulmonary Segment,Alveolar macrophages,http://purl.obolibrary.org/obo/CL_0000583,114.24137931034482758621,3313
VHFLung,Right Lateral Bronchopulmonary Segment,B cell,http://purl.obolibrary.org/obo/CL_0000236,54.10526315789473684211,1028
VHFLung,Right Lateral Bronchopulmonary Segment,B cells,http://purl.obolibrary.org/obo/CL_0000236,99.52631578947368421053,3782
VHFLung,Right Lateral Bronchopulmonary Segment,Basal resting,http://purl.obolibrary.org/obo/CL_0002633,1682.33333333333333333333,50470
VHFLung,Right Lateral Bronchopulmonary Segment,CD4 T cells,http://purl.obolibrary.org/obo/CL_0000492,2048.73684210526315789474,77852
VHFLung,Right Lateral Bronchopulmonary Segment,"CD4-positive, alpha-beta T cell",http://purl.obolibrary.org/obo/CL_0000624,1147.89473684210526315789,21810
VHFLung,Right Lateral Bronchopulmonary Segment,CD8 T cells,http://purl.obolibrary.org/obo/CL_0000913,517.21052631578947368421,19654
VHFLung,Right Lateral Bronchopulmonary Segment,"CD8-positive, alpha-beta T cell",http://purl.obolibrary.org/obo/CL_0000625,282.84210526315789473684,5374
VHFLung,Right Lateral Bronchopulmonary Segment,Classical monocytes,http://purl.obolibrary.org/obo/CL_0000576,97.39473684210526315789,3701
VHFLung,Right Lateral Bronchopulmonary Segment,Club (nasal),http://purl.obolibrary.org/obo/CL_0000158,1339.73333333333333333333,20096
VHFLung,Right Lateral Bronchopulmonary Segment,Club (non-nasal),http://purl.obolibrary.org/obo/CL_0000158,26.125,209
VHFLung,Right Lateral Bronchopulmonary Segment,DC1,http://purl.obolibrary.org/obo/CL_0002394,16.42105263157894736842,312
VHFLung,Right Lateral Bronchopulmonary Segment,DC2,http://purl.obolibrary.org/obo/CL_0002399,161.81578947368421052632,6149
VHFLung,Right Lateral Bronchopulmonary Segment,Deuterosomal,http://purl.obolibrary.org/obo/CL_4033044,10,200
VHFLung,Right Lateral Bronchopulmonary Segment,EC aerocyte capillary,http://purl.obolibrary.org/obo/CL_4028003,283.5,10773
VHFLung,Right Lateral Bronchopulmonary Segment,EC arterial,http://purl.obolibrary.org/obo/CL_1000413,251.07894736842105263158,9541
VHFLung,Right Lateral Bronchopulmonary Segment,EC general capillary,http://purl.obolibrary.org/obo/CL_0002144,2131.78947368421052631579,81008
VHFLung,Right Lateral Bronchopulmonary Segment,EC venous pulmonary,http://purl.obolibrary.org/obo/CL_1000414,94.62962962962962962963,2555
VHFLung,Right Lateral Bronchopulmonary Segment,EC venous systemic,http://purl.obolibrary.org/obo/CL_1000414,1414.09090909090909090909,15555
VHFLung,Right Lateral Bronchopulmonary Segment,Fibromyocytes,http://purl.obolibrary.org/obo/CL_0002553,6,12
VHFLung,Right Lateral Bronchopulmonary Segment,Goblet (bronchial),http://purl.obolibrary.org/obo/CL_0019003,2.71428571428571428571,19
VHFLung,Right Lateral Bronchopulmonary Segment,Goblet (nasal),http://purl.obolibrary.org/obo/CL_0002480,12.45833333333333333333,299
VHFLung,Right Lateral Bronchopulmonary Segment,Goblet (subsegmental),http://purl.obolibrary.org/obo/CL_1000312,324.57894736842105263158,6167
VHFLung,Right Lateral Bronchopulmonary Segment,Hematopoietic stem cells,http://purl.obolibrary.org/obo/CL_0000037,8.30769230769230769231,108
VHFLung,Right Lateral Bronchopulmonary Segment,Hillock-like,http://purl.obolibrary.org/obo/CL_0000158,122.25,978
VHFLung,Right Lateral Bronchopulmonary Segment,Interstitial Mph perivascular,http://purl.obolibrary.org/obo/CL_4033043,88.89473684210526315789,1689
VHFLung,Right Lateral Bronchopulmonary Segment,Interstitial Mφ perivascular,https://purl.org/ccf/ASCTB-TEMP_interstitial-m-perivascular,67.88888888888888888889,1222
VHFLung,Right Lateral Bronchopulmonary Segment,Ionocyte,http://purl.obolibrary.org/obo/CL_0005006,135.59375,4339
VHFLung,Right Lateral Bronchopulmonary Segment,Lymphatic EC differentiating,http://purl.obolibrary.org/obo/CL_0002138,183.84848484848484848485,6067
VHFLung,Right Lateral Bronchopulmonary Segment,Lymphatic EC mature,http://purl.obolibrary.org/obo/CL_0002138,154,770
VHFLung,Right Lateral Bronchopulmonary Segment,Mast cells,http://purl.obolibrary.org/obo/CL_0000097,37.18421052631578947368,1413
VHFLung,Right Lateral Bronchopulmonary Segment,Mesothelium,http://purl.obolibrary.org/obo/CL_1000491,17.875,286
VHFLung,Right Lateral Bronchopulmonary Segment,Migratory DCs,http://purl.obolibrary.org/obo/CL_0001056,9.89473684210526315789,188
VHFLung,Right Lateral Bronchopulmonary Segment,Monocyte-derived Mph,http://purl.obolibrary.org/obo/CL_1001603,580.47368421052631578947,11029
VHFLung,Right Lateral Bronchopulmonary Segment,Monocyte-derived Mφ,https://purl.org/ccf/ASCTB-TEMP_monocyte-derived-m,313.26315789473684210526,5952
VHFLung,Right Lateral Bronchopulmonary Segment,Multiciliated (nasal),http://purl.obolibrary.org/obo/CL_0005012,158,948
VHFLung,Right Lateral Bronchopulmonary Segment,Multiciliated (non-nasal),http://purl.obolibrary.org/obo/CL_0005012,1954.5625,62546
VHFLung,Right Lateral Bronchopulmonary Segment,Myofibroblasts,http://purl.obolibrary.org/obo/CL_0000186,106.05263157894736842105,4030
VHFLung,Right Lateral Bronchopulmonary Segment,NK cells,http://purl.obolibrary.org/obo/CL_0000623,67.74193548387096774194,2100
VHFLung,Right Lateral Bronchopulmonary Segment,Neuroendocrine,http://purl.obolibrary.org/obo/CL_0000165,119.43478260869565217391,2747
VHFLung,Right Lateral Bronchopulmonary Segment,Non-classical monocytes,https://purl.org/ccf/ASCTB-TEMP_non-classical-monocytes,847.71052631578947368421,32213
VHFLung,Right Lateral Bronchopulmonary Segment,Peribronchial fibroblasts,http://purl.obolibrary.org/obo/CL_0002241,88.91428571428571428571,3112
VHFLung,Right Lateral Bronchopulmonary Segment,Pericytes,http://purl.obolibrary.org/obo/CL_0009089,164.71052631578947368421,6259
VHFLung,Right Lateral Bronchopulmonary Segment,Plasma cells,http://purl.obolibrary.org/obo/CL_0000786,43.82758620689655172414,1271
VHFLung,Right Lateral Bronchopulmonary Segment,Plasmacytoid DCs,http://purl.obolibrary.org/obo/CL_0000784,14.9,298
VHFLung,Right Lateral Bronchopulmonary Segment,SM activated stress response,http://purl.obolibrary.org/obo/CL_0000313,23.06666666666666666667,346
VHFLung,Right Lateral Bronchopulmonary Segment,SMG duct,http://purl.obolibrary.org/obo/CL_4033023,3.11111111111111111111,56
VHFLung,Right Lateral Bronchopulmonary Segment,SMG mucous,http://purl.obolibrary.org/obo/CL_4033022,39.61538461538461538462,515
VHFLung,Right Lateral Bronchopulmonary Segment,SMG serous (bronchial),http://purl.obolibrary.org/obo/CL_4033005,16.76923076923076923077,218
VHFLung,Right Lateral Bronchopulmonary Segment,SMG serous (nasal),http://purl.obolibrary.org/obo/CL_0000313,20.2,303
VHFLung,Right Lateral Bronchopulmonary Segment,Smooth muscle,http://purl.obolibrary.org/obo/CL_0000192,159.68571428571428571429,5589
VHFLung,Right Lateral Bronchopulmonary Segment,Smooth muscle FAM83D+,http://purl.obolibrary.org/obo/CL_0000192,435,1305
VHFLung,Right Lateral Bronchopulmonary Segment,Subpleural fibroblasts,http://purl.obolibrary.org/obo/CL_4023054,2.88888888888888888889,26
VHFLung,Right Lateral Bronchopulmonary Segment,Suprabasal,http://purl.obolibrary.org/obo/CL_0002633,90.5,724
VHFLung,Right Lateral Bronchopulmonary Segment,T cells proliferating,http://purl.obolibrary.org/obo/CL_0000084,5.95652173913043478261,137
VHFLung,Right Lateral Bronchopulmonary Segment,Transitional Club-AT2,https://purl.org/ccf/ASCTB-TEMP_transitional-club-at2,45.26315789473684210526,860
VHFLung,Right Lateral Bronchopulmonary Segment,Tuft,http://purl.obolibrary.org/obo/CL_0002075,5.85,117
VHFLung,Right Lateral Bronchopulmonary Segment,adventitial cell,http://purl.obolibrary.org/obo/CL_4028006,2.2,22
VHFLung,Right Lateral Bronchopulmonary Segment,basal cell,http://purl.obolibrary.org/obo/CL_0000646,134.94736842105263157895,2564
VHFLung,Right Lateral Bronchopulmonary Segment,basophil,http://purl.obolibrary.org/obo/CL_0000767,190.42105263157894736842,3618
VHFLung,Right Lateral Bronchopulmonary Segment,blood vessel endothelial cell,http://purl.obolibrary.org/obo/CL_0000071,1,3
VHFLung,Right Lateral Bronchopulmonary Segment,bronchial smooth muscle cell,http://purl.obolibrary.org/obo/CL_0002598,63.36842105263157894737,1204
VHFLung,Right Lateral Bronchopulmonary Segment,capillary endothelial cell,http://purl.obolibrary.org/obo/CL_0002144,980.26315789473684210526,18625
VHFLung,Right Lateral Bronchopulmonary Segment,classical monocyte,http://purl.obolibrary.org/obo/CL_0000860,174.57894736842105263158,3317
VHFLung,Right Lateral Bronchopulmonary Segment,club cell,http://purl.obolibrary.org/obo/CL_0000158,305.26315789473684210526,5800
VHFLung,Right Lateral Bronchopulmonary Segment,dendritic cell,http://purl.obolibrary.org/obo/CL_0000451,14.78947368421052631579,281
VHFLung,Right Lateral Bronchopulmonary Segment,"effector CD4-positive, alpha-beta T cell",http://purl.obolibrary.org/obo/CL_0001044,19.10526315789473684211,363
VHFLung,Right Lateral Bronchopulmonary Segment,"effector CD8-positive, alpha-beta T cell",http://purl.obolibrary.org/obo/CL_0001050,240.15789473684210526316,4563
VHFLung,Right Lateral Bronchopulmonary Segment,endothelial cell of artery,http://purl.obolibrary.org/obo/CL_1000413,38.05263157894736842105,723
VHFLung,Right Lateral Bronchopulmonary Segment,endothelial cell of lymphatic vessel,http://purl.obolibrary.org/obo/CL_0002138,60.36842105263157894737,1147
VHFLung,Right Lateral Bronchopulmonary Segment,fibroblast,http://purl.obolibrary.org/obo/CL_0000057,1309.84210526315789473684,24887
VHFLung,Right Lateral Bronchopulmonary Segment,intermediate monocyte,http://purl.obolibrary.org/obo/CL_0002393,4.5625,73
VHFLung,Right Lateral Bronchopulmonary Segment,lung ciliated cell,http://purl.obolibrary.org/obo/CL_1000271,264.63157894736842105263,5028
VHFLung,Right Lateral Bronchopulmonary Segment,lung microvascular endothelial cell,http://purl.obolibrary.org/obo/CL_2000016,4.30769230769230769231,56
VHFLung,Right Lateral Bronchopulmonary Segment,macrophage,http://purl.obolibrary.org/obo/CL_0000235,1007.26315789473684210526,19138
VHFLung,Right Lateral Bronchopulmonary Segment,mature NK T cell,http://purl.obolibrary.org/obo/CL_0000814,33.73684210526315789474,641
VHFLung,Right Lateral Bronchopulmonary Segment,neutrophil,http://purl.obolibrary.org/obo/CL_0000775,65.21052631578947368421,1239
VHFLung,Right Lateral Bronchopulmonary Segment,non-classical monocyte,http://purl.obolibrary.org/obo/CL_0000875,204.15789473684210526316,3879
VHFLung,Right Lateral Bronchopulmonary Segment,pericyte,http://purl.obolibrary.org/obo/CL_0000669,75.78947368421052631579,1440
VHFLung,Right Lateral Bronchopulmonary Segment,plasma cell,http://purl.obolibrary.org/obo/CL_0000786,36.36842105263157894737,691
VHFLung,Right Lateral Bronchopulmonary Segment,pre-TB secretory,http://purl.obolibrary.org/obo/CL_0019001,197.21052631578947368421,3747
VHFLung,Right Lateral Bronchopulmonary Segment,pulmonary ionocyte,http://purl.obolibrary.org/obo/CL_0017000,1.33333333333333333333,4
VHFLung,Right Lateral Bronchopulmonary Segment,respiratory goblet cell,http://purl.obolibrary.org/obo/CL_0002370,20.8125,333
VHFLung,Right Lateral Bronchopulmonary Segment,serous cell of epithelium of bronchus,http://purl.obolibrary.org/obo/CL_1000331,1.2,6
VHFLung,Right Lateral Bronchopulmonary Segment,smooth muscle cell,http://purl.obolibrary.org/obo/CL_0000192,2.2,11
VHFLung,Right Lateral Bronchopulmonary Segment,type I pneumocyte,http://purl.obolibrary.org/obo/CL_0002062,651.63157894736842105263,12381
VHFLung,Right Lateral Bronchopulmonary Segment,type II pneumocyte,http://purl.obolibrary.org/obo/CL_0002063,2290.89473684210526315789,43527
VHFLung,Right Lateral Bronchopulmonary Segment,vascular associated smooth muscle cell,http://purl.obolibrary.org/obo/CL_0000359,17.10526315789473684211,325
VHFLung,Right Lateral Bronchopulmonary Segment,vein endothelial cell,http://purl.obolibrary.org/obo/CL_0002543,227.68421052631578947368,4326
VHFLung,Right Medial Bronchopulmonary Segment,AT0,http://purl.obolibrary.org/obo/CL_0010003,24.57894736842105263158,467
VHFLung,Right Medial Bronchopulmonary Segment,AT1,http://purl.obolibrary.org/obo/CL_0002062,720.68421052631578947368,27386
VHFLung,Right Medial Bronchopulmonary Segment,AT2,http://purl.obolibrary.org/obo/CL_0002063,1396.81578947368421052632,53079
VHFLung,Right Medial Bronchopulmonary Segment,Adventitial fibroblasts,http://purl.obolibrary.org/obo/CL_4028006,106.44736842105263157895,4045
VHFLung,Right Medial Bronchopulmonary Segment,Alveolar Mph CCL3+,http://purl.obolibrary.org/obo/CL_4033041,4.41176470588235294118,75
VHFLung,Right Medial Bronchopulmonary Segment,Alveolar Mph MT-positive,http://purl.obolibrary.org/obo/CL_4033042,2.75,22
VHFLung,Right Medial Bronchopulmonary Segment,Alveolar Mph proliferating,http://purl.obolibrary.org/obo/CL_0000583,84.5,338
VHFLung,Right Medial Bronchopulmonary Segment,Alveolar fibroblasts,http://purl.obolibrary.org/obo/CL_4028004,625.23684210526315789474,23759
VHFLung,Right Medial Bronchopulmonary Segment,Alveolar macrophages,http://purl.obolibrary.org/obo/CL_0000583,106.32,2658
VHFLung,Right Medial Bronchopulmonary Segment,B cell,http://purl.obolibrary.org/obo/CL_0000236,50.78947368421052631579,965
VHFLung,Right Medial Bronchopulmonary Segment,B cells,http://purl.obolibrary.org/obo/CL_0000236,87.47368421052631578947,3324
VHFLung,Right Medial Bronchopulmonary Segment,Basal resting,http://purl.obolibrary.org/obo/CL_0002633,112.71428571428571428571,3156
VHFLung,Right Medial Bronchopulmonary Segment,CD4 T cells,http://purl.obolibrary.org/obo/CL_0000492,365.47368421052631578947,13888
VHFLung,Right Medial Bronchopulmonary Segment,"CD4-positive, alpha-beta T cell",http://purl.obolibrary.org/obo/CL_0000624,678.57894736842105263158,12893
VHFLung,Right Medial Bronchopulmonary Segment,CD8 T cells,http://purl.obolibrary.org/obo/CL_0000913,259.5,9861
VHFLung,Right Medial Bronchopulmonary Segment,"CD8-positive, alpha-beta T cell",http://purl.obolibrary.org/obo/CL_0000625,180.47368421052631578947,3429
VHFLung,Right Medial Bronchopulmonary Segment,Classical monocytes,http://purl.obolibrary.org/obo/CL_0000576,69.97368421052631578947,2659
VHFLung,Right Medial Bronchopulmonary Segment,Club (nasal),http://purl.obolibrary.org/obo/CL_0000158,71.125,1138
VHFLung,Right Medial Bronchopulmonary Segment,Club (non-nasal),http://purl.obolibrary.org/obo/CL_0000158,66,660
VHFLung,Right Medial Bronchopulmonary Segment,DC1,http://purl.obolibrary.org/obo/CL_0002394,7.21052631578947368421,137
VHFLung,Right Medial Bronchopulmonary Segment,DC2,http://purl.obolibrary.org/obo/CL_0002399,92,3496
VHFLung,Right Medial Bronchopulmonary Segment,Deuterosomal,http://purl.obolibrary.org/obo/CL_4033044,9.5625,153
VHFLung,Right Medial Bronchopulmonary Segment,EC aerocyte capillary,http://purl.obolibrary.org/obo/CL_4028003,191.13157894736842105263,7263
VHFLung,Right Medial Bronchopulmonary Segment,EC arterial,http://purl.obolibrary.org/obo/CL_1000413,110.07894736842105263158,4183
VHFLung,Right Medial Bronchopulmonary Segment,EC general capillary,http://purl.obolibrary.org/obo/CL_0002144,851.94736842105263157895,32374
VHFLung,Right Medial Bronchopulmonary Segment,EC venous pulmonary,http://purl.obolibrary.org/obo/CL_1000414,80.76190476190476190476,1696
VHFLung,Right Medial Bronchopulmonary Segment,EC venous systemic,http://purl.obolibrary.org/obo/CL_1000414,179.88235294117647058824,3058
VHFLung,Right Medial Bronchopulmonary Segment,Goblet (bronchial),http://purl.obolibrary.org/obo/CL_0019003,5.2,78
VHFLung,Right Medial Bronchopulmonary Segment,Goblet (nasal),http://purl.obolibrary.org/obo/CL_0002480,11.80769230769230769231,307
VHFLung,Right Medial Bronchopulmonary Segment,Goblet (subsegmental),http://purl.obolibrary.org/obo/CL_1000312,83.10526315789473684211,1579
VHFLung,Right Medial Bronchopulmonary Segment,Hematopoietic stem cells,http://purl.obolibrary.org/obo/CL_0000037,2.72727272727272727273,30
VHFLung,Right Medial Bronchopulmonary Segment,Hillock-like,http://purl.obolibrary.org/obo/CL_0000158,111.66666666666666666667,670
VHFLung,Right Medial Bronchopulmonary Segment,Interstitial Mph perivascular,http://purl.obolibrary.org/obo/CL_4033043,60.78947368421052631579,1155
VHFLung,Right Medial Bronchopulmonary Segment,Interstitial Mφ perivascular,https://purl.org/ccf/ASCTB-TEMP_interstitial-m-perivascular,52.64705882352941176471,895
VHFLung,Right Medial Bronchopulmonary Segment,Ionocyte,http://purl.obolibrary.org/obo/CL_0005006,17.9,537
VHFLung,Right Medial Bronchopulmonary Segment,Lymphatic EC differentiating,http://purl.obolibrary.org/obo/CL_0002138,147.70967741935483870968,4579
VHFLung,Right Medial Bronchopulmonary Segment,Lymphatic EC mature,http://purl.obolibrary.org/obo/CL_0002138,52,364
VHFLung,Right Medial Bronchopulmonary Segment,Mast cells,http://purl.obolibrary.org/obo/CL_0000097,33.78947368421052631579,1284
VHFLung,Right Medial Bronchopulmonary Segment,Mesothelium,http://purl.obolibrary.org/obo/CL_1000491,3.5625,57
VHFLung,Right Medial Bronchopulmonary Segment,Migratory DCs,http://purl.obolibrary.org/obo/CL_0001056,5.31578947368421052632,101
VHFLung,Right Medial Bronchopulmonary Segment,Monocyte-derived Mph,http://purl.obolibrary.org/obo/CL_1001603,442.57894736842105263158,8409
VHFLung,Right Medial Bronchopulmonary Segment,Monocyte-derived Mφ,https://purl.org/ccf/ASCTB-TEMP_monocyte-derived-m,201.42105263157894736842,3827
VHFLung,Right Medial Bronchopulmonary Segment,Multiciliated (nasal),http://purl.obolibrary.org/obo/CL_0005012,158,948
VHFLung,Right Medial Bronchopulmonary Segment,Multiciliated (non-nasal),http://purl.obolibrary.org/obo/CL_0005012,346.28125,11081
VHFLung,Right Medial Bronchopulmonary Segment,Myofibroblasts,http://purl.obolibrary.org/obo/CL_0000186,86.21052631578947368421,3276
VHFLung,Right Medial Bronchopulmonary Segment,NK cells,http://purl.obolibrary.org/obo/CL_0000623,64.76,1619
VHFLung,Right Medial Bronchopulmonary Segment,Neuroendocrine,http://purl.obolibrary.org/obo/CL_0000165,14.61904761904761904762,307
VHFLung,Right Medial Bronchopulmonary Segment,Non-classical monocytes,https://purl.org/ccf/ASCTB-TEMP_non-classical-monocytes,461.81578947368421052632,17549
VHFLung,Right Medial Bronchopulmonary Segment,Peribronchial fibroblasts,http://purl.obolibrary.org/obo/CL_0002241,65.45161290322580645161,2029
VHFLung,Right Medial Bronchopulmonary Segment,Pericytes,http://purl.obolibrary.org/obo/CL_0009089,137.92105263157894736842,5241
VHFLung,Right Medial Bronchopulmonary Segment,Plasma cells,http://purl.obolibrary.org/obo/CL_0000786,27.48148148148148148148,742
VHFLung,Right Medial Bronchopulmonary Segment,Plasmacytoid DCs,http://purl.obolibrary.org/obo/CL_0000784,8.04761904761904761905,169
VHFLung,Right Medial Bronchopulmonary Segment,SM activated stress response,http://purl.obolibrary.org/obo/CL_0000313,35.09090909090909090909,386
VHFLung,Right Medial Bronchopulmonary Segment,SMG duct,http://purl.obolibrary.org/obo/CL_4033023,2.36842105263157894737,45
VHFLung,Right Medial Bronchopulmonary Segment,SMG mucous,http://purl.obolibrary.org/obo/CL_4033022,6.81818181818181818182,75
VHFLung,Right Medial Bronchopulmonary Segment,SMG serous (bronchial),http://purl.obolibrary.org/obo/CL_4033005,5.92307692307692307692,77
VHFLung,Right Medial Bronchopulmonary Segment,SMG serous (nasal),http://purl.obolibrary.org/obo/CL_0000313,7.70588235294117647059,131
VHFLung,Right Medial Bronchopulmonary Segment,Smooth muscle,http://purl.obolibrary.org/obo/CL_0000192,103.57894736842105263158,3936
VHFLung,Right Medial Bronchopulmonary Segment,Subpleural fibroblasts,http://purl.obolibrary.org/obo/CL_4023054,3.11111111111111111111,28
VHFLung,Right Medial Bronchopulmonary Segment,Suprabasal,http://purl.obolibrary.org/obo/CL_0002633,64.25,514
VHFLung,Right Medial Bronchopulmonary Segment,T cells proliferating,http://purl.obolibrary.org/obo/CL_0000084,3.76470588235294117647,64
VHFLung,Right Medial Bronchopulmonary Segment,Transitional Club-AT2,https://purl.org/ccf/ASCTB-TEMP_transitional-club-at2,39.68421052631578947368,754
VHFLung,Right Medial Bronchopulmonary Segment,Tuft,http://purl.obolibrary.org/obo/CL_0002075,4.35294117647058823529,74
VHFLung,Right Medial Bronchopulmonary Segment,adventitial cell,http://purl.obolibrary.org/obo/CL_4028006,3.18181818181818181818,35
VHFLung,Right Medial Bronchopulmonary Segment,basal cell,http://purl.obolibrary.org/obo/CL_0000646,103.63157894736842105263,1969
VHFLung,Right Medial Bronchopulmonary Segment,basophil,http://purl.obolibrary.org/obo/CL_0000767,168,3192
VHFLung,Right Medial Bronchopulmonary Segment,blood vessel endothelial cell,http://purl.obolibrary.org/obo/CL_0000071,1,2
VHFLung,Right Medial Bronchopulmonary Segment,bronchial smooth muscle cell,http://purl.obolibrary.org/obo/CL_0002598,43.78947368421052631579,832
VHFLung,Right Medial Bronchopulmonary Segment,capillary endothelial cell,http://purl.obolibrary.org/obo/CL_0002144,778.05263157894736842105,14783
VHFLung,Right Medial Bronchopulmonary Segment,classical monocyte,http://purl.obolibrary.org/obo/CL_0000860,106.73684210526315789474,2028
VHFLung,Right Medial Bronchopulmonary Segment,club cell,http://purl.obolibrary.org/obo/CL_0000158,222.68421052631578947368,4231
VHFLung,Right Medial Bronchopulmonary Segment,dendritic cell,http://purl.obolibrary.org/obo/CL_0000451,10.15789473684210526316,193
VHFLung,Right Medial Bronchopulmonary Segment,"effector CD4-positive, alpha-beta T cell",http://purl.obolibrary.org/obo/CL_0001044,18.42105263157894736842,350
VHFLung,Right Medial Bronchopulmonary Segment,"effector CD8-positive, alpha-beta T cell",http://purl.obolibrary.org/obo/CL_0001050,139.52631578947368421053,2651
VHFLung,Right Medial Bronchopulmonary Segment,endothelial cell of artery,http://purl.obolibrary.org/obo/CL_1000413,32.52631578947368421053,618
VHFLung,Right Medial Bronchopulmonary Segment,endothelial cell of lymphatic vessel,http://purl.obolibrary.org/obo/CL_0002138,51.89473684210526315789,986
VHFLung,Right Medial Bronchopulmonary Segment,fibroblast,http://purl.obolibrary.org/obo/CL_0000057,1023.94736842105263157895,19455
VHFLung,Right Medial Bronchopulmonary Segment,intermediate monocyte,http://purl.obolibrary.org/obo/CL_0002393,4,64
VHFLung,Right Medial Bronchopulmonary Segment,lung ciliated cell,http://purl.obolibrary.org/obo/CL_1000271,219.31578947368421052632,4167
VHFLung,Right Medial Bronchopulmonary Segment,lung microvascular endothelial cell,http://purl.obolibrary.org/obo/CL_2000016,4.61538461538461538462,60
VHFLung,Right Medial Bronchopulmonary Segment,macrophage,http://purl.obolibrary.org/obo/CL_0000235,702.73684210526315789474,13352
VHFLung,Right Medial Bronchopulmonary Segment,mature NK T cell,http://purl.obolibrary.org/obo/CL_0000814,27.36842105263157894737,520
VHFLung,Right Medial Bronchopulmonary Segment,neutrophil,http://purl.obolibrary.org/obo/CL_0000775,47.10526315789473684211,895
VHFLung,Right Medial Bronchopulmonary Segment,non-classical monocyte,http://purl.obolibrary.org/obo/CL_0000875,152.68421052631578947368,2901
VHFLung,Right Medial Bronchopulmonary Segment,pericyte,http://purl.obolibrary.org/obo/CL_0000669,65.52631578947368421053,1245
VHFLung,Right Medial Bronchopulmonary Segment,plasma cell,http://purl.obolibrary.org/obo/CL_0000786,35.21052631578947368421,669
VHFLung,Right Medial Bronchopulmonary Segment,pre-TB secretory,http://purl.obolibrary.org/obo/CL_0019001,156.63157894736842105263,2976
VHFLung,Right Medial Bronchopulmonary Segment,respiratory goblet cell,http://purl.obolibrary.org/obo/CL_0002370,29.8125,477
VHFLung,Right Medial Bronchopulmonary Segment,serous cell of epithelium of bronchus,http://purl.obolibrary.org/obo/CL_1000331,1,4
VHFLung,Right Medial Bronchopulmonary Segment,smooth muscle cell,http://purl.obolibrary.org/obo/CL_0000192,2.2,11
VHFLung,Right Medial Bronchopulmonary Segment,type I pneumocyte,http://purl.obolibrary.org/obo/CL_0002062,471.94736842105263157895,8967
VHFLung,Right Medial Bronchopulmonary Segment,type II pneumocyte,http://purl.obolibrary.org/obo/CL_0002063,1448.89473684210526315789,27529
VHFLung,Right Medial Bronchopulmonary Segment,vascular associated smooth muscle cell,http://purl.obolibrary.org/obo/CL_0000359,15.05263157894736842105,286
VHFLung,Right Medial Bronchopulmonary Segment,vein endothelial cell,http://purl.obolibrary.org/obo/CL_0002543,203.52631578947368421053,3867
VHFLung,Right Posterior Bronchopulmonary Segment,AT0,http://purl.obolibrary.org/obo/CL_0010003,24.27272727272727272727,267
VHFLung,Right Posterior Bronchopulmonary Segment,AT1,http://purl.obolibrary.org/obo/CL_0002062,2025.13636363636363636364,44553
VHFLung,Right Posterior Bronchopulmonary Segment,AT2,http://purl.obolibrary.org/obo/CL_0002063,2611.59090909090909090909,57455
VHFLung,Right Posterior Bronchopulmonary Segment,Adventitial fibroblasts,http://purl.obolibrary.org/obo/CL_4028006,118.86363636363636363636,2615
VHFLung,Right Posterior Bronchopulmonary Segment,Alveolar Mph CCL3+,http://purl.obolibrary.org/obo/CL_4033041,14.81818181818181818182,163
VHFLung,Right Posterior Bronchopulmonary Segment,Alveolar Mph MT-positive,http://purl.obolibrary.org/obo/CL_4033042,6,54
VHFLung,Right Posterior Bronchopulmonary Segment,Alveolar Mph proliferating,http://purl.obolibrary.org/obo/CL_0000583,13,13
VHFLung,Right Posterior Bronchopulmonary Segment,Alveolar fibroblasts,http://purl.obolibrary.org/obo/CL_4028004,1201.09090909090909090909,26424
VHFLung,Right Posterior Bronchopulmonary Segment,Alveolar macrophages,http://purl.obolibrary.org/obo/CL_0000583,66.05263157894736842105,1255
VHFLung,Right Posterior Bronchopulmonary Segment,B cell,http://purl.obolibrary.org/obo/CL_0000236,21.81818181818181818182,240
VHFLung,Right Posterior Bronchopulmonary Segment,B cells,http://purl.obolibrary.org/obo/CL_0000236,87.86363636363636363636,1933
VHFLung,Right Posterior Bronchopulmonary Segment,Basal resting,http://purl.obolibrary.org/obo/CL_0002633,2504.55555555555555555556,45082
VHFLung,Right Posterior Bronchopulmonary Segment,CD4 T cells,http://purl.obolibrary.org/obo/CL_0000492,2604.18181818181818181818,57292
VHFLung,Right Posterior Bronchopulmonary Segment,"CD4-positive, alpha-beta T cell",http://purl.obolibrary.org/obo/CL_0000624,1726.09090909090909090909,18987
VHFLung,Right Posterior Bronchopulmonary Segment,CD8 T cells,http://purl.obolibrary.org/obo/CL_0000913,1117.09090909090909090909,24576
VHFLung,Right Posterior Bronchopulmonary Segment,"CD8-positive, alpha-beta T cell",http://purl.obolibrary.org/obo/CL_0000625,312.72727272727272727273,3440
VHFLung,Right Posterior Bronchopulmonary Segment,Classical monocytes,http://purl.obolibrary.org/obo/CL_0000576,142.36363636363636363636,3132
VHFLung,Right Posterior Bronchopulmonary Segment,Club (nasal),http://purl.obolibrary.org/obo/CL_0000158,2689.75,10759
VHFLung,Right Posterior Bronchopulmonary Segment,Club (non-nasal),http://purl.obolibrary.org/obo/CL_0000158,36.66666666666666666667,220
VHFLung,Right Posterior Bronchopulmonary Segment,DC1,http://purl.obolibrary.org/obo/CL_0002394,17,187
VHFLung,Right Posterior Bronchopulmonary Segment,DC2,http://purl.obolibrary.org/obo/CL_0002399,191.13636363636363636364,4205
VHFLung,Right Posterior Bronchopulmonary Segment,Deuterosomal,http://purl.obolibrary.org/obo/CL_4033044,35.58823529411764705882,605
VHFLung,Right Posterior Bronchopulmonary Segment,EC aerocyte capillary,http://purl.obolibrary.org/obo/CL_4028003,416.68181818181818181818,9167
VHFLung,Right Posterior Bronchopulmonary Segment,EC arterial,http://purl.obolibrary.org/obo/CL_1000413,360.81818181818181818182,7938
VHFLung,Right Posterior Bronchopulmonary Segment,EC general capillary,http://purl.obolibrary.org/obo/CL_0002144,2544.40909090909090909091,55977
VHFLung,Right Posterior Bronchopulmonary Segment,EC venous pulmonary,http://purl.obolibrary.org/obo/CL_1000414,371.1,7422
VHFLung,Right Posterior Bronchopulmonary Segment,EC venous systemic,http://purl.obolibrary.org/obo/CL_1000414,2993.5,5987
VHFLung,Right Posterior Bronchopulmonary Segment,Goblet (bronchial),http://purl.obolibrary.org/obo/CL_0019003,2.54545454545454545455,28
VHFLung,Right Posterior Bronchopulmonary Segment,Goblet (nasal),http://purl.obolibrary.org/obo/CL_0002480,28.3125,453
VHFLung,Right Posterior Bronchopulmonary Segment,Goblet (subsegmental),http://purl.obolibrary.org/obo/CL_1000312,456.18181818181818181818,5018
VHFLung,Right Posterior Bronchopulmonary Segment,Hematopoietic stem cells,http://purl.obolibrary.org/obo/CL_0000037,3.45454545454545454545,38
VHFLung,Right Posterior Bronchopulmonary Segment,Hillock-like,http://purl.obolibrary.org/obo/CL_0000158,307,3070
VHFLung,Right Posterior Bronchopulmonary Segment,Interstitial Mph perivascular,http://purl.obolibrary.org/obo/CL_4033043,84.36363636363636363636,928
VHFLung,Right Posterior Bronchopulmonary Segment,Interstitial Mφ perivascular,https://purl.org/ccf/ASCTB-TEMP_interstitial-m-perivascular,7.5,45
VHFLung,Right Posterior Bronchopulmonary Segment,Ionocyte,http://purl.obolibrary.org/obo/CL_0005006,134.81818181818181818182,2966
VHFLung,Right Posterior Bronchopulmonary Segment,Lymphatic EC differentiating,http://purl.obolibrary.org/obo/CL_0002138,380.15384615384615384615,4942
VHFLung,Right Posterior Bronchopulmonary Segment,Lymphatic EC mature,http://purl.obolibrary.org/obo/CL_0002138,158.33333333333333333333,1425
VHFLung,Right Posterior Bronchopulmonary Segment,Mast cells,http://purl.obolibrary.org/obo/CL_0000097,147.72727272727272727273,3250
VHFLung,Right Posterior Bronchopulmonary Segment,Mesothelium,http://purl.obolibrary.org/obo/CL_1000491,19.09090909090909090909,210
VHFLung,Right Posterior Bronchopulmonary Segment,Migratory DCs,http://purl.obolibrary.org/obo/CL_0001056,16.09090909090909090909,177
VHFLung,Right Posterior Bronchopulmonary Segment,Monocyte-derived Mph,http://purl.obolibrary.org/obo/CL_1001603,234.27272727272727272727,2577
VHFLung,Right Posterior Bronchopulmonary Segment,Monocyte-derived Mφ,https://purl.org/ccf/ASCTB-TEMP_monocyte-derived-m,83.27272727272727272727,916
VHFLung,Right Posterior Bronchopulmonary Segment,Multiciliated (non-nasal),http://purl.obolibrary.org/obo/CL_0005012,1575.04545454545454545455,34651
VHFLung,Right Posterior Bronchopulmonary Segment,Myofibroblasts,http://purl.obolibrary.org/obo/CL_0000186,191.81818181818181818182,4220
VHFLung,Right Posterior Bronchopulmonary Segment,NK cells,http://purl.obolibrary.org/obo/CL_0000623,74.47368421052631578947,1415
VHFLung,Right Posterior Bronchopulmonary Segment,Neuroendocrine,http://purl.obolibrary.org/obo/CL_0000165,95.18181818181818181818,1047
VHFLung,Right Posterior Bronchopulmonary Segment,Non-classical monocytes,http://purl.obolibrary.org/obo/CL_0000875,377.68181818181818181818,8309
VHFLung,Right Posterior Bronchopulmonary Segment,Peribronchial fibroblasts,http://purl.obolibrary.org/obo/CL_0002241,67.2,1008
VHFLung,Right Posterior Bronchopulmonary Segment,Pericytes,http://purl.obolibrary.org/obo/CL_0000669,275.54545454545454545455,6062
VHFLung,Right Posterior Bronchopulmonary Segment,Plasma cells,http://purl.obolibrary.org/obo/CL_0000786,61.73684210526315789474,1173
VHFLung,Right Posterior Bronchopulmonary Segment,Plasmacytoid DCs,http://purl.obolibrary.org/obo/CL_0000784,18.14285714285714285714,254
VHFLung,Right Posterior Bronchopulmonary Segment,SM activated stress response,http://purl.obolibrary.org/obo/CL_0000313,45,540
VHFLung,Right Posterior Bronchopulmonary Segment,SMG duct,http://purl.obolibrary.org/obo/CL_4033023,8.07692307692307692308,105
VHFLung,Right Posterior Bronchopulmonary Segment,SMG mucous,http://purl.obolibrary.org/obo/CL_4033022,35.81818181818181818182,394
VHFLung,Right Posterior Bronchopulmonary Segment,SMG serous (bronchial),http://purl.obolibrary.org/obo/CL_4033005,17.92307692307692307692,233
VHFLung,Right Posterior Bronchopulmonary Segment,SMG serous (nasal),http://purl.obolibrary.org/obo/CL_0000313,29.6,296
VHFLung,Right Posterior Bronchopulmonary Segment,Smooth muscle,http://purl.obolibrary.org/obo/CL_0000192,635.9,12718
VHFLung,Right Posterior Bronchopulmonary Segment,Smooth muscle FAM83D+,http://purl.obolibrary.org/obo/CL_0000192,112,224
VHFLung,Right Posterior Bronchopulmonary Segment,Subpleural fibroblasts,http://purl.obolibrary.org/obo/CL_4023054,3.11111111111111111111,28
VHFLung,Right Posterior Bronchopulmonary Segment,Suprabasal,http://purl.obolibrary.org/obo/CL_0002633,119,238
VHFLung,Right Posterior Bronchopulmonary Segment,T cells proliferating,http://purl.obolibrary.org/obo/CL_0000084,6.13333333333333333333,92
VHFLung,Right Posterior Bronchopulmonary Segment,Transitional Club-AT2,https://purl.org/ccf/ASCTB-TEMP_transitional-club-at2,60.27272727272727272727,663
VHFLung,Right Posterior Bronchopulmonary Segment,Tuft,http://purl.obolibrary.org/obo/CL_0002075,8.83333333333333333333,106
VHFLung,Right Posterior Bronchopulmonary Segment,adventitial cell,http://purl.obolibrary.org/obo/CL_4028006,1.66666666666666666667,5
VHFLung,Right Posterior Bronchopulmonary Segment,basal cell,http://purl.obolibrary.org/obo/CL_0000646,274.63636363636363636364,3021
VHFLung,Right Posterior Bronchopulmonary Segment,basophil,http://purl.obolibrary.org/obo/CL_0000767,544.18181818181818181818,5986
VHFLung,Right Posterior Bronchopulmonary Segment,bronchial smooth muscle cell,http://purl.obolibrary.org/obo/CL_0002598,41.27272727272727272727,454
VHFLung,Right Posterior Bronchopulmonary Segment,capillary endothelial cell,http://purl.obolibrary.org/obo/CL_0002144,1946.72727272727272727273,21414
VHFLung,Right Posterior Bronchopulmonary Segment,classical monocyte,http://purl.obolibrary.org/obo/CL_0000860,76,836
VHFLung,Right Posterior Bronchopulmonary Segment,club cell,http://purl.obolibrary.org/obo/CL_0000158,527.54545454545454545455,5803
VHFLung,Right Posterior Bronchopulmonary Segment,dendritic cell,http://purl.obolibrary.org/obo/CL_0000451,1.4,7
VHFLung,Right Posterior Bronchopulmonary Segment,"effector CD4-positive, alpha-beta T cell",http://purl.obolibrary.org/obo/CL_0001044,24.63636363636363636364,271
VHFLung,Right Posterior Bronchopulmonary Segment,"effector CD8-positive, alpha-beta T cell",http://purl.obolibrary.org/obo/CL_0001050,354.54545454545454545455,3900
VHFLung,Right Posterior Bronchopulmonary Segment,endothelial cell of artery,http://purl.obolibrary.org/obo/CL_1000413,46.90909090909090909091,516
VHFLung,Right Posterior Bronchopulmonary Segment,endothelial cell of lymphatic vessel,http://purl.obolibrary.org/obo/CL_0002138,27.09090909090909090909,298
VHFLung,Right Posterior Bronchopulmonary Segment,fibroblast,http://purl.obolibrary.org/obo/CL_0000057,1613.09090909090909090909,17744
VHFLung,Right Posterior Bronchopulmonary Segment,intermediate monocyte,http://purl.obolibrary.org/obo/CL_0002393,3,30
VHFLung,Right Posterior Bronchopulmonary Segment,lung ciliated cell,http://purl.obolibrary.org/obo/CL_1000271,672.18181818181818181818,7394
VHFLung,Right Posterior Bronchopulmonary Segment,lung microvascular endothelial cell,http://purl.obolibrary.org/obo/CL_2000016,8.54545454545454545455,94
VHFLung,Right Posterior Bronchopulmonary Segment,macrophage,http://purl.obolibrary.org/obo/CL_0000235,467.90909090909090909091,5147
VHFLung,Right Posterior Bronchopulmonary Segment,mature NK T cell,http://purl.obolibrary.org/obo/CL_0000814,56.90909090909090909091,626
VHFLung,Right Posterior Bronchopulmonary Segment,neutrophil,http://purl.obolibrary.org/obo/CL_0000775,211.63636363636363636364,2328
VHFLung,Right Posterior Bronchopulmonary Segment,non-classical monocyte,http://purl.obolibrary.org/obo/CL_0000875,128,1408
VHFLung,Right Posterior Bronchopulmonary Segment,pericyte,http://purl.obolibrary.org/obo/CL_0000669,84.09090909090909090909,925
VHFLung,Right Posterior Bronchopulmonary Segment,plasma cell,http://purl.obolibrary.org/obo/CL_0000786,27.09090909090909090909,298
VHFLung,Right Posterior Bronchopulmonary Segment,pre-TB secretory,http://purl.obolibrary.org/obo/CL_0019001,251.45454545454545454545,2766
VHFLung,Right Posterior Bronchopulmonary Segment,pulmonary ionocyte,http://purl.obolibrary.org/obo/CL_0017000,2,6
VHFLung,Right Posterior Bronchopulmonary Segment,respiratory goblet cell,http://purl.obolibrary.org/obo/CL_0002370,51.09090909090909090909,562
VHFLung,Right Posterior Bronchopulmonary Segment,serous cell of epithelium of bronchus,http://purl.obolibrary.org/obo/CL_1000331,12,24
VHFLung,Right Posterior Bronchopulmonary Segment,smooth muscle cell,http://purl.obolibrary.org/obo/CL_0000192,2,4
VHFLung,Right Posterior Bronchopulmonary Segment,type I pneumocyte,http://purl.obolibrary.org/obo/CL_0002062,898.63636363636363636364,9885
VHFLung,Right Posterior Bronchopulmonary Segment,type II pneumocyte,http://purl.obolibrary.org/obo/CL_0002063,2543.36363636363636363636,27977
VHFLung,Right Posterior Bronchopulmonary Segment,vascular associated smooth muscle cell,http://purl.obolibrary.org/obo/CL_0000359,8.54545454545454545455,94
VHFLung,Right Posterior Bronchopulmonary Segment,vein endothelial cell,http://purl.obolibrary.org/obo/CL_0002543,596.90909090909090909091,6566
VHFLung,Right Superior Bronchopulmonary Segment,AT0,http://purl.obolibrary.org/obo/CL_0010003,31.5,126
VHFLung,Right Superior Bronchopulmonary Segment,AT1,http://purl.obolibrary.org/obo/CL_0002062,1574.75,12598
VHFLung,Right Superior Bronchopulmonary Segment,AT2,http://purl.obolibrary.org/obo/CL_0002063,2315.25,18522
VHFLung,Right Superior Bronchopulmonary Segment,Adventitial fibroblasts,http://purl.obolibrary.org/obo/CL_4028006,77.75,622
VHFLung,Right Superior Bronchopulmonary Segment,Alveolar Mph CCL3+,http://purl.obolibrary.org/obo/CL_4033041,26,104
VHFLung,Right Superior Bronchopulmonary Segment,Alveolar Mph MT-positive,http://purl.obolibrary.org/obo/CL_4033042,9,36
VHFLung,Right Superior Bronchopulmonary Segment,Alveolar fibroblasts,http://purl.obolibrary.org/obo/CL_4028004,1746.25,13970
VHFLung,Right Superior Bronchopulmonary Segment,Alveolar macrophages,http://purl.obolibrary.org/obo/CL_0000583,77.5,620
VHFLung,Right Superior Bronchopulmonary Segment,B cell,http://purl.obolibrary.org/obo/CL_0000236,22,88
VHFLung,Right Superior Bronchopulmonary Segment,B cells,http://purl.obolibrary.org/obo/CL_0000236,77.25,618
VHFLung,Right Superior Bronchopulmonary Segment,Basal resting,http://purl.obolibrary.org/obo/CL_0002633,86.66666666666666666667,520
VHFLung,Right Superior Bronchopulmonary Segment,CD4 T cells,http://purl.obolibrary.org/obo/CL_0000492,965.75,7726
VHFLung,Right Superior Bronchopulmonary Segment,"CD4-positive, alpha-beta T cell",http://purl.obolibrary.org/obo/CL_0000624,1695,6780
VHFLung,Right Superior Bronchopulmonary Segment,CD8 T cells,http://purl.obolibrary.org/obo/CL_0000913,521.25,4170
VHFLung,Right Superior Bronchopulmonary Segment,"CD8-positive, alpha-beta T cell",http://purl.obolibrary.org/obo/CL_0000625,348.5,1394
VHFLung,Right Superior Bronchopulmonary Segment,Classical monocytes,http://purl.obolibrary.org/obo/CL_0000576,69,552
VHFLung,Right Superior Bronchopulmonary Segment,Club (non-nasal),http://purl.obolibrary.org/obo/CL_0000158,19.5,78
VHFLung,Right Superior Bronchopulmonary Segment,DC1,http://purl.obolibrary.org/obo/CL_0002394,26.5,106
VHFLung,Right Superior Bronchopulmonary Segment,DC2,http://purl.obolibrary.org/obo/CL_0002399,185,1480
VHFLung,Right Superior Bronchopulmonary Segment,Deuterosomal,http://purl.obolibrary.org/obo/CL_4033044,69.66666666666666666667,418
VHFLung,Right Superior Bronchopulmonary Segment,EC aerocyte capillary,http://purl.obolibrary.org/obo/CL_4028003,677.75,5422
VHFLung,Right Superior Bronchopulmonary Segment,EC arterial,http://purl.obolibrary.org/obo/CL_1000413,525.25,4202
VHFLung,Right Superior Bronchopulmonary Segment,EC general capillary,http://purl.obolibrary.org/obo/CL_0002144,2278.25,18226
VHFLung,Right Superior Bronchopulmonary Segment,EC venous pulmonary,http://purl.obolibrary.org/obo/CL_1000414,589.25,4714
VHFLung,Right Superior Bronchopulmonary Segment,Goblet (bronchial),http://purl.obolibrary.org/obo/CL_0019003,3,6
VHFLung,Right Superior Bronchopulmonary Segment,Goblet (nasal),http://purl.obolibrary.org/obo/CL_0002480,52,208
VHFLung,Right Superior Bronchopulmonary Segment,Goblet (subsegmental),http://purl.obolibrary.org/obo/CL_1000312,470.5,1882
VHFLung,Right Superior Bronchopulmonary Segment,Hematopoietic stem cells,http://purl.obolibrary.org/obo/CL_0000037,3.5,14
VHFLung,Right Superior Bronchopulmonary Segment,Hillock-like,http://purl.obolibrary.org/obo/CL_0000158,469.5,1878
VHFLung,Right Superior Bronchopulmonary Segment,Interstitial Mph perivascular,http://purl.obolibrary.org/obo/CL_4033043,112.5,450
VHFLung,Right Superior Bronchopulmonary Segment,Interstitial Mφ perivascular,https://purl.org/ccf/ASCTB-TEMP_interstitial-m-perivascular,16,32
VHFLung,Right Superior Bronchopulmonary Segment,Ionocyte,http://purl.obolibrary.org/obo/CL_0005006,70.25,562
VHFLung,Right Superior Bronchopulmonary Segment,Lymphatic EC differentiating,http://purl.obolibrary.org/obo/CL_0002138,555,3330
VHFLung,Right Superior Bronchopulmonary Segment,Lymphatic EC mature,http://purl.obolibrary.org/obo/CL_0002138,109,218
VHFLung,Right Superior Bronchopulmonary Segment,Mast cells,http://purl.obolibrary.org/obo/CL_0000097,188.25,1506
VHFLung,Right Superior Bronchopulmonary Segment,Mesothelium,http://purl.obolibrary.org/obo/CL_1000491,33,132
VHFLung,Right Superior Bronchopulmonary Segment,Migratory DCs,http://purl.obolibrary.org/obo/CL_0001056,32,128
VHFLung,Right Superior Bronchopulmonary Segment,Monocyte-derived Mph,http://purl.obolibrary.org/obo/CL_1001603,252.5,1010
VHFLung,Right Superior Bronchopulmonary Segment,Monocyte-derived Mφ,https://purl.org/ccf/ASCTB-TEMP_monocyte-derived-m,93,372
VHFLung,Right Superior Bronchopulmonary Segment,Multiciliated (non-nasal),http://purl.obolibrary.org/obo/CL_0005012,1076.5,8612
VHFLung,Right Superior Bronchopulmonary Segment,Myofibroblasts,http://purl.obolibrary.org/obo/CL_0000186,367,2936
VHFLung,Right Superior Bronchopulmonary Segment,NK cells,http://purl.obolibrary.org/obo/CL_0000623,108.33333333333333333333,650
VHFLung,Right Superior Bronchopulmonary Segment,Neuroendocrine,http://purl.obolibrary.org/obo/CL_0000165,120,480
VHFLung,Right Superior Bronchopulmonary Segment,Non-classical monocytes,http://purl.obolibrary.org/obo/CL_0000875,397,3176
VHFLung,Right Superior Bronchopulmonary Segment,Peribronchial fibroblasts,http://purl.obolibrary.org/obo/CL_0002241,90.33333333333333333333,542
VHFLung,Right Superior Bronchopulmonary Segment,Pericytes,http://purl.obolibrary.org/obo/CL_0000669,384.25,3074
VHFLung,Right Superior Bronchopulmonary Segment,Plasma cells,http://purl.obolibrary.org/obo/CL_0000786,78.33333333333333333333,470
VHFLung,Right Superior Bronchopulmonary Segment,Plasmacytoid DCs,http://purl.obolibrary.org/obo/CL_0000784,46.5,186
VHFLung,Right Superior Bronchopulmonary Segment,SM activated stress response,http://purl.obolibrary.org/obo/CL_0000313,72,288
VHFLung,Right Superior Bronchopulmonary Segment,SMG duct,http://purl.obolibrary.org/obo/CL_4033023,10,40
VHFLung,Right Superior Bronchopulmonary Segment,SMG mucous,http://purl.obolibrary.org/obo/CL_4033022,62.5,250
VHFLung,Right Superior Bronchopulmonary Segment,SMG serous (bronchial),http://purl.obolibrary.org/obo/CL_4033005,16,64
VHFLung,Right Superior Bronchopulmonary Segment,SMG serous (nasal),http://purl.obolibrary.org/obo/CL_0000313,37.5,150
VHFLung,Right Superior Bronchopulmonary Segment,Smooth muscle,http://purl.obolibrary.org/obo/CL_0000192,274,2192
VHFLung,Right Superior Bronchopulmonary Segment,Subpleural fibroblasts,http://purl.obolibrary.org/obo/CL_4023054,5,20
VHFLung,Right Superior Bronchopulmonary Segment,Suprabasal,http://purl.obolibrary.org/obo/CL_0002633,119,238
VHFLung,Right Superior Bronchopulmonary Segment,T cells proliferating,http://purl.obolibrary.org/obo/CL_0000084,8.33333333333333333333,50
VHFLung,Right Superior Bronchopulmonary Segment,Transitional Club-AT2,https://purl.org/ccf/ASCTB-TEMP_transitional-club-at2,106,424
VHFLung,Right Superior Bronchopulmonary Segment,Tuft,http://purl.obolibrary.org/obo/CL_0002075,18.5,74
VHFLung,Right Superior Bronchopulmonary Segment,basal cell,http://purl.obolibrary.org/obo/CL_0000646,285.5,1142
VHFLung,Right Superior Bronchopulmonary Segment,basophil,http://purl.obolibrary.org/obo/CL_0000767,586,2344
VHFLung,Right Superior Bronchopulmonary Segment,bronchial smooth muscle cell,http://purl.obolibrary.org/obo/CL_0002598,55.5,222
VHFLung,Right Superior Bronchopulmonary Segment,capillary endothelial cell,http://purl.obolibrary.org/obo/CL_0002144,2906.5,11626
VHFLung,Right Superior Bronchopulmonary Segment,classical monocyte,http://purl.obolibrary.org/obo/CL_0000860,75,300
VHFLung,Right Superior Bronchopulmonary Segment,club cell,http://purl.obolibrary.org/obo/CL_0000158,536.5,2146
VHFLung,Right Superior Bronchopulmonary Segment,dendritic cell,http://purl.obolibrary.org/obo/CL_0000451,1,2
VHFLung,Right Superior Bronchopulmonary Segment,"effector CD4-positive, alpha-beta T cell",http://purl.obolibrary.org/obo/CL_0001044,21,84
VHFLung,Right Superior Bronchopulmonary Segment,"effector CD8-positive, alpha-beta T cell",http://purl.obolibrary.org/obo/CL_0001050,456,1824
VHFLung,Right Superior Bronchopulmonary Segment,endothelial cell of artery,http://purl.obolibrary.org/obo/CL_1000413,57.5,230
VHFLung,Right Superior Bronchopulmonary Segment,endothelial cell of lymphatic vessel,http://purl.obolibrary.org/obo/CL_0002138,26.5,106
VHFLung,Right Superior Bronchopulmonary Segment,fibroblast,http://purl.obolibrary.org/obo/CL_0000057,2464,9856
VHFLung,Right Superior Bronchopulmonary Segment,intermediate monocyte,http://purl.obolibrary.org/obo/CL_0002393,2,8
VHFLung,Right Superior Bronchopulmonary Segment,lung ciliated cell,http://purl.obolibrary.org/obo/CL_1000271,1052,4208
VHFLung,Right Superior Bronchopulmonary Segment,lung microvascular endothelial cell,http://purl.obolibrary.org/obo/CL_2000016,4,16
VHFLung,Right Superior Bronchopulmonary Segment,macrophage,http://purl.obolibrary.org/obo/CL_0000235,502,2008
VHFLung,Right Superior Bronchopulmonary Segment,mature NK T cell,http://purl.obolibrary.org/obo/CL_0000814,56.5,226
VHFLung,Right Superior Bronchopulmonary Segment,neutrophil,http://purl.obolibrary.org/obo/CL_0000775,196.5,786
VHFLung,Right Superior Bronchopulmonary Segment,non-classical monocyte,http://purl.obolibrary.org/obo/CL_0000875,137,548
VHFLung,Right Superior Bronchopulmonary Segment,pericyte,http://purl.obolibrary.org/obo/CL_0000669,125,500
VHFLung,Right Superior Bronchopulmonary Segment,plasma cell,http://purl.obolibrary.org/obo/CL_0000786,25.5,102
VHFLung,Right Superior Bronchopulmonary Segment,pre-TB secretory,http://purl.obolibrary.org/obo/CL_0019001,380.5,1522
VHFLung,Right Superior Bronchopulmonary Segment,respiratory goblet cell,http://purl.obolibrary.org/obo/CL_0002370,52,208
VHFLung,Right Superior Bronchopulmonary Segment,smooth muscle cell,http://purl.obolibrary.org/obo/CL_0000192,2,4
VHFLung,Right Superior Bronchopulmonary Segment,type I pneumocyte,http://purl.obolibrary.org/obo/CL_0002062,1207,4828
VHFLung,Right Superior Bronchopulmonary Segment,type II pneumocyte,http://purl.obolibrary.org/obo/CL_0002063,2430,9720
VHFLung,Right Superior Bronchopulmonary Segment,vascular associated smooth muscle cell,http://purl.obolibrary.org/obo/CL_0000359,11,44
VHFLung,Right Superior Bronchopulmonary Segment,vein endothelial cell,http://purl.obolibrary.org/obo/CL_0002543,1109.5,4438
VHFLung,Right anterior basal bronchopulmonary segment,AT0,http://purl.obolibrary.org/obo/CL_0010003,33.35714285714285714286,467
VHFLung,Right anterior basal bronchopulmonary segment,AT1,http://purl.obolibrary.org/obo/CL_0002062,2511.25,70315
VHFLung,Right anterior basal bronchopulmonary segment,AT2,http://purl.obolibrary.org/obo/CL_0002063,2984.96153846153846153846,77609
VHFLung,Right anterior basal bronchopulmonary segment,AT2 proliferating,http://purl.obolibrary.org/obo/CL_0002063,2499,4998
VHFLung,Right anterior basal bronchopulmonary segment,Adventitial fibroblasts,http://purl.obolibrary.org/obo/CL_4028006,146.21428571428571428571,4094
VHFLung,Right anterior basal bronchopulmonary segment,Alveolar Mph CCL3+,http://purl.obolibrary.org/obo/CL_4033041,11.16666666666666666667,134
VHFLung,Right anterior basal bronchopulmonary segment,Alveolar Mph MT-positive,http://purl.obolibrary.org/obo/CL_4033042,6.8,68
VHFLung,Right anterior basal bronchopulmonary segment,Alveolar Mph proliferating,http://purl.obolibrary.org/obo/CL_0000583,95.57142857142857142857,669
VHFLung,Right anterior basal bronchopulmonary segment,Alveolar Mφ proliferating,https://purl.org/ccf/ASCTB-TEMP_alveolar-m-proliferating,3.25,13
VHFLung,Right anterior basal bronchopulmonary segment,Alveolar fibroblasts,http://purl.obolibrary.org/obo/CL_4028004,1043.82142857142857142857,29227
VHFLung,Right anterior basal bronchopulmonary segment,Alveolar macrophages,http://purl.obolibrary.org/obo/CL_0000583,70.1875,1123
VHFLung,Right anterior basal bronchopulmonary segment,B cell,http://purl.obolibrary.org/obo/CL_0000236,12.92857142857142857143,181
VHFLung,Right anterior basal bronchopulmonary segment,B cells,http://purl.obolibrary.org/obo/CL_0000236,52.92857142857142857143,1482
VHFLung,Right anterior basal bronchopulmonary segment,Basal resting,http://purl.obolibrary.org/obo/CL_0002633,2181.66666666666666666667,52360
VHFLung,Right anterior basal bronchopulmonary segment,CD4 T cells,http://purl.obolibrary.org/obo/CL_0000492,2647.07142857142857142857,74118
VHFLung,Right anterior basal bronchopulmonary segment,"CD4-positive, alpha-beta T cell",http://purl.obolibrary.org/obo/CL_0000624,1459.35714285714285714286,20431
VHFLung,Right anterior basal bronchopulmonary segment,CD8 T cells,http://purl.obolibrary.org/obo/CL_0000913,648.28571428571428571429,18152
VHFLung,Right anterior basal bronchopulmonary segment,"CD8-positive, alpha-beta T cell",http://purl.obolibrary.org/obo/CL_0000625,349.64285714285714285714,4895
VHFLung,Right anterior basal bronchopulmonary segment,Classical monocytes,http://purl.obolibrary.org/obo/CL_0000576,96.5,2702
VHFLung,Right anterior basal bronchopulmonary segment,Club (nasal),http://purl.obolibrary.org/obo/CL_0000158,2826,19782
VHFLung,Right anterior basal bronchopulmonary segment,Club (non-nasal),http://purl.obolibrary.org/obo/CL_0000158,24.7,247
VHFLung,Right anterior basal bronchopulmonary segment,DC1,http://purl.obolibrary.org/obo/CL_0002394,18.35714285714285714286,257
VHFLung,Right anterior basal bronchopulmonary segment,DC2,http://purl.obolibrary.org/obo/CL_0002399,177.35714285714285714286,4966
VHFLung,Right anterior basal bronchopulmonary segment,Deuterosomal,http://purl.obolibrary.org/obo/CL_4033044,10.6875,171
VHFLung,Right anterior basal bronchopulmonary segment,EC aerocyte capillary,http://purl.obolibrary.org/obo/CL_4028003,411.46428571428571428571,11521
VHFLung,Right anterior basal bronchopulmonary segment,EC arterial,http://purl.obolibrary.org/obo/CL_1000413,365.75,10241
VHFLung,Right anterior basal bronchopulmonary segment,EC general capillary,http://purl.obolibrary.org/obo/CL_0002144,3228.25,90391
VHFLung,Right anterior basal bronchopulmonary segment,EC venous pulmonary,http://purl.obolibrary.org/obo/CL_1000414,175.41666666666666666667,2105
VHFLung,Right anterior basal bronchopulmonary segment,EC venous systemic,http://purl.obolibrary.org/obo/CL_1000414,1083.4375,17335
VHFLung,Right anterior basal bronchopulmonary segment,Fibromyocytes,http://purl.obolibrary.org/obo/CL_0002553,6,12
VHFLung,Right anterior basal bronchopulmonary segment,Goblet (bronchial),http://purl.obolibrary.org/obo/CL_0019003,6.25,75
VHFLung,Right anterior basal bronchopulmonary segment,Goblet (nasal),http://purl.obolibrary.org/obo/CL_0002480,15.33333333333333333333,276
VHFLung,Right anterior basal bronchopulmonary segment,Goblet (subsegmental),http://purl.obolibrary.org/obo/CL_1000312,470.28571428571428571429,6584
VHFLung,Right anterior basal bronchopulmonary segment,Hematopoietic stem cells,http://purl.obolibrary.org/obo/CL_0000037,7.57142857142857142857,106
VHFLung,Right anterior basal bronchopulmonary segment,Hillock-like,http://purl.obolibrary.org/obo/CL_0000158,134.8,1348
VHFLung,Right anterior basal bronchopulmonary segment,Interstitial Mph perivascular,http://purl.obolibrary.org/obo/CL_4033043,100.42857142857142857143,1406
VHFLung,Right anterior basal bronchopulmonary segment,Interstitial Mφ perivascular,https://purl.org/ccf/ASCTB-TEMP_interstitial-m-perivascular,46.45454545454545454545,511
VHFLung,Right anterior basal bronchopulmonary segment,Ionocyte,http://purl.obolibrary.org/obo/CL_0005006,162.73076923076923076923,4231
VHFLung,Right anterior basal bronchopulmonary segment,Lymphatic EC differentiating,http://purl.obolibrary.org/obo/CL_0002138,208.04545454545454545455,4577
VHFLung,Right anterior basal bronchopulmonary segment,Lymphatic EC mature,http://purl.obolibrary.org/obo/CL_0002138,143,858
VHFLung,Right anterior basal bronchopulmonary segment,Mast cells,http://purl.obolibrary.org/obo/CL_0000097,54.53571428571428571429,1527
VHFLung,Right anterior basal bronchopulmonary segment,Mesothelium,http://purl.obolibrary.org/obo/CL_1000491,20.21428571428571428571,283
VHFLung,Right anterior basal bronchopulmonary segment,Migratory DCs,http://purl.obolibrary.org/obo/CL_0001056,10.5,147
VHFLung,Right anterior basal bronchopulmonary segment,Monocyte-derived Mph,http://purl.obolibrary.org/obo/CL_1001603,437.28571428571428571429,6122
VHFLung,Right anterior basal bronchopulmonary segment,Monocyte-derived Mφ,https://purl.org/ccf/ASCTB-TEMP_monocyte-derived-m,310.28571428571428571429,4344
VHFLung,Right anterior basal bronchopulmonary segment,Multiciliated (non-nasal),http://purl.obolibrary.org/obo/CL_0005012,2327.5,65170
VHFLung,Right anterior basal bronchopulmonary segment,Myofibroblasts,http://purl.obolibrary.org/obo/CL_0000186,100.39285714285714285714,2811
VHFLung,Right anterior basal bronchopulmonary segment,NK cells,http://purl.obolibrary.org/obo/CL_0000623,74.65,1493
VHFLung,Right anterior basal bronchopulmonary segment,Neuroendocrine,http://purl.obolibrary.org/obo/CL_0000165,150.11111111111111111111,2702
VHFLung,Right anterior basal bronchopulmonary segment,Non-classical monocytes,https://purl.org/ccf/ASCTB-TEMP_non-classical-monocytes,972.82142857142857142857,27239
VHFLung,Right anterior basal bronchopulmonary segment,Peribronchial fibroblasts,http://purl.obolibrary.org/obo/CL_0002241,80.29166666666666666667,1927
VHFLung,Right anterior basal bronchopulmonary segment,Pericytes,http://purl.obolibrary.org/obo/CL_0009089,174.42857142857142857143,4884
VHFLung,Right anterior basal bronchopulmonary segment,Plasma cells,http://purl.obolibrary.org/obo/CL_0000786,57.75,1617
VHFLung,Right anterior basal bronchopulmonary segment,Plasmacytoid DCs,http://purl.obolibrary.org/obo/CL_0000784,15.8,237
VHFLung,Right anterior basal bronchopulmonary segment,SM activated stress response,http://purl.obolibrary.org/obo/CL_0000313,19.33333333333333333333,348
VHFLung,Right anterior basal bronchopulmonary segment,SMG duct,http://purl.obolibrary.org/obo/CL_4033023,2.86666666666666666667,43
VHFLung,Right anterior basal bronchopulmonary segment,SMG mucous,http://purl.obolibrary.org/obo/CL_4033022,42.83333333333333333333,514
VHFLung,Right anterior basal bronchopulmonary segment,SMG serous (bronchial),http://purl.obolibrary.org/obo/CL_4033005,14.1875,227
VHFLung,Right anterior basal bronchopulmonary segment,SMG serous (nasal),http://purl.obolibrary.org/obo/CL_0000313,36.75,294
VHFLung,Right anterior basal bronchopulmonary segment,Smooth muscle,http://purl.obolibrary.org/obo/CL_0000192,233.08,5827
VHFLung,Right anterior basal bronchopulmonary segment,Smooth muscle FAM83D+,http://purl.obolibrary.org/obo/CL_0000192,435,1305
VHFLung,Right anterior basal bronchopulmonary segment,Subpleural fibroblasts,http://purl.obolibrary.org/obo/CL_4023054,1.5,12
VHFLung,Right anterior basal bronchopulmonary segment,Suprabasal,http://purl.obolibrary.org/obo/CL_0002633,191,382
VHFLung,Right anterior basal bronchopulmonary segment,T cells proliferating,http://purl.obolibrary.org/obo/CL_0000084,5.26315789473684210526,100
VHFLung,Right anterior basal bronchopulmonary segment,Transitional Club-AT2,https://purl.org/ccf/ASCTB-TEMP_transitional-club-at2,51.71428571428571428571,724
VHFLung,Right anterior basal bronchopulmonary segment,Tuft,http://purl.obolibrary.org/obo/CL_0002075,7.15384615384615384615,93
VHFLung,Right anterior basal bronchopulmonary segment,adventitial cell,http://purl.obolibrary.org/obo/CL_4028006,2.81818181818181818182,31
VHFLung,Right anterior basal bronchopulmonary segment,basal cell,http://purl.obolibrary.org/obo/CL_0000646,223.64285714285714285714,3131
VHFLung,Right anterior basal bronchopulmonary segment,basophil,http://purl.obolibrary.org/obo/CL_0000767,219.14285714285714285714,3068
VHFLung,Right anterior basal bronchopulmonary segment,blood vessel endothelial cell,http://purl.obolibrary.org/obo/CL_0000071,1,3
VHFLung,Right anterior basal bronchopulmonary segment,bronchial smooth muscle cell,http://purl.obolibrary.org/obo/CL_0002598,101.85714285714285714286,1426
VHFLung,Right anterior basal bronchopulmonary segment,capillary endothelial cell,http://purl.obolibrary.org/obo/CL_0002144,1606.42857142857142857143,22490
VHFLung,Right anterior basal bronchopulmonary segment,classical monocyte,http://purl.obolibrary.org/obo/CL_0000860,172.5,2415
VHFLung,Right anterior basal bronchopulmonary segment,club cell,http://purl.obolibrary.org/obo/CL_0000158,322.07142857142857142857,4509
VHFLung,Right anterior basal bronchopulmonary segment,dendritic cell,http://purl.obolibrary.org/obo/CL_0000451,11.28571428571428571429,158
VHFLung,Right anterior basal bronchopulmonary segment,"effector CD4-positive, alpha-beta T cell",http://purl.obolibrary.org/obo/CL_0001044,20.5,287
VHFLung,Right anterior basal bronchopulmonary segment,"effector CD8-positive, alpha-beta T cell",http://purl.obolibrary.org/obo/CL_0001050,303.42857142857142857143,4248
VHFLung,Right anterior basal bronchopulmonary segment,endothelial cell of artery,http://purl.obolibrary.org/obo/CL_1000413,61.78571428571428571429,865
VHFLung,Right anterior basal bronchopulmonary segment,endothelial cell of lymphatic vessel,http://purl.obolibrary.org/obo/CL_0002138,41.07142857142857142857,575
VHFLung,Right anterior basal bronchopulmonary segment,fibroblast,http://purl.obolibrary.org/obo/CL_0000057,1304.57142857142857142857,18264
VHFLung,Right anterior basal bronchopulmonary segment,intermediate monocyte,http://purl.obolibrary.org/obo/CL_0002393,4.5,63
VHFLung,Right anterior basal bronchopulmonary segment,lung ciliated cell,http://purl.obolibrary.org/obo/CL_1000271,357.35714285714285714286,5003
VHFLung,Right anterior basal bronchopulmonary segment,lung microvascular endothelial cell,http://purl.obolibrary.org/obo/CL_2000016,5.28571428571428571429,74
VHFLung,Right anterior basal bronchopulmonary segment,macrophage,http://purl.obolibrary.org/obo/CL_0000235,945.14285714285714285714,13232
VHFLung,Right anterior basal bronchopulmonary segment,mature NK T cell,http://purl.obolibrary.org/obo/CL_0000814,39.35714285714285714286,551
VHFLung,Right anterior basal bronchopulmonary segment,neutrophil,http://purl.obolibrary.org/obo/CL_0000775,98.57142857142857142857,1380
VHFLung,Right anterior basal bronchopulmonary segment,non-classical monocyte,http://purl.obolibrary.org/obo/CL_0000875,235.42857142857142857143,3296
VHFLung,Right anterior basal bronchopulmonary segment,pericyte,http://purl.obolibrary.org/obo/CL_0000669,87.21428571428571428571,1221
VHFLung,Right anterior basal bronchopulmonary segment,plasma cell,http://purl.obolibrary.org/obo/CL_0000786,23.71428571428571428571,332
VHFLung,Right anterior basal bronchopulmonary segment,pre-TB secretory,http://purl.obolibrary.org/obo/CL_0019001,193.07142857142857142857,2703
VHFLung,Right anterior basal bronchopulmonary segment,pulmonary ionocyte,http://purl.obolibrary.org/obo/CL_0017000,1.33333333333333333333,4
VHFLung,Right anterior basal bronchopulmonary segment,respiratory goblet cell,http://purl.obolibrary.org/obo/CL_0002370,29.42857142857142857143,412
VHFLung,Right anterior basal bronchopulmonary segment,serous cell of epithelium of bronchus,http://purl.obolibrary.org/obo/CL_1000331,1.14285714285714285714,8
VHFLung,Right anterior basal bronchopulmonary segment,smooth muscle cell,http://purl.obolibrary.org/obo/CL_0000192,1,4
VHFLung,Right anterior basal bronchopulmonary segment,type I pneumocyte,http://purl.obolibrary.org/obo/CL_0002062,680.14285714285714285714,9522
VHFLung,Right anterior basal bronchopulmonary segment,type II pneumocyte,http://purl.obolibrary.org/obo/CL_0002063,2771.28571428571428571429,38798
VHFLung,Right anterior basal bronchopulmonary segment,vascular associated smooth muscle cell,http://purl.obolibrary.org/obo/CL_0000359,21.64285714285714285714,303
VHFLung,Right anterior basal bronchopulmonary segment,vein endothelial cell,http://purl.obolibrary.org/obo/CL_0002543,315.5,4417
VHFLung,Right anterior segmental bronchus,AT0,http://purl.obolibrary.org/obo/CL_0010003,52,104
VHFLung,Right anterior segmental bronchus,AT1,http://purl.obolibrary.org/obo/CL_0002062,1151.75,4607
VHFLung,Right anterior segmental bronchus,AT2,http://purl.obolibrary.org/obo/CL_0002063,2182.75,8731
VHFLung,Right anterior segmental bronchus,Adventitial fibroblasts,http://purl.obolibrary.org/obo/CL_4028006,99.5,398
VHFLung,Right anterior segmental bronchus,Alveolar Mph CCL3+,http://purl.obolibrary.org/obo/CL_4033041,11,22
VHFLung,Right anterior segmental bronchus,Alveolar Mph MT-positive,http://purl.obolibrary.org/obo/CL_4033042,1,2
VHFLung,Right anterior segmental bronchus,Alveolar fibroblasts,http://purl.obolibrary.org/obo/CL_4028004,1071,4284
VHFLung,Right anterior segmental bronchus,Alveolar macrophages,http://purl.obolibrary.org/obo/CL_0000583,86,172
VHFLung,Right anterior segmental bronchus,B cell,http://purl.obolibrary.org/obo/CL_0000236,30,60
VHFLung,Right anterior segmental bronchus,B cells,http://purl.obolibrary.org/obo/CL_0000236,77.5,310
VHFLung,Right anterior segmental bronchus,Basal resting,http://purl.obolibrary.org/obo/CL_0002633,115,460
VHFLung,Right anterior segmental bronchus,CD4 T cells,http://purl.obolibrary.org/obo/CL_0000492,859.5,3438
VHFLung,Right anterior segmental bronchus,"CD4-positive, alpha-beta T cell",http://purl.obolibrary.org/obo/CL_0000624,1434,2868
VHFLung,Right anterior segmental bronchus,CD8 T cells,http://purl.obolibrary.org/obo/CL_0000913,555.75,2223
VHFLung,Right anterior segmental bronchus,"CD8-positive, alpha-beta T cell",http://purl.obolibrary.org/obo/CL_0000625,353,706
VHFLung,Right anterior segmental bronchus,Classical monocytes,http://purl.obolibrary.org/obo/CL_0000576,113,452
VHFLung,Right anterior segmental bronchus,Club (non-nasal),http://purl.obolibrary.org/obo/CL_0000158,128,512
VHFLung,Right anterior segmental bronchus,DC1,http://purl.obolibrary.org/obo/CL_0002394,8,16
VHFLung,Right anterior segmental bronchus,DC2,http://purl.obolibrary.org/obo/CL_0002399,174.25,697
VHFLung,Right anterior segmental bronchus,Deuterosomal,http://purl.obolibrary.org/obo/CL_4033044,26,52
VHFLung,Right anterior segmental bronchus,EC aerocyte capillary,http://purl.obolibrary.org/obo/CL_4028003,443.25,1773
VHFLung,Right anterior segmental bronchus,EC arterial,http://purl.obolibrary.org/obo/CL_1000413,258.25,1033
VHFLung,Right anterior segmental bronchus,EC general capillary,http://purl.obolibrary.org/obo/CL_0002144,1632.75,6531
VHFLung,Right anterior segmental bronchus,EC venous pulmonary,http://purl.obolibrary.org/obo/CL_1000414,228.5,914
VHFLung,Right anterior segmental bronchus,Goblet (nasal),http://purl.obolibrary.org/obo/CL_0002480,5.5,22
VHFLung,Right anterior segmental bronchus,Goblet (subsegmental),http://purl.obolibrary.org/obo/CL_1000312,245,490
VHFLung,Right anterior segmental bronchus,Hematopoietic stem cells,http://purl.obolibrary.org/obo/CL_0000037,4,8
VHFLung,Right anterior segmental bronchus,Interstitial Mph perivascular,http://purl.obolibrary.org/obo/CL_4033043,107,214
VHFLung,Right anterior segmental bronchus,Interstitial Mφ perivascular,https://purl.org/ccf/ASCTB-TEMP_interstitial-m-perivascular,51,102
VHFLung,Right anterior segmental bronchus,Ionocyte,http://purl.obolibrary.org/obo/CL_0005006,49.75,199
VHFLung,Right anterior segmental bronchus,Lymphatic EC differentiating,http://purl.obolibrary.org/obo/CL_0002138,209.25,837
VHFLung,Right anterior segmental bronchus,Mast cells,http://purl.obolibrary.org/obo/CL_0000097,191.5,766
VHFLung,Right anterior segmental bronchus,Mesothelium,http://purl.obolibrary.org/obo/CL_1000491,10,20
VHFLung,Right anterior segmental bronchus,Migratory DCs,http://purl.obolibrary.org/obo/CL_0001056,10,20
VHFLung,Right anterior segmental bronchus,Monocyte-derived Mph,http://purl.obolibrary.org/obo/CL_1001603,202,404
VHFLung,Right anterior segmental bronchus,Monocyte-derived Mφ,https://purl.org/ccf/ASCTB-TEMP_monocyte-derived-m,124.5,249
VHFLung,Right anterior segmental bronchus,Multiciliated (non-nasal),http://purl.obolibrary.org/obo/CL_0005012,559.75,2239
VHFLung,Right anterior segmental bronchus,Myofibroblasts,http://purl.obolibrary.org/obo/CL_0000186,211.75,847
VHFLung,Right anterior segmental bronchus,NK cells,http://purl.obolibrary.org/obo/CL_0000623,113,226
VHFLung,Right anterior segmental bronchus,Neuroendocrine,http://purl.obolibrary.org/obo/CL_0000165,50,100
VHFLung,Right anterior segmental bronchus,Non-classical monocytes,http://purl.obolibrary.org/obo/CL_0000875,394.75,1579
VHFLung,Right anterior segmental bronchus,Peribronchial fibroblasts,http://purl.obolibrary.org/obo/CL_0002241,35,140
VHFLung,Right anterior segmental bronchus,Pericytes,http://purl.obolibrary.org/obo/CL_0000669,243,972
VHFLung,Right anterior segmental bronchus,Plasma cells,http://purl.obolibrary.org/obo/CL_0000786,42.5,170
VHFLung,Right anterior segmental bronchus,Plasmacytoid DCs,http://purl.obolibrary.org/obo/CL_0000784,22,44
VHFLung,Right anterior segmental bronchus,SM activated stress response,http://purl.obolibrary.org/obo/CL_0000313,126,252
VHFLung,Right anterior segmental bronchus,SMG duct,http://purl.obolibrary.org/obo/CL_4033023,5,10
VHFLung,Right anterior segmental bronchus,SMG mucous,http://purl.obolibrary.org/obo/CL_4033022,16,32
VHFLung,Right anterior segmental bronchus,SMG serous (bronchial),http://purl.obolibrary.org/obo/CL_4033005,10,20
VHFLung,Right anterior segmental bronchus,SMG serous (nasal),http://purl.obolibrary.org/obo/CL_0000313,21,42
VHFLung,Right anterior segmental bronchus,Smooth muscle,http://purl.obolibrary.org/obo/CL_0000192,154,616
VHFLung,Right anterior segmental bronchus,Subpleural fibroblasts,http://purl.obolibrary.org/obo/CL_4023054,2,4
VHFLung,Right anterior segmental bronchus,T cells proliferating,http://purl.obolibrary.org/obo/CL_0000084,2.33333333333333333333,7
VHFLung,Right anterior segmental bronchus,Transitional Club-AT2,https://purl.org/ccf/ASCTB-TEMP_transitional-club-at2,80,160
VHFLung,Right anterior segmental bronchus,Tuft,http://purl.obolibrary.org/obo/CL_0002075,10,20
VHFLung,Right anterior segmental bronchus,basal cell,http://purl.obolibrary.org/obo/CL_0000646,159,318
VHFLung,Right anterior segmental bronchus,basophil,http://purl.obolibrary.org/obo/CL_0000767,538,1076
VHFLung,Right anterior segmental bronchus,blood vessel endothelial cell,http://purl.obolibrary.org/obo/CL_0000071,1,2
VHFLung,Right anterior segmental bronchus,bronchial smooth muscle cell,http://purl.obolibrary.org/obo/CL_0002598,55,110
VHFLung,Right anterior segmental bronchus,capillary endothelial cell,http://purl.obolibrary.org/obo/CL_0002144,1803,3606
VHFLung,Right anterior segmental bronchus,classical monocyte,http://purl.obolibrary.org/obo/CL_0000860,92,184
VHFLung,Right anterior segmental bronchus,club cell,http://purl.obolibrary.org/obo/CL_0000158,427,854
VHFLung,Right anterior segmental bronchus,dendritic cell,http://purl.obolibrary.org/obo/CL_0000451,2,4
VHFLung,Right anterior segmental bronchus,"effector CD4-positive, alpha-beta T cell",http://purl.obolibrary.org/obo/CL_0001044,31,62
VHFLung,Right anterior segmental bronchus,"effector CD8-positive, alpha-beta T cell",http://purl.obolibrary.org/obo/CL_0001050,267,534
VHFLung,Right anterior segmental bronchus,endothelial cell of artery,http://purl.obolibrary.org/obo/CL_1000413,48,96
VHFLung,Right anterior segmental bronchus,endothelial cell of lymphatic vessel,http://purl.obolibrary.org/obo/CL_0002138,42,84
VHFLung,Right anterior segmental bronchus,fibroblast,http://purl.obolibrary.org/obo/CL_0000057,1623,3246
VHFLung,Right anterior segmental bronchus,intermediate monocyte,http://purl.obolibrary.org/obo/CL_0002393,2,4
VHFLung,Right anterior segmental bronchus,lung ciliated cell,http://purl.obolibrary.org/obo/CL_1000271,447,894
VHFLung,Right anterior segmental bronchus,lung microvascular endothelial cell,http://purl.obolibrary.org/obo/CL_2000016,3,6
VHFLung,Right anterior segmental bronchus,macrophage,http://purl.obolibrary.org/obo/CL_0000235,486,972
VHFLung,Right anterior segmental bronchus,mature NK T cell,http://purl.obolibrary.org/obo/CL_0000814,42,84
VHFLung,Right anterior segmental bronchus,neutrophil,http://purl.obolibrary.org/obo/CL_0000775,180,360
VHFLung,Right anterior segmental bronchus,non-classical monocyte,http://purl.obolibrary.org/obo/CL_0000875,189,378
VHFLung,Right anterior segmental bronchus,pericyte,http://purl.obolibrary.org/obo/CL_0000669,87,174
VHFLung,Right anterior segmental bronchus,plasma cell,http://purl.obolibrary.org/obo/CL_0000786,21,42
VHFLung,Right anterior segmental bronchus,pre-TB secretory,http://purl.obolibrary.org/obo/CL_0019001,221,442
VHFLung,Right anterior segmental bronchus,respiratory goblet cell,http://purl.obolibrary.org/obo/CL_0002370,45,90
VHFLung,Right anterior segmental bronchus,type I pneumocyte,http://purl.obolibrary.org/obo/CL_0002062,861,1722
VHFLung,Right anterior segmental bronchus,type II pneumocyte,http://purl.obolibrary.org/obo/CL_0002063,2229,4458
VHFLung,Right anterior segmental bronchus,vascular associated smooth muscle cell,http://purl.obolibrary.org/obo/CL_0000359,17,34
VHFLung,Right anterior segmental bronchus,vein endothelial cell,http://purl.obolibrary.org/obo/CL_0002543,387,774
VHFLung,Right apical segmental bronchus,AT0,http://purl.obolibrary.org/obo/CL_0010003,5,10
VHFLung,Right apical segmental bronchus,AT1,http://purl.obolibrary.org/obo/CL_0002062,599.5,2398
VHFLung,Right apical segmental bronchus,AT2,http://purl.obolibrary.org/obo/CL_0002063,266,1064
VHFLung,Right apical segmental bronchus,Adventitial fibroblasts,http://purl.obolibrary.org/obo/CL_4028006,137.5,550
VHFLung,Right apical segmental bronchus,Alveolar Mph CCL3+,http://purl.obolibrary.org/obo/CL_4033041,3,6
VHFLung,Right apical segmental bronchus,Alveolar fibroblasts,http://purl.obolibrary.org/obo/CL_4028004,517,2068
VHFLung,Right apical segmental bronchus,Alveolar macrophages,http://purl.obolibrary.org/obo/CL_0000583,28,56
VHFLung,Right apical segmental bronchus,B cells,http://purl.obolibrary.org/obo/CL_0000236,7,28
VHFLung,Right apical segmental bronchus,Basal resting,http://purl.obolibrary.org/obo/CL_0002633,213.5,854
VHFLung,Right apical segmental bronchus,CD4 T cells,http://purl.obolibrary.org/obo/CL_0000492,293.5,1174
VHFLung,Right apical segmental bronchus,"CD4-positive, alpha-beta T cell",http://purl.obolibrary.org/obo/CL_0000624,1100,2200
VHFLung,Right apical segmental bronchus,CD8 T cells,http://purl.obolibrary.org/obo/CL_0000913,190.5,762
VHFLung,Right apical segmental bronchus,"CD8-positive, alpha-beta T cell",http://purl.obolibrary.org/obo/CL_0000625,35,70
VHFLung,Right apical segmental bronchus,Classical monocytes,http://purl.obolibrary.org/obo/CL_0000576,27.5,110
VHFLung,Right apical segmental bronchus,Club (nasal),http://purl.obolibrary.org/obo/CL_0000158,153,306
VHFLung,Right apical segmental bronchus,Club (non-nasal),http://purl.obolibrary.org/obo/CL_0000158,48,96
VHFLung,Right apical segmental bronchus,DC2,http://purl.obolibrary.org/obo/CL_0002399,63,252
VHFLung,Right apical segmental bronchus,Deuterosomal,http://purl.obolibrary.org/obo/CL_4033044,5,20
VHFLung,Right apical segmental bronchus,EC aerocyte capillary,http://purl.obolibrary.org/obo/CL_4028003,189,756
VHFLung,Right apical segmental bronchus,EC arterial,http://purl.obolibrary.org/obo/CL_1000413,133,532
VHFLung,Right apical segmental bronchus,EC general capillary,http://purl.obolibrary.org/obo/CL_0002144,1264.5,5058
VHFLung,Right apical segmental bronchus,EC venous systemic,http://purl.obolibrary.org/obo/CL_1000414,178.5,714
VHFLung,Right apical segmental bronchus,Goblet (bronchial),http://purl.obolibrary.org/obo/CL_0019003,1,2
VHFLung,Right apical segmental bronchus,Goblet (nasal),http://purl.obolibrary.org/obo/CL_0002480,17.5,70
VHFLung,Right apical segmental bronchus,Goblet (subsegmental),http://purl.obolibrary.org/obo/CL_1000312,138,276
VHFLung,Right apical segmental bronchus,Hematopoietic stem cells,http://purl.obolibrary.org/obo/CL_0000037,1,2
VHFLung,Right apical segmental bronchus,Interstitial Mph perivascular,http://purl.obolibrary.org/obo/CL_4033043,34,68
VHFLung,Right apical segmental bronchus,Ionocyte,http://purl.obolibrary.org/obo/CL_0005006,10.5,42
VHFLung,Right apical segmental bronchus,Lymphatic EC differentiating,http://purl.obolibrary.org/obo/CL_0002138,95,190
VHFLung,Right apical segmental bronchus,Lymphatic EC mature,http://purl.obolibrary.org/obo/CL_0002138,44,88
VHFLung,Right apical segmental bronchus,Mast cells,http://purl.obolibrary.org/obo/CL_0000097,17,68
VHFLung,Right apical segmental bronchus,Monocyte-derived Mph,http://purl.obolibrary.org/obo/CL_1001603,114,228
VHFLung,Right apical segmental bronchus,Monocyte-derived Mφ,https://purl.org/ccf/ASCTB-TEMP_monocyte-derived-m,38,76
VHFLung,Right apical segmental bronchus,Multiciliated (non-nasal),http://purl.obolibrary.org/obo/CL_0005012,720,2880
VHFLung,Right apical segmental bronchus,Myofibroblasts,http://purl.obolibrary.org/obo/CL_0000186,60,240
VHFLung,Right apical segmental bronchus,NK cells,http://purl.obolibrary.org/obo/CL_0000623,23,46
VHFLung,Right apical segmental bronchus,Neuroendocrine,http://purl.obolibrary.org/obo/CL_0000165,6,12
VHFLung,Right apical segmental bronchus,Non-classical monocytes,https://purl.org/ccf/ASCTB-TEMP_non-classical-monocytes,227,908
VHFLung,Right apical segmental bronchus,Peribronchial fibroblasts,http://purl.obolibrary.org/obo/CL_0002241,25,50
VHFLung,Right apical segmental bronchus,Pericytes,http://purl.obolibrary.org/obo/CL_0009089,140.5,562
VHFLung,Right apical segmental bronchus,Plasma cells,http://purl.obolibrary.org/obo/CL_0000786,16,32
VHFLung,Right apical segmental bronchus,SM activated stress response,http://purl.obolibrary.org/obo/CL_0000313,34,68
VHFLung,Right apical segmental bronchus,SMG duct,http://purl.obolibrary.org/obo/CL_4033023,7.5,30
VHFLung,Right apical segmental bronchus,SMG mucous,http://purl.obolibrary.org/obo/CL_4033022,2,4
VHFLung,Right apical segmental bronchus,SMG serous (bronchial),http://purl.obolibrary.org/obo/CL_4033005,23,92
VHFLung,Right apical segmental bronchus,SMG serous (nasal),http://purl.obolibrary.org/obo/CL_0000313,9,18
VHFLung,Right apical segmental bronchus,Smooth muscle,http://purl.obolibrary.org/obo/CL_0000192,277,554
VHFLung,Right apical segmental bronchus,Smooth muscle FAM83D+,http://purl.obolibrary.org/obo/CL_0000192,157,314
VHFLung,Right apical segmental bronchus,T cells proliferating,http://purl.obolibrary.org/obo/CL_0000084,3,6
VHFLung,Right apical segmental bronchus,Transitional Club-AT2,https://purl.org/ccf/ASCTB-TEMP_transitional-club-at2,2,4
VHFLung,Right apical segmental bronchus,Tuft,http://purl.obolibrary.org/obo/CL_0002075,3,6
VHFLung,Right apical segmental bronchus,basal cell,http://purl.obolibrary.org/obo/CL_0000646,344,688
VHFLung,Right apical segmental bronchus,basophil,http://purl.obolibrary.org/obo/CL_0000767,185,370
VHFLung,Right apical segmental bronchus,blood vessel endothelial cell,http://purl.obolibrary.org/obo/CL_0000071,1,2
VHFLung,Right apical segmental bronchus,bronchial smooth muscle cell,http://purl.obolibrary.org/obo/CL_0002598,80,160
VHFLung,Right apical segmental bronchus,capillary endothelial cell,http://purl.obolibrary.org/obo/CL_0002144,1154,2308
VHFLung,Right apical segmental bronchus,classical monocyte,http://purl.obolibrary.org/obo/CL_0000860,14,28
VHFLung,Right apical segmental bronchus,club cell,http://purl.obolibrary.org/obo/CL_0000158,235,470
VHFLung,Right apical segmental bronchus,"effector CD4-positive, alpha-beta T cell",http://purl.obolibrary.org/obo/CL_0001044,16,32
VHFLung,Right apical segmental bronchus,"effector CD8-positive, alpha-beta T cell",http://purl.obolibrary.org/obo/CL_0001050,236,472
VHFLung,Right apical segmental bronchus,endothelial cell of artery,http://purl.obolibrary.org/obo/CL_1000413,22,44
VHFLung,Right apical segmental bronchus,endothelial cell of lymphatic vessel,http://purl.obolibrary.org/obo/CL_0002138,9,18
VHFLung,Right apical segmental bronchus,fibroblast,http://purl.obolibrary.org/obo/CL_0000057,688,1376
VHFLung,Right apical segmental bronchus,lung ciliated cell,http://purl.obolibrary.org/obo/CL_1000271,592,1184
VHFLung,Right apical segmental bronchus,lung microvascular endothelial cell,http://purl.obolibrary.org/obo/CL_2000016,5,10
VHFLung,Right apical segmental bronchus,macrophage,http://purl.obolibrary.org/obo/CL_0000235,108,216
VHFLung,Right apical segmental bronchus,mature NK T cell,http://purl.obolibrary.org/obo/CL_0000814,8,16
VHFLung,Right apical segmental bronchus,neutrophil,http://purl.obolibrary.org/obo/CL_0000775,62,124
VHFLung,Right apical segmental bronchus,non-classical monocyte,http://purl.obolibrary.org/obo/CL_0000875,63,126
VHFLung,Right apical segmental bronchus,pericyte,http://purl.obolibrary.org/obo/CL_0000669,46,92
VHFLung,Right apical segmental bronchus,plasma cell,http://purl.obolibrary.org/obo/CL_0000786,5,10
VHFLung,Right apical segmental bronchus,pre-TB secretory,http://purl.obolibrary.org/obo/CL_0019001,117,234
VHFLung,Right apical segmental bronchus,pulmonary ionocyte,http://purl.obolibrary.org/obo/CL_0017000,1,2
VHFLung,Right apical segmental bronchus,respiratory goblet cell,http://purl.obolibrary.org/obo/CL_0002370,94,188
VHFLung,Right apical segmental bronchus,serous cell of epithelium of bronchus,http://purl.obolibrary.org/obo/CL_1000331,16,32
VHFLung,Right apical segmental bronchus,type I pneumocyte,http://purl.obolibrary.org/obo/CL_0002062,226,452
VHFLung,Right apical segmental bronchus,type II pneumocyte,http://purl.obolibrary.org/obo/CL_0002063,253,506
VHFLung,Right apical segmental bronchus,vascular associated smooth muscle cell,http://purl.obolibrary.org/obo/CL_0000359,10,20
VHFLung,Right apical segmental bronchus,vein endothelial cell,http://purl.obolibrary.org/obo/CL_0002543,240,480
VHFLung,right lung hilus,AT0,http://purl.obolibrary.org/obo/CL_0010003,28,112
VHFLung,right lung hilus,AT1,http://purl.obolibrary.org/obo/CL_0002062,1343,10744
VHFLung,right lung hilus,AT2,http://purl.obolibrary.org/obo/CL_0002063,1319,10552
VHFLung,right lung hilus,Adventitial fibroblasts,http://purl.obolibrary.org/obo/CL_4028006,91,728
VHFLung,right lung hilus,Alveolar Mph CCL3+,http://purl.obolibrary.org/obo/CL_4033041,12,48
VHFLung,right lung hilus,Alveolar Mph MT-positive,http://purl.obolibrary.org/obo/CL_4033042,1,4
VHFLung,right lung hilus,Alveolar Mph proliferating,http://purl.obolibrary.org/obo/CL_0000583,96,384
VHFLung,right lung hilus,Alveolar fibroblasts,http://purl.obolibrary.org/obo/CL_4028004,1238.5,9908
VHFLung,right lung hilus,Alveolar macrophages,http://purl.obolibrary.org/obo/CL_0000583,7,28
VHFLung,right lung hilus,B cell,http://purl.obolibrary.org/obo/CL_0000236,3,12
VHFLung,right lung hilus,B cells,http://purl.obolibrary.org/obo/CL_0000236,28,224
VHFLung,right lung hilus,Basal resting,http://purl.obolibrary.org/obo/CL_0002633,174,1392
VHFLung,right lung hilus,CD4 T cells,http://purl.obolibrary.org/obo/CL_0000492,399.5,3196
VHFLung,right lung hilus,"CD4-positive, alpha-beta T cell",http://purl.obolibrary.org/obo/CL_0000624,1237,4948
VHFLung,right lung hilus,CD8 T cells,http://purl.obolibrary.org/obo/CL_0000913,440.5,3524
VHFLung,right lung hilus,"CD8-positive, alpha-beta T cell",http://purl.obolibrary.org/obo/CL_0000625,200,800
VHFLung,right lung hilus,Classical monocytes,http://purl.obolibrary.org/obo/CL_0000576,16.5,132
VHFLung,right lung hilus,Club (non-nasal),http://purl.obolibrary.org/obo/CL_0000158,25,100
VHFLung,right lung hilus,DC1,http://purl.obolibrary.org/obo/CL_0002394,10,40
VHFLung,right lung hilus,DC2,http://purl.obolibrary.org/obo/CL_0002399,162.5,1300
VHFLung,right lung hilus,Deuterosomal,http://purl.obolibrary.org/obo/CL_4033044,31,124
VHFLung,right lung hilus,EC aerocyte capillary,http://purl.obolibrary.org/obo/CL_4028003,780,6240
VHFLung,right lung hilus,EC arterial,http://purl.obolibrary.org/obo/CL_1000413,270.5,2164
VHFLung,right lung hilus,EC general capillary,http://purl.obolibrary.org/obo/CL_0002144,2394.5,19156
VHFLung,right lung hilus,EC venous pulmonary,http://purl.obolibrary.org/obo/CL_1000414,465,1860
VHFLung,right lung hilus,EC venous systemic,http://purl.obolibrary.org/obo/CL_1000414,551,2204
VHFLung,right lung hilus,Goblet (bronchial),http://purl.obolibrary.org/obo/CL_0019003,5,20
VHFLung,right lung hilus,Goblet (nasal),http://purl.obolibrary.org/obo/CL_0002480,64,256
VHFLung,right lung hilus,Goblet (subsegmental),http://purl.obolibrary.org/obo/CL_1000312,290,1160
VHFLung,right lung hilus,Hematopoietic stem cells,http://purl.obolibrary.org/obo/CL_0000037,3,12
VHFLung,right lung hilus,Hillock-like,http://purl.obolibrary.org/obo/CL_0000158,272,1088
VHFLung,right lung hilus,Interstitial Mph perivascular,http://purl.obolibrary.org/obo/CL_4033043,92,368
VHFLung,right lung hilus,Interstitial Mφ perivascular,https://purl.org/ccf/ASCTB-TEMP_interstitial-m-perivascular,21,84
VHFLung,right lung hilus,Ionocyte,http://purl.obolibrary.org/obo/CL_0005006,34,272
VHFLung,right lung hilus,Lymphatic EC differentiating,http://purl.obolibrary.org/obo/CL_0002138,234,1872
VHFLung,right lung hilus,Mast cells,http://purl.obolibrary.org/obo/CL_0000097,93,744
VHFLung,right lung hilus,Mesothelium,http://purl.obolibrary.org/obo/CL_1000491,10,40
VHFLung,right lung hilus,Migratory DCs,http://purl.obolibrary.org/obo/CL_0001056,11,44
VHFLung,right lung hilus,Monocyte-derived Mph,http://purl.obolibrary.org/obo/CL_1001603,170,680
VHFLung,right lung hilus,Monocyte-derived Mφ,https://purl.org/ccf/ASCTB-TEMP_monocyte-derived-m,25,100
VHFLung,right lung hilus,Multiciliated (non-nasal),http://purl.obolibrary.org/obo/CL_0005012,1369,10952
VHFLung,right lung hilus,Myofibroblasts,http://purl.obolibrary.org/obo/CL_0000186,296,2368
VHFLung,right lung hilus,NK cells,http://purl.obolibrary.org/obo/CL_0000623,54.5,436
VHFLung,right lung hilus,Neuroendocrine,http://purl.obolibrary.org/obo/CL_0000165,39,156
VHFLung,right lung hilus,Non-classical monocytes,https://purl.org/ccf/ASCTB-TEMP_non-classical-monocytes,188,1504
VHFLung,right lung hilus,Peribronchial fibroblasts,http://purl.obolibrary.org/obo/CL_0002241,48,192
VHFLung,right lung hilus,Pericytes,http://purl.obolibrary.org/obo/CL_0009089,277.5,2220
VHFLung,right lung hilus,Plasma cells,http://purl.obolibrary.org/obo/CL_0000786,54,432
VHFLung,right lung hilus,Plasmacytoid DCs,http://purl.obolibrary.org/obo/CL_0000784,21,84
VHFLung,right lung hilus,SM activated stress response,http://purl.obolibrary.org/obo/CL_0000313,104,416
VHFLung,right lung hilus,SMG duct,http://purl.obolibrary.org/obo/CL_4033023,9,36
VHFLung,right lung hilus,SMG mucous,http://purl.obolibrary.org/obo/CL_4033022,21,84
VHFLung,right lung hilus,SMG serous (bronchial),http://purl.obolibrary.org/obo/CL_4033005,7,28
VHFLung,right lung hilus,SMG serous (nasal),http://purl.obolibrary.org/obo/CL_0000313,20,80
VHFLung,right lung hilus,Smooth muscle,http://purl.obolibrary.org/obo/CL_0000192,106,424
VHFLung,right lung hilus,Smooth muscle FAM83D+,http://purl.obolibrary.org/obo/CL_0000192,255,1020
VHFLung,right lung hilus,Subpleural fibroblasts,http://purl.obolibrary.org/obo/CL_4023054,5,20
VHFLung,right lung hilus,T cells proliferating,http://purl.obolibrary.org/obo/CL_0000084,7,28
VHFLung,right lung hilus,Transitional Club-AT2,https://purl.org/ccf/ASCTB-TEMP_transitional-club-at2,127,508
VHFLung,right lung hilus,Tuft,http://purl.obolibrary.org/obo/CL_0002075,10,40
VHFLung,right lung hilus,basal cell,http://purl.obolibrary.org/obo/CL_0000646,284,1136
VHFLung,right lung hilus,basophil,http://purl.obolibrary.org/obo/CL_0000767,319,1276
VHFLung,right lung hilus,bronchial smooth muscle cell,http://purl.obolibrary.org/obo/CL_0002598,50,200
VHFLung,right lung hilus,capillary endothelial cell,http://purl.obolibrary.org/obo/CL_0002144,3260,13040
VHFLung,right lung hilus,classical monocyte,http://purl.obolibrary.org/obo/CL_0000860,6,24
VHFLung,right lung hilus,club cell,http://purl.obolibrary.org/obo/CL_0000158,735,2940
VHFLung,right lung hilus,dendritic cell,http://purl.obolibrary.org/obo/CL_0000451,1,4
VHFLung,right lung hilus,"effector CD4-positive, alpha-beta T cell",http://purl.obolibrary.org/obo/CL_0001044,30,120
VHFLung,right lung hilus,"effector CD8-positive, alpha-beta T cell",http://purl.obolibrary.org/obo/CL_0001050,327,1308
VHFLung,right lung hilus,endothelial cell of artery,http://purl.obolibrary.org/obo/CL_1000413,34,136
VHFLung,right lung hilus,endothelial cell of lymphatic vessel,http://purl.obolibrary.org/obo/CL_0002138,15,60
VHFLung,right lung hilus,fibroblast,http://purl.obolibrary.org/obo/CL_0000057,1718,6872
VHFLung,right lung hilus,lung ciliated cell,http://purl.obolibrary.org/obo/CL_1000271,1156,4624
VHFLung,right lung hilus,macrophage,http://purl.obolibrary.org/obo/CL_0000235,260,1040
VHFLung,right lung hilus,mature NK T cell,http://purl.obolibrary.org/obo/CL_0000814,31,124
VHFLung,right lung hilus,neutrophil,http://purl.obolibrary.org/obo/CL_0000775,15,60
VHFLung,right lung hilus,non-classical monocyte,http://purl.obolibrary.org/obo/CL_0000875,91,364
VHFLung,right lung hilus,pericyte,http://purl.obolibrary.org/obo/CL_0000669,109,436
VHFLung,right lung hilus,plasma cell,http://purl.obolibrary.org/obo/CL_0000786,25,100
VHFLung,right lung hilus,pre-TB secretory,http://purl.obolibrary.org/obo/CL_0019001,511,2044
VHFLung,right lung hilus,respiratory goblet cell,http://purl.obolibrary.org/obo/CL_0002370,50,200
VHFLung,right lung hilus,type I pneumocyte,http://purl.obolibrary.org/obo/CL_0002062,850,3400
VHFLung,right lung hilus,type II pneumocyte,http://purl.obolibrary.org/obo/CL_0002063,1486,5944
VHFLung,right lung hilus,vascular associated smooth muscle cell,http://purl.obolibrary.org/obo/CL_0000359,13,52
VHFLung,right lung hilus,vein endothelial cell,http://purl.obolibrary.org/obo/CL_0002543,687,2748
VHFRightKidney,kidney capsule,Afferent / Efferent Arteriole Endothelial,http://purl.obolibrary.org/obo/CL_1000412,7,21
VHFRightKidney,kidney capsule,Ascending Thin Limb,http://purl.obolibrary.org/obo/CL_1001107,7,21
VHFRightKidney,kidney capsule,Ascending Vasa Recta Endothelial,http://purl.obolibrary.org/obo/CL_1001131,1,3
VHFRightKidney,kidney capsule,B,http://purl.obolibrary.org/obo/CL_0000236,36,108
VHFRightKidney,kidney capsule,Classical Dendritic,http://purl.obolibrary.org/obo/CL_0000990,11,33
VHFRightKidney,kidney capsule,Connecting Tubule,http://purl.obolibrary.org/obo/CL_1000768,487.33333333333333333333,1462
VHFRightKidney,kidney capsule,Connecting Tubule Intercalated Type A,http://purl.obolibrary.org/obo/CL_4030020,21.33333333333333333333,64
VHFRightKidney,kidney capsule,Connecting Tubule Principal,http://purl.obolibrary.org/obo/CL_4030018,261,783
VHFRightKidney,kidney capsule,Cortical Collecting Duct Intercalated Type A,http://purl.obolibrary.org/obo/CL_1000715,326.33333333333333333333,979
VHFRightKidney,kidney capsule,Cortical Collecting Duct Principal,http://purl.obolibrary.org/obo/CL_1000714,346,1038
VHFRightKidney,kidney capsule,Cortical Thick Ascending Limb,http://purl.obolibrary.org/obo/CL_1001109,250.33333333333333333333,751
VHFRightKidney,kidney capsule,Descending Thin Limb Type 1,http://purl.obolibrary.org/obo/CL_4030012,78,234
VHFRightKidney,kidney capsule,Descending Thin Limb Type 2,http://purl.obolibrary.org/obo/CL_4030013,534.66666666666666666667,1604
VHFRightKidney,kidney capsule,Descending Thin Limb Type 3,http://purl.obolibrary.org/obo/CL_4030014,156.33333333333333333333,469
VHFRightKidney,kidney capsule,"Descending Vasa Recta Endothelial ",https://purl.org/ccf/ASCTB-TEMP_descending-vasa-recta-endothelial,2,6
VHFRightKidney,kidney capsule,Distal Convoluted Tubule Type 1,http://purl.obolibrary.org/obo/CL_4030016,538.33333333333333333333,1615
VHFRightKidney,kidney capsule,Distal Convoluted Tubule Type 2,http://purl.obolibrary.org/obo/CL_4030017,16.66666666666666666667,50
VHFRightKidney,kidney capsule,Fibroblast,http://purl.obolibrary.org/obo/CL_1000692,76.66666666666666666667,230
VHFRightKidney,kidney capsule,Glomerular Capillary Endothelial,http://purl.obolibrary.org/obo/CL_1001005,77,231
VHFRightKidney,kidney capsule,Inner Medullary Collecting Duct,http://purl.obolibrary.org/obo/CL_1000718,468,1404
VHFRightKidney,kidney capsule,Intercalated Type B,http://purl.obolibrary.org/obo/CL_0002201,174.33333333333333333333,523
VHFRightKidney,kidney capsule,Lymphatic Endothelial,http://purl.obolibrary.org/obo/CL_0002138,23,69
VHFRightKidney,kidney capsule,M2 Macrophage,http://purl.obolibrary.org/obo/CL_0000890,95,285
VHFRightKidney,kidney capsule,Macula Densa,http://purl.obolibrary.org/obo/CL_1000850,223,669
VHFRightKidney,kidney capsule,Mast,http://purl.obolibrary.org/obo/CL_0000097,25,75
VHFRightKidney,kidney capsule,Medullary Fibroblast,http://purl.obolibrary.org/obo/CL_4030022,1,3
VHFRightKidney,kidney capsule,Medullary Thick Ascending Limb,http://purl.obolibrary.org/obo/CL_1001108,8.33333333333333333333,25
VHFRightKidney,kidney capsule,Mesangial,http://purl.obolibrary.org/obo/CL_0000650,14,42
VHFRightKidney,kidney capsule,Monocyte-derived,http://purl.obolibrary.org/obo/CL_0011031,32,96
VHFRightKidney,kidney capsule,Non-classical monocyte,http://purl.obolibrary.org/obo/CL_0000875,3.33333333333333333333,10
VHFRightKidney,kidney capsule,Outer Medullary Collecting Duct Intercalated Type A,http://purl.obolibrary.org/obo/CL_1000717,11,33
VHFRightKidney,kidney capsule,Outer Medullary Collecting Duct Principal,http://purl.obolibrary.org/obo/CL_1000716,100,300
VHFRightKidney,kidney capsule,Parietal Epithelial,http://purl.obolibrary.org/obo/CL_1000452,71.33333333333333333333,214
VHFRightKidney,kidney capsule,"Peritubular Capilary Endothelial ",https://purl.org/ccf/ASCTB-TEMP_peritubular-capilary-endothelial,153.66666666666666666667,461
VHFRightKidney,kidney capsule,Plasma,http://purl.obolibrary.org/obo/CL_0000786,13.33333333333333333333,40
VHFRightKidney,kidney capsule,Plasmacytoid Dendritic,http://purl.obolibrary.org/obo/CL_0001058,9,27
VHFRightKidney,kidney capsule,Podocyte,http://purl.obolibrary.org/obo/CL_0000653,116,348
VHFRightKidney,kidney capsule,Proximal Tubule Epithelial Segment 1,http://purl.obolibrary.org/obo/CL_4030009,949,2847
VHFRightKidney,kidney capsule,Proximal Tubule Epithelial Segment 2,http://purl.obolibrary.org/obo/CL_4030010,64.33333333333333333333,193
VHFRightKidney,kidney capsule,Proximal Tubule Epithelial Segment 3,http://purl.obolibrary.org/obo/CL_4030011,148,444
VHFRightKidney,kidney capsule,Schwann / Neural,http://purl.obolibrary.org/obo/CL_0002573,3,9
VHFRightKidney,kidney capsule,T,http://purl.obolibrary.org/obo/CL_0000084,267.33333333333333333333,802
VHFRightKidney,kidney capsule,Vascular Smooth Muscle / Pericyte,http://purl.obolibrary.org/obo/CL_1001318,21,63
VHFRightKidney,outer cortex of kidney,Afferent / Efferent Arteriole Endothelial,http://purl.obolibrary.org/obo/CL_1000412,55.42857142857142857143,388
VHFRightKidney,outer cortex of kidney,Ascending Thin Limb,http://purl.obolibrary.org/obo/CL_1001107,1063.55555555555555555556,9572
VHFRightKidney,outer cortex of kidney,Ascending Vasa Recta Endothelial,http://purl.obolibrary.org/obo/CL_1001131,151.88888888888888888889,1367
VHFRightKidney,outer cortex of kidney,B,http://purl.obolibrary.org/obo/CL_0000236,223.28571428571428571429,1563
VHFRightKidney,outer cortex of kidney,Classical Dendritic,http://purl.obolibrary.org/obo/CL_0000990,6.28571428571428571429,44
VHFRightKidney,outer cortex of kidney,Connecting Tubule,http://purl.obolibrary.org/obo/CL_1000768,1283.22222222222222222222,11549
VHFRightKidney,outer cortex of kidney,Connecting Tubule Intercalated Type A,http://purl.obolibrary.org/obo/CL_4030020,13.2,66
VHFRightKidney,outer cortex of kidney,Connecting Tubule Principal,http://purl.obolibrary.org/obo/CL_4030018,154.44444444444444444444,1390
VHFRightKidney,outer cortex of kidney,Cortical Collecting Duct Intercalated Type A,http://purl.obolibrary.org/obo/CL_1000715,354,3186
VHFRightKidney,outer cortex of kidney,Cortical Collecting Duct Principal,http://purl.obolibrary.org/obo/CL_1000714,351.44444444444444444444,3163
VHFRightKidney,outer cortex of kidney,Cortical Thick Ascending Limb,http://purl.obolibrary.org/obo/CL_1001109,1208.11111111111111111111,10873
VHFRightKidney,outer cortex of kidney,Cortical Vascular Smooth Muscle / Pericyte,http://purl.obolibrary.org/obo/CL_1001318,403.5,807
VHFRightKidney,outer cortex of kidney,Descending Thin Limb Type 1,http://purl.obolibrary.org/obo/CL_4030012,6107.44444444444444444444,54967
VHFRightKidney,outer cortex of kidney,Descending Thin Limb Type 2,http://purl.obolibrary.org/obo/CL_4030013,2183.77777777777777777778,19654
VHFRightKidney,outer cortex of kidney,Descending Thin Limb Type 3,http://purl.obolibrary.org/obo/CL_4030014,802.44444444444444444444,7222
VHFRightKidney,outer cortex of kidney,"Descending Vasa Recta Endothelial ",https://purl.org/ccf/ASCTB-TEMP_descending-vasa-recta-endothelial,143.88888888888888888889,1295
VHFRightKidney,outer cortex of kidney,Distal Convoluted Tubule Type 1,http://purl.obolibrary.org/obo/CL_4030016,997.55555555555555555556,8978
VHFRightKidney,outer cortex of kidney,Distal Convoluted Tubule Type 2,http://purl.obolibrary.org/obo/CL_4030017,21.57142857142857142857,151
VHFRightKidney,outer cortex of kidney,Fibroblast,http://purl.obolibrary.org/obo/CL_1000692,661.33333333333333333333,5952
VHFRightKidney,outer cortex of kidney,Glomerular Capillary Endothelial,http://purl.obolibrary.org/obo/CL_1001005,72.77777777777777777778,655
VHFRightKidney,outer cortex of kidney,Inner Medullary Collecting Duct,http://purl.obolibrary.org/obo/CL_1000718,4852,43668
VHFRightKidney,outer cortex of kidney,Intercalated Type B,http://purl.obolibrary.org/obo/CL_0002201,94.44444444444444444444,850
VHFRightKidney,outer cortex of kidney,Lymphatic Endothelial,http://purl.obolibrary.org/obo/CL_0002138,23.44444444444444444444,211
VHFRightKidney,outer cortex of kidney,M2 Macrophage,http://purl.obolibrary.org/obo/CL_0000890,95.33333333333333333333,858
VHFRightKidney,outer cortex of kidney,Macula Densa,http://purl.obolibrary.org/obo/CL_1000850,422.88888888888888888889,3806
VHFRightKidney,outer cortex of kidney,Mast,http://purl.obolibrary.org/obo/CL_0000097,169.28571428571428571429,1185
VHFRightKidney,outer cortex of kidney,Medullary Fibroblast,http://purl.obolibrary.org/obo/CL_4030022,662.77777777777777777778,5965
VHFRightKidney,outer cortex of kidney,Medullary Thick Ascending Limb,http://purl.obolibrary.org/obo/CL_1001108,887.77777777777777777778,7990
VHFRightKidney,outer cortex of kidney,Mesangial,http://purl.obolibrary.org/obo/CL_0000650,282.14285714285714285714,1975
VHFRightKidney,outer cortex of kidney,Monocyte-derived,http://purl.obolibrary.org/obo/CL_0011031,37.44444444444444444444,337
VHFRightKidney,outer cortex of kidney,Natural Killer T,http://purl.obolibrary.org/obo/CL_0000814,2.16666666666666666667,13
VHFRightKidney,outer cortex of kidney,Non-classical monocyte,http://purl.obolibrary.org/obo/CL_0000875,2.55555555555555555556,23
VHFRightKidney,outer cortex of kidney,Outer Medullary Collecting Duct Intercalated Type A,http://purl.obolibrary.org/obo/CL_1000717,17.77777777777777777778,160
VHFRightKidney,outer cortex of kidney,Outer Medullary Collecting Duct Principal,http://purl.obolibrary.org/obo/CL_1000716,505.22222222222222222222,4547
VHFRightKidney,outer cortex of kidney,Papillary Tip Epithelial,http://purl.obolibrary.org/obo/CL_1000597,1.5,9
VHFRightKidney,outer cortex of kidney,Parietal Epithelial,http://purl.obolibrary.org/obo/CL_1000452,155.77777777777777777778,1402
VHFRightKidney,outer cortex of kidney,"Peritubular Capilary Endothelial ",https://purl.org/ccf/ASCTB-TEMP_peritubular-capilary-endothelial,129.33333333333333333333,1164
VHFRightKidney,outer cortex of kidney,Plasma,http://purl.obolibrary.org/obo/CL_0000786,13.57142857142857142857,95
VHFRightKidney,outer cortex of kidney,Plasmacytoid Dendritic,http://purl.obolibrary.org/obo/CL_0001058,5.66666666666666666667,34
VHFRightKidney,outer cortex of kidney,Podocyte,http://purl.obolibrary.org/obo/CL_0000653,267.44444444444444444444,2407
VHFRightKidney,outer cortex of kidney,Proximal Tubule Epithelial Segment 1,http://purl.obolibrary.org/obo/CL_4030009,1591.28571428571428571429,11139
VHFRightKidney,outer cortex of kidney,Proximal Tubule Epithelial Segment 2,http://purl.obolibrary.org/obo/CL_4030010,108,756
VHFRightKidney,outer cortex of kidney,Proximal Tubule Epithelial Segment 3,http://purl.obolibrary.org/obo/CL_4030011,795.88888888888888888889,7163
VHFRightKidney,outer cortex of kidney,Renin-positive Juxtaglomerular Granular,http://purl.obolibrary.org/obo/CL_0000648,1.33333333333333333333,4
VHFRightKidney,outer cortex of kidney,Schwann / Neural,http://purl.obolibrary.org/obo/CL_0002573,40.28571428571428571429,282
VHFRightKidney,outer cortex of kidney,T,http://purl.obolibrary.org/obo/CL_0000084,149.66666666666666666667,1347
VHFRightKidney,outer cortex of kidney,Vascular Smooth Muscle / Pericyte,http://purl.obolibrary.org/obo/CL_1001318,198,1386
VHFRightKidney,renal column,Afferent / Efferent Arteriole Endothelial,http://purl.obolibrary.org/obo/CL_1000412,1,2
VHFRightKidney,renal column,Ascending Thin Limb,http://purl.obolibrary.org/obo/CL_1001107,72,144
VHFRightKidney,renal column,B,http://purl.obolibrary.org/obo/CL_0000236,5.5,22
VHFRightKidney,renal column,Classical Dendritic,http://purl.obolibrary.org/obo/CL_0000990,13.5,54
VHFRightKidney,renal column,Connecting Tubule,http://purl.obolibrary.org/obo/CL_1000768,153,612
VHFRightKidney,renal column,Connecting Tubule Principal,http://purl.obolibrary.org/obo/CL_4030018,77.5,310
VHFRightKidney,renal column,Cortical Collecting Duct Intercalated Type A,http://purl.obolibrary.org/obo/CL_1000715,8,16
VHFRightKidney,renal column,Cortical Collecting Duct Principal,http://purl.obolibrary.org/obo/CL_1000714,78,312
VHFRightKidney,renal column,Cortical Thick Ascending Limb,http://purl.obolibrary.org/obo/CL_1001109,12,24
VHFRightKidney,renal column,Cortical Vascular Smooth Muscle / Pericyte,http://purl.obolibrary.org/obo/CL_1001318,358,716
VHFRightKidney,renal column,Descending Thin Limb Type 1,http://purl.obolibrary.org/obo/CL_4030012,24,48
VHFRightKidney,renal column,Descending Thin Limb Type 3,http://purl.obolibrary.org/obo/CL_4030014,24,48
VHFRightKidney,renal column,"Descending Vasa Recta Endothelial ",https://purl.org/ccf/ASCTB-TEMP_descending-vasa-recta-endothelial,90.5,362
VHFRightKidney,renal column,Distal Convoluted Tubule Type 1,http://purl.obolibrary.org/obo/CL_4030016,2,4
VHFRightKidney,renal column,Fibroblast,http://purl.obolibrary.org/obo/CL_1000692,933.5,3734
VHFRightKidney,renal column,Glomerular Capillary Endothelial,http://purl.obolibrary.org/obo/CL_1001005,3,6
VHFRightKidney,renal column,Inner Medullary Collecting Duct,http://purl.obolibrary.org/obo/CL_1000718,1072,4288
VHFRightKidney,renal column,Intercalated Type B,http://purl.obolibrary.org/obo/CL_0002201,1,2
VHFRightKidney,renal column,Lymphatic Endothelial,http://purl.obolibrary.org/obo/CL_0002138,20,80
VHFRightKidney,renal column,M2 Macrophage,http://purl.obolibrary.org/obo/CL_0000890,134.5,538
VHFRightKidney,renal column,Macula Densa,http://purl.obolibrary.org/obo/CL_1000850,64,256
VHFRightKidney,renal column,Mast,http://purl.obolibrary.org/obo/CL_0000097,37.5,150
VHFRightKidney,renal column,Medullary Fibroblast,http://purl.obolibrary.org/obo/CL_4030022,1472.5,5890
VHFRightKidney,renal column,Medullary Thick Ascending Limb,http://purl.obolibrary.org/obo/CL_1001108,75,150
VHFRightKidney,renal column,Mesangial,http://purl.obolibrary.org/obo/CL_0000650,11,22
VHFRightKidney,renal column,Monocyte-derived,http://purl.obolibrary.org/obo/CL_0011031,17,68
VHFRightKidney,renal column,Outer Medullary Collecting Duct Principal,http://purl.obolibrary.org/obo/CL_1000716,255,1020
VHFRightKidney,renal column,Papillary Tip Epithelial,http://purl.obolibrary.org/obo/CL_1000597,518,2072
VHFRightKidney,renal column,Parietal Epithelial,http://purl.obolibrary.org/obo/CL_1000452,13,26
VHFRightKidney,renal column,"Peritubular Capilary Endothelial ",https://purl.org/ccf/ASCTB-TEMP_peritubular-capilary-endothelial,97.5,390
VHFRightKidney,renal column,Plasma,http://purl.obolibrary.org/obo/CL_0000786,25.5,102
VHFRightKidney,renal column,Podocyte,http://purl.obolibrary.org/obo/CL_0000653,5,10
VHFRightKidney,renal column,Proximal Tubule Epithelial Segment 1,http://purl.obolibrary.org/obo/CL_4030009,1,2
VHFRightKidney,renal column,Proximal Tubule Epithelial Segment 3,http://purl.obolibrary.org/obo/CL_4030011,1,2
VHFRightKidney,renal column,Schwann / Neural,http://purl.obolibrary.org/obo/CL_0002573,2.5,10
VHFRightKidney,renal column,T,http://purl.obolibrary.org/obo/CL_0000084,100,400
VHFRightKidney,renal column,Vascular Smooth Muscle / Pericyte,http://purl.obolibrary.org/obo/CL_1001318,51,102
VHFRightKidney,renal pyramid,Afferent / Efferent Arteriole Endothelial,http://purl.obolibrary.org/obo/CL_1000412,147.18181818181818181818,1619
VHFRightKidney,renal pyramid,Ascending Thin Limb,http://purl.obolibrary.org/obo/CL_1001107,2629,42064
VHFRightKidney,renal pyramid,Ascending Vasa Recta Endothelial,http://purl.obolibrary.org/obo/CL_1001131,382.75,6124
VHFRightKidney,renal pyramid,B,http://purl.obolibrary.org/obo/CL_0000236,471.2,4712
VHFRightKidney,renal pyramid,Classical Dendritic,http://purl.obolibrary.org/obo/CL_0000990,122.66666666666666666667,736
VHFRightKidney,renal pyramid,Connecting Tubule,http://purl.obolibrary.org/obo/CL_1000768,4024.8125,64397
VHFRightKidney,renal pyramid,Connecting Tubule Intercalated Type A,http://purl.obolibrary.org/obo/CL_4030020,1.125,9
VHFRightKidney,renal pyramid,Connecting Tubule Principal,http://purl.obolibrary.org/obo/CL_4030018,221.73333333333333333333,3326
VHFRightKidney,renal pyramid,Cortical Collecting Duct Intercalated Type A,http://purl.obolibrary.org/obo/CL_1000715,714,9996
VHFRightKidney,renal pyramid,Cortical Collecting Duct Principal,http://purl.obolibrary.org/obo/CL_1000714,2783.5,44536
VHFRightKidney,renal pyramid,Cortical Thick Ascending Limb,http://purl.obolibrary.org/obo/CL_1001109,4632.625,74122
VHFRightKidney,renal pyramid,Cortical Vascular Smooth Muscle / Pericyte,http://purl.obolibrary.org/obo/CL_1001318,523.44444444444444444444,4711
VHFRightKidney,renal pyramid,Cycling Mononuclear Phagocyte,http://purl.obolibrary.org/obo/CL_0000113,1,1
VHFRightKidney,renal pyramid,Descending Thin Limb Type 1,http://purl.obolibrary.org/obo/CL_4030012,2423.3125,38773
VHFRightKidney,renal pyramid,Descending Thin Limb Type 2,http://purl.obolibrary.org/obo/CL_4030013,1066.8125,17069
VHFRightKidney,renal pyramid,Descending Thin Limb Type 3,http://purl.obolibrary.org/obo/CL_4030014,797.5625,12761
VHFRightKidney,renal pyramid,"Descending Vasa Recta Endothelial ",https://purl.org/ccf/ASCTB-TEMP_descending-vasa-recta-endothelial,367,5872
VHFRightKidney,renal pyramid,Distal Convoluted Tubule Type 1,http://purl.obolibrary.org/obo/CL_4030016,7321.13333333333333333333,109817
VHFRightKidney,renal pyramid,Distal Convoluted Tubule Type 2,http://purl.obolibrary.org/obo/CL_4030017,17.33333333333333333333,104
VHFRightKidney,renal pyramid,Fibroblast,http://purl.obolibrary.org/obo/CL_1000692,293.75,4700
VHFRightKidney,renal pyramid,Glomerular Capillary Endothelial,http://purl.obolibrary.org/obo/CL_1001005,26.46153846153846153846,344
VHFRightKidney,renal pyramid,Inner Medullary Collecting Duct,http://purl.obolibrary.org/obo/CL_1000718,12237.5625,195801
VHFRightKidney,renal pyramid,Intercalated Type B,http://purl.obolibrary.org/obo/CL_0002201,264.54545454545454545455,2910
VHFRightKidney,renal pyramid,Lymphatic Endothelial,http://purl.obolibrary.org/obo/CL_0002138,44.3125,709
VHFRightKidney,renal pyramid,M2 Macrophage,http://purl.obolibrary.org/obo/CL_0000890,125.375,2006
VHFRightKidney,renal pyramid,Macula Densa,http://purl.obolibrary.org/obo/CL_1000850,949.57142857142857142857,13294
VHFRightKidney,renal pyramid,Mast,http://purl.obolibrary.org/obo/CL_0000097,16.35714285714285714286,229
VHFRightKidney,renal pyramid,Medullary Fibroblast,http://purl.obolibrary.org/obo/CL_4030022,2216.875,35470
VHFRightKidney,renal pyramid,Medullary Thick Ascending Limb,http://purl.obolibrary.org/obo/CL_1001108,4635.875,74174
VHFRightKidney,renal pyramid,Mesangial,http://purl.obolibrary.org/obo/CL_0000650,343,3430
VHFRightKidney,renal pyramid,Monocyte-derived,http://purl.obolibrary.org/obo/CL_0011031,41.33333333333333333333,620
VHFRightKidney,renal pyramid,Natural Killer T,http://purl.obolibrary.org/obo/CL_0000814,3.75,30
VHFRightKidney,renal pyramid,Neutrophil,http://purl.obolibrary.org/obo/CL_0000775,1,3
VHFRightKidney,renal pyramid,Non-classical monocyte,http://purl.obolibrary.org/obo/CL_0000875,1.75,21
VHFRightKidney,renal pyramid,Outer Medullary Collecting Duct Intercalated Type A,http://purl.obolibrary.org/obo/CL_1000717,184.125,2946
VHFRightKidney,renal pyramid,Outer Medullary Collecting Duct Principal,http://purl.obolibrary.org/obo/CL_1000716,922.5,14760
VHFRightKidney,renal pyramid,Papillary Tip Epithelial,http://purl.obolibrary.org/obo/CL_1000597,18.5,185
VHFRightKidney,renal pyramid,Parietal Epithelial,http://purl.obolibrary.org/obo/CL_1000452,888.42857142857142857143,12438
VHFRightKidney,renal pyramid,"Peritubular Capilary Endothelial ",https://purl.org/ccf/ASCTB-TEMP_peritubular-capilary-endothelial,286.1875,4579
VHFRightKidney,renal pyramid,Plasma,http://purl.obolibrary.org/obo/CL_0000786,8.76923076923076923077,114
VHFRightKidney,renal pyramid,Plasmacytoid Dendritic,http://purl.obolibrary.org/obo/CL_0001058,1,1
VHFRightKidney,renal pyramid,Podocyte,http://purl.obolibrary.org/obo/CL_0000653,136.08333333333333333333,1633
VHFRightKidney,renal pyramid,Proximal Tubule Epithelial Segment 1,http://purl.obolibrary.org/obo/CL_4030009,426,5538
VHFRightKidney,renal pyramid,Proximal Tubule Epithelial Segment 2,http://purl.obolibrary.org/obo/CL_4030010,26,286
VHFRightKidney,renal pyramid,Proximal Tubule Epithelial Segment 3,http://purl.obolibrary.org/obo/CL_4030011,418.4375,6695
VHFRightKidney,renal pyramid,Renin-positive Juxtaglomerular Granular,http://purl.obolibrary.org/obo/CL_0000648,35.16666666666666666667,211
VHFRightKidney,renal pyramid,Schwann / Neural,http://purl.obolibrary.org/obo/CL_0002573,71.5,715
VHFRightKidney,renal pyramid,T,http://purl.obolibrary.org/obo/CL_0000084,67.375,1078
VHFRightKidney,renal pyramid,Vascular Smooth Muscle / Pericyte,http://purl.obolibrary.org/obo/CL_1001318,167.28571428571428571429,1171
VHFRightMammaryGland,Interlobar adipose tissue of right mammary gland,B cell,http://purl.obolibrary.org/obo/CL_0000236,36.33333333333333333333,327
VHFRightMammaryGland,Interlobar adipose tissue of right mammary gland,T cell,http://purl.obolibrary.org/obo/CL_0000084,35.66666666666666666667,321
VHFRightMammaryGland,Interlobar adipose tissue of right mammary gland,basal cell,http://purl.obolibrary.org/obo/CL_0000646,291,2619
VHFRightMammaryGland,Interlobar adipose tissue of right mammary gland,endothelial cell of artery,http://purl.obolibrary.org/obo/CL_1000413,555.66666666666666666667,5001
VHFRightMammaryGland,Interlobar adipose tissue of right mammary gland,endothelial cell of lymphatic vessel,http://purl.obolibrary.org/obo/CL_0002138,104.66666666666666666667,942
VHFRightMammaryGland,Interlobar adipose tissue of right mammary gland,fibroblast of breast,http://purl.obolibrary.org/obo/CL_4006000,337.5,2025
VHFRightMammaryGland,Interlobar adipose tissue of right mammary gland,luminal epithelial cell of mammary gland,http://purl.obolibrary.org/obo/CL_0002326,1596.66666666666666666667,14370
VHFRightMammaryGland,Interlobar adipose tissue of right mammary gland,macrophage,http://purl.obolibrary.org/obo/CL_0000235,70.66666666666666666667,636
VHFRightMammaryGland,Interlobar adipose tissue of right mammary gland,mast cell,http://purl.obolibrary.org/obo/CL_0000097,20,60
VHFRightMammaryGland,Interlobar adipose tissue of right mammary gland,mature NK T cell,http://purl.obolibrary.org/obo/CL_0000814,1,6
VHFRightMammaryGland,Interlobar adipose tissue of right mammary gland,pericyte,http://purl.obolibrary.org/obo/CL_0000669,294.66666666666666666667,2652
VHFRightMammaryGland,Interlobar adipose tissue of right mammary gland,plasma cell,http://purl.obolibrary.org/obo/CL_0000786,2.33333333333333333333,21
VHFRightMammaryGland,Interlobar adipose tissue of right mammary gland,vascular associated smooth muscle cell,http://purl.obolibrary.org/obo/CL_0000359,12,72
VHFRightMammaryGland,Interlobar adipose tissue of right mammary gland,vein endothelial cell,http://purl.obolibrary.org/obo/CL_0002543,28.66666666666666666667,258
VHFSmallIntestine,ascending part of duodenum,Activated CD4 T,https://purl.org/ccf/ASCTB-TEMP_activated-cd4-t,2.33333333333333333333,7
VHFSmallIntestine,ascending part of duodenum,Activated CD8 T,https://purl.org/ccf/ASCTB-TEMP_activated-cd8-t,17.66666666666666666667,53
VHFSmallIntestine,ascending part of duodenum,Activated T,https://purl.org/ccf/ASCTB-TEMP_activated-t,66.33333333333333333333,199
VHFSmallIntestine,ascending part of duodenum,Adult Glia,https://purl.org/ccf/ASCTB-TEMP_adult-glia,36.33333333333333333333,109
VHFSmallIntestine,ascending part of duodenum,B cell,http://purl.obolibrary.org/obo/CL_0000236,1,1
VHFSmallIntestine,ascending part of duodenum,BEST2+ Goblet cell,https://purl.org/ccf/ASCTB-TEMP_best2-goblet-cell,7,21
VHFSmallIntestine,ascending part of duodenum,BEST4+ epithelial,https://purl.org/ccf/ASCTB-TEMP_best4-epithelial,45.66666666666666666667,137
VHFSmallIntestine,ascending part of duodenum,Branch A1 (iMN),https://purl.org/ccf/ASCTB-TEMP_branch-a1-imn-,4,12
VHFSmallIntestine,ascending part of duodenum,Branch A2 (IPAN/IN),https://purl.org/ccf/ASCTB-TEMP_branch-a2-ipan-in-,6.33333333333333333333,19
VHFSmallIntestine,ascending part of duodenum,Branch A3 (IPAN/IN),https://purl.org/ccf/ASCTB-TEMP_branch-a3-ipan-in-,5,15
VHFSmallIntestine,ascending part of duodenum,Branch A4 (IN),https://purl.org/ccf/ASCTB-TEMP_branch-a4-in-,22.66666666666666666667,68
VHFSmallIntestine,ascending part of duodenum,Branch B1 (eMN),https://purl.org/ccf/ASCTB-TEMP_branch-b1-emn-,61,183
VHFSmallIntestine,ascending part of duodenum,Branch B2 (eMN),https://purl.org/ccf/ASCTB-TEMP_branch-b2-emn-,2,6
VHFSmallIntestine,ascending part of duodenum,Branch B3 (IPAN),https://purl.org/ccf/ASCTB-TEMP_branch-b3-ipan-,4,12
VHFSmallIntestine,ascending part of duodenum,"CD4-positive, alpha-beta T cell",http://purl.obolibrary.org/obo/CL_0000624,22.33333333333333333333,67
VHFSmallIntestine,ascending part of duodenum,CD8 Tmem,https://purl.org/ccf/ASCTB-TEMP_cd8-tmem,4.33333333333333333333,13
VHFSmallIntestine,ascending part of duodenum,"CD8-positive, alpha-beta T cell",http://purl.obolibrary.org/obo/CL_0000625,34.66666666666666666667,104
VHFSmallIntestine,ascending part of duodenum,CLC+ Mast cell,https://purl.org/ccf/ASCTB-TEMP_clc-mast-cell,2.66666666666666666667,8
VHFSmallIntestine,ascending part of duodenum,CLDN10+ cells,https://purl.org/ccf/ASCTB-TEMP_cldn10-cells,5.33333333333333333333,16
VHFSmallIntestine,ascending part of duodenum,CLP,https://purl.org/ccf/ASCTB-TEMP_clp,4.66666666666666666667,14
VHFSmallIntestine,ascending part of duodenum,CX3CR1+ CD8 Tmem,https://purl.org/ccf/ASCTB-TEMP_cx3cr1-cd8-tmem,2,2
VHFSmallIntestine,ascending part of duodenum,Colonocyte,https://purl.org/ccf/ASCTB-TEMP_colonocyte,1,1
VHFSmallIntestine,ascending part of duodenum,Contractile pericyte (PLN+),https://purl.org/ccf/ASCTB-TEMP_contractile-pericyte-pln-,22.66666666666666666667,68
VHFSmallIntestine,ascending part of duodenum,Cycling B cell,https://purl.org/ccf/ASCTB-TEMP_cycling-b-cell,26,78
VHFSmallIntestine,ascending part of duodenum,Cycling plasma cell,https://purl.org/ccf/ASCTB-TEMP_cycling-plasma-cell,106.66666666666666666667,320
VHFSmallIntestine,ascending part of duodenum,D cells (SST+),https://purl.org/ccf/ASCTB-TEMP_d-cells-sst-,27.66666666666666666667,83
VHFSmallIntestine,ascending part of duodenum,DZ GC cell,https://purl.org/ccf/ASCTB-TEMP_dz-gc-cell,16.66666666666666666667,50
VHFSmallIntestine,ascending part of duodenum,Differentiating glia,https://purl.org/ccf/ASCTB-TEMP_differentiating-glia,1,1
VHFSmallIntestine,ascending part of duodenum,Distal progenitor,https://purl.org/ccf/ASCTB-TEMP_distal-progenitor,3.5,7
VHFSmallIntestine,ascending part of duodenum,EC cells (NPW+),https://purl.org/ccf/ASCTB-TEMP_ec-cells-npw-,7.5,15
VHFSmallIntestine,ascending part of duodenum,EC cells (TAC1+),https://purl.org/ccf/ASCTB-TEMP_ec-cells-tac1-,18.66666666666666666667,56
VHFSmallIntestine,ascending part of duodenum,EECs,https://purl.org/ccf/ASCTB-TEMP_eecs,220,660
VHFSmallIntestine,ascending part of duodenum,ENCC/glia Progenitor,https://purl.org/ccf/ASCTB-TEMP_encc-glia-progenitor,1,1
VHFSmallIntestine,ascending part of duodenum,Enterocyte,https://purl.org/ccf/ASCTB-TEMP_enterocyte,2433.66666666666666666667,7301
VHFSmallIntestine,ascending part of duodenum,FCRL4+ Memory B,https://purl.org/ccf/ASCTB-TEMP_fcrl4-memory-b,2,6
VHFSmallIntestine,ascending part of duodenum,FDC,https://purl.org/ccf/ASCTB-TEMP_fdc,3.33333333333333333333,10
VHFSmallIntestine,ascending part of duodenum,Fetal arterial EC,https://purl.org/ccf/ASCTB-TEMP_fetal-arterial-ec,3.33333333333333333333,10
VHFSmallIntestine,ascending part of duodenum,Fetal venous EC,https://purl.org/ccf/ASCTB-TEMP_fetal-venous-ec,10,30
VHFSmallIntestine,ascending part of duodenum,GC B cell,https://purl.org/ccf/ASCTB-TEMP_gc-b-cell,1,1
VHFSmallIntestine,ascending part of duodenum,Germ,https://purl.org/ccf/ASCTB-TEMP_germ,2,6
VHFSmallIntestine,ascending part of duodenum,Glia 1 (DHH+),https://purl.org/ccf/ASCTB-TEMP_glia-1-dhh-,9.33333333333333333333,28
VHFSmallIntestine,ascending part of duodenum,Glia 2 (ELN+),https://purl.org/ccf/ASCTB-TEMP_glia-2-eln-,9,27
VHFSmallIntestine,ascending part of duodenum,Glia 3 (BCAN+),https://purl.org/ccf/ASCTB-TEMP_glia-3-bcan-,13.66666666666666666667,41
VHFSmallIntestine,ascending part of duodenum,Goblet cell,https://purl.org/ccf/ASCTB-TEMP_goblet-cell,248.66666666666666666667,746
VHFSmallIntestine,ascending part of duodenum,I cells (CCK+),https://purl.org/ccf/ASCTB-TEMP_i-cells-cck-,23,69
VHFSmallIntestine,ascending part of duodenum,ICC,https://purl.org/ccf/ASCTB-TEMP_icc,2,6
VHFSmallIntestine,ascending part of duodenum,ILC2,https://purl.org/ccf/ASCTB-TEMP_ilc2,1.5,3
VHFSmallIntestine,ascending part of duodenum,ILC3,https://purl.org/ccf/ASCTB-TEMP_ilc3,5,10
VHFSmallIntestine,ascending part of duodenum,ILCP,https://purl.org/ccf/ASCTB-TEMP_ilcp,4.66666666666666666667,14
VHFSmallIntestine,ascending part of duodenum,IgA plasma cell,https://purl.org/ccf/ASCTB-TEMP_iga-plasma-cell,2,6
VHFSmallIntestine,ascending part of duodenum,IgG plasma cell,https://purl.org/ccf/ASCTB-TEMP_igg-plasma-cell,6.33333333333333333333,19
VHFSmallIntestine,ascending part of duodenum,Immature pericyte,https://purl.org/ccf/ASCTB-TEMP_immature-pericyte,5.33333333333333333333,16
VHFSmallIntestine,ascending part of duodenum,K cells (GIP+),https://purl.org/ccf/ASCTB-TEMP_k-cells-gip-,38.66666666666666666667,116
VHFSmallIntestine,ascending part of duodenum,L cells (PYY+),https://purl.org/ccf/ASCTB-TEMP_l-cells-pyy-,9.33333333333333333333,28
VHFSmallIntestine,ascending part of duodenum,LEC1 (ACKR4+),https://purl.org/ccf/ASCTB-TEMP_lec1-ackr4-,11,33
VHFSmallIntestine,ascending part of duodenum,LEC2 (MADCAM1+),https://purl.org/ccf/ASCTB-TEMP_lec2-madcam1-,1,1
VHFSmallIntestine,ascending part of duodenum,LEC3 (ADGRG3+),https://purl.org/ccf/ASCTB-TEMP_lec3-adgrg3-,9.33333333333333333333,28
VHFSmallIntestine,ascending part of duodenum,LEC4 (STAB2+),https://purl.org/ccf/ASCTB-TEMP_lec4-stab2-,13.33333333333333333333,40
VHFSmallIntestine,ascending part of duodenum,LEC5 (CLDN11+),https://purl.org/ccf/ASCTB-TEMP_lec5-cldn11-,2.66666666666666666667,8
VHFSmallIntestine,ascending part of duodenum,LEC6 (ADAMTS4+),https://purl.org/ccf/ASCTB-TEMP_lec6-adamts4-,9,27
VHFSmallIntestine,ascending part of duodenum,LTi-like NCR+ ILC3,https://purl.org/ccf/ASCTB-TEMP_lti-like-ncr-ilc3,20,20
VHFSmallIntestine,ascending part of duodenum,LTi-like NCR- ILC3,https://purl.org/ccf/ASCTB-TEMP_lti-like-ncr-ilc3,6.5,13
VHFSmallIntestine,ascending part of duodenum,LYVE1+ Macrophage,https://purl.org/ccf/ASCTB-TEMP_lyve1-macrophage,14.33333333333333333333,43
VHFSmallIntestine,ascending part of duodenum,LZ GC cell,https://purl.org/ccf/ASCTB-TEMP_lz-gc-cell,2,6
VHFSmallIntestine,ascending part of duodenum,Lymphoid DC,https://purl.org/ccf/ASCTB-TEMP_lymphoid-dc,17,51
VHFSmallIntestine,ascending part of duodenum,M/X cells (MLN/GHRL+),https://purl.org/ccf/ASCTB-TEMP_m-x-cells-mln-ghrl-,16.66666666666666666667,50
VHFSmallIntestine,ascending part of duodenum,MAIT cell,https://purl.org/ccf/ASCTB-TEMP_mait-cell,8.33333333333333333333,25
VHFSmallIntestine,ascending part of duodenum,MMP9+ Inflammatory macrophage,https://purl.org/ccf/ASCTB-TEMP_mmp9-inflammatory-macrophage,4.66666666666666666667,14
VHFSmallIntestine,ascending part of duodenum,MPO+ mono-neutrophil,https://purl.org/ccf/ASCTB-TEMP_mpo-mono-neutrophil,1.5,3
VHFSmallIntestine,ascending part of duodenum,Macrophages,https://purl.org/ccf/ASCTB-TEMP_macrophages,18.33333333333333333333,55
VHFSmallIntestine,ascending part of duodenum,Mast cell,https://purl.org/ccf/ASCTB-TEMP_mast-cell,15.66666666666666666667,47
VHFSmallIntestine,ascending part of duodenum,Mature arterial EC,https://purl.org/ccf/ASCTB-TEMP_mature-arterial-ec,15.33333333333333333333,46
VHFSmallIntestine,ascending part of duodenum,Mature venous EC,https://purl.org/ccf/ASCTB-TEMP_mature-venous-ec,18.33333333333333333333,55
VHFSmallIntestine,ascending part of duodenum,Megakaryocyte,https://purl.org/ccf/ASCTB-TEMP_megakaryocyte,1,2
VHFSmallIntestine,ascending part of duodenum,Memory B,https://purl.org/ccf/ASCTB-TEMP_memory-b,13.33333333333333333333,40
VHFSmallIntestine,ascending part of duodenum,Mesoderm 1 (HAND1+),https://purl.org/ccf/ASCTB-TEMP_mesoderm-1-hand1-,14.33333333333333333333,43
VHFSmallIntestine,ascending part of duodenum,Mesothelium,https://purl.org/ccf/ASCTB-TEMP_mesothelium,2,4
VHFSmallIntestine,ascending part of duodenum,Mesothelium (PRG4+),https://purl.org/ccf/ASCTB-TEMP_mesothelium-prg4-,1,1
VHFSmallIntestine,ascending part of duodenum,Mesothelium (RGS5+),https://purl.org/ccf/ASCTB-TEMP_mesothelium-rgs5-,10,30
VHFSmallIntestine,ascending part of duodenum,Microfold cell,https://purl.org/ccf/ASCTB-TEMP_microfold-cell,231,693
VHFSmallIntestine,ascending part of duodenum,Monocytes,https://purl.org/ccf/ASCTB-TEMP_monocytes,4.66666666666666666667,14
VHFSmallIntestine,ascending part of duodenum,N cells (NTS+),https://purl.org/ccf/ASCTB-TEMP_n-cells-nts-,1,3
VHFSmallIntestine,ascending part of duodenum,NK T cell,https://purl.org/ccf/ASCTB-TEMP_nk-t-cell,16.66666666666666666667,50
VHFSmallIntestine,ascending part of duodenum,NK cell,https://purl.org/ccf/ASCTB-TEMP_nk-cell,51.66666666666666666667,155
VHFSmallIntestine,ascending part of duodenum,Naive B,https://purl.org/ccf/ASCTB-TEMP_naive-b,3.33333333333333333333,10
VHFSmallIntestine,ascending part of duodenum,Neuroblast,https://purl.org/ccf/ASCTB-TEMP_neuroblast,2,6
VHFSmallIntestine,ascending part of duodenum,Paneth,https://purl.org/ccf/ASCTB-TEMP_paneth,110,330
VHFSmallIntestine,ascending part of duodenum,Pericyte,https://purl.org/ccf/ASCTB-TEMP_pericyte,7.33333333333333333333,22
VHFSmallIntestine,ascending part of duodenum,Pre-B,https://purl.org/ccf/ASCTB-TEMP_pre-b,13.66666666666666666667,41
VHFSmallIntestine,ascending part of duodenum,Pro-B,https://purl.org/ccf/ASCTB-TEMP_pro-b,3.66666666666666666667,11
VHFSmallIntestine,ascending part of duodenum,Progenitor (NEUROG3+),https://purl.org/ccf/ASCTB-TEMP_progenitor-neurog3-,15,45
VHFSmallIntestine,ascending part of duodenum,Proximal progenitor,https://purl.org/ccf/ASCTB-TEMP_proximal-progenitor,87,261
VHFSmallIntestine,ascending part of duodenum,RBC,https://purl.org/ccf/ASCTB-TEMP_rbc,8,24
VHFSmallIntestine,ascending part of duodenum,SELL+ CD4 T,https://purl.org/ccf/ASCTB-TEMP_sell-cd4-t,7,21
VHFSmallIntestine,ascending part of duodenum,SELL+ CD8 T,https://purl.org/ccf/ASCTB-TEMP_sell-cd8-t,9.33333333333333333333,28
VHFSmallIntestine,ascending part of duodenum,SMC (PART1/CAPN3+),https://purl.org/ccf/ASCTB-TEMP_smc-part1-capn3-,6.33333333333333333333,19
VHFSmallIntestine,ascending part of duodenum,SMC (PLPP2+),https://purl.org/ccf/ASCTB-TEMP_smc-plpp2-,32.33333333333333333333,97
VHFSmallIntestine,ascending part of duodenum,STAT1+ Naive B,https://purl.org/ccf/ASCTB-TEMP_stat1-naive-b,24.33333333333333333333,73
VHFSmallIntestine,ascending part of duodenum,Stem cells,https://purl.org/ccf/ASCTB-TEMP_stem-cells,77,231
VHFSmallIntestine,ascending part of duodenum,Stromal 1 (CCL11+),https://purl.org/ccf/ASCTB-TEMP_stromal-1-ccl11-,65.66666666666666666667,197
VHFSmallIntestine,ascending part of duodenum,Stromal 2 (CH25H+),https://purl.org/ccf/ASCTB-TEMP_stromal-2-ch25h-,2.5,5
VHFSmallIntestine,ascending part of duodenum,Stromal 2 (NPY+),https://purl.org/ccf/ASCTB-TEMP_stromal-2-npy-,31,93
VHFSmallIntestine,ascending part of duodenum,Stromal 3 (C7+),https://purl.org/ccf/ASCTB-TEMP_stromal-3-c7-,10.66666666666666666667,32
VHFSmallIntestine,ascending part of duodenum,Stromal 3 (KCNN3+),https://purl.org/ccf/ASCTB-TEMP_stromal-3-kcnn3-,16.33333333333333333333,49
VHFSmallIntestine,ascending part of duodenum,Stromal 4 (MMP1+),https://purl.org/ccf/ASCTB-TEMP_stromal-4-mmp1-,2,4
VHFSmallIntestine,ascending part of duodenum,T reticular,https://purl.org/ccf/ASCTB-TEMP_t-reticular,18.66666666666666666667,56
VHFSmallIntestine,ascending part of duodenum,TA,https://purl.org/ccf/ASCTB-TEMP_ta,22,66
VHFSmallIntestine,ascending part of duodenum,TRDV2/TRGV9 gdT,https://purl.org/ccf/ASCTB-TEMP_trdv2-trgv9-gdt,21.33333333333333333333,64
VHFSmallIntestine,ascending part of duodenum,TRGV2 gdT,https://purl.org/ccf/ASCTB-TEMP_trgv2-gdt,109.33333333333333333333,328
VHFSmallIntestine,ascending part of duodenum,TRGV4 gdT,https://purl.org/ccf/ASCTB-TEMP_trgv4-gdt,23,69
VHFSmallIntestine,ascending part of duodenum,TRGV5/7 gdT,https://purl.org/ccf/ASCTB-TEMP_trgv5-7-gdt,2,4
VHFSmallIntestine,ascending part of duodenum,Tfh,https://purl.org/ccf/ASCTB-TEMP_tfh,53.66666666666666666667,161
VHFSmallIntestine,ascending part of duodenum,Th1,https://purl.org/ccf/ASCTB-TEMP_th1,4,12
VHFSmallIntestine,ascending part of duodenum,Th17,https://purl.org/ccf/ASCTB-TEMP_th17,8,24
VHFSmallIntestine,ascending part of duodenum,Transitional Stromal 3 (C3+),https://purl.org/ccf/ASCTB-TEMP_transitional-stromal-3-c3-,13.33333333333333333333,40
VHFSmallIntestine,ascending part of duodenum,Treg,https://purl.org/ccf/ASCTB-TEMP_treg,5,15
VHFSmallIntestine,ascending part of duodenum,Tuft,https://purl.org/ccf/ASCTB-TEMP_tuft,44,132
VHFSmallIntestine,ascending part of duodenum,angiogenic pericyte,https://purl.org/ccf/ASCTB-TEMP_angiogenic-pericyte,3.33333333333333333333,10
VHFSmallIntestine,ascending part of duodenum,arterial capillary,https://purl.org/ccf/ASCTB-TEMP_arterial-capillary,42.66666666666666666667,128
VHFSmallIntestine,ascending part of duodenum,cDC1,https://purl.org/ccf/ASCTB-TEMP_cdc1,3.66666666666666666667,11
VHFSmallIntestine,ascending part of duodenum,cDC2,https://purl.org/ccf/ASCTB-TEMP_cdc2,4.66666666666666666667,14
VHFSmallIntestine,ascending part of duodenum,cycling EC,https://purl.org/ccf/ASCTB-TEMP_cycling-ec,19,57
VHFSmallIntestine,ascending part of duodenum,cycling ENCC/glia,https://purl.org/ccf/ASCTB-TEMP_cycling-encc-glia,1.5,3
VHFSmallIntestine,ascending part of duodenum,cycling neuroblast,https://purl.org/ccf/ASCTB-TEMP_cycling-neuroblast,2,4
VHFSmallIntestine,ascending part of duodenum,cycling stromal,https://purl.org/ccf/ASCTB-TEMP_cycling-stromal,1,1
VHFSmallIntestine,ascending part of duodenum,enterocyte of epithelium of small intestine,http://purl.obolibrary.org/obo/CL_1000334,4289.66666666666666666667,12869
VHFSmallIntestine,ascending part of duodenum,fibroblast,http://purl.obolibrary.org/obo/CL_0000057,154.66666666666666666667,464
VHFSmallIntestine,ascending part of duodenum,gdT,https://purl.org/ccf/ASCTB-TEMP_gdt,1,1
VHFSmallIntestine,ascending part of duodenum,gut endothelial cell,http://purl.obolibrary.org/obo/CL_0000131,30.33333333333333333333,91
VHFSmallIntestine,ascending part of duodenum,intestinal crypt stem cell of small intestine,http://purl.obolibrary.org/obo/CL_0009017,19,19
VHFSmallIntestine,ascending part of duodenum,intestinal enteroendocrine cell,http://purl.obolibrary.org/obo/CL_0009006,22.66666666666666666667,68
VHFSmallIntestine,ascending part of duodenum,intestinal tuft cell,http://purl.obolibrary.org/obo/CL_0009080,107,321
VHFSmallIntestine,ascending part of duodenum,mLN Stroma (FMO2+),https://purl.org/ccf/ASCTB-TEMP_mln-stroma-fmo2-,1.66666666666666666667,5
VHFSmallIntestine,ascending part of duodenum,mLTo,https://purl.org/ccf/ASCTB-TEMP_mlto,16.33333333333333333333,49
VHFSmallIntestine,ascending part of duodenum,mast cell,http://purl.obolibrary.org/obo/CL_0000097,16,48
VHFSmallIntestine,ascending part of duodenum,monocyte,http://purl.obolibrary.org/obo/CL_0000576,37,74
VHFSmallIntestine,ascending part of duodenum,myofibroblast,https://purl.org/ccf/ASCTB-TEMP_myofibroblast,92.66666666666666666667,278
VHFSmallIntestine,ascending part of duodenum,myofibroblast (RSPO2+),https://purl.org/ccf/ASCTB-TEMP_myofibroblast-rspo2-,30,90
VHFSmallIntestine,ascending part of duodenum,neutrophil,http://purl.obolibrary.org/obo/CL_0000775,58.66666666666666666667,176
VHFSmallIntestine,ascending part of duodenum,pDC,https://purl.org/ccf/ASCTB-TEMP_pdc,2,6
VHFSmallIntestine,ascending part of duodenum,paneth cell of epithelium of small intestine,http://purl.obolibrary.org/obo/CL_1000343,122.66666666666666666667,368
VHFSmallIntestine,ascending part of duodenum,plasma cell,http://purl.obolibrary.org/obo/CL_0000786,5,15
VHFSmallIntestine,ascending part of duodenum,small intestine goblet cell,http://purl.obolibrary.org/obo/CL_1000495,193.66666666666666666667,581
VHFSmallIntestine,ascending part of duodenum,transit amplifying cell of small intestine,http://purl.obolibrary.org/obo/CL_0009012,43,43
VHFSmallIntestine,ascending part of duodenum,venous capillary,https://purl.org/ccf/ASCTB-TEMP_venous-capillary,2,4
VHFSmallIntestine,ascending part of duodenum,β cells (INS+),https://purl.org/ccf/ASCTB-TEMP_-cells-ins-,1,1
VHFSmallIntestine,descending part of duodenum,Activated CD4 T,https://purl.org/ccf/ASCTB-TEMP_activated-cd4-t,1,1
VHFSmallIntestine,descending part of duodenum,Activated CD8 T,https://purl.org/ccf/ASCTB-TEMP_activated-cd8-t,6.5,13
VHFSmallIntestine,descending part of duodenum,Activated T,https://purl.org/ccf/ASCTB-TEMP_activated-t,64.33333333333333333333,193
VHFSmallIntestine,descending part of duodenum,Adult Glia,https://purl.org/ccf/ASCTB-TEMP_adult-glia,23.33333333333333333333,70
VHFSmallIntestine,descending part of duodenum,B cell,http://purl.obolibrary.org/obo/CL_0000236,2,2
VHFSmallIntestine,descending part of duodenum,BEST2+ Goblet cell,https://purl.org/ccf/ASCTB-TEMP_best2-goblet-cell,3,6
VHFSmallIntestine,descending part of duodenum,BEST4+ epithelial,https://purl.org/ccf/ASCTB-TEMP_best4-epithelial,42.66666666666666666667,128
VHFSmallIntestine,descending part of duodenum,Branch A1 (iMN),https://purl.org/ccf/ASCTB-TEMP_branch-a1-imn-,1.5,3
VHFSmallIntestine,descending part of duodenum,Branch A2 (IPAN/IN),https://purl.org/ccf/ASCTB-TEMP_branch-a2-ipan-in-,9.5,19
VHFSmallIntestine,descending part of duodenum,Branch A3 (IPAN/IN),https://purl.org/ccf/ASCTB-TEMP_branch-a3-ipan-in-,3,6
VHFSmallIntestine,descending part of duodenum,Branch A4 (IN),https://purl.org/ccf/ASCTB-TEMP_branch-a4-in-,4,12
VHFSmallIntestine,descending part of duodenum,Branch B1 (eMN),https://purl.org/ccf/ASCTB-TEMP_branch-b1-emn-,34.25,137
VHFSmallIntestine,descending part of duodenum,Branch B2 (eMN),https://purl.org/ccf/ASCTB-TEMP_branch-b2-emn-,2,2
VHFSmallIntestine,descending part of duodenum,Branch B3 (IPAN),https://purl.org/ccf/ASCTB-TEMP_branch-b3-ipan-,2.66666666666666666667,8
VHFSmallIntestine,descending part of duodenum,"CD4-positive, alpha-beta T cell",http://purl.obolibrary.org/obo/CL_0000624,9,18
VHFSmallIntestine,descending part of duodenum,CD8 Tmem,https://purl.org/ccf/ASCTB-TEMP_cd8-tmem,4.5,9
VHFSmallIntestine,descending part of duodenum,"CD8-positive, alpha-beta T cell",http://purl.obolibrary.org/obo/CL_0000625,20.5,41
VHFSmallIntestine,descending part of duodenum,CLC+ Mast cell,https://purl.org/ccf/ASCTB-TEMP_clc-mast-cell,1.5,3
VHFSmallIntestine,descending part of duodenum,CLDN10+ cells,https://purl.org/ccf/ASCTB-TEMP_cldn10-cells,2.5,5
VHFSmallIntestine,descending part of duodenum,CLP,https://purl.org/ccf/ASCTB-TEMP_clp,4,12
VHFSmallIntestine,descending part of duodenum,Colonocyte,https://purl.org/ccf/ASCTB-TEMP_colonocyte,1,1
VHFSmallIntestine,descending part of duodenum,Contractile pericyte (PLN+),https://purl.org/ccf/ASCTB-TEMP_contractile-pericyte-pln-,32.33333333333333333333,97
VHFSmallIntestine,descending part of duodenum,Cycling B cell,https://purl.org/ccf/ASCTB-TEMP_cycling-b-cell,23.5,47
VHFSmallIntestine,descending part of duodenum,Cycling plasma cell,https://purl.org/ccf/ASCTB-TEMP_cycling-plasma-cell,43,129
VHFSmallIntestine,descending part of duodenum,D cells (SST+),https://purl.org/ccf/ASCTB-TEMP_d-cells-sst-,17.5,70
VHFSmallIntestine,descending part of duodenum,DZ GC cell,https://purl.org/ccf/ASCTB-TEMP_dz-gc-cell,6,12
VHFSmallIntestine,descending part of duodenum,Differentiating glia,https://purl.org/ccf/ASCTB-TEMP_differentiating-glia,1,1
VHFSmallIntestine,descending part of duodenum,Distal progenitor,https://purl.org/ccf/ASCTB-TEMP_distal-progenitor,3.5,7
VHFSmallIntestine,descending part of duodenum,EC cells (NPW+),https://purl.org/ccf/ASCTB-TEMP_ec-cells-npw-,2,4
VHFSmallIntestine,descending part of duodenum,EC cells (TAC1+),https://purl.org/ccf/ASCTB-TEMP_ec-cells-tac1-,14.5,29
VHFSmallIntestine,descending part of duodenum,EECs,https://purl.org/ccf/ASCTB-TEMP_eecs,94,376
VHFSmallIntestine,descending part of duodenum,ENCC/glia Progenitor,https://purl.org/ccf/ASCTB-TEMP_encc-glia-progenitor,1,1
VHFSmallIntestine,descending part of duodenum,Enterocyte,https://purl.org/ccf/ASCTB-TEMP_enterocyte,1324.25,5297
VHFSmallIntestine,descending part of duodenum,FCRL4+ Memory B,https://purl.org/ccf/ASCTB-TEMP_fcrl4-memory-b,4,8
VHFSmallIntestine,descending part of duodenum,FDC,https://purl.org/ccf/ASCTB-TEMP_fdc,2.5,5
VHFSmallIntestine,descending part of duodenum,Fetal arterial EC,https://purl.org/ccf/ASCTB-TEMP_fetal-arterial-ec,3,3
VHFSmallIntestine,descending part of duodenum,Fetal venous EC,https://purl.org/ccf/ASCTB-TEMP_fetal-venous-ec,3,6
VHFSmallIntestine,descending part of duodenum,GC B cell,https://purl.org/ccf/ASCTB-TEMP_gc-b-cell,1.5,3
VHFSmallIntestine,descending part of duodenum,Germ,https://purl.org/ccf/ASCTB-TEMP_germ,1,1
VHFSmallIntestine,descending part of duodenum,Glia 1 (DHH+),https://purl.org/ccf/ASCTB-TEMP_glia-1-dhh-,4,4
VHFSmallIntestine,descending part of duodenum,Glia 2 (ELN+),https://purl.org/ccf/ASCTB-TEMP_glia-2-eln-,4.66666666666666666667,14
VHFSmallIntestine,descending part of duodenum,Glia 3 (BCAN+),https://purl.org/ccf/ASCTB-TEMP_glia-3-bcan-,11.33333333333333333333,34
VHFSmallIntestine,descending part of duodenum,Goblet cell,https://purl.org/ccf/ASCTB-TEMP_goblet-cell,102.75,411
VHFSmallIntestine,descending part of duodenum,I cells (CCK+),https://purl.org/ccf/ASCTB-TEMP_i-cells-cck-,20.66666666666666666667,62
VHFSmallIntestine,descending part of duodenum,ICC,https://purl.org/ccf/ASCTB-TEMP_icc,4,8
VHFSmallIntestine,descending part of duodenum,ILC2,https://purl.org/ccf/ASCTB-TEMP_ilc2,1,1
VHFSmallIntestine,descending part of duodenum,ILC3,https://purl.org/ccf/ASCTB-TEMP_ilc3,3,3
VHFSmallIntestine,descending part of duodenum,ILCP,https://purl.org/ccf/ASCTB-TEMP_ilcp,4,8
VHFSmallIntestine,descending part of duodenum,IgA plasma cell,https://purl.org/ccf/ASCTB-TEMP_iga-plasma-cell,3,6
VHFSmallIntestine,descending part of duodenum,IgG plasma cell,https://purl.org/ccf/ASCTB-TEMP_igg-plasma-cell,6,12
VHFSmallIntestine,descending part of duodenum,Immature B,https://purl.org/ccf/ASCTB-TEMP_immature-b,2,2
VHFSmallIntestine,descending part of duodenum,Immature pericyte,https://purl.org/ccf/ASCTB-TEMP_immature-pericyte,12.5,25
VHFSmallIntestine,descending part of duodenum,K cells (GIP+),https://purl.org/ccf/ASCTB-TEMP_k-cells-gip-,5.25,21
VHFSmallIntestine,descending part of duodenum,L cells (PYY+),https://purl.org/ccf/ASCTB-TEMP_l-cells-pyy-,4.66666666666666666667,14
VHFSmallIntestine,descending part of duodenum,LEC1 (ACKR4+),https://purl.org/ccf/ASCTB-TEMP_lec1-ackr4-,7,14
VHFSmallIntestine,descending part of duodenum,LEC2 (MADCAM1+),https://purl.org/ccf/ASCTB-TEMP_lec2-madcam1-,2,2
VHFSmallIntestine,descending part of duodenum,LEC3 (ADGRG3+),https://purl.org/ccf/ASCTB-TEMP_lec3-adgrg3-,3.66666666666666666667,11
VHFSmallIntestine,descending part of duodenum,LEC4 (STAB2+),https://purl.org/ccf/ASCTB-TEMP_lec4-stab2-,18.33333333333333333333,55
VHFSmallIntestine,descending part of duodenum,LEC5 (CLDN11+),https://purl.org/ccf/ASCTB-TEMP_lec5-cldn11-,1,2
VHFSmallIntestine,descending part of duodenum,LEC6 (ADAMTS4+),https://purl.org/ccf/ASCTB-TEMP_lec6-adamts4-,6.33333333333333333333,19
VHFSmallIntestine,descending part of duodenum,LTi-like NCR- ILC3,https://purl.org/ccf/ASCTB-TEMP_lti-like-ncr-ilc3,8,16
VHFSmallIntestine,descending part of duodenum,LYVE1+ Macrophage,https://purl.org/ccf/ASCTB-TEMP_lyve1-macrophage,16.5,33
VHFSmallIntestine,descending part of duodenum,LZ GC cell,https://purl.org/ccf/ASCTB-TEMP_lz-gc-cell,1,1
VHFSmallIntestine,descending part of duodenum,Lymphoid DC,https://purl.org/ccf/ASCTB-TEMP_lymphoid-dc,9,9
VHFSmallIntestine,descending part of duodenum,M/X cells (MLN/GHRL+),https://purl.org/ccf/ASCTB-TEMP_m-x-cells-mln-ghrl-,12.5,25
VHFSmallIntestine,descending part of duodenum,MAIT cell,https://purl.org/ccf/ASCTB-TEMP_mait-cell,3.33333333333333333333,10
VHFSmallIntestine,descending part of duodenum,MMP9+ Inflammatory macrophage,https://purl.org/ccf/ASCTB-TEMP_mmp9-inflammatory-macrophage,6.5,13
VHFSmallIntestine,descending part of duodenum,MPO+ mono-neutrophil,https://purl.org/ccf/ASCTB-TEMP_mpo-mono-neutrophil,1,2
VHFSmallIntestine,descending part of duodenum,Macrophages,https://purl.org/ccf/ASCTB-TEMP_macrophages,14,42
VHFSmallIntestine,descending part of duodenum,Mast cell,https://purl.org/ccf/ASCTB-TEMP_mast-cell,11,22
VHFSmallIntestine,descending part of duodenum,Mature arterial EC,https://purl.org/ccf/ASCTB-TEMP_mature-arterial-ec,11.25,45
VHFSmallIntestine,descending part of duodenum,Mature venous EC,https://purl.org/ccf/ASCTB-TEMP_mature-venous-ec,20.33333333333333333333,61
VHFSmallIntestine,descending part of duodenum,Megakaryocyte,https://purl.org/ccf/ASCTB-TEMP_megakaryocyte,1,1
VHFSmallIntestine,descending part of duodenum,Memory B,https://purl.org/ccf/ASCTB-TEMP_memory-b,6.5,13
VHFSmallIntestine,descending part of duodenum,Mesoderm 1 (HAND1+),https://purl.org/ccf/ASCTB-TEMP_mesoderm-1-hand1-,38.33333333333333333333,115
VHFSmallIntestine,descending part of duodenum,Mesothelium,https://purl.org/ccf/ASCTB-TEMP_mesothelium,1,2
VHFSmallIntestine,descending part of duodenum,Mesothelium (RGS5+),https://purl.org/ccf/ASCTB-TEMP_mesothelium-rgs5-,6.5,13
VHFSmallIntestine,descending part of duodenum,Microfold cell,https://purl.org/ccf/ASCTB-TEMP_microfold-cell,597.5,2390
VHFSmallIntestine,descending part of duodenum,Monocytes,https://purl.org/ccf/ASCTB-TEMP_monocytes,1.5,3
VHFSmallIntestine,descending part of duodenum,N cells (NTS+),https://purl.org/ccf/ASCTB-TEMP_n-cells-nts-,2,4
VHFSmallIntestine,descending part of duodenum,NK T cell,https://purl.org/ccf/ASCTB-TEMP_nk-t-cell,5.66666666666666666667,17
VHFSmallIntestine,descending part of duodenum,NK cell,https://purl.org/ccf/ASCTB-TEMP_nk-cell,23,69
VHFSmallIntestine,descending part of duodenum,Naive B,https://purl.org/ccf/ASCTB-TEMP_naive-b,3.5,7
VHFSmallIntestine,descending part of duodenum,Neuroblast,https://purl.org/ccf/ASCTB-TEMP_neuroblast,2.5,5
VHFSmallIntestine,descending part of duodenum,Paneth,https://purl.org/ccf/ASCTB-TEMP_paneth,57,228
VHFSmallIntestine,descending part of duodenum,Pericyte,https://purl.org/ccf/ASCTB-TEMP_pericyte,9.5,19
VHFSmallIntestine,descending part of duodenum,Pre-B,https://purl.org/ccf/ASCTB-TEMP_pre-b,10,20
VHFSmallIntestine,descending part of duodenum,Pro-B,https://purl.org/ccf/ASCTB-TEMP_pro-b,1,1
VHFSmallIntestine,descending part of duodenum,Progenitor (NEUROG3+),https://purl.org/ccf/ASCTB-TEMP_progenitor-neurog3-,4.33333333333333333333,13
VHFSmallIntestine,descending part of duodenum,Proximal progenitor,https://purl.org/ccf/ASCTB-TEMP_proximal-progenitor,49,196
VHFSmallIntestine,descending part of duodenum,RBC,https://purl.org/ccf/ASCTB-TEMP_rbc,5,10
VHFSmallIntestine,descending part of duodenum,SELL+ CD4 T,https://purl.org/ccf/ASCTB-TEMP_sell-cd4-t,5,10
VHFSmallIntestine,descending part of duodenum,SELL+ CD8 T,https://purl.org/ccf/ASCTB-TEMP_sell-cd8-t,7,14
VHFSmallIntestine,descending part of duodenum,SMC (PART1/CAPN3+),https://purl.org/ccf/ASCTB-TEMP_smc-part1-capn3-,10.66666666666666666667,32
VHFSmallIntestine,descending part of duodenum,SMC (PLPP2+),https://purl.org/ccf/ASCTB-TEMP_smc-plpp2-,100.66666666666666666667,302
VHFSmallIntestine,descending part of duodenum,STAT1+ Naive B,https://purl.org/ccf/ASCTB-TEMP_stat1-naive-b,11.66666666666666666667,35
VHFSmallIntestine,descending part of duodenum,Stem cells,https://purl.org/ccf/ASCTB-TEMP_stem-cells,26.25,105
VHFSmallIntestine,descending part of duodenum,Stromal 1 (CCL11+),https://purl.org/ccf/ASCTB-TEMP_stromal-1-ccl11-,21.33333333333333333333,64
VHFSmallIntestine,descending part of duodenum,Stromal 2 (NPY+),https://purl.org/ccf/ASCTB-TEMP_stromal-2-npy-,18,72
VHFSmallIntestine,descending part of duodenum,Stromal 3 (C7+),https://purl.org/ccf/ASCTB-TEMP_stromal-3-c7-,8,24
VHFSmallIntestine,descending part of duodenum,Stromal 3 (KCNN3+),https://purl.org/ccf/ASCTB-TEMP_stromal-3-kcnn3-,34,68
VHFSmallIntestine,descending part of duodenum,Stromal 4 (MMP1+),https://purl.org/ccf/ASCTB-TEMP_stromal-4-mmp1-,2,4
VHFSmallIntestine,descending part of duodenum,T reticular,https://purl.org/ccf/ASCTB-TEMP_t-reticular,7,28
VHFSmallIntestine,descending part of duodenum,TA,https://purl.org/ccf/ASCTB-TEMP_ta,16.33333333333333333333,49
VHFSmallIntestine,descending part of duodenum,TRDV2/TRGV9 gdT,https://purl.org/ccf/ASCTB-TEMP_trdv2-trgv9-gdt,16,16
VHFSmallIntestine,descending part of duodenum,TRGV2 gdT,https://purl.org/ccf/ASCTB-TEMP_trgv2-gdt,33.25,133
VHFSmallIntestine,descending part of duodenum,TRGV4 gdT,https://purl.org/ccf/ASCTB-TEMP_trgv4-gdt,33,66
VHFSmallIntestine,descending part of duodenum,TRGV5/7 gdT,https://purl.org/ccf/ASCTB-TEMP_trgv5-7-gdt,1.5,3
VHFSmallIntestine,descending part of duodenum,Tfh,https://purl.org/ccf/ASCTB-TEMP_tfh,18.66666666666666666667,56
VHFSmallIntestine,descending part of duodenum,Th1,https://purl.org/ccf/ASCTB-TEMP_th1,6,12
VHFSmallIntestine,descending part of duodenum,Th17,https://purl.org/ccf/ASCTB-TEMP_th17,1,2
VHFSmallIntestine,descending part of duodenum,Transitional Stromal 3 (C3+),https://purl.org/ccf/ASCTB-TEMP_transitional-stromal-3-c3-,13.33333333333333333333,40
VHFSmallIntestine,descending part of duodenum,Treg,https://purl.org/ccf/ASCTB-TEMP_treg,6.5,13
VHFSmallIntestine,descending part of duodenum,Tuft,https://purl.org/ccf/ASCTB-TEMP_tuft,25.66666666666666666667,77
VHFSmallIntestine,descending part of duodenum,angiogenic pericyte,https://purl.org/ccf/ASCTB-TEMP_angiogenic-pericyte,2.5,5
VHFSmallIntestine,descending part of duodenum,arterial capillary,https://purl.org/ccf/ASCTB-TEMP_arterial-capillary,27,108
VHFSmallIntestine,descending part of duodenum,cDC1,https://purl.org/ccf/ASCTB-TEMP_cdc1,2,2
VHFSmallIntestine,descending part of duodenum,cDC2,https://purl.org/ccf/ASCTB-TEMP_cdc2,3,3
VHFSmallIntestine,descending part of duodenum,cycling EC,https://purl.org/ccf/ASCTB-TEMP_cycling-ec,9,36
VHFSmallIntestine,descending part of duodenum,cycling ENCC/glia,https://purl.org/ccf/ASCTB-TEMP_cycling-encc-glia,1.5,3
VHFSmallIntestine,descending part of duodenum,cycling neuroblast,https://purl.org/ccf/ASCTB-TEMP_cycling-neuroblast,2,2
VHFSmallIntestine,descending part of duodenum,enterocyte of epithelium of small intestine,http://purl.obolibrary.org/obo/CL_1000334,2534.25,10137
VHFSmallIntestine,descending part of duodenum,fibroblast,http://purl.obolibrary.org/obo/CL_0000057,121.75,487
VHFSmallIntestine,descending part of duodenum,gut endothelial cell,http://purl.obolibrary.org/obo/CL_0000131,33.75,135
VHFSmallIntestine,descending part of duodenum,intestinal enteroendocrine cell,http://purl.obolibrary.org/obo/CL_0009006,11.33333333333333333333,34
VHFSmallIntestine,descending part of duodenum,intestinal tuft cell,http://purl.obolibrary.org/obo/CL_0009080,78.33333333333333333333,235
VHFSmallIntestine,descending part of duodenum,mLN Stroma (FMO2+),https://purl.org/ccf/ASCTB-TEMP_mln-stroma-fmo2-,4,4
VHFSmallIntestine,descending part of duodenum,mLTo,https://purl.org/ccf/ASCTB-TEMP_mlto,12.5,25
VHFSmallIntestine,descending part of duodenum,mast cell,http://purl.obolibrary.org/obo/CL_0000097,5,5
VHFSmallIntestine,descending part of duodenum,monocyte,http://purl.obolibrary.org/obo/CL_0000576,20,40
VHFSmallIntestine,descending part of duodenum,myofibroblast,https://purl.org/ccf/ASCTB-TEMP_myofibroblast,45.66666666666666666667,137
VHFSmallIntestine,descending part of duodenum,myofibroblast (RSPO2+),https://purl.org/ccf/ASCTB-TEMP_myofibroblast-rspo2-,20.5,82
VHFSmallIntestine,descending part of duodenum,neutrophil,http://purl.obolibrary.org/obo/CL_0000775,41.66666666666666666667,125
VHFSmallIntestine,descending part of duodenum,pDC,https://purl.org/ccf/ASCTB-TEMP_pdc,4,8
VHFSmallIntestine,descending part of duodenum,paneth cell of epithelium of small intestine,http://purl.obolibrary.org/obo/CL_1000343,140.25,561
VHFSmallIntestine,descending part of duodenum,plasma cell,http://purl.obolibrary.org/obo/CL_0000786,4,8
VHFSmallIntestine,descending part of duodenum,small intestine goblet cell,http://purl.obolibrary.org/obo/CL_1000495,164.5,658
VHFSmallIntestine,descending part of duodenum,transit amplifying cell of small intestine,http://purl.obolibrary.org/obo/CL_0009012,1,1
VHFSmallIntestine,descending part of duodenum,β cells (INS+),https://purl.org/ccf/ASCTB-TEMP_-cells-ins-,1,1
VHFSmallIntestine,distal part of ileum,Activated CD4 T,https://purl.org/ccf/ASCTB-TEMP_activated-cd4-t,3.66666666666666666667,11
VHFSmallIntestine,distal part of ileum,Activated CD8 T,https://purl.org/ccf/ASCTB-TEMP_activated-cd8-t,14,42
VHFSmallIntestine,distal part of ileum,Activated T,https://purl.org/ccf/ASCTB-TEMP_activated-t,49.66666666666666666667,149
VHFSmallIntestine,distal part of ileum,Adult Glia,https://purl.org/ccf/ASCTB-TEMP_adult-glia,77.66666666666666666667,233
VHFSmallIntestine,distal part of ileum,B cell,http://purl.obolibrary.org/obo/CL_0000236,33,66
VHFSmallIntestine,distal part of ileum,BEST2+ Goblet cell,https://purl.org/ccf/ASCTB-TEMP_best2-goblet-cell,9.33333333333333333333,28
VHFSmallIntestine,distal part of ileum,BEST4+ epithelial,https://purl.org/ccf/ASCTB-TEMP_best4-epithelial,29.66666666666666666667,89
VHFSmallIntestine,distal part of ileum,Branch A1 (iMN),https://purl.org/ccf/ASCTB-TEMP_branch-a1-imn-,3.66666666666666666667,11
VHFSmallIntestine,distal part of ileum,Branch A2 (IPAN/IN),https://purl.org/ccf/ASCTB-TEMP_branch-a2-ipan-in-,5.33333333333333333333,16
VHFSmallIntestine,distal part of ileum,Branch A3 (IPAN/IN),https://purl.org/ccf/ASCTB-TEMP_branch-a3-ipan-in-,2,6
VHFSmallIntestine,distal part of ileum,Branch A4 (IN),https://purl.org/ccf/ASCTB-TEMP_branch-a4-in-,37.33333333333333333333,112
VHFSmallIntestine,distal part of ileum,Branch B1 (eMN),https://purl.org/ccf/ASCTB-TEMP_branch-b1-emn-,35.33333333333333333333,106
VHFSmallIntestine,distal part of ileum,Branch B2 (eMN),https://purl.org/ccf/ASCTB-TEMP_branch-b2-emn-,1,3
VHFSmallIntestine,distal part of ileum,Branch B3 (IPAN),https://purl.org/ccf/ASCTB-TEMP_branch-b3-ipan-,6.33333333333333333333,19
VHFSmallIntestine,distal part of ileum,"CD4-positive, alpha-beta T cell",http://purl.obolibrary.org/obo/CL_0000624,22.33333333333333333333,67
VHFSmallIntestine,distal part of ileum,CD8 Tmem,https://purl.org/ccf/ASCTB-TEMP_cd8-tmem,11.33333333333333333333,34
VHFSmallIntestine,distal part of ileum,"CD8-positive, alpha-beta T cell",http://purl.obolibrary.org/obo/CL_0000625,38.33333333333333333333,115
VHFSmallIntestine,distal part of ileum,CLC+ Mast cell,https://purl.org/ccf/ASCTB-TEMP_clc-mast-cell,5.5,11
VHFSmallIntestine,distal part of ileum,CLDN10+ cells,https://purl.org/ccf/ASCTB-TEMP_cldn10-cells,1.5,3
VHFSmallIntestine,distal part of ileum,CLP,https://purl.org/ccf/ASCTB-TEMP_clp,5,15
VHFSmallIntestine,distal part of ileum,CX3CR1+ CD8 Tmem,https://purl.org/ccf/ASCTB-TEMP_cx3cr1-cd8-tmem,2.33333333333333333333,7
VHFSmallIntestine,distal part of ileum,Colonocyte,https://purl.org/ccf/ASCTB-TEMP_colonocyte,16.33333333333333333333,49
VHFSmallIntestine,distal part of ileum,Contractile pericyte (PLN+),https://purl.org/ccf/ASCTB-TEMP_contractile-pericyte-pln-,41,123
VHFSmallIntestine,distal part of ileum,Cycling B cell,https://purl.org/ccf/ASCTB-TEMP_cycling-b-cell,44,132
VHFSmallIntestine,distal part of ileum,Cycling plasma cell,https://purl.org/ccf/ASCTB-TEMP_cycling-plasma-cell,39,117
VHFSmallIntestine,distal part of ileum,D cells (SST+),https://purl.org/ccf/ASCTB-TEMP_d-cells-sst-,8,16
VHFSmallIntestine,distal part of ileum,DZ GC cell,https://purl.org/ccf/ASCTB-TEMP_dz-gc-cell,13.33333333333333333333,40
VHFSmallIntestine,distal part of ileum,Differentiating glia,https://purl.org/ccf/ASCTB-TEMP_differentiating-glia,1.5,3
VHFSmallIntestine,distal part of ileum,Distal progenitor,https://purl.org/ccf/ASCTB-TEMP_distal-progenitor,5.66666666666666666667,17
VHFSmallIntestine,distal part of ileum,EC cells (NPW+),https://purl.org/ccf/ASCTB-TEMP_ec-cells-npw-,2,4
VHFSmallIntestine,distal part of ileum,EC cells (TAC1+),https://purl.org/ccf/ASCTB-TEMP_ec-cells-tac1-,16.66666666666666666667,50
VHFSmallIntestine,distal part of ileum,EECs,https://purl.org/ccf/ASCTB-TEMP_eecs,128.66666666666666666667,386
VHFSmallIntestine,distal part of ileum,ENCC/glia Progenitor,https://purl.org/ccf/ASCTB-TEMP_encc-glia-progenitor,2,4
VHFSmallIntestine,distal part of ileum,Enterocyte,https://purl.org/ccf/ASCTB-TEMP_enterocyte,2091,6273
VHFSmallIntestine,distal part of ileum,FCRL4+ Memory B,https://purl.org/ccf/ASCTB-TEMP_fcrl4-memory-b,12.5,25
VHFSmallIntestine,distal part of ileum,FDC,https://purl.org/ccf/ASCTB-TEMP_fdc,6,18
VHFSmallIntestine,distal part of ileum,Fetal arterial EC,https://purl.org/ccf/ASCTB-TEMP_fetal-arterial-ec,4,8
VHFSmallIntestine,distal part of ileum,Fetal venous EC,https://purl.org/ccf/ASCTB-TEMP_fetal-venous-ec,4.66666666666666666667,14
VHFSmallIntestine,distal part of ileum,GC B cell,https://purl.org/ccf/ASCTB-TEMP_gc-b-cell,3,6
VHFSmallIntestine,distal part of ileum,Germ,https://purl.org/ccf/ASCTB-TEMP_germ,18,18
VHFSmallIntestine,distal part of ileum,Glia 1 (DHH+),https://purl.org/ccf/ASCTB-TEMP_glia-1-dhh-,3,3
VHFSmallIntestine,distal part of ileum,Glia 2 (ELN+),https://purl.org/ccf/ASCTB-TEMP_glia-2-eln-,6,18
VHFSmallIntestine,distal part of ileum,Glia 3 (BCAN+),https://purl.org/ccf/ASCTB-TEMP_glia-3-bcan-,8.66666666666666666667,26
VHFSmallIntestine,distal part of ileum,Goblet cell,https://purl.org/ccf/ASCTB-TEMP_goblet-cell,365.66666666666666666667,1097
VHFSmallIntestine,distal part of ileum,I cells (CCK+),https://purl.org/ccf/ASCTB-TEMP_i-cells-cck-,5.33333333333333333333,16
VHFSmallIntestine,distal part of ileum,ICC,https://purl.org/ccf/ASCTB-TEMP_icc,1.66666666666666666667,5
VHFSmallIntestine,distal part of ileum,ILC2,https://purl.org/ccf/ASCTB-TEMP_ilc2,3.5,7
VHFSmallIntestine,distal part of ileum,ILC3,https://purl.org/ccf/ASCTB-TEMP_ilc3,3.33333333333333333333,10
VHFSmallIntestine,distal part of ileum,ILCP,https://purl.org/ccf/ASCTB-TEMP_ilcp,3.66666666666666666667,11
VHFSmallIntestine,distal part of ileum,IgA plasma cell,https://purl.org/ccf/ASCTB-TEMP_iga-plasma-cell,1.5,3
VHFSmallIntestine,distal part of ileum,IgG plasma cell,https://purl.org/ccf/ASCTB-TEMP_igg-plasma-cell,4.66666666666666666667,14
VHFSmallIntestine,distal part of ileum,Immature B,https://purl.org/ccf/ASCTB-TEMP_immature-b,2.5,5
VHFSmallIntestine,distal part of ileum,Immature pericyte,https://purl.org/ccf/ASCTB-TEMP_immature-pericyte,9.33333333333333333333,28
VHFSmallIntestine,distal part of ileum,K cells (GIP+),https://purl.org/ccf/ASCTB-TEMP_k-cells-gip-,16.5,33
VHFSmallIntestine,distal part of ileum,L cells (PYY+),https://purl.org/ccf/ASCTB-TEMP_l-cells-pyy-,44.33333333333333333333,133
VHFSmallIntestine,distal part of ileum,LEC1 (ACKR4+),https://purl.org/ccf/ASCTB-TEMP_lec1-ackr4-,19.33333333333333333333,58
VHFSmallIntestine,distal part of ileum,LEC2 (MADCAM1+),https://purl.org/ccf/ASCTB-TEMP_lec2-madcam1-,1,2
VHFSmallIntestine,distal part of ileum,LEC3 (ADGRG3+),https://purl.org/ccf/ASCTB-TEMP_lec3-adgrg3-,10.66666666666666666667,32
VHFSmallIntestine,distal part of ileum,LEC4 (STAB2+),https://purl.org/ccf/ASCTB-TEMP_lec4-stab2-,15.33333333333333333333,46
VHFSmallIntestine,distal part of ileum,LEC5 (CLDN11+),https://purl.org/ccf/ASCTB-TEMP_lec5-cldn11-,2.66666666666666666667,8
VHFSmallIntestine,distal part of ileum,LEC6 (ADAMTS4+),https://purl.org/ccf/ASCTB-TEMP_lec6-adamts4-,10,30
VHFSmallIntestine,distal part of ileum,LTi-like NCR- ILC3,https://purl.org/ccf/ASCTB-TEMP_lti-like-ncr-ilc3,9.66666666666666666667,29
VHFSmallIntestine,distal part of ileum,LYVE1+ Macrophage,https://purl.org/ccf/ASCTB-TEMP_lyve1-macrophage,32.66666666666666666667,98
VHFSmallIntestine,distal part of ileum,LZ GC cell,https://purl.org/ccf/ASCTB-TEMP_lz-gc-cell,2,2
VHFSmallIntestine,distal part of ileum,Lymphoid DC,https://purl.org/ccf/ASCTB-TEMP_lymphoid-dc,9,27
VHFSmallIntestine,distal part of ileum,M/X cells (MLN/GHRL+),https://purl.org/ccf/ASCTB-TEMP_m-x-cells-mln-ghrl-,1,1
VHFSmallIntestine,distal part of ileum,MAIT cell,https://purl.org/ccf/ASCTB-TEMP_mait-cell,29.5,59
VHFSmallIntestine,distal part of ileum,MMP9+ Inflammatory macrophage,https://purl.org/ccf/ASCTB-TEMP_mmp9-inflammatory-macrophage,5.33333333333333333333,16
VHFSmallIntestine,distal part of ileum,MPO+ mono-neutrophil,https://purl.org/ccf/ASCTB-TEMP_mpo-mono-neutrophil,1.33333333333333333333,4
VHFSmallIntestine,distal part of ileum,Macrophages,https://purl.org/ccf/ASCTB-TEMP_macrophages,17,51
VHFSmallIntestine,distal part of ileum,Mast cell,https://purl.org/ccf/ASCTB-TEMP_mast-cell,20.33333333333333333333,61
VHFSmallIntestine,distal part of ileum,Mature arterial EC,https://purl.org/ccf/ASCTB-TEMP_mature-arterial-ec,30.66666666666666666667,92
VHFSmallIntestine,distal part of ileum,Mature venous EC,https://purl.org/ccf/ASCTB-TEMP_mature-venous-ec,42,126
VHFSmallIntestine,distal part of ileum,Megakaryocyte,https://purl.org/ccf/ASCTB-TEMP_megakaryocyte,3,3
VHFSmallIntestine,distal part of ileum,Memory B,https://purl.org/ccf/ASCTB-TEMP_memory-b,71,213
VHFSmallIntestine,distal part of ileum,Mesoderm 1 (HAND1+),https://purl.org/ccf/ASCTB-TEMP_mesoderm-1-hand1-,19.66666666666666666667,59
VHFSmallIntestine,distal part of ileum,Mesothelium,https://purl.org/ccf/ASCTB-TEMP_mesothelium,1.5,3
VHFSmallIntestine,distal part of ileum,Mesothelium (PRG4+),https://purl.org/ccf/ASCTB-TEMP_mesothelium-prg4-,3,3
VHFSmallIntestine,distal part of ileum,Mesothelium (RGS5+),https://purl.org/ccf/ASCTB-TEMP_mesothelium-rgs5-,10.33333333333333333333,31
VHFSmallIntestine,distal part of ileum,Microfold cell,https://purl.org/ccf/ASCTB-TEMP_microfold-cell,178.66666666666666666667,536
VHFSmallIntestine,distal part of ileum,Monocytes,https://purl.org/ccf/ASCTB-TEMP_monocytes,4.66666666666666666667,14
VHFSmallIntestine,distal part of ileum,N cells (NTS+),https://purl.org/ccf/ASCTB-TEMP_n-cells-nts-,7,21
VHFSmallIntestine,distal part of ileum,NK T cell,https://purl.org/ccf/ASCTB-TEMP_nk-t-cell,12,36
VHFSmallIntestine,distal part of ileum,NK cell,https://purl.org/ccf/ASCTB-TEMP_nk-cell,36.33333333333333333333,109
VHFSmallIntestine,distal part of ileum,Naive B,https://purl.org/ccf/ASCTB-TEMP_naive-b,3.33333333333333333333,10
VHFSmallIntestine,distal part of ileum,Neuroblast,https://purl.org/ccf/ASCTB-TEMP_neuroblast,5.33333333333333333333,16
VHFSmallIntestine,distal part of ileum,Paneth,https://purl.org/ccf/ASCTB-TEMP_paneth,286,858
VHFSmallIntestine,distal part of ileum,Pericyte,https://purl.org/ccf/ASCTB-TEMP_pericyte,12,24
VHFSmallIntestine,distal part of ileum,Pre-B,https://purl.org/ccf/ASCTB-TEMP_pre-b,14,42
VHFSmallIntestine,distal part of ileum,Pro-B,https://purl.org/ccf/ASCTB-TEMP_pro-b,3,9
VHFSmallIntestine,distal part of ileum,Progenitor (NEUROG3+),https://purl.org/ccf/ASCTB-TEMP_progenitor-neurog3-,6.33333333333333333333,19
VHFSmallIntestine,distal part of ileum,Proximal progenitor,https://purl.org/ccf/ASCTB-TEMP_proximal-progenitor,112.33333333333333333333,337
VHFSmallIntestine,distal part of ileum,RBC,https://purl.org/ccf/ASCTB-TEMP_rbc,2,4
VHFSmallIntestine,distal part of ileum,SELL+ CD4 T,https://purl.org/ccf/ASCTB-TEMP_sell-cd4-t,6.66666666666666666667,20
VHFSmallIntestine,distal part of ileum,SELL+ CD8 T,https://purl.org/ccf/ASCTB-TEMP_sell-cd8-t,11,33
VHFSmallIntestine,distal part of ileum,SMC (PART1/CAPN3+),https://purl.org/ccf/ASCTB-TEMP_smc-part1-capn3-,8.66666666666666666667,26
VHFSmallIntestine,distal part of ileum,SMC (PLPP2+),https://purl.org/ccf/ASCTB-TEMP_smc-plpp2-,113,339
VHFSmallIntestine,distal part of ileum,STAT1+ Naive B,https://purl.org/ccf/ASCTB-TEMP_stat1-naive-b,7,21
VHFSmallIntestine,distal part of ileum,Stem cells,https://purl.org/ccf/ASCTB-TEMP_stem-cells,96.33333333333333333333,289
VHFSmallIntestine,distal part of ileum,Stromal 1 (ADAMDEC1+),https://purl.org/ccf/ASCTB-TEMP_stromal-1-adamdec1-,1,2
VHFSmallIntestine,distal part of ileum,Stromal 1 (CCL11+),https://purl.org/ccf/ASCTB-TEMP_stromal-1-ccl11-,46.66666666666666666667,140
VHFSmallIntestine,distal part of ileum,Stromal 2 (CH25H+),https://purl.org/ccf/ASCTB-TEMP_stromal-2-ch25h-,2,2
VHFSmallIntestine,distal part of ileum,Stromal 2 (NPY+),https://purl.org/ccf/ASCTB-TEMP_stromal-2-npy-,15.66666666666666666667,47
VHFSmallIntestine,distal part of ileum,Stromal 3 (C7+),https://purl.org/ccf/ASCTB-TEMP_stromal-3-c7-,13,39
VHFSmallIntestine,distal part of ileum,Stromal 3 (KCNN3+),https://purl.org/ccf/ASCTB-TEMP_stromal-3-kcnn3-,33.33333333333333333333,100
VHFSmallIntestine,distal part of ileum,Stromal 4 (MMP1+),https://purl.org/ccf/ASCTB-TEMP_stromal-4-mmp1-,1.33333333333333333333,4
VHFSmallIntestine,distal part of ileum,T reticular,https://purl.org/ccf/ASCTB-TEMP_t-reticular,6.33333333333333333333,19
VHFSmallIntestine,distal part of ileum,TA,https://purl.org/ccf/ASCTB-TEMP_ta,10.66666666666666666667,32
VHFSmallIntestine,distal part of ileum,TRDV2/TRGV9 gdT,https://purl.org/ccf/ASCTB-TEMP_trdv2-trgv9-gdt,10,30
VHFSmallIntestine,distal part of ileum,TRGV2 gdT,https://purl.org/ccf/ASCTB-TEMP_trgv2-gdt,100.66666666666666666667,302
VHFSmallIntestine,distal part of ileum,TRGV4 gdT,https://purl.org/ccf/ASCTB-TEMP_trgv4-gdt,12,36
VHFSmallIntestine,distal part of ileum,TRGV5/7 gdT,https://purl.org/ccf/ASCTB-TEMP_trgv5-7-gdt,2,2
VHFSmallIntestine,distal part of ileum,Tfh,https://purl.org/ccf/ASCTB-TEMP_tfh,97.66666666666666666667,293
VHFSmallIntestine,distal part of ileum,Th1,https://purl.org/ccf/ASCTB-TEMP_th1,4,12
VHFSmallIntestine,distal part of ileum,Th17,https://purl.org/ccf/ASCTB-TEMP_th17,6.66666666666666666667,20
VHFSmallIntestine,distal part of ileum,Transitional Stromal 3 (C3+),https://purl.org/ccf/ASCTB-TEMP_transitional-stromal-3-c3-,37.33333333333333333333,112
VHFSmallIntestine,distal part of ileum,Treg,https://purl.org/ccf/ASCTB-TEMP_treg,8.33333333333333333333,25
VHFSmallIntestine,distal part of ileum,Tuft,https://purl.org/ccf/ASCTB-TEMP_tuft,22.66666666666666666667,68
VHFSmallIntestine,distal part of ileum,angiogenic pericyte,https://purl.org/ccf/ASCTB-TEMP_angiogenic-pericyte,11.66666666666666666667,35
VHFSmallIntestine,distal part of ileum,arterial capillary,https://purl.org/ccf/ASCTB-TEMP_arterial-capillary,27.66666666666666666667,83
VHFSmallIntestine,distal part of ileum,cDC1,https://purl.org/ccf/ASCTB-TEMP_cdc1,3.33333333333333333333,10
VHFSmallIntestine,distal part of ileum,cDC2,https://purl.org/ccf/ASCTB-TEMP_cdc2,2,4
VHFSmallIntestine,distal part of ileum,cycling EC,https://purl.org/ccf/ASCTB-TEMP_cycling-ec,19.33333333333333333333,58
VHFSmallIntestine,distal part of ileum,cycling ENCC/glia,https://purl.org/ccf/ASCTB-TEMP_cycling-encc-glia,1,1
VHFSmallIntestine,distal part of ileum,cycling neuroblast,https://purl.org/ccf/ASCTB-TEMP_cycling-neuroblast,3,3
VHFSmallIntestine,distal part of ileum,cycling stromal,https://purl.org/ccf/ASCTB-TEMP_cycling-stromal,2,2
VHFSmallIntestine,distal part of ileum,enterocyte of epithelium of small intestine,http://purl.obolibrary.org/obo/CL_1000334,3622.66666666666666666667,10868
VHFSmallIntestine,distal part of ileum,fibroblast,http://purl.obolibrary.org/obo/CL_0000057,236.66666666666666666667,710
VHFSmallIntestine,distal part of ileum,gut endothelial cell,http://purl.obolibrary.org/obo/CL_0000131,63.33333333333333333333,190
VHFSmallIntestine,distal part of ileum,intestinal enteroendocrine cell,http://purl.obolibrary.org/obo/CL_0009006,20.33333333333333333333,61
VHFSmallIntestine,distal part of ileum,intestinal tuft cell,http://purl.obolibrary.org/obo/CL_0009080,211.66666666666666666667,635
VHFSmallIntestine,distal part of ileum,mLN Stroma (FMO2+),https://purl.org/ccf/ASCTB-TEMP_mln-stroma-fmo2-,3,3
VHFSmallIntestine,distal part of ileum,mLTo,https://purl.org/ccf/ASCTB-TEMP_mlto,12,36
VHFSmallIntestine,distal part of ileum,mast cell,http://purl.obolibrary.org/obo/CL_0000097,26.66666666666666666667,80
VHFSmallIntestine,distal part of ileum,monocyte,http://purl.obolibrary.org/obo/CL_0000576,32.33333333333333333333,97
VHFSmallIntestine,distal part of ileum,myofibroblast,https://purl.org/ccf/ASCTB-TEMP_myofibroblast,49.33333333333333333333,148
VHFSmallIntestine,distal part of ileum,myofibroblast (RSPO2+),https://purl.org/ccf/ASCTB-TEMP_myofibroblast-rspo2-,24.33333333333333333333,73
VHFSmallIntestine,distal part of ileum,neutrophil,http://purl.obolibrary.org/obo/CL_0000775,116,348
VHFSmallIntestine,distal part of ileum,pDC,https://purl.org/ccf/ASCTB-TEMP_pdc,4.33333333333333333333,13
VHFSmallIntestine,distal part of ileum,paneth cell of epithelium of small intestine,http://purl.obolibrary.org/obo/CL_1000343,185.33333333333333333333,556
VHFSmallIntestine,distal part of ileum,plasma cell,http://purl.obolibrary.org/obo/CL_0000786,14,28
VHFSmallIntestine,distal part of ileum,small intestine goblet cell,http://purl.obolibrary.org/obo/CL_1000495,450.66666666666666666667,1352
VHFSmallIntestine,distal part of ileum,transit amplifying cell of small intestine,http://purl.obolibrary.org/obo/CL_0009012,1.5,3
VHFSmallIntestine,distal part of ileum,venous capillary,https://purl.org/ccf/ASCTB-TEMP_venous-capillary,3.5,7
VHFSmallIntestine,distal part of ileum,β cells (INS+),https://purl.org/ccf/ASCTB-TEMP_-cells-ins-,1,2
VHFSmallIntestine,horizontal part of duodenum,Activated CD4 T,https://purl.org/ccf/ASCTB-TEMP_activated-cd4-t,2.33333333333333333333,7
VHFSmallIntestine,horizontal part of duodenum,Activated CD8 T,https://purl.org/ccf/ASCTB-TEMP_activated-cd8-t,17.66666666666666666667,53
VHFSmallIntestine,horizontal part of duodenum,Activated T,https://purl.org/ccf/ASCTB-TEMP_activated-t,66.33333333333333333333,199
VHFSmallIntestine,horizontal part of duodenum,Adult Glia,https://purl.org/ccf/ASCTB-TEMP_adult-glia,36.33333333333333333333,109
VHFSmallIntestine,horizontal part of duodenum,B cell,http://purl.obolibrary.org/obo/CL_0000236,1,1
VHFSmallIntestine,horizontal part of duodenum,BEST2+ Goblet cell,https://purl.org/ccf/ASCTB-TEMP_best2-goblet-cell,7,21
VHFSmallIntestine,horizontal part of duodenum,BEST4+ epithelial,https://purl.org/ccf/ASCTB-TEMP_best4-epithelial,45.66666666666666666667,137
VHFSmallIntestine,horizontal part of duodenum,Branch A1 (iMN),https://purl.org/ccf/ASCTB-TEMP_branch-a1-imn-,4,12
VHFSmallIntestine,horizontal part of duodenum,Branch A2 (IPAN/IN),https://purl.org/ccf/ASCTB-TEMP_branch-a2-ipan-in-,6.33333333333333333333,19
VHFSmallIntestine,horizontal part of duodenum,Branch A3 (IPAN/IN),https://purl.org/ccf/ASCTB-TEMP_branch-a3-ipan-in-,5,15
VHFSmallIntestine,horizontal part of duodenum,Branch A4 (IN),https://purl.org/ccf/ASCTB-TEMP_branch-a4-in-,22.66666666666666666667,68
VHFSmallIntestine,horizontal part of duodenum,Branch B1 (eMN),https://purl.org/ccf/ASCTB-TEMP_branch-b1-emn-,61,183
VHFSmallIntestine,horizontal part of duodenum,Branch B2 (eMN),https://purl.org/ccf/ASCTB-TEMP_branch-b2-emn-,2,6
VHFSmallIntestine,horizontal part of duodenum,Branch B3 (IPAN),https://purl.org/ccf/ASCTB-TEMP_branch-b3-ipan-,4,12
VHFSmallIntestine,horizontal part of duodenum,"CD4-positive, alpha-beta T cell",http://purl.obolibrary.org/obo/CL_0000624,22.33333333333333333333,67
VHFSmallIntestine,horizontal part of duodenum,CD8 Tmem,https://purl.org/ccf/ASCTB-TEMP_cd8-tmem,4.33333333333333333333,13
VHFSmallIntestine,horizontal part of duodenum,"CD8-positive, alpha-beta T cell",http://purl.obolibrary.org/obo/CL_0000625,34.66666666666666666667,104
VHFSmallIntestine,horizontal part of duodenum,CLC+ Mast cell,https://purl.org/ccf/ASCTB-TEMP_clc-mast-cell,2.66666666666666666667,8
VHFSmallIntestine,horizontal part of duodenum,CLDN10+ cells,https://purl.org/ccf/ASCTB-TEMP_cldn10-cells,5.33333333333333333333,16
VHFSmallIntestine,horizontal part of duodenum,CLP,https://purl.org/ccf/ASCTB-TEMP_clp,4.66666666666666666667,14
VHFSmallIntestine,horizontal part of duodenum,CX3CR1+ CD8 Tmem,https://purl.org/ccf/ASCTB-TEMP_cx3cr1-cd8-tmem,2,2
VHFSmallIntestine,horizontal part of duodenum,Colonocyte,https://purl.org/ccf/ASCTB-TEMP_colonocyte,1,1
VHFSmallIntestine,horizontal part of duodenum,Contractile pericyte (PLN+),https://purl.org/ccf/ASCTB-TEMP_contractile-pericyte-pln-,22.66666666666666666667,68
VHFSmallIntestine,horizontal part of duodenum,Cycling B cell,https://purl.org/ccf/ASCTB-TEMP_cycling-b-cell,26,78
VHFSmallIntestine,horizontal part of duodenum,Cycling plasma cell,https://purl.org/ccf/ASCTB-TEMP_cycling-plasma-cell,106.66666666666666666667,320
VHFSmallIntestine,horizontal part of duodenum,D cells (SST+),https://purl.org/ccf/ASCTB-TEMP_d-cells-sst-,27.66666666666666666667,83
VHFSmallIntestine,horizontal part of duodenum,DZ GC cell,https://purl.org/ccf/ASCTB-TEMP_dz-gc-cell,16.66666666666666666667,50
VHFSmallIntestine,horizontal part of duodenum,Differentiating glia,https://purl.org/ccf/ASCTB-TEMP_differentiating-glia,1,1
VHFSmallIntestine,horizontal part of duodenum,Distal progenitor,https://purl.org/ccf/ASCTB-TEMP_distal-progenitor,3.5,7
VHFSmallIntestine,horizontal part of duodenum,EC cells (NPW+),https://purl.org/ccf/ASCTB-TEMP_ec-cells-npw-,7.5,15
VHFSmallIntestine,horizontal part of duodenum,EC cells (TAC1+),https://purl.org/ccf/ASCTB-TEMP_ec-cells-tac1-,18.66666666666666666667,56
VHFSmallIntestine,horizontal part of duodenum,EECs,https://purl.org/ccf/ASCTB-TEMP_eecs,220,660
VHFSmallIntestine,horizontal part of duodenum,ENCC/glia Progenitor,https://purl.org/ccf/ASCTB-TEMP_encc-glia-progenitor,1,1
VHFSmallIntestine,horizontal part of duodenum,Enterocyte,https://purl.org/ccf/ASCTB-TEMP_enterocyte,2433.66666666666666666667,7301
VHFSmallIntestine,horizontal part of duodenum,FCRL4+ Memory B,https://purl.org/ccf/ASCTB-TEMP_fcrl4-memory-b,2,6
VHFSmallIntestine,horizontal part of duodenum,FDC,https://purl.org/ccf/ASCTB-TEMP_fdc,3.33333333333333333333,10
VHFSmallIntestine,horizontal part of duodenum,Fetal arterial EC,https://purl.org/ccf/ASCTB-TEMP_fetal-arterial-ec,3.33333333333333333333,10
VHFSmallIntestine,horizontal part of duodenum,Fetal venous EC,https://purl.org/ccf/ASCTB-TEMP_fetal-venous-ec,10,30
VHFSmallIntestine,horizontal part of duodenum,GC B cell,https://purl.org/ccf/ASCTB-TEMP_gc-b-cell,1,1
VHFSmallIntestine,horizontal part of duodenum,Germ,https://purl.org/ccf/ASCTB-TEMP_germ,2,6
VHFSmallIntestine,horizontal part of duodenum,Glia 1 (DHH+),https://purl.org/ccf/ASCTB-TEMP_glia-1-dhh-,9.33333333333333333333,28
VHFSmallIntestine,horizontal part of duodenum,Glia 2 (ELN+),https://purl.org/ccf/ASCTB-TEMP_glia-2-eln-,9,27
VHFSmallIntestine,horizontal part of duodenum,Glia 3 (BCAN+),https://purl.org/ccf/ASCTB-TEMP_glia-3-bcan-,13.66666666666666666667,41
VHFSmallIntestine,horizontal part of duodenum,Goblet cell,https://purl.org/ccf/ASCTB-TEMP_goblet-cell,248.66666666666666666667,746
VHFSmallIntestine,horizontal part of duodenum,I cells (CCK+),https://purl.org/ccf/ASCTB-TEMP_i-cells-cck-,23,69
VHFSmallIntestine,horizontal part of duodenum,ICC,https://purl.org/ccf/ASCTB-TEMP_icc,2,6
VHFSmallIntestine,horizontal part of duodenum,ILC2,https://purl.org/ccf/ASCTB-TEMP_ilc2,1.5,3
VHFSmallIntestine,horizontal part of duodenum,ILC3,https://purl.org/ccf/ASCTB-TEMP_ilc3,5,10
VHFSmallIntestine,horizontal part of duodenum,ILCP,https://purl.org/ccf/ASCTB-TEMP_ilcp,4.66666666666666666667,14
VHFSmallIntestine,horizontal part of duodenum,IgA plasma cell,https://purl.org/ccf/ASCTB-TEMP_iga-plasma-cell,2,6
VHFSmallIntestine,horizontal part of duodenum,IgG plasma cell,https://purl.org/ccf/ASCTB-TEMP_igg-plasma-cell,6.33333333333333333333,19
VHFSmallIntestine,horizontal part of duodenum,Immature pericyte,https://purl.org/ccf/ASCTB-TEMP_immature-pericyte,5.33333333333333333333,16
VHFSmallIntestine,horizontal part of duodenum,K cells (GIP+),https://purl.org/ccf/ASCTB-TEMP_k-cells-gip-,38.66666666666666666667,116
VHFSmallIntestine,horizontal part of duodenum,L cells (PYY+),https://purl.org/ccf/ASCTB-TEMP_l-cells-pyy-,9.33333333333333333333,28
VHFSmallIntestine,horizontal part of duodenum,LEC1 (ACKR4+),https://purl.org/ccf/ASCTB-TEMP_lec1-ackr4-,11,33
VHFSmallIntestine,horizontal part of duodenum,LEC2 (MADCAM1+),https://purl.org/ccf/ASCTB-TEMP_lec2-madcam1-,1,1
VHFSmallIntestine,horizontal part of duodenum,LEC3 (ADGRG3+),https://purl.org/ccf/ASCTB-TEMP_lec3-adgrg3-,9.33333333333333333333,28
VHFSmallIntestine,horizontal part of duodenum,LEC4 (STAB2+),https://purl.org/ccf/ASCTB-TEMP_lec4-stab2-,13.33333333333333333333,40
VHFSmallIntestine,horizontal part of duodenum,LEC5 (CLDN11+),https://purl.org/ccf/ASCTB-TEMP_lec5-cldn11-,2.66666666666666666667,8
VHFSmallIntestine,horizontal part of duodenum,LEC6 (ADAMTS4+),https://purl.org/ccf/ASCTB-TEMP_lec6-adamts4-,9,27
VHFSmallIntestine,horizontal part of duodenum,LTi-like NCR+ ILC3,https://purl.org/ccf/ASCTB-TEMP_lti-like-ncr-ilc3,20,20
VHFSmallIntestine,horizontal part of duodenum,LTi-like NCR- ILC3,https://purl.org/ccf/ASCTB-TEMP_lti-like-ncr-ilc3,6.5,13
VHFSmallIntestine,horizontal part of duodenum,LYVE1+ Macrophage,https://purl.org/ccf/ASCTB-TEMP_lyve1-macrophage,14.33333333333333333333,43
VHFSmallIntestine,horizontal part of duodenum,LZ GC cell,https://purl.org/ccf/ASCTB-TEMP_lz-gc-cell,2,6
VHFSmallIntestine,horizontal part of duodenum,Lymphoid DC,https://purl.org/ccf/ASCTB-TEMP_lymphoid-dc,17,51
VHFSmallIntestine,horizontal part of duodenum,M/X cells (MLN/GHRL+),https://purl.org/ccf/ASCTB-TEMP_m-x-cells-mln-ghrl-,16.66666666666666666667,50
VHFSmallIntestine,horizontal part of duodenum,MAIT cell,https://purl.org/ccf/ASCTB-TEMP_mait-cell,8.33333333333333333333,25
VHFSmallIntestine,horizontal part of duodenum,MMP9+ Inflammatory macrophage,https://purl.org/ccf/ASCTB-TEMP_mmp9-inflammatory-macrophage,4.66666666666666666667,14
VHFSmallIntestine,horizontal part of duodenum,MPO+ mono-neutrophil,https://purl.org/ccf/ASCTB-TEMP_mpo-mono-neutrophil,1.5,3
VHFSmallIntestine,horizontal part of duodenum,Macrophages,https://purl.org/ccf/ASCTB-TEMP_macrophages,18.33333333333333333333,55
VHFSmallIntestine,horizontal part of duodenum,Mast cell,https://purl.org/ccf/ASCTB-TEMP_mast-cell,15.66666666666666666667,47
VHFSmallIntestine,horizontal part of duodenum,Mature arterial EC,https://purl.org/ccf/ASCTB-TEMP_mature-arterial-ec,15.33333333333333333333,46
VHFSmallIntestine,horizontal part of duodenum,Mature venous EC,https://purl.org/ccf/ASCTB-TEMP_mature-venous-ec,18.33333333333333333333,55
VHFSmallIntestine,horizontal part of duodenum,Megakaryocyte,https://purl.org/ccf/ASCTB-TEMP_megakaryocyte,1,2
VHFSmallIntestine,horizontal part of duodenum,Memory B,https://purl.org/ccf/ASCTB-TEMP_memory-b,13.33333333333333333333,40
VHFSmallIntestine,horizontal part of duodenum,Mesoderm 1 (HAND1+),https://purl.org/ccf/ASCTB-TEMP_mesoderm-1-hand1-,14.33333333333333333333,43
VHFSmallIntestine,horizontal part of duodenum,Mesothelium,https://purl.org/ccf/ASCTB-TEMP_mesothelium,2,4
VHFSmallIntestine,horizontal part of duodenum,Mesothelium (PRG4+),https://purl.org/ccf/ASCTB-TEMP_mesothelium-prg4-,1,1
VHFSmallIntestine,horizontal part of duodenum,Mesothelium (RGS5+),https://purl.org/ccf/ASCTB-TEMP_mesothelium-rgs5-,10,30
VHFSmallIntestine,horizontal part of duodenum,Microfold cell,https://purl.org/ccf/ASCTB-TEMP_microfold-cell,231,693
VHFSmallIntestine,horizontal part of duodenum,Monocytes,https://purl.org/ccf/ASCTB-TEMP_monocytes,4.66666666666666666667,14
VHFSmallIntestine,horizontal part of duodenum,N cells (NTS+),https://purl.org/ccf/ASCTB-TEMP_n-cells-nts-,1,3
VHFSmallIntestine,horizontal part of duodenum,NK T cell,https://purl.org/ccf/ASCTB-TEMP_nk-t-cell,16.66666666666666666667,50
VHFSmallIntestine,horizontal part of duodenum,NK cell,https://purl.org/ccf/ASCTB-TEMP_nk-cell,51.66666666666666666667,155
VHFSmallIntestine,horizontal part of duodenum,Naive B,https://purl.org/ccf/ASCTB-TEMP_naive-b,3.33333333333333333333,10
VHFSmallIntestine,horizontal part of duodenum,Neuroblast,https://purl.org/ccf/ASCTB-TEMP_neuroblast,2,6
VHFSmallIntestine,horizontal part of duodenum,Paneth,https://purl.org/ccf/ASCTB-TEMP_paneth,110,330
VHFSmallIntestine,horizontal part of duodenum,Pericyte,https://purl.org/ccf/ASCTB-TEMP_pericyte,7.33333333333333333333,22
VHFSmallIntestine,horizontal part of duodenum,Pre-B,https://purl.org/ccf/ASCTB-TEMP_pre-b,13.66666666666666666667,41
VHFSmallIntestine,horizontal part of duodenum,Pro-B,https://purl.org/ccf/ASCTB-TEMP_pro-b,3.66666666666666666667,11
VHFSmallIntestine,horizontal part of duodenum,Progenitor (NEUROG3+),https://purl.org/ccf/ASCTB-TEMP_progenitor-neurog3-,15,45
VHFSmallIntestine,horizontal part of duodenum,Proximal progenitor,https://purl.org/ccf/ASCTB-TEMP_proximal-progenitor,87,261
VHFSmallIntestine,horizontal part of duodenum,RBC,https://purl.org/ccf/ASCTB-TEMP_rbc,8,24
VHFSmallIntestine,horizontal part of duodenum,SELL+ CD4 T,https://purl.org/ccf/ASCTB-TEMP_sell-cd4-t,7,21
VHFSmallIntestine,horizontal part of duodenum,SELL+ CD8 T,https://purl.org/ccf/ASCTB-TEMP_sell-cd8-t,9.33333333333333333333,28
VHFSmallIntestine,horizontal part of duodenum,SMC (PART1/CAPN3+),https://purl.org/ccf/ASCTB-TEMP_smc-part1-capn3-,6.33333333333333333333,19
VHFSmallIntestine,horizontal part of duodenum,SMC (PLPP2+),https://purl.org/ccf/ASCTB-TEMP_smc-plpp2-,32.33333333333333333333,97
VHFSmallIntestine,horizontal part of duodenum,STAT1+ Naive B,https://purl.org/ccf/ASCTB-TEMP_stat1-naive-b,24.33333333333333333333,73
VHFSmallIntestine,horizontal part of duodenum,Stem cells,https://purl.org/ccf/ASCTB-TEMP_stem-cells,77,231
VHFSmallIntestine,horizontal part of duodenum,Stromal 1 (CCL11+),https://purl.org/ccf/ASCTB-TEMP_stromal-1-ccl11-,65.66666666666666666667,197
VHFSmallIntestine,horizontal part of duodenum,Stromal 2 (CH25H+),https://purl.org/ccf/ASCTB-TEMP_stromal-2-ch25h-,2.5,5
VHFSmallIntestine,horizontal part of duodenum,Stromal 2 (NPY+),https://purl.org/ccf/ASCTB-TEMP_stromal-2-npy-,31,93
VHFSmallIntestine,horizontal part of duodenum,Stromal 3 (C7+),https://purl.org/ccf/ASCTB-TEMP_stromal-3-c7-,10.66666666666666666667,32
VHFSmallIntestine,horizontal part of duodenum,Stromal 3 (KCNN3+),https://purl.org/ccf/ASCTB-TEMP_stromal-3-kcnn3-,16.33333333333333333333,49
VHFSmallIntestine,horizontal part of duodenum,Stromal 4 (MMP1+),https://purl.org/ccf/ASCTB-TEMP_stromal-4-mmp1-,2,4
VHFSmallIntestine,horizontal part of duodenum,T reticular,https://purl.org/ccf/ASCTB-TEMP_t-reticular,18.66666666666666666667,56
VHFSmallIntestine,horizontal part of duodenum,TA,https://purl.org/ccf/ASCTB-TEMP_ta,22,66
VHFSmallIntestine,horizontal part of duodenum,TRDV2/TRGV9 gdT,https://purl.org/ccf/ASCTB-TEMP_trdv2-trgv9-gdt,21.33333333333333333333,64
VHFSmallIntestine,horizontal part of duodenum,TRGV2 gdT,https://purl.org/ccf/ASCTB-TEMP_trgv2-gdt,109.33333333333333333333,328
VHFSmallIntestine,horizontal part of duodenum,TRGV4 gdT,https://purl.org/ccf/ASCTB-TEMP_trgv4-gdt,23,69
VHFSmallIntestine,horizontal part of duodenum,TRGV5/7 gdT,https://purl.org/ccf/ASCTB-TEMP_trgv5-7-gdt,2,4
VHFSmallIntestine,horizontal part of duodenum,Tfh,https://purl.org/ccf/ASCTB-TEMP_tfh,53.66666666666666666667,161
VHFSmallIntestine,horizontal part of duodenum,Th1,https://purl.org/ccf/ASCTB-TEMP_th1,4,12
VHFSmallIntestine,horizontal part of duodenum,Th17,https://purl.org/ccf/ASCTB-TEMP_th17,8,24
VHFSmallIntestine,horizontal part of duodenum,Transitional Stromal 3 (C3+),https://purl.org/ccf/ASCTB-TEMP_transitional-stromal-3-c3-,13.33333333333333333333,40
VHFSmallIntestine,horizontal part of duodenum,Treg,https://purl.org/ccf/ASCTB-TEMP_treg,5,15
VHFSmallIntestine,horizontal part of duodenum,Tuft,https://purl.org/ccf/ASCTB-TEMP_tuft,44,132
VHFSmallIntestine,horizontal part of duodenum,angiogenic pericyte,https://purl.org/ccf/ASCTB-TEMP_angiogenic-pericyte,3.33333333333333333333,10
VHFSmallIntestine,horizontal part of duodenum,arterial capillary,https://purl.org/ccf/ASCTB-TEMP_arterial-capillary,42.66666666666666666667,128
VHFSmallIntestine,horizontal part of duodenum,cDC1,https://purl.org/ccf/ASCTB-TEMP_cdc1,3.66666666666666666667,11
VHFSmallIntestine,horizontal part of duodenum,cDC2,https://purl.org/ccf/ASCTB-TEMP_cdc2,4.66666666666666666667,14
VHFSmallIntestine,horizontal part of duodenum,cycling EC,https://purl.org/ccf/ASCTB-TEMP_cycling-ec,19,57
VHFSmallIntestine,horizontal part of duodenum,cycling ENCC/glia,https://purl.org/ccf/ASCTB-TEMP_cycling-encc-glia,1.5,3
VHFSmallIntestine,horizontal part of duodenum,cycling neuroblast,https://purl.org/ccf/ASCTB-TEMP_cycling-neuroblast,2,4
VHFSmallIntestine,horizontal part of duodenum,cycling stromal,https://purl.org/ccf/ASCTB-TEMP_cycling-stromal,1,1
VHFSmallIntestine,horizontal part of duodenum,enterocyte of epithelium of small intestine,http://purl.obolibrary.org/obo/CL_1000334,4289.66666666666666666667,12869
VHFSmallIntestine,horizontal part of duodenum,fibroblast,http://purl.obolibrary.org/obo/CL_0000057,154.66666666666666666667,464
VHFSmallIntestine,horizontal part of duodenum,gdT,https://purl.org/ccf/ASCTB-TEMP_gdt,1,1
VHFSmallIntestine,horizontal part of duodenum,gut endothelial cell,http://purl.obolibrary.org/obo/CL_0000131,30.33333333333333333333,91
VHFSmallIntestine,horizontal part of duodenum,intestinal crypt stem cell of small intestine,http://purl.obolibrary.org/obo/CL_0009017,19,19
VHFSmallIntestine,horizontal part of duodenum,intestinal enteroendocrine cell,http://purl.obolibrary.org/obo/CL_0009006,22.66666666666666666667,68
VHFSmallIntestine,horizontal part of duodenum,intestinal tuft cell,http://purl.obolibrary.org/obo/CL_0009080,107,321
VHFSmallIntestine,horizontal part of duodenum,mLN Stroma (FMO2+),https://purl.org/ccf/ASCTB-TEMP_mln-stroma-fmo2-,1.66666666666666666667,5
VHFSmallIntestine,horizontal part of duodenum,mLTo,https://purl.org/ccf/ASCTB-TEMP_mlto,16.33333333333333333333,49
VHFSmallIntestine,horizontal part of duodenum,mast cell,http://purl.obolibrary.org/obo/CL_0000097,16,48
VHFSmallIntestine,horizontal part of duodenum,monocyte,http://purl.obolibrary.org/obo/CL_0000576,37,74
VHFSmallIntestine,horizontal part of duodenum,myofibroblast,https://purl.org/ccf/ASCTB-TEMP_myofibroblast,92.66666666666666666667,278
VHFSmallIntestine,horizontal part of duodenum,myofibroblast (RSPO2+),https://purl.org/ccf/ASCTB-TEMP_myofibroblast-rspo2-,30,90
VHFSmallIntestine,horizontal part of duodenum,neutrophil,http://purl.obolibrary.org/obo/CL_0000775,58.66666666666666666667,176
VHFSmallIntestine,horizontal part of duodenum,pDC,https://purl.org/ccf/ASCTB-TEMP_pdc,2,6
VHFSmallIntestine,horizontal part of duodenum,paneth cell of epithelium of small intestine,http://purl.obolibrary.org/obo/CL_1000343,122.66666666666666666667,368
VHFSmallIntestine,horizontal part of duodenum,plasma cell,http://purl.obolibrary.org/obo/CL_0000786,5,15
VHFSmallIntestine,horizontal part of duodenum,small intestine goblet cell,http://purl.obolibrary.org/obo/CL_1000495,193.66666666666666666667,581
VHFSmallIntestine,horizontal part of duodenum,transit amplifying cell of small intestine,http://purl.obolibrary.org/obo/CL_0009012,43,43
VHFSmallIntestine,horizontal part of duodenum,venous capillary,https://purl.org/ccf/ASCTB-TEMP_venous-capillary,2,4
VHFSmallIntestine,horizontal part of duodenum,β cells (INS+),https://purl.org/ccf/ASCTB-TEMP_-cells-ins-,1,1
VHFSmallIntestine,ileum,Activated CD4 T,https://purl.org/ccf/ASCTB-TEMP_activated-cd4-t,3.66666666666666666667,11
VHFSmallIntestine,ileum,Activated CD8 T,https://purl.org/ccf/ASCTB-TEMP_activated-cd8-t,14,42
VHFSmallIntestine,ileum,Activated T,https://purl.org/ccf/ASCTB-TEMP_activated-t,49.66666666666666666667,149
VHFSmallIntestine,ileum,Adult Glia,https://purl.org/ccf/ASCTB-TEMP_adult-glia,77.66666666666666666667,233
VHFSmallIntestine,ileum,B cell,http://purl.obolibrary.org/obo/CL_0000236,33,66
VHFSmallIntestine,ileum,BEST2+ Goblet cell,https://purl.org/ccf/ASCTB-TEMP_best2-goblet-cell,9.33333333333333333333,28
VHFSmallIntestine,ileum,BEST4+ epithelial,https://purl.org/ccf/ASCTB-TEMP_best4-epithelial,29.66666666666666666667,89
VHFSmallIntestine,ileum,Branch A1 (iMN),https://purl.org/ccf/ASCTB-TEMP_branch-a1-imn-,3.66666666666666666667,11
VHFSmallIntestine,ileum,Branch A2 (IPAN/IN),https://purl.org/ccf/ASCTB-TEMP_branch-a2-ipan-in-,5.33333333333333333333,16
VHFSmallIntestine,ileum,Branch A3 (IPAN/IN),https://purl.org/ccf/ASCTB-TEMP_branch-a3-ipan-in-,2,6
VHFSmallIntestine,ileum,Branch A4 (IN),https://purl.org/ccf/ASCTB-TEMP_branch-a4-in-,37.33333333333333333333,112
VHFSmallIntestine,ileum,Branch B1 (eMN),https://purl.org/ccf/ASCTB-TEMP_branch-b1-emn-,35.33333333333333333333,106
VHFSmallIntestine,ileum,Branch B2 (eMN),https://purl.org/ccf/ASCTB-TEMP_branch-b2-emn-,1,3
VHFSmallIntestine,ileum,Branch B3 (IPAN),https://purl.org/ccf/ASCTB-TEMP_branch-b3-ipan-,6.33333333333333333333,19
VHFSmallIntestine,ileum,"CD4-positive, alpha-beta T cell",http://purl.obolibrary.org/obo/CL_0000624,22.33333333333333333333,67
VHFSmallIntestine,ileum,CD8 Tmem,https://purl.org/ccf/ASCTB-TEMP_cd8-tmem,11.33333333333333333333,34
VHFSmallIntestine,ileum,"CD8-positive, alpha-beta T cell",http://purl.obolibrary.org/obo/CL_0000625,38.33333333333333333333,115
VHFSmallIntestine,ileum,CLC+ Mast cell,https://purl.org/ccf/ASCTB-TEMP_clc-mast-cell,5.5,11
VHFSmallIntestine,ileum,CLDN10+ cells,https://purl.org/ccf/ASCTB-TEMP_cldn10-cells,1.5,3
VHFSmallIntestine,ileum,CLP,https://purl.org/ccf/ASCTB-TEMP_clp,5,15
VHFSmallIntestine,ileum,CX3CR1+ CD8 Tmem,https://purl.org/ccf/ASCTB-TEMP_cx3cr1-cd8-tmem,2.33333333333333333333,7
VHFSmallIntestine,ileum,Colonocyte,https://purl.org/ccf/ASCTB-TEMP_colonocyte,16.33333333333333333333,49
VHFSmallIntestine,ileum,Contractile pericyte (PLN+),https://purl.org/ccf/ASCTB-TEMP_contractile-pericyte-pln-,41,123
VHFSmallIntestine,ileum,Cycling B cell,https://purl.org/ccf/ASCTB-TEMP_cycling-b-cell,44,132
VHFSmallIntestine,ileum,Cycling plasma cell,https://purl.org/ccf/ASCTB-TEMP_cycling-plasma-cell,39,117
VHFSmallIntestine,ileum,D cells (SST+),https://purl.org/ccf/ASCTB-TEMP_d-cells-sst-,8,16
VHFSmallIntestine,ileum,DZ GC cell,https://purl.org/ccf/ASCTB-TEMP_dz-gc-cell,13.33333333333333333333,40
VHFSmallIntestine,ileum,Differentiating glia,https://purl.org/ccf/ASCTB-TEMP_differentiating-glia,1.5,3
VHFSmallIntestine,ileum,Distal progenitor,https://purl.org/ccf/ASCTB-TEMP_distal-progenitor,5.66666666666666666667,17
VHFSmallIntestine,ileum,EC cells (NPW+),https://purl.org/ccf/ASCTB-TEMP_ec-cells-npw-,2,4
VHFSmallIntestine,ileum,EC cells (TAC1+),https://purl.org/ccf/ASCTB-TEMP_ec-cells-tac1-,16.66666666666666666667,50
VHFSmallIntestine,ileum,EECs,https://purl.org/ccf/ASCTB-TEMP_eecs,128.66666666666666666667,386
VHFSmallIntestine,ileum,ENCC/glia Progenitor,https://purl.org/ccf/ASCTB-TEMP_encc-glia-progenitor,2,4
VHFSmallIntestine,ileum,Enterocyte,https://purl.org/ccf/ASCTB-TEMP_enterocyte,2091,6273
VHFSmallIntestine,ileum,FCRL4+ Memory B,https://purl.org/ccf/ASCTB-TEMP_fcrl4-memory-b,12.5,25
VHFSmallIntestine,ileum,FDC,https://purl.org/ccf/ASCTB-TEMP_fdc,6,18
VHFSmallIntestine,ileum,Fetal arterial EC,https://purl.org/ccf/ASCTB-TEMP_fetal-arterial-ec,4,8
VHFSmallIntestine,ileum,Fetal venous EC,https://purl.org/ccf/ASCTB-TEMP_fetal-venous-ec,4.66666666666666666667,14
VHFSmallIntestine,ileum,GC B cell,https://purl.org/ccf/ASCTB-TEMP_gc-b-cell,3,6
VHFSmallIntestine,ileum,Germ,https://purl.org/ccf/ASCTB-TEMP_germ,18,18
VHFSmallIntestine,ileum,Glia 1 (DHH+),https://purl.org/ccf/ASCTB-TEMP_glia-1-dhh-,3,3
VHFSmallIntestine,ileum,Glia 2 (ELN+),https://purl.org/ccf/ASCTB-TEMP_glia-2-eln-,6,18
VHFSmallIntestine,ileum,Glia 3 (BCAN+),https://purl.org/ccf/ASCTB-TEMP_glia-3-bcan-,8.66666666666666666667,26
VHFSmallIntestine,ileum,Goblet cell,https://purl.org/ccf/ASCTB-TEMP_goblet-cell,365.66666666666666666667,1097
VHFSmallIntestine,ileum,I cells (CCK+),https://purl.org/ccf/ASCTB-TEMP_i-cells-cck-,5.33333333333333333333,16
VHFSmallIntestine,ileum,ICC,https://purl.org/ccf/ASCTB-TEMP_icc,1.66666666666666666667,5
VHFSmallIntestine,ileum,ILC2,https://purl.org/ccf/ASCTB-TEMP_ilc2,3.5,7
VHFSmallIntestine,ileum,ILC3,https://purl.org/ccf/ASCTB-TEMP_ilc3,3.33333333333333333333,10
VHFSmallIntestine,ileum,ILCP,https://purl.org/ccf/ASCTB-TEMP_ilcp,3.66666666666666666667,11
VHFSmallIntestine,ileum,IgA plasma cell,https://purl.org/ccf/ASCTB-TEMP_iga-plasma-cell,1.5,3
VHFSmallIntestine,ileum,IgG plasma cell,https://purl.org/ccf/ASCTB-TEMP_igg-plasma-cell,4.66666666666666666667,14
VHFSmallIntestine,ileum,Immature B,https://purl.org/ccf/ASCTB-TEMP_immature-b,2.5,5
VHFSmallIntestine,ileum,Immature pericyte,https://purl.org/ccf/ASCTB-TEMP_immature-pericyte,9.33333333333333333333,28
VHFSmallIntestine,ileum,K cells (GIP+),https://purl.org/ccf/ASCTB-TEMP_k-cells-gip-,16.5,33
VHFSmallIntestine,ileum,L cells (PYY+),https://purl.org/ccf/ASCTB-TEMP_l-cells-pyy-,44.33333333333333333333,133
VHFSmallIntestine,ileum,LEC1 (ACKR4+),https://purl.org/ccf/ASCTB-TEMP_lec1-ackr4-,19.33333333333333333333,58
VHFSmallIntestine,ileum,LEC2 (MADCAM1+),https://purl.org/ccf/ASCTB-TEMP_lec2-madcam1-,1,2
VHFSmallIntestine,ileum,LEC3 (ADGRG3+),https://purl.org/ccf/ASCTB-TEMP_lec3-adgrg3-,10.66666666666666666667,32
VHFSmallIntestine,ileum,LEC4 (STAB2+),https://purl.org/ccf/ASCTB-TEMP_lec4-stab2-,15.33333333333333333333,46
VHFSmallIntestine,ileum,LEC5 (CLDN11+),https://purl.org/ccf/ASCTB-TEMP_lec5-cldn11-,2.66666666666666666667,8
VHFSmallIntestine,ileum,LEC6 (ADAMTS4+),https://purl.org/ccf/ASCTB-TEMP_lec6-adamts4-,10,30
VHFSmallIntestine,ileum,LTi-like NCR- ILC3,https://purl.org/ccf/ASCTB-TEMP_lti-like-ncr-ilc3,9.66666666666666666667,29
VHFSmallIntestine,ileum,LYVE1+ Macrophage,https://purl.org/ccf/ASCTB-TEMP_lyve1-macrophage,32.66666666666666666667,98
VHFSmallIntestine,ileum,LZ GC cell,https://purl.org/ccf/ASCTB-TEMP_lz-gc-cell,2,2
VHFSmallIntestine,ileum,Lymphoid DC,https://purl.org/ccf/ASCTB-TEMP_lymphoid-dc,9,27
VHFSmallIntestine,ileum,M/X cells (MLN/GHRL+),https://purl.org/ccf/ASCTB-TEMP_m-x-cells-mln-ghrl-,1,1
VHFSmallIntestine,ileum,MAIT cell,https://purl.org/ccf/ASCTB-TEMP_mait-cell,29.5,59
VHFSmallIntestine,ileum,MMP9+ Inflammatory macrophage,https://purl.org/ccf/ASCTB-TEMP_mmp9-inflammatory-macrophage,5.33333333333333333333,16
VHFSmallIntestine,ileum,MPO+ mono-neutrophil,https://purl.org/ccf/ASCTB-TEMP_mpo-mono-neutrophil,1.33333333333333333333,4
VHFSmallIntestine,ileum,Macrophages,https://purl.org/ccf/ASCTB-TEMP_macrophages,17,51
VHFSmallIntestine,ileum,Mast cell,https://purl.org/ccf/ASCTB-TEMP_mast-cell,20.33333333333333333333,61
VHFSmallIntestine,ileum,Mature arterial EC,https://purl.org/ccf/ASCTB-TEMP_mature-arterial-ec,30.66666666666666666667,92
VHFSmallIntestine,ileum,Mature venous EC,https://purl.org/ccf/ASCTB-TEMP_mature-venous-ec,42,126
VHFSmallIntestine,ileum,Megakaryocyte,https://purl.org/ccf/ASCTB-TEMP_megakaryocyte,3,3
VHFSmallIntestine,ileum,Memory B,https://purl.org/ccf/ASCTB-TEMP_memory-b,71,213
VHFSmallIntestine,ileum,Mesoderm 1 (HAND1+),https://purl.org/ccf/ASCTB-TEMP_mesoderm-1-hand1-,19.66666666666666666667,59
VHFSmallIntestine,ileum,Mesothelium,https://purl.org/ccf/ASCTB-TEMP_mesothelium,1.5,3
VHFSmallIntestine,ileum,Mesothelium (PRG4+),https://purl.org/ccf/ASCTB-TEMP_mesothelium-prg4-,3,3
VHFSmallIntestine,ileum,Mesothelium (RGS5+),https://purl.org/ccf/ASCTB-TEMP_mesothelium-rgs5-,10.33333333333333333333,31
VHFSmallIntestine,ileum,Microfold cell,https://purl.org/ccf/ASCTB-TEMP_microfold-cell,178.66666666666666666667,536
VHFSmallIntestine,ileum,Monocytes,https://purl.org/ccf/ASCTB-TEMP_monocytes,4.66666666666666666667,14
VHFSmallIntestine,ileum,N cells (NTS+),https://purl.org/ccf/ASCTB-TEMP_n-cells-nts-,7,21
VHFSmallIntestine,ileum,NK T cell,https://purl.org/ccf/ASCTB-TEMP_nk-t-cell,12,36
VHFSmallIntestine,ileum,NK cell,https://purl.org/ccf/ASCTB-TEMP_nk-cell,36.33333333333333333333,109
VHFSmallIntestine,ileum,Naive B,https://purl.org/ccf/ASCTB-TEMP_naive-b,3.33333333333333333333,10
VHFSmallIntestine,ileum,Neuroblast,https://purl.org/ccf/ASCTB-TEMP_neuroblast,5.33333333333333333333,16
VHFSmallIntestine,ileum,Paneth,https://purl.org/ccf/ASCTB-TEMP_paneth,286,858
VHFSmallIntestine,ileum,Pericyte,https://purl.org/ccf/ASCTB-TEMP_pericyte,12,24
VHFSmallIntestine,ileum,Pre-B,https://purl.org/ccf/ASCTB-TEMP_pre-b,14,42
VHFSmallIntestine,ileum,Pro-B,https://purl.org/ccf/ASCTB-TEMP_pro-b,3,9
VHFSmallIntestine,ileum,Progenitor (NEUROG3+),https://purl.org/ccf/ASCTB-TEMP_progenitor-neurog3-,6.33333333333333333333,19
VHFSmallIntestine,ileum,Proximal progenitor,https://purl.org/ccf/ASCTB-TEMP_proximal-progenitor,112.33333333333333333333,337
VHFSmallIntestine,ileum,RBC,https://purl.org/ccf/ASCTB-TEMP_rbc,2,4
VHFSmallIntestine,ileum,SELL+ CD4 T,https://purl.org/ccf/ASCTB-TEMP_sell-cd4-t,6.66666666666666666667,20
VHFSmallIntestine,ileum,SELL+ CD8 T,https://purl.org/ccf/ASCTB-TEMP_sell-cd8-t,11,33
VHFSmallIntestine,ileum,SMC (PART1/CAPN3+),https://purl.org/ccf/ASCTB-TEMP_smc-part1-capn3-,8.66666666666666666667,26
VHFSmallIntestine,ileum,SMC (PLPP2+),https://purl.org/ccf/ASCTB-TEMP_smc-plpp2-,113,339
VHFSmallIntestine,ileum,STAT1+ Naive B,https://purl.org/ccf/ASCTB-TEMP_stat1-naive-b,7,21
VHFSmallIntestine,ileum,Stem cells,https://purl.org/ccf/ASCTB-TEMP_stem-cells,96.33333333333333333333,289
VHFSmallIntestine,ileum,Stromal 1 (ADAMDEC1+),https://purl.org/ccf/ASCTB-TEMP_stromal-1-adamdec1-,1,2
VHFSmallIntestine,ileum,Stromal 1 (CCL11+),https://purl.org/ccf/ASCTB-TEMP_stromal-1-ccl11-,46.66666666666666666667,140
VHFSmallIntestine,ileum,Stromal 2 (CH25H+),https://purl.org/ccf/ASCTB-TEMP_stromal-2-ch25h-,2,2
VHFSmallIntestine,ileum,Stromal 2 (NPY+),https://purl.org/ccf/ASCTB-TEMP_stromal-2-npy-,15.66666666666666666667,47
VHFSmallIntestine,ileum,Stromal 3 (C7+),https://purl.org/ccf/ASCTB-TEMP_stromal-3-c7-,13,39
VHFSmallIntestine,ileum,Stromal 3 (KCNN3+),https://purl.org/ccf/ASCTB-TEMP_stromal-3-kcnn3-,33.33333333333333333333,100
VHFSmallIntestine,ileum,Stromal 4 (MMP1+),https://purl.org/ccf/ASCTB-TEMP_stromal-4-mmp1-,1.33333333333333333333,4
VHFSmallIntestine,ileum,T reticular,https://purl.org/ccf/ASCTB-TEMP_t-reticular,6.33333333333333333333,19
VHFSmallIntestine,ileum,TA,https://purl.org/ccf/ASCTB-TEMP_ta,10.66666666666666666667,32
VHFSmallIntestine,ileum,TRDV2/TRGV9 gdT,https://purl.org/ccf/ASCTB-TEMP_trdv2-trgv9-gdt,10,30
VHFSmallIntestine,ileum,TRGV2 gdT,https://purl.org/ccf/ASCTB-TEMP_trgv2-gdt,100.66666666666666666667,302
VHFSmallIntestine,ileum,TRGV4 gdT,https://purl.org/ccf/ASCTB-TEMP_trgv4-gdt,12,36
VHFSmallIntestine,ileum,TRGV5/7 gdT,https://purl.org/ccf/ASCTB-TEMP_trgv5-7-gdt,2,2
VHFSmallIntestine,ileum,Tfh,https://purl.org/ccf/ASCTB-TEMP_tfh,97.66666666666666666667,293
VHFSmallIntestine,ileum,Th1,https://purl.org/ccf/ASCTB-TEMP_th1,4,12
VHFSmallIntestine,ileum,Th17,https://purl.org/ccf/ASCTB-TEMP_th17,6.66666666666666666667,20
VHFSmallIntestine,ileum,Transitional Stromal 3 (C3+),https://purl.org/ccf/ASCTB-TEMP_transitional-stromal-3-c3-,37.33333333333333333333,112
VHFSmallIntestine,ileum,Treg,https://purl.org/ccf/ASCTB-TEMP_treg,8.33333333333333333333,25
VHFSmallIntestine,ileum,Tuft,https://purl.org/ccf/ASCTB-TEMP_tuft,22.66666666666666666667,68
VHFSmallIntestine,ileum,angiogenic pericyte,https://purl.org/ccf/ASCTB-TEMP_angiogenic-pericyte,11.66666666666666666667,35
VHFSmallIntestine,ileum,arterial capillary,https://purl.org/ccf/ASCTB-TEMP_arterial-capillary,27.66666666666666666667,83
VHFSmallIntestine,ileum,cDC1,https://purl.org/ccf/ASCTB-TEMP_cdc1,3.33333333333333333333,10
VHFSmallIntestine,ileum,cDC2,https://purl.org/ccf/ASCTB-TEMP_cdc2,2,4
VHFSmallIntestine,ileum,cycling EC,https://purl.org/ccf/ASCTB-TEMP_cycling-ec,19.33333333333333333333,58
VHFSmallIntestine,ileum,cycling ENCC/glia,https://purl.org/ccf/ASCTB-TEMP_cycling-encc-glia,1,1
VHFSmallIntestine,ileum,cycling neuroblast,https://purl.org/ccf/ASCTB-TEMP_cycling-neuroblast,3,3
VHFSmallIntestine,ileum,cycling stromal,https://purl.org/ccf/ASCTB-TEMP_cycling-stromal,2,2
VHFSmallIntestine,ileum,enterocyte of epithelium of small intestine,http://purl.obolibrary.org/obo/CL_1000334,3622.66666666666666666667,10868
VHFSmallIntestine,ileum,fibroblast,http://purl.obolibrary.org/obo/CL_0000057,236.66666666666666666667,710
VHFSmallIntestine,ileum,gut endothelial cell,http://purl.obolibrary.org/obo/CL_0000131,63.33333333333333333333,190
VHFSmallIntestine,ileum,intestinal enteroendocrine cell,http://purl.obolibrary.org/obo/CL_0009006,20.33333333333333333333,61
VHFSmallIntestine,ileum,intestinal tuft cell,http://purl.obolibrary.org/obo/CL_0009080,211.66666666666666666667,635
VHFSmallIntestine,ileum,mLN Stroma (FMO2+),https://purl.org/ccf/ASCTB-TEMP_mln-stroma-fmo2-,3,3
VHFSmallIntestine,ileum,mLTo,https://purl.org/ccf/ASCTB-TEMP_mlto,12,36
VHFSmallIntestine,ileum,mast cell,http://purl.obolibrary.org/obo/CL_0000097,26.66666666666666666667,80
VHFSmallIntestine,ileum,monocyte,http://purl.obolibrary.org/obo/CL_0000576,32.33333333333333333333,97
VHFSmallIntestine,ileum,myofibroblast,https://purl.org/ccf/ASCTB-TEMP_myofibroblast,49.33333333333333333333,148
VHFSmallIntestine,ileum,myofibroblast (RSPO2+),https://purl.org/ccf/ASCTB-TEMP_myofibroblast-rspo2-,24.33333333333333333333,73
VHFSmallIntestine,ileum,neutrophil,http://purl.obolibrary.org/obo/CL_0000775,116,348
VHFSmallIntestine,ileum,pDC,https://purl.org/ccf/ASCTB-TEMP_pdc,4.33333333333333333333,13
VHFSmallIntestine,ileum,paneth cell of epithelium of small intestine,http://purl.obolibrary.org/obo/CL_1000343,185.33333333333333333333,556
VHFSmallIntestine,ileum,plasma cell,http://purl.obolibrary.org/obo/CL_0000786,14,28
VHFSmallIntestine,ileum,small intestine goblet cell,http://purl.obolibrary.org/obo/CL_1000495,450.66666666666666666667,1352
VHFSmallIntestine,ileum,transit amplifying cell of small intestine,http://purl.obolibrary.org/obo/CL_0009012,1.5,3
VHFSmallIntestine,ileum,venous capillary,https://purl.org/ccf/ASCTB-TEMP_venous-capillary,3.5,7
VHFSmallIntestine,ileum,β cells (INS+),https://purl.org/ccf/ASCTB-TEMP_-cells-ins-,1,2
VHFSmallIntestine,jejunum,Activated CD4 T,https://purl.org/ccf/ASCTB-TEMP_activated-cd4-t,2,2
VHFSmallIntestine,jejunum,Activated CD8 T,https://purl.org/ccf/ASCTB-TEMP_activated-cd8-t,2,2
VHFSmallIntestine,jejunum,Activated T,https://purl.org/ccf/ASCTB-TEMP_activated-t,47,47
VHFSmallIntestine,jejunum,Adult Glia,https://purl.org/ccf/ASCTB-TEMP_adult-glia,18,36
VHFSmallIntestine,jejunum,BEST2+ Goblet cell,https://purl.org/ccf/ASCTB-TEMP_best2-goblet-cell,1,1
VHFSmallIntestine,jejunum,BEST4+ epithelial,https://purl.org/ccf/ASCTB-TEMP_best4-epithelial,124,124
VHFSmallIntestine,jejunum,Branch A1 (iMN),https://purl.org/ccf/ASCTB-TEMP_branch-a1-imn-,3,3
VHFSmallIntestine,jejunum,Branch A2 (IPAN/IN),https://purl.org/ccf/ASCTB-TEMP_branch-a2-ipan-in-,8,8
VHFSmallIntestine,jejunum,Branch A4 (IN),https://purl.org/ccf/ASCTB-TEMP_branch-a4-in-,16.5,33
VHFSmallIntestine,jejunum,Branch B1 (eMN),https://purl.org/ccf/ASCTB-TEMP_branch-b1-emn-,16,32
VHFSmallIntestine,jejunum,Branch B2 (eMN),https://purl.org/ccf/ASCTB-TEMP_branch-b2-emn-,3,3
VHFSmallIntestine,jejunum,Branch B3 (IPAN),https://purl.org/ccf/ASCTB-TEMP_branch-b3-ipan-,2.5,5
VHFSmallIntestine,jejunum,"CD4-positive, alpha-beta T cell",http://purl.obolibrary.org/obo/CL_0000624,1,1
VHFSmallIntestine,jejunum,CD8 Tmem,https://purl.org/ccf/ASCTB-TEMP_cd8-tmem,7,7
VHFSmallIntestine,jejunum,"CD8-positive, alpha-beta T cell",http://purl.obolibrary.org/obo/CL_0000625,3,3
VHFSmallIntestine,jejunum,CLC+ Mast cell,https://purl.org/ccf/ASCTB-TEMP_clc-mast-cell,1,1
VHFSmallIntestine,jejunum,CLDN10+ cells,https://purl.org/ccf/ASCTB-TEMP_cldn10-cells,4.5,9
VHFSmallIntestine,jejunum,CLP,https://purl.org/ccf/ASCTB-TEMP_clp,3,3
VHFSmallIntestine,jejunum,Colonocyte,https://purl.org/ccf/ASCTB-TEMP_colonocyte,4,4
VHFSmallIntestine,jejunum,Contractile pericyte (PLN+),https://purl.org/ccf/ASCTB-TEMP_contractile-pericyte-pln-,11.5,23
VHFSmallIntestine,jejunum,Cycling B cell,https://purl.org/ccf/ASCTB-TEMP_cycling-b-cell,22.5,45
VHFSmallIntestine,jejunum,Cycling plasma cell,https://purl.org/ccf/ASCTB-TEMP_cycling-plasma-cell,15,30
VHFSmallIntestine,jejunum,D cells (SST+),https://purl.org/ccf/ASCTB-TEMP_d-cells-sst-,10,10
VHFSmallIntestine,jejunum,DZ GC cell,https://purl.org/ccf/ASCTB-TEMP_dz-gc-cell,9.5,19
VHFSmallIntestine,jejunum,Distal progenitor,https://purl.org/ccf/ASCTB-TEMP_distal-progenitor,3,3
VHFSmallIntestine,jejunum,EC cells (NPW+),https://purl.org/ccf/ASCTB-TEMP_ec-cells-npw-,3,3
VHFSmallIntestine,jejunum,EC cells (TAC1+),https://purl.org/ccf/ASCTB-TEMP_ec-cells-tac1-,20,20
VHFSmallIntestine,jejunum,EECs,https://purl.org/ccf/ASCTB-TEMP_eecs,133.5,267
VHFSmallIntestine,jejunum,Enterocyte,https://purl.org/ccf/ASCTB-TEMP_enterocyte,1800.5,3601
VHFSmallIntestine,jejunum,FCRL4+ Memory B,https://purl.org/ccf/ASCTB-TEMP_fcrl4-memory-b,3,3
VHFSmallIntestine,jejunum,FDC,https://purl.org/ccf/ASCTB-TEMP_fdc,2.5,5
VHFSmallIntestine,jejunum,Fetal arterial EC,https://purl.org/ccf/ASCTB-TEMP_fetal-arterial-ec,1,1
VHFSmallIntestine,jejunum,Fetal venous EC,https://purl.org/ccf/ASCTB-TEMP_fetal-venous-ec,4,4
VHFSmallIntestine,jejunum,GC B cell,https://purl.org/ccf/ASCTB-TEMP_gc-b-cell,2,2
VHFSmallIntestine,jejunum,Germ,https://purl.org/ccf/ASCTB-TEMP_germ,3,3
VHFSmallIntestine,jejunum,Glia 1 (DHH+),https://purl.org/ccf/ASCTB-TEMP_glia-1-dhh-,3.5,7
VHFSmallIntestine,jejunum,Glia 3 (BCAN+),https://purl.org/ccf/ASCTB-TEMP_glia-3-bcan-,4,8
VHFSmallIntestine,jejunum,Goblet cell,https://purl.org/ccf/ASCTB-TEMP_goblet-cell,147,294
VHFSmallIntestine,jejunum,I cells (CCK+),https://purl.org/ccf/ASCTB-TEMP_i-cells-cck-,17.5,35
VHFSmallIntestine,jejunum,ICC,https://purl.org/ccf/ASCTB-TEMP_icc,1,1
VHFSmallIntestine,jejunum,ILC2,https://purl.org/ccf/ASCTB-TEMP_ilc2,1,2
VHFSmallIntestine,jejunum,Immature pericyte,https://purl.org/ccf/ASCTB-TEMP_immature-pericyte,4,4
VHFSmallIntestine,jejunum,K cells (GIP+),https://purl.org/ccf/ASCTB-TEMP_k-cells-gip-,32.5,65
VHFSmallIntestine,jejunum,L cells (PYY+),https://purl.org/ccf/ASCTB-TEMP_l-cells-pyy-,6.5,13
VHFSmallIntestine,jejunum,LEC1 (ACKR4+),https://purl.org/ccf/ASCTB-TEMP_lec1-ackr4-,1,1
VHFSmallIntestine,jejunum,LEC2 (MADCAM1+),https://purl.org/ccf/ASCTB-TEMP_lec2-madcam1-,1,2
VHFSmallIntestine,jejunum,LEC3 (ADGRG3+),https://purl.org/ccf/ASCTB-TEMP_lec3-adgrg3-,2,4
VHFSmallIntestine,jejunum,LEC4 (STAB2+),https://purl.org/ccf/ASCTB-TEMP_lec4-stab2-,5.5,11
VHFSmallIntestine,jejunum,LEC5 (CLDN11+),https://purl.org/ccf/ASCTB-TEMP_lec5-cldn11-,2,2
VHFSmallIntestine,jejunum,LEC6 (ADAMTS4+),https://purl.org/ccf/ASCTB-TEMP_lec6-adamts4-,1.5,3
VHFSmallIntestine,jejunum,LTi-like NCR- ILC3,https://purl.org/ccf/ASCTB-TEMP_lti-like-ncr-ilc3,6,6
VHFSmallIntestine,jejunum,LYVE1+ Macrophage,https://purl.org/ccf/ASCTB-TEMP_lyve1-macrophage,18,18
VHFSmallIntestine,jejunum,LZ GC cell,https://purl.org/ccf/ASCTB-TEMP_lz-gc-cell,2,2
VHFSmallIntestine,jejunum,Lymphoid DC,https://purl.org/ccf/ASCTB-TEMP_lymphoid-dc,7,14
VHFSmallIntestine,jejunum,M/X cells (MLN/GHRL+),https://purl.org/ccf/ASCTB-TEMP_m-x-cells-mln-ghrl-,6.5,13
VHFSmallIntestine,jejunum,MAIT cell,https://purl.org/ccf/ASCTB-TEMP_mait-cell,25.5,51
VHFSmallIntestine,jejunum,MMP9+ Inflammatory macrophage,https://purl.org/ccf/ASCTB-TEMP_mmp9-inflammatory-macrophage,1,2
VHFSmallIntestine,jejunum,MPO+ mono-neutrophil,https://purl.org/ccf/ASCTB-TEMP_mpo-mono-neutrophil,1,1
VHFSmallIntestine,jejunum,Macrophages,https://purl.org/ccf/ASCTB-TEMP_macrophages,15,15
VHFSmallIntestine,jejunum,Mast cell,https://purl.org/ccf/ASCTB-TEMP_mast-cell,8.5,17
VHFSmallIntestine,jejunum,Mature arterial EC,https://purl.org/ccf/ASCTB-TEMP_mature-arterial-ec,7,14
VHFSmallIntestine,jejunum,Mature venous EC,https://purl.org/ccf/ASCTB-TEMP_mature-venous-ec,12.5,25
VHFSmallIntestine,jejunum,Megakaryocyte,https://purl.org/ccf/ASCTB-TEMP_megakaryocyte,1,1
VHFSmallIntestine,jejunum,Memory B,https://purl.org/ccf/ASCTB-TEMP_memory-b,7,14
VHFSmallIntestine,jejunum,Mesoderm 1 (HAND1+),https://purl.org/ccf/ASCTB-TEMP_mesoderm-1-hand1-,5,5
VHFSmallIntestine,jejunum,Mesothelium (RGS5+),https://purl.org/ccf/ASCTB-TEMP_mesothelium-rgs5-,3,3
VHFSmallIntestine,jejunum,Microfold cell,https://purl.org/ccf/ASCTB-TEMP_microfold-cell,122,244
VHFSmallIntestine,jejunum,Monocytes,https://purl.org/ccf/ASCTB-TEMP_monocytes,3,3
VHFSmallIntestine,jejunum,NK T cell,https://purl.org/ccf/ASCTB-TEMP_nk-t-cell,7.5,15
VHFSmallIntestine,jejunum,NK cell,https://purl.org/ccf/ASCTB-TEMP_nk-cell,24,24
VHFSmallIntestine,jejunum,Naive B,https://purl.org/ccf/ASCTB-TEMP_naive-b,3,3
VHFSmallIntestine,jejunum,Neuroblast,https://purl.org/ccf/ASCTB-TEMP_neuroblast,1,1
VHFSmallIntestine,jejunum,Paneth,https://purl.org/ccf/ASCTB-TEMP_paneth,138,276
VHFSmallIntestine,jejunum,Pericyte,https://purl.org/ccf/ASCTB-TEMP_pericyte,3.5,7
VHFSmallIntestine,jejunum,Pre-B,https://purl.org/ccf/ASCTB-TEMP_pre-b,7,14
VHFSmallIntestine,jejunum,Pro-B,https://purl.org/ccf/ASCTB-TEMP_pro-b,1.5,3
VHFSmallIntestine,jejunum,Progenitor (NEUROG3+),https://purl.org/ccf/ASCTB-TEMP_progenitor-neurog3-,6.5,13
VHFSmallIntestine,jejunum,Proximal progenitor,https://purl.org/ccf/ASCTB-TEMP_proximal-progenitor,106,106
VHFSmallIntestine,jejunum,RBC,https://purl.org/ccf/ASCTB-TEMP_rbc,12,12
VHFSmallIntestine,jejunum,SELL+ CD4 T,https://purl.org/ccf/ASCTB-TEMP_sell-cd4-t,2,2
VHFSmallIntestine,jejunum,SELL+ CD8 T,https://purl.org/ccf/ASCTB-TEMP_sell-cd8-t,2,2
VHFSmallIntestine,jejunum,SMC (PART1/CAPN3+),https://purl.org/ccf/ASCTB-TEMP_smc-part1-capn3-,6,6
VHFSmallIntestine,jejunum,SMC (PLPP2+),https://purl.org/ccf/ASCTB-TEMP_smc-plpp2-,16,16
VHFSmallIntestine,jejunum,STAT1+ Naive B,https://purl.org/ccf/ASCTB-TEMP_stat1-naive-b,13,26
VHFSmallIntestine,jejunum,Stem cells,https://purl.org/ccf/ASCTB-TEMP_stem-cells,111,111
VHFSmallIntestine,jejunum,Stromal 1 (ADAMDEC1+),https://purl.org/ccf/ASCTB-TEMP_stromal-1-adamdec1-,1,1
VHFSmallIntestine,jejunum,Stromal 1 (CCL11+),https://purl.org/ccf/ASCTB-TEMP_stromal-1-ccl11-,23,23
VHFSmallIntestine,jejunum,Stromal 2 (CH25H+),https://purl.org/ccf/ASCTB-TEMP_stromal-2-ch25h-,1,1
VHFSmallIntestine,jejunum,Stromal 2 (NPY+),https://purl.org/ccf/ASCTB-TEMP_stromal-2-npy-,12,12
VHFSmallIntestine,jejunum,Stromal 3 (C7+),https://purl.org/ccf/ASCTB-TEMP_stromal-3-c7-,12,12
VHFSmallIntestine,jejunum,Stromal 3 (KCNN3+),https://purl.org/ccf/ASCTB-TEMP_stromal-3-kcnn3-,9.5,19
VHFSmallIntestine,jejunum,T reticular,https://purl.org/ccf/ASCTB-TEMP_t-reticular,3.5,7
VHFSmallIntestine,jejunum,TA,https://purl.org/ccf/ASCTB-TEMP_ta,13,13
VHFSmallIntestine,jejunum,TRDV2/TRGV9 gdT,https://purl.org/ccf/ASCTB-TEMP_trdv2-trgv9-gdt,12.5,25
VHFSmallIntestine,jejunum,TRGV2 gdT,https://purl.org/ccf/ASCTB-TEMP_trgv2-gdt,66,132
VHFSmallIntestine,jejunum,TRGV4 gdT,https://purl.org/ccf/ASCTB-TEMP_trgv4-gdt,22,22
VHFSmallIntestine,jejunum,Tfh,https://purl.org/ccf/ASCTB-TEMP_tfh,17.5,35
VHFSmallIntestine,jejunum,Th1,https://purl.org/ccf/ASCTB-TEMP_th1,3,6
VHFSmallIntestine,jejunum,Transitional Stromal 3 (C3+),https://purl.org/ccf/ASCTB-TEMP_transitional-stromal-3-c3-,3,3
VHFSmallIntestine,jejunum,Treg,https://purl.org/ccf/ASCTB-TEMP_treg,2,2
VHFSmallIntestine,jejunum,Tuft,https://purl.org/ccf/ASCTB-TEMP_tuft,25.5,51
VHFSmallIntestine,jejunum,angiogenic pericyte,https://purl.org/ccf/ASCTB-TEMP_angiogenic-pericyte,2,2
VHFSmallIntestine,jejunum,arterial capillary,https://purl.org/ccf/ASCTB-TEMP_arterial-capillary,15.5,31
VHFSmallIntestine,jejunum,cDC1,https://purl.org/ccf/ASCTB-TEMP_cdc1,3,3
VHFSmallIntestine,jejunum,cycling EC,https://purl.org/ccf/ASCTB-TEMP_cycling-ec,20,20
VHFSmallIntestine,jejunum,cycling stromal,https://purl.org/ccf/ASCTB-TEMP_cycling-stromal,1,1
VHFSmallIntestine,jejunum,enterocyte of epithelium of small intestine,http://purl.obolibrary.org/obo/CL_1000334,2848.5,5697
VHFSmallIntestine,jejunum,fibroblast,http://purl.obolibrary.org/obo/CL_0000057,15,30
VHFSmallIntestine,jejunum,gut endothelial cell,http://purl.obolibrary.org/obo/CL_0000131,7,14
VHFSmallIntestine,jejunum,intestinal crypt stem cell of small intestine,http://purl.obolibrary.org/obo/CL_0009017,2,2
VHFSmallIntestine,jejunum,intestinal enteroendocrine cell,http://purl.obolibrary.org/obo/CL_0009006,15,15
VHFSmallIntestine,jejunum,intestinal tuft cell,http://purl.obolibrary.org/obo/CL_0009080,35,35
VHFSmallIntestine,jejunum,mLTo,https://purl.org/ccf/ASCTB-TEMP_mlto,4,8
VHFSmallIntestine,jejunum,monocyte,http://purl.obolibrary.org/obo/CL_0000576,27,27
VHFSmallIntestine,jejunum,myofibroblast,https://purl.org/ccf/ASCTB-TEMP_myofibroblast,41,82
VHFSmallIntestine,jejunum,myofibroblast (RSPO2+),https://purl.org/ccf/ASCTB-TEMP_myofibroblast-rspo2-,30,30
VHFSmallIntestine,jejunum,neutrophil,http://purl.obolibrary.org/obo/CL_0000775,22,44
VHFSmallIntestine,jejunum,pDC,https://purl.org/ccf/ASCTB-TEMP_pdc,3,6
VHFSmallIntestine,jejunum,paneth cell of epithelium of small intestine,http://purl.obolibrary.org/obo/CL_1000343,117,234
VHFSmallIntestine,jejunum,plasma cell,http://purl.obolibrary.org/obo/CL_0000786,3,3
VHFSmallIntestine,jejunum,small intestine goblet cell,http://purl.obolibrary.org/obo/CL_1000495,168,336
VHFSmallIntestine,jejunum,transit amplifying cell of small intestine,http://purl.obolibrary.org/obo/CL_0009012,2,2
VHFSmallIntestine,jejunum,venous capillary,https://purl.org/ccf/ASCTB-TEMP_venous-capillary,1,1
VHFSmallIntestine,jejunum,β cells (INS+),https://purl.org/ccf/ASCTB-TEMP_-cells-ins-,1,1
VHFSmallIntestine,superior part of duodenum,Activated CD4 T,https://purl.org/ccf/ASCTB-TEMP_activated-cd4-t,1,1
VHFSmallIntestine,superior part of duodenum,Activated CD8 T,https://purl.org/ccf/ASCTB-TEMP_activated-cd8-t,6.5,13
VHFSmallIntestine,superior part of duodenum,Activated T,https://purl.org/ccf/ASCTB-TEMP_activated-t,64.33333333333333333333,193
VHFSmallIntestine,superior part of duodenum,Adult Glia,https://purl.org/ccf/ASCTB-TEMP_adult-glia,23.33333333333333333333,70
VHFSmallIntestine,superior part of duodenum,B cell,http://purl.obolibrary.org/obo/CL_0000236,2,2
VHFSmallIntestine,superior part of duodenum,BEST2+ Goblet cell,https://purl.org/ccf/ASCTB-TEMP_best2-goblet-cell,3,6
VHFSmallIntestine,superior part of duodenum,BEST4+ epithelial,https://purl.org/ccf/ASCTB-TEMP_best4-epithelial,42.66666666666666666667,128
VHFSmallIntestine,superior part of duodenum,Branch A1 (iMN),https://purl.org/ccf/ASCTB-TEMP_branch-a1-imn-,1.5,3
VHFSmallIntestine,superior part of duodenum,Branch A2 (IPAN/IN),https://purl.org/ccf/ASCTB-TEMP_branch-a2-ipan-in-,9.5,19
VHFSmallIntestine,superior part of duodenum,Branch A3 (IPAN/IN),https://purl.org/ccf/ASCTB-TEMP_branch-a3-ipan-in-,3,6
VHFSmallIntestine,superior part of duodenum,Branch A4 (IN),https://purl.org/ccf/ASCTB-TEMP_branch-a4-in-,4,12
VHFSmallIntestine,superior part of duodenum,Branch B1 (eMN),https://purl.org/ccf/ASCTB-TEMP_branch-b1-emn-,34.25,137
VHFSmallIntestine,superior part of duodenum,Branch B2 (eMN),https://purl.org/ccf/ASCTB-TEMP_branch-b2-emn-,2,2
VHFSmallIntestine,superior part of duodenum,Branch B3 (IPAN),https://purl.org/ccf/ASCTB-TEMP_branch-b3-ipan-,2.66666666666666666667,8
VHFSmallIntestine,superior part of duodenum,"CD4-positive, alpha-beta T cell",http://purl.obolibrary.org/obo/CL_0000624,9,18
VHFSmallIntestine,superior part of duodenum,CD8 Tmem,https://purl.org/ccf/ASCTB-TEMP_cd8-tmem,4.5,9
VHFSmallIntestine,superior part of duodenum,"CD8-positive, alpha-beta T cell",http://purl.obolibrary.org/obo/CL_0000625,20.5,41
VHFSmallIntestine,superior part of duodenum,CLC+ Mast cell,https://purl.org/ccf/ASCTB-TEMP_clc-mast-cell,1.5,3
VHFSmallIntestine,superior part of duodenum,CLDN10+ cells,https://purl.org/ccf/ASCTB-TEMP_cldn10-cells,2.5,5
VHFSmallIntestine,superior part of duodenum,CLP,https://purl.org/ccf/ASCTB-TEMP_clp,4,12
VHFSmallIntestine,superior part of duodenum,Colonocyte,https://purl.org/ccf/ASCTB-TEMP_colonocyte,1,1
VHFSmallIntestine,superior part of duodenum,Contractile pericyte (PLN+),https://purl.org/ccf/ASCTB-TEMP_contractile-pericyte-pln-,32.33333333333333333333,97
VHFSmallIntestine,superior part of duodenum,Cycling B cell,https://purl.org/ccf/ASCTB-TEMP_cycling-b-cell,23.5,47
VHFSmallIntestine,superior part of duodenum,Cycling plasma cell,https://purl.org/ccf/ASCTB-TEMP_cycling-plasma-cell,43,129
VHFSmallIntestine,superior part of duodenum,D cells (SST+),https://purl.org/ccf/ASCTB-TEMP_d-cells-sst-,17.5,70
VHFSmallIntestine,superior part of duodenum,DZ GC cell,https://purl.org/ccf/ASCTB-TEMP_dz-gc-cell,6,12
VHFSmallIntestine,superior part of duodenum,Differentiating glia,https://purl.org/ccf/ASCTB-TEMP_differentiating-glia,1,1
VHFSmallIntestine,superior part of duodenum,Distal progenitor,https://purl.org/ccf/ASCTB-TEMP_distal-progenitor,3.5,7
VHFSmallIntestine,superior part of duodenum,EC cells (NPW+),https://purl.org/ccf/ASCTB-TEMP_ec-cells-npw-,2,4
VHFSmallIntestine,superior part of duodenum,EC cells (TAC1+),https://purl.org/ccf/ASCTB-TEMP_ec-cells-tac1-,14.5,29
VHFSmallIntestine,superior part of duodenum,EECs,https://purl.org/ccf/ASCTB-TEMP_eecs,94,376
VHFSmallIntestine,superior part of duodenum,ENCC/glia Progenitor,https://purl.org/ccf/ASCTB-TEMP_encc-glia-progenitor,1,1
VHFSmallIntestine,superior part of duodenum,Enterocyte,https://purl.org/ccf/ASCTB-TEMP_enterocyte,1324.25,5297
VHFSmallIntestine,superior part of duodenum,FCRL4+ Memory B,https://purl.org/ccf/ASCTB-TEMP_fcrl4-memory-b,4,8
VHFSmallIntestine,superior part of duodenum,FDC,https://purl.org/ccf/ASCTB-TEMP_fdc,2.5,5
VHFSmallIntestine,superior part of duodenum,Fetal arterial EC,https://purl.org/ccf/ASCTB-TEMP_fetal-arterial-ec,3,3
VHFSmallIntestine,superior part of duodenum,Fetal venous EC,https://purl.org/ccf/ASCTB-TEMP_fetal-venous-ec,3,6
VHFSmallIntestine,superior part of duodenum,GC B cell,https://purl.org/ccf/ASCTB-TEMP_gc-b-cell,1.5,3
VHFSmallIntestine,superior part of duodenum,Germ,https://purl.org/ccf/ASCTB-TEMP_germ,1,1
VHFSmallIntestine,superior part of duodenum,Glia 1 (DHH+),https://purl.org/ccf/ASCTB-TEMP_glia-1-dhh-,4,4
VHFSmallIntestine,superior part of duodenum,Glia 2 (ELN+),https://purl.org/ccf/ASCTB-TEMP_glia-2-eln-,4.66666666666666666667,14
VHFSmallIntestine,superior part of duodenum,Glia 3 (BCAN+),https://purl.org/ccf/ASCTB-TEMP_glia-3-bcan-,11.33333333333333333333,34
VHFSmallIntestine,superior part of duodenum,Goblet cell,https://purl.org/ccf/ASCTB-TEMP_goblet-cell,102.75,411
VHFSmallIntestine,superior part of duodenum,I cells (CCK+),https://purl.org/ccf/ASCTB-TEMP_i-cells-cck-,20.66666666666666666667,62
VHFSmallIntestine,superior part of duodenum,ICC,https://purl.org/ccf/ASCTB-TEMP_icc,4,8
VHFSmallIntestine,superior part of duodenum,ILC2,https://purl.org/ccf/ASCTB-TEMP_ilc2,1,1
VHFSmallIntestine,superior part of duodenum,ILC3,https://purl.org/ccf/ASCTB-TEMP_ilc3,3,3
VHFSmallIntestine,superior part of duodenum,ILCP,https://purl.org/ccf/ASCTB-TEMP_ilcp,4,8
VHFSmallIntestine,superior part of duodenum,IgA plasma cell,https://purl.org/ccf/ASCTB-TEMP_iga-plasma-cell,3,6
VHFSmallIntestine,superior part of duodenum,IgG plasma cell,https://purl.org/ccf/ASCTB-TEMP_igg-plasma-cell,6,12
VHFSmallIntestine,superior part of duodenum,Immature B,https://purl.org/ccf/ASCTB-TEMP_immature-b,2,2
VHFSmallIntestine,superior part of duodenum,Immature pericyte,https://purl.org/ccf/ASCTB-TEMP_immature-pericyte,12.5,25
VHFSmallIntestine,superior part of duodenum,K cells (GIP+),https://purl.org/ccf/ASCTB-TEMP_k-cells-gip-,5.25,21
VHFSmallIntestine,superior part of duodenum,L cells (PYY+),https://purl.org/ccf/ASCTB-TEMP_l-cells-pyy-,4.66666666666666666667,14
VHFSmallIntestine,superior part of duodenum,LEC1 (ACKR4+),https://purl.org/ccf/ASCTB-TEMP_lec1-ackr4-,7,14
VHFSmallIntestine,superior part of duodenum,LEC2 (MADCAM1+),https://purl.org/ccf/ASCTB-TEMP_lec2-madcam1-,2,2
VHFSmallIntestine,superior part of duodenum,LEC3 (ADGRG3+),https://purl.org/ccf/ASCTB-TEMP_lec3-adgrg3-,3.66666666666666666667,11
VHFSmallIntestine,superior part of duodenum,LEC4 (STAB2+),https://purl.org/ccf/ASCTB-TEMP_lec4-stab2-,18.33333333333333333333,55
VHFSmallIntestine,superior part of duodenum,LEC5 (CLDN11+),https://purl.org/ccf/ASCTB-TEMP_lec5-cldn11-,1,2
VHFSmallIntestine,superior part of duodenum,LEC6 (ADAMTS4+),https://purl.org/ccf/ASCTB-TEMP_lec6-adamts4-,6.33333333333333333333,19
VHFSmallIntestine,superior part of duodenum,LTi-like NCR- ILC3,https://purl.org/ccf/ASCTB-TEMP_lti-like-ncr-ilc3,8,16
VHFSmallIntestine,superior part of duodenum,LYVE1+ Macrophage,https://purl.org/ccf/ASCTB-TEMP_lyve1-macrophage,16.5,33
VHFSmallIntestine,superior part of duodenum,LZ GC cell,https://purl.org/ccf/ASCTB-TEMP_lz-gc-cell,1,1
VHFSmallIntestine,superior part of duodenum,Lymphoid DC,https://purl.org/ccf/ASCTB-TEMP_lymphoid-dc,9,9
VHFSmallIntestine,superior part of duodenum,M/X cells (MLN/GHRL+),https://purl.org/ccf/ASCTB-TEMP_m-x-cells-mln-ghrl-,12.5,25
VHFSmallIntestine,superior part of duodenum,MAIT cell,https://purl.org/ccf/ASCTB-TEMP_mait-cell,3.33333333333333333333,10
VHFSmallIntestine,superior part of duodenum,MMP9+ Inflammatory macrophage,https://purl.org/ccf/ASCTB-TEMP_mmp9-inflammatory-macrophage,6.5,13
VHFSmallIntestine,superior part of duodenum,MPO+ mono-neutrophil,https://purl.org/ccf/ASCTB-TEMP_mpo-mono-neutrophil,1,2
VHFSmallIntestine,superior part of duodenum,Macrophages,https://purl.org/ccf/ASCTB-TEMP_macrophages,14,42
VHFSmallIntestine,superior part of duodenum,Mast cell,https://purl.org/ccf/ASCTB-TEMP_mast-cell,11,22
VHFSmallIntestine,superior part of duodenum,Mature arterial EC,https://purl.org/ccf/ASCTB-TEMP_mature-arterial-ec,11.25,45
VHFSmallIntestine,superior part of duodenum,Mature venous EC,https://purl.org/ccf/ASCTB-TEMP_mature-venous-ec,20.33333333333333333333,61
VHFSmallIntestine,superior part of duodenum,Megakaryocyte,https://purl.org/ccf/ASCTB-TEMP_megakaryocyte,1,1
VHFSmallIntestine,superior part of duodenum,Memory B,https://purl.org/ccf/ASCTB-TEMP_memory-b,6.5,13
VHFSmallIntestine,superior part of duodenum,Mesoderm 1 (HAND1+),https://purl.org/ccf/ASCTB-TEMP_mesoderm-1-hand1-,38.33333333333333333333,115
VHFSmallIntestine,superior part of duodenum,Mesothelium,https://purl.org/ccf/ASCTB-TEMP_mesothelium,1,2
VHFSmallIntestine,superior part of duodenum,Mesothelium (RGS5+),https://purl.org/ccf/ASCTB-TEMP_mesothelium-rgs5-,6.5,13
VHFSmallIntestine,superior part of duodenum,Microfold cell,https://purl.org/ccf/ASCTB-TEMP_microfold-cell,597.5,2390
VHFSmallIntestine,superior part of duodenum,Monocytes,https://purl.org/ccf/ASCTB-TEMP_monocytes,1.5,3
VHFSmallIntestine,superior part of duodenum,N cells (NTS+),https://purl.org/ccf/ASCTB-TEMP_n-cells-nts-,2,4
VHFSmallIntestine,superior part of duodenum,NK T cell,https://purl.org/ccf/ASCTB-TEMP_nk-t-cell,5.66666666666666666667,17
VHFSmallIntestine,superior part of duodenum,NK cell,https://purl.org/ccf/ASCTB-TEMP_nk-cell,23,69
VHFSmallIntestine,superior part of duodenum,Naive B,https://purl.org/ccf/ASCTB-TEMP_naive-b,3.5,7
VHFSmallIntestine,superior part of duodenum,Neuroblast,https://purl.org/ccf/ASCTB-TEMP_neuroblast,2.5,5
VHFSmallIntestine,superior part of duodenum,Paneth,https://purl.org/ccf/ASCTB-TEMP_paneth,57,228
VHFSmallIntestine,superior part of duodenum,Pericyte,https://purl.org/ccf/ASCTB-TEMP_pericyte,9.5,19
VHFSmallIntestine,superior part of duodenum,Pre-B,https://purl.org/ccf/ASCTB-TEMP_pre-b,10,20
VHFSmallIntestine,superior part of duodenum,Pro-B,https://purl.org/ccf/ASCTB-TEMP_pro-b,1,1
VHFSmallIntestine,superior part of duodenum,Progenitor (NEUROG3+),https://purl.org/ccf/ASCTB-TEMP_progenitor-neurog3-,4.33333333333333333333,13
VHFSmallIntestine,superior part of duodenum,Proximal progenitor,https://purl.org/ccf/ASCTB-TEMP_proximal-progenitor,49,196
VHFSmallIntestine,superior part of duodenum,RBC,https://purl.org/ccf/ASCTB-TEMP_rbc,5,10
VHFSmallIntestine,superior part of duodenum,SELL+ CD4 T,https://purl.org/ccf/ASCTB-TEMP_sell-cd4-t,5,10
VHFSmallIntestine,superior part of duodenum,SELL+ CD8 T,https://purl.org/ccf/ASCTB-TEMP_sell-cd8-t,7,14
VHFSmallIntestine,superior part of duodenum,SMC (PART1/CAPN3+),https://purl.org/ccf/ASCTB-TEMP_smc-part1-capn3-,10.66666666666666666667,32
VHFSmallIntestine,superior part of duodenum,SMC (PLPP2+),https://purl.org/ccf/ASCTB-TEMP_smc-plpp2-,100.66666666666666666667,302
VHFSmallIntestine,superior part of duodenum,STAT1+ Naive B,https://purl.org/ccf/ASCTB-TEMP_stat1-naive-b,11.66666666666666666667,35
VHFSmallIntestine,superior part of duodenum,Stem cells,https://purl.org/ccf/ASCTB-TEMP_stem-cells,26.25,105
VHFSmallIntestine,superior part of duodenum,Stromal 1 (CCL11+),https://purl.org/ccf/ASCTB-TEMP_stromal-1-ccl11-,21.33333333333333333333,64
VHFSmallIntestine,superior part of duodenum,Stromal 2 (NPY+),https://purl.org/ccf/ASCTB-TEMP_stromal-2-npy-,18,72
VHFSmallIntestine,superior part of duodenum,Stromal 3 (C7+),https://purl.org/ccf/ASCTB-TEMP_stromal-3-c7-,8,24
VHFSmallIntestine,superior part of duodenum,Stromal 3 (KCNN3+),https://purl.org/ccf/ASCTB-TEMP_stromal-3-kcnn3-,34,68
VHFSmallIntestine,superior part of duodenum,Stromal 4 (MMP1+),https://purl.org/ccf/ASCTB-TEMP_stromal-4-mmp1-,2,4
VHFSmallIntestine,superior part of duodenum,T reticular,https://purl.org/ccf/ASCTB-TEMP_t-reticular,7,28
VHFSmallIntestine,superior part of duodenum,TA,https://purl.org/ccf/ASCTB-TEMP_ta,16.33333333333333333333,49
VHFSmallIntestine,superior part of duodenum,TRDV2/TRGV9 gdT,https://purl.org/ccf/ASCTB-TEMP_trdv2-trgv9-gdt,16,16
VHFSmallIntestine,superior part of duodenum,TRGV2 gdT,https://purl.org/ccf/ASCTB-TEMP_trgv2-gdt,33.25,133
VHFSmallIntestine,superior part of duodenum,TRGV4 gdT,https://purl.org/ccf/ASCTB-TEMP_trgv4-gdt,33,66
VHFSmallIntestine,superior part of duodenum,TRGV5/7 gdT,https://purl.org/ccf/ASCTB-TEMP_trgv5-7-gdt,1.5,3
VHFSmallIntestine,superior part of duodenum,Tfh,https://purl.org/ccf/ASCTB-TEMP_tfh,18.66666666666666666667,56
VHFSmallIntestine,superior part of duodenum,Th1,https://purl.org/ccf/ASCTB-TEMP_th1,6,12
VHFSmallIntestine,superior part of duodenum,Th17,https://purl.org/ccf/ASCTB-TEMP_th17,1,2
VHFSmallIntestine,superior part of duodenum,Transitional Stromal 3 (C3+),https://purl.org/ccf/ASCTB-TEMP_transitional-stromal-3-c3-,13.33333333333333333333,40
VHFSmallIntestine,superior part of duodenum,Treg,https://purl.org/ccf/ASCTB-TEMP_treg,6.5,13
VHFSmallIntestine,superior part of duodenum,Tuft,https://purl.org/ccf/ASCTB-TEMP_tuft,25.66666666666666666667,77
VHFSmallIntestine,superior part of duodenum,angiogenic pericyte,https://purl.org/ccf/ASCTB-TEMP_angiogenic-pericyte,2.5,5
VHFSmallIntestine,superior part of duodenum,arterial capillary,https://purl.org/ccf/ASCTB-TEMP_arterial-capillary,27,108
VHFSmallIntestine,superior part of duodenum,cDC1,https://purl.org/ccf/ASCTB-TEMP_cdc1,2,2
VHFSmallIntestine,superior part of duodenum,cDC2,https://purl.org/ccf/ASCTB-TEMP_cdc2,3,3
VHFSmallIntestine,superior part of duodenum,cycling EC,https://purl.org/ccf/ASCTB-TEMP_cycling-ec,9,36
VHFSmallIntestine,superior part of duodenum,cycling ENCC/glia,https://purl.org/ccf/ASCTB-TEMP_cycling-encc-glia,1.5,3
VHFSmallIntestine,superior part of duodenum,cycling neuroblast,https://purl.org/ccf/ASCTB-TEMP_cycling-neuroblast,2,2
VHFSmallIntestine,superior part of duodenum,enterocyte of epithelium of small intestine,http://purl.obolibrary.org/obo/CL_1000334,2534.25,10137
VHFSmallIntestine,superior part of duodenum,fibroblast,http://purl.obolibrary.org/obo/CL_0000057,121.75,487
VHFSmallIntestine,superior part of duodenum,gut endothelial cell,http://purl.obolibrary.org/obo/CL_0000131,33.75,135
VHFSmallIntestine,superior part of duodenum,intestinal enteroendocrine cell,http://purl.obolibrary.org/obo/CL_0009006,11.33333333333333333333,34
VHFSmallIntestine,superior part of duodenum,intestinal tuft cell,http://purl.obolibrary.org/obo/CL_0009080,78.33333333333333333333,235
VHFSmallIntestine,superior part of duodenum,mLN Stroma (FMO2+),https://purl.org/ccf/ASCTB-TEMP_mln-stroma-fmo2-,4,4
VHFSmallIntestine,superior part of duodenum,mLTo,https://purl.org/ccf/ASCTB-TEMP_mlto,12.5,25
VHFSmallIntestine,superior part of duodenum,mast cell,http://purl.obolibrary.org/obo/CL_0000097,5,5
VHFSmallIntestine,superior part of duodenum,monocyte,http://purl.obolibrary.org/obo/CL_0000576,20,40
VHFSmallIntestine,superior part of duodenum,myofibroblast,https://purl.org/ccf/ASCTB-TEMP_myofibroblast,45.66666666666666666667,137
VHFSmallIntestine,superior part of duodenum,myofibroblast (RSPO2+),https://purl.org/ccf/ASCTB-TEMP_myofibroblast-rspo2-,20.5,82
VHFSmallIntestine,superior part of duodenum,neutrophil,http://purl.obolibrary.org/obo/CL_0000775,41.66666666666666666667,125
VHFSmallIntestine,superior part of duodenum,pDC,https://purl.org/ccf/ASCTB-TEMP_pdc,4,8
VHFSmallIntestine,superior part of duodenum,paneth cell of epithelium of small intestine,http://purl.obolibrary.org/obo/CL_1000343,140.25,561
VHFSmallIntestine,superior part of duodenum,plasma cell,http://purl.obolibrary.org/obo/CL_0000786,4,8
VHFSmallIntestine,superior part of duodenum,small intestine goblet cell,http://purl.obolibrary.org/obo/CL_1000495,164.5,658
VHFSmallIntestine,superior part of duodenum,transit amplifying cell of small intestine,http://purl.obolibrary.org/obo/CL_0009012,1,1
VHFSmallIntestine,superior part of duodenum,β cells (INS+),https://purl.org/ccf/ASCTB-TEMP_-cells-ins-,1,1
VHFSpleen,diaphragmatic surface of spleen,"CD4-positive, alpha-beta memory T cell",http://purl.obolibrary.org/obo/CL_0000897,365.5,731
VHFSpleen,diaphragmatic surface of spleen,"CD8-positive, alpha-beta memory T cell",http://purl.obolibrary.org/obo/CL_0000909,227,454
VHFSpleen,diaphragmatic surface of spleen,classical monocyte,http://purl.obolibrary.org/obo/CL_0000860,268.5,537
VHFSpleen,diaphragmatic surface of spleen,endothelial cell,http://purl.obolibrary.org/obo/CL_0000115,258.5,517
VHFSpleen,diaphragmatic surface of spleen,erythrocyte,http://purl.obolibrary.org/obo/CL_0000232,3403,6806
VHFSpleen,diaphragmatic surface of spleen,hematopoietic stem cell,http://purl.obolibrary.org/obo/CL_0000037,2,4
VHFSpleen,diaphragmatic surface of spleen,innate lymphoid cell,http://purl.obolibrary.org/obo/CL_0001065,55.5,111
VHFSpleen,diaphragmatic surface of spleen,macrophage,http://purl.obolibrary.org/obo/CL_0000235,23.5,47
VHFSpleen,diaphragmatic surface of spleen,mature NK T cell,http://purl.obolibrary.org/obo/CL_0000814,34.5,69
VHFSpleen,diaphragmatic surface of spleen,memory B cell,http://purl.obolibrary.org/obo/CL_0000787,2222.5,4445
VHFSpleen,diaphragmatic surface of spleen,naive B cell,http://purl.obolibrary.org/obo/CL_0000788,1550.5,3101
VHFSpleen,diaphragmatic surface of spleen,"naive thymus-derived CD4-positive, alpha-beta T cell",http://purl.obolibrary.org/obo/CL_0000895,112.5,225
VHFSpleen,diaphragmatic surface of spleen,"naive thymus-derived CD8-positive, alpha-beta T cell",http://purl.obolibrary.org/obo/CL_0000900,10,10
VHFSpleen,diaphragmatic surface of spleen,neutrophil,http://purl.obolibrary.org/obo/CL_0000775,2,4
VHFSpleen,diaphragmatic surface of spleen,plasma cell,http://purl.obolibrary.org/obo/CL_0000786,8.5,17
VHFSpleen,diaphragmatic surface of spleen,platelet,http://purl.obolibrary.org/obo/CL_0000233,47,47
VHFSpleen,diaphragmatic surface of spleen,regulatory T cell,http://purl.obolibrary.org/obo/CL_0000815,9,9
VHFSpleen,diaphragmatic surface of spleen,type I NK T cell,http://purl.obolibrary.org/obo/CL_0000921,77,154
VHFSpleen,hilum of spleen,"CD4-positive, alpha-beta memory T cell",http://purl.obolibrary.org/obo/CL_0000897,365.5,731
VHFSpleen,hilum of spleen,"CD8-positive, alpha-beta memory T cell",http://purl.obolibrary.org/obo/CL_0000909,227,454
VHFSpleen,hilum of spleen,classical monocyte,http://purl.obolibrary.org/obo/CL_0000860,268.5,537
VHFSpleen,hilum of spleen,endothelial cell,http://purl.obolibrary.org/obo/CL_0000115,258.5,517
VHFSpleen,hilum of spleen,erythrocyte,http://purl.obolibrary.org/obo/CL_0000232,3403,6806
VHFSpleen,hilum of spleen,hematopoietic stem cell,http://purl.obolibrary.org/obo/CL_0000037,2,4
VHFSpleen,hilum of spleen,innate lymphoid cell,http://purl.obolibrary.org/obo/CL_0001065,55.5,111
VHFSpleen,hilum of spleen,macrophage,http://purl.obolibrary.org/obo/CL_0000235,23.5,47
VHFSpleen,hilum of spleen,mature NK T cell,http://purl.obolibrary.org/obo/CL_0000814,34.5,69
VHFSpleen,hilum of spleen,memory B cell,http://purl.obolibrary.org/obo/CL_0000787,2222.5,4445
VHFSpleen,hilum of spleen,naive B cell,http://purl.obolibrary.org/obo/CL_0000788,1550.5,3101
VHFSpleen,hilum of spleen,"naive thymus-derived CD4-positive, alpha-beta T cell",http://purl.obolibrary.org/obo/CL_0000895,112.5,225
VHFSpleen,hilum of spleen,"naive thymus-derived CD8-positive, alpha-beta T cell",http://purl.obolibrary.org/obo/CL_0000900,10,10
VHFSpleen,hilum of spleen,neutrophil,http://purl.obolibrary.org/obo/CL_0000775,2,4
VHFSpleen,hilum of spleen,plasma cell,http://purl.obolibrary.org/obo/CL_0000786,8.5,17
VHFSpleen,hilum of spleen,platelet,http://purl.obolibrary.org/obo/CL_0000233,47,47
VHFSpleen,hilum of spleen,regulatory T cell,http://purl.obolibrary.org/obo/CL_0000815,9,9
VHFSpleen,hilum of spleen,type I NK T cell,http://purl.obolibrary.org/obo/CL_0000921,77,154
VHFUrinaryBladder,fundus of urinary bladder,B cell,http://purl.obolibrary.org/obo/CL_0000236,274.71428571428571428571,1923
VHFUrinaryBladder,fundus of urinary bladder,T cell,http://purl.obolibrary.org/obo/CL_0000084,23,138
VHFUrinaryBladder,fundus of urinary bladder,bladder urothelial cell,http://purl.obolibrary.org/obo/CL_1001428,4427.28571428571428571429,30991
VHFUrinaryBladder,fundus of urinary bladder,capillary endothelial cell,http://purl.obolibrary.org/obo/CL_0002144,67.57142857142857142857,473
VHFUrinaryBladder,fundus of urinary bladder,endothelial cell of lymphatic vessel,http://purl.obolibrary.org/obo/CL_0002138,8.71428571428571428571,61
VHFUrinaryBladder,fundus of urinary bladder,fibroblast,http://purl.obolibrary.org/obo/CL_0000057,298.28571428571428571429,2088
VHFUrinaryBladder,fundus of urinary bladder,macrophage,http://purl.obolibrary.org/obo/CL_0000235,69.14285714285714285714,484
VHFUrinaryBladder,fundus of urinary bladder,mast cell,http://purl.obolibrary.org/obo/CL_0000097,20.28571428571428571429,142
VHFUrinaryBladder,fundus of urinary bladder,mature NK T cell,http://purl.obolibrary.org/obo/CL_0000814,91.16666666666666666667,547
VHFUrinaryBladder,fundus of urinary bladder,myofibroblast cell,http://purl.obolibrary.org/obo/CL_0000186,812.85714285714285714286,5690
VHFUrinaryBladder,fundus of urinary bladder,pericyte,http://purl.obolibrary.org/obo/CL_0000669,119,833
VHFUrinaryBladder,fundus of urinary bladder,plasma cell,http://purl.obolibrary.org/obo/CL_0000786,10.4,52
VHFUrinaryBladder,fundus of urinary bladder,smooth muscle cell,http://purl.obolibrary.org/obo/CL_0000192,3318.71428571428571428571,23231
VHFUrinaryBladder,fundus of urinary bladder,vein endothelial cell,http://purl.obolibrary.org/obo/CL_0002543,523.85714285714285714286,3667
VHMHeart,heart left ventricle,AVN_P_cell,http://purl.obolibrary.org/obo/CL_0002072,1,8
VHMHeart,heart left ventricle,Adip1,http://purl.obolibrary.org/obo/CL_0000136,38.78571428571428571429,3801
VHMHeart,heart left ventricle,Adip2,http://purl.obolibrary.org/obo/CL_0000136,14.22033898305084745763,839
VHMHeart,heart left ventricle,Adip4,http://purl.obolibrary.org/obo/CL_0000136,42.7,427
VHMHeart,heart left ventricle,Adipocyte,http://purl.obolibrary.org/obo/CL_0000136,57.33050847457627118644,6765
VHMHeart,heart left ventricle,Arterial Endothelial,http://purl.obolibrary.org/obo/CL_1000413,124.3375,19894
VHMHeart,heart left ventricle,Atrial Cardiomyocyte,http://purl.obolibrary.org/obo/CL_0002129,116.13725490196078431373,11846
VHMHeart,heart left ventricle,B,http://purl.obolibrary.org/obo/CL_0000236,340.45035460992907801418,96007
VHMHeart,heart left ventricle,B_plasma,http://purl.obolibrary.org/obo/CL_0000786,3.31858407079646017699,375
VHMHeart,heart left ventricle,CD14+Mo,http://purl.obolibrary.org/obo/CL_0002057,70.36885245901639344262,8585
VHMHeart,heart left ventricle,CD16+Mo,http://purl.obolibrary.org/obo/CL_0002396,52.28742514970059880240,8732
VHMHeart,heart left ventricle,CD4+T_Tfh,http://purl.obolibrary.org/obo/CL_0000492,3,42
VHMHeart,heart left ventricle,CD4+T_Th1,http://purl.obolibrary.org/obo/CL_0000545,2.30508474576271186441,136
VHMHeart,heart left ventricle,CD4+T_Th17,http://purl.obolibrary.org/obo/CL_0000899,1.5,21
VHMHeart,heart left ventricle,CD4+T_Th2,http://purl.obolibrary.org/obo/CL_0000546,2.64705882352941176471,180
VHMHeart,heart left ventricle,CD4+T_act,http://purl.obolibrary.org/obo/CL_0001043,13.50980392156862745098,2067
VHMHeart,heart left ventricle,CD4+T_naive,http://purl.obolibrary.org/obo/CL_0000895,46.42483660130718954248,7103
VHMHeart,heart left ventricle,CD4+T_reg,http://purl.obolibrary.org/obo/CL_0000792,1.64615384615384615385,107
VHMHeart,heart left ventricle,CD8+T_cytox,http://purl.obolibrary.org/obo/CL_0000794,33.16666666666666666667,4577
VHMHeart,heart left ventricle,CD8+T_em,http://purl.obolibrary.org/obo/CL_0000913,13.45098039215686274510,2058
VHMHeart,heart left ventricle,CD8+T_te,http://purl.obolibrary.org/obo/CL_0001050,31.28688524590163934426,3817
VHMHeart,heart left ventricle,CD8+T_trans,http://purl.obolibrary.org/obo/CL_0000625,38.5875,6174
VHMHeart,heart left ventricle,Capillary Endothelial,http://purl.obolibrary.org/obo/CL_0002144,1574.27380952380952380952,264478
VHMHeart,heart left ventricle,DC,http://purl.obolibrary.org/obo/CL_0000451,10.73972602739726027397,1568
VHMHeart,heart left ventricle,EC10_CMC-like,http://purl.obolibrary.org/obo/CL_0000115,64.21951219512195121951,2633
VHMHeart,heart left ventricle,EC1_cap,http://purl.obolibrary.org/obo/CL_0002144,2505.71794871794871794872,293169
VHMHeart,heart left ventricle,EC2_cap,http://purl.obolibrary.org/obo/CL_0002144,1902.33333333333333333333,39949
VHMHeart,heart left ventricle,EC3_cap,http://purl.obolibrary.org/obo/CL_0002144,373.6,11208
VHMHeart,heart left ventricle,EC4_immune,http://purl.obolibrary.org/obo/CL_0000115,31.45,3774
VHMHeart,heart left ventricle,EC5_art,http://purl.obolibrary.org/obo/CL_1000413,439.43712574850299401198,73386
VHMHeart,heart left ventricle,EC6_ven,http://purl.obolibrary.org/obo/CL_0002543,105.33532934131736526946,17591
VHMHeart,heart left ventricle,EC7_endocardial,http://purl.obolibrary.org/obo/CL_0002350,40.82786885245901639344,4981
VHMHeart,heart left ventricle,EC8_ln,http://purl.obolibrary.org/obo/CL_0002138,19.73856209150326797386,3020
VHMHeart,heart left ventricle,EC9_FB-like,http://purl.obolibrary.org/obo/CL_0000115,7,49
VHMHeart,heart left ventricle,Endocardial,http://purl.obolibrary.org/obo/CL_0002350,68.58474576271186440678,8093
VHMHeart,heart left ventricle,Endothelial,http://purl.obolibrary.org/obo/CL_0000115,4.42424242424242424242,146
VHMHeart,heart left ventricle,FB1,http://purl.obolibrary.org/obo/CL_0000057,1179.51304347826086956522,135644
VHMHeart,heart left ventricle,FB4_activated,http://purl.obolibrary.org/obo/CL_0000057,2146.375,68684
VHMHeart,heart left ventricle,FB5,http://purl.obolibrary.org/obo/CL_0000057,741.5,10381
VHMHeart,heart left ventricle,FB6,http://purl.obolibrary.org/obo/CL_0000057,533,3731
VHMHeart,heart left ventricle,Fibroblast,http://purl.obolibrary.org/obo/CL_0000057,2108.95238095238095238095,354304
VHMHeart,heart left ventricle,ILC,http://purl.obolibrary.org/obo/CL_0001065,2.25925925925925925926,244
VHMHeart,heart left ventricle,LYVE1+IGF1+MP,http://purl.obolibrary.org/obo/CL_0000235,385.00680272108843537415,56596
VHMHeart,heart left ventricle,LYVE1+TIMD4+MP,http://purl.obolibrary.org/obo/CL_0000235,310,4340
VHMHeart,heart left ventricle,Lymphatic Endothelial,http://purl.obolibrary.org/obo/CL_0002138,26.51798561151079136691,3686
VHMHeart,heart left ventricle,MAIT-like,http://purl.obolibrary.org/obo/CL_0000791,8.24822695035460992908,1163
VHMHeart,heart left ventricle,Macrophage,http://purl.obolibrary.org/obo/CL_0000235,219.61904761904761904762,36896
VHMHeart,heart left ventricle,Mast,http://purl.obolibrary.org/obo/CL_0000097,53.04225352112676056338,15064
VHMHeart,heart left ventricle,Meso,http://purl.obolibrary.org/obo/CL_0000077,9.63793103448275862069,559
VHMHeart,heart left ventricle,Mesothelial,http://purl.obolibrary.org/obo/CL_0000077,77.93421052631578947368,5923
VHMHeart,heart left ventricle,MoMP,http://purl.obolibrary.org/obo/CL_0000235,205,1435
VHMHeart,heart left ventricle,Monocyte/cDC,http://purl.obolibrary.org/obo/CL_0011031,251.20958083832335329341,41952
VHMHeart,heart left ventricle,NC1_glial,http://purl.obolibrary.org/obo/CL_0010020,47.36434108527131782946,6110
VHMHeart,heart left ventricle,NC2_glial_NGF+,http://purl.obolibrary.org/obo/CL_0010020,70.23684210526315789474,2669
VHMHeart,heart left ventricle,NK,http://purl.obolibrary.org/obo/CL_0000623,154.28125,24685
VHMHeart,heart left ventricle,NK_CD16hi,http://purl.obolibrary.org/obo/CL_0000939,94.52941176470588235294,14463
VHMHeart,heart left ventricle,NK_CD56hi,http://purl.obolibrary.org/obo/CL_0000938,11.66666666666666666667,1750
VHMHeart,heart left ventricle,Neuronal,http://purl.obolibrary.org/obo/CL_0002573,67.97604790419161676647,11352
VHMHeart,heart left ventricle,Neut,http://purl.obolibrary.org/obo/CL_0000775,5.66666666666666666667,187
VHMHeart,heart left ventricle,PC1_vent,http://purl.obolibrary.org/obo/CL_0000669,4447.61788617886178861789,547057
VHMHeart,heart left ventricle,PC2_atria,http://purl.obolibrary.org/obo/CL_0000669,1165.5,16317
VHMHeart,heart left ventricle,PC3_str,http://purl.obolibrary.org/obo/CL_0000669,984.93103448275862068966,28563
VHMHeart,heart left ventricle,PC4_CMC-like,http://purl.obolibrary.org/obo/CL_0000669,199,398
VHMHeart,heart left ventricle,Pericyte,http://purl.obolibrary.org/obo/CL_0000669,1150.82634730538922155689,192188
VHMHeart,heart left ventricle,Purkinje_cell,http://purl.obolibrary.org/obo/CL_0002068,3.28260869565217391304,151
VHMHeart,heart left ventricle,SAN_P_cell,http://purl.obolibrary.org/obo/CL_1000477,1,7
VHMHeart,heart left ventricle,SMC1_basic,http://purl.obolibrary.org/obo/CL_0000359,237.61392405063291139241,37543
VHMHeart,heart left ventricle,SMC2_art,http://purl.obolibrary.org/obo/CL_0000359,45.77777777777777777778,412
VHMHeart,heart left ventricle,Smooth Muscle,http://purl.obolibrary.org/obo/CL_0000192,193.36526946107784431138,32292
VHMHeart,heart left ventricle,T,http://purl.obolibrary.org/obo/CL_0000084,118.10179640718562874251,19723
VHMHeart,heart left ventricle,T/NK_cycling,http://purl.obolibrary.org/obo/CL_0000814,10.57142857142857142857,518
VHMHeart,heart left ventricle,Venous Endothelial,http://purl.obolibrary.org/obo/CL_1000414,112.62275449101796407186,18808
VHMHeart,heart left ventricle,Ventricular Cardiomycoyte,http://purl.obolibrary.org/obo/CL_0002131,5471.16666666666666666667,919156
VHMHeart,heart left ventricle,aCM1,http://purl.obolibrary.org/obo/CL_0002129,608.24074074074074074074,32845
VHMHeart,heart left ventricle,aCM2,http://purl.obolibrary.org/obo/CL_0002129,2.5,70
VHMHeart,heart left ventricle,aCM3,http://purl.obolibrary.org/obo/CL_0002129,2,42
VHMHeart,heart left ventricle,aCM4,http://purl.obolibrary.org/obo/CL_0002129,3,21
VHMHeart,heart left ventricle,cardiac endothelial cell,http://purl.obolibrary.org/obo/CL_0010008,1614.50898203592814371257,269623
VHMHeart,heart left ventricle,cardiac muscle cell,http://purl.obolibrary.org/obo/CL_0000746,3125.13095238095238095238,525022
VHMHeart,heart left ventricle,fibroblast of cardiac tissue,http://purl.obolibrary.org/obo/CL_0002548,1080.15476190476190476190,181466
VHMHeart,heart left ventricle,gdT,http://purl.obolibrary.org/obo/CL_0000798,2,42
VHMHeart,heart left ventricle,hepatocyte,http://purl.obolibrary.org/obo/CL_0000182,32.36875,5179
VHMHeart,heart left ventricle,macrophage,http://purl.obolibrary.org/obo/CL_0000235,585.46706586826347305389,97773
VHMHeart,heart left ventricle,smooth muscle cell,http://purl.obolibrary.org/obo/CL_0000192,1130.49404761904761904762,189923
VHMHeart,heart left ventricle,vCM1,http://purl.obolibrary.org/obo/CL_0002131,3883.93076923076923076923,504911
VHMHeart,heart left ventricle,vCM2,http://purl.obolibrary.org/obo/CL_0002131,3197,22379
VHMHeart,heart left ventricle,vCM3_stressed,http://purl.obolibrary.org/obo/CL_0002131,2574,54054
VHMHeart,heart left ventricle,vCM4,http://purl.obolibrary.org/obo/CL_0002131,1405.1,14051
VHMHeart,heart right ventricle,AVN_bundle_cell,http://purl.obolibrary.org/obo/CL_0010005,1,7
VHMHeart,heart right ventricle,Adip1,http://purl.obolibrary.org/obo/CL_0000136,21.29824561403508771930,1214
VHMHeart,heart right ventricle,Adip2,http://purl.obolibrary.org/obo/CL_0000136,38.83333333333333333333,1631
VHMHeart,heart right ventricle,Adipocyte,http://purl.obolibrary.org/obo/CL_0000136,27.84507042253521126761,1977
VHMHeart,heart right ventricle,Arterial Endothelial,http://purl.obolibrary.org/obo/CL_1000413,336.46464646464646464646,33310
VHMHeart,heart right ventricle,Atrial Cardiomyocyte,http://purl.obolibrary.org/obo/CL_0002129,38.13953488372093023256,1640
VHMHeart,heart right ventricle,B,http://purl.obolibrary.org/obo/CL_0000236,25.09615384615384615385,3915
VHMHeart,heart right ventricle,B_plasma,http://purl.obolibrary.org/obo/CL_0000786,3.21794871794871794872,251
VHMHeart,heart right ventricle,CD14+Mo,http://purl.obolibrary.org/obo/CL_0002057,94.359375,6039
VHMHeart,heart right ventricle,CD16+Mo,http://purl.obolibrary.org/obo/CL_0002396,59.67391304347826086957,5490
VHMHeart,heart right ventricle,CD4+T_Tfh,http://purl.obolibrary.org/obo/CL_0000492,1.33333333333333333333,28
VHMHeart,heart right ventricle,CD4+T_Th1,http://purl.obolibrary.org/obo/CL_0000545,2.16666666666666666667,91
VHMHeart,heart right ventricle,CD4+T_Th17,http://purl.obolibrary.org/obo/CL_0000899,1,7
VHMHeart,heart right ventricle,CD4+T_Th2,http://purl.obolibrary.org/obo/CL_0000546,3.28571428571428571429,161
VHMHeart,heart right ventricle,CD4+T_act,http://purl.obolibrary.org/obo/CL_0001043,18.10256410256410256410,1412
VHMHeart,heart right ventricle,CD4+T_naive,http://purl.obolibrary.org/obo/CL_0000895,31.54117647058823529412,2681
VHMHeart,heart right ventricle,CD4+T_reg,http://purl.obolibrary.org/obo/CL_0000792,2.16666666666666666667,91
VHMHeart,heart right ventricle,CD8+T_cytox,http://purl.obolibrary.org/obo/CL_0000794,25.12941176470588235294,2136
VHMHeart,heart right ventricle,CD8+T_em,http://purl.obolibrary.org/obo/CL_0000913,23.91025641025641025641,1865
VHMHeart,heart right ventricle,CD8+T_te,http://purl.obolibrary.org/obo/CL_0001050,35.84507042253521126761,2545
VHMHeart,heart right ventricle,CD8+T_trans,http://purl.obolibrary.org/obo/CL_0000625,32.31521739130434782609,2973
VHMHeart,heart right ventricle,Capillary Endothelial,http://purl.obolibrary.org/obo/CL_0002144,1338.62626262626262626263,132524
VHMHeart,heart right ventricle,DC,http://purl.obolibrary.org/obo/CL_0000451,5.21176470588235294118,443
VHMHeart,heart right ventricle,EC10_CMC-like,http://purl.obolibrary.org/obo/CL_0000115,76.25,2135
VHMHeart,heart right ventricle,EC1_cap,http://purl.obolibrary.org/obo/CL_0002144,1281.87179487179487179487,99986
VHMHeart,heart right ventricle,EC2_cap,http://purl.obolibrary.org/obo/CL_0002144,192,2688
VHMHeart,heart right ventricle,EC3_cap,http://purl.obolibrary.org/obo/CL_0002144,173,1211
VHMHeart,heart right ventricle,EC4_immune,http://purl.obolibrary.org/obo/CL_0000115,24.98591549295774647887,1774
VHMHeart,heart right ventricle,EC5_art,http://purl.obolibrary.org/obo/CL_1000413,334.29292929292929292929,33095
VHMHeart,heart right ventricle,EC6_ven,http://purl.obolibrary.org/obo/CL_0002543,81.43434343434343434343,8062
VHMHeart,heart right ventricle,EC7_endocardial,http://purl.obolibrary.org/obo/CL_0002350,28.60563380281690140845,2031
VHMHeart,heart right ventricle,EC8_ln,http://purl.obolibrary.org/obo/CL_0002138,15.19565217391304347826,1398
VHMHeart,heart right ventricle,Endocardial,http://purl.obolibrary.org/obo/CL_0002350,30.42253521126760563380,2160
VHMHeart,heart right ventricle,Endothelial,http://purl.obolibrary.org/obo/CL_0000115,4,4
VHMHeart,heart right ventricle,FB1,http://purl.obolibrary.org/obo/CL_0000057,857.01282051282051282051,66847
VHMHeart,heart right ventricle,FB2,http://purl.obolibrary.org/obo/CL_0000057,1639,11473
VHMHeart,heart right ventricle,FB3,http://purl.obolibrary.org/obo/CL_0000057,207,1449
VHMHeart,heart right ventricle,FB4_activated,http://purl.obolibrary.org/obo/CL_0000057,1014,7098
VHMHeart,heart right ventricle,Fibroblast,http://purl.obolibrary.org/obo/CL_0000057,922.07070707070707070707,91285
VHMHeart,heart right ventricle,ILC,http://purl.obolibrary.org/obo/CL_0001065,2.24561403508771929825,128
VHMHeart,heart right ventricle,LYVE1+IGF1+MP,http://purl.obolibrary.org/obo/CL_0000235,199.62352941176470588235,16968
VHMHeart,heart right ventricle,LYVE1+MP_cycling,http://purl.obolibrary.org/obo/CL_0000235,145,1015
VHMHeart,heart right ventricle,LYVE1+TIMD4+MP,http://purl.obolibrary.org/obo/CL_0000235,82,574
VHMHeart,heart right ventricle,Lymphatic Endothelial,http://purl.obolibrary.org/obo/CL_0002138,16.76470588235294117647,1425
VHMHeart,heart right ventricle,MAIT-like,http://purl.obolibrary.org/obo/CL_0000791,6.69230769230769230769,522
VHMHeart,heart right ventricle,Macrophage,http://purl.obolibrary.org/obo/CL_0000235,114.80808080808080808081,11366
VHMHeart,heart right ventricle,Mast,http://purl.obolibrary.org/obo/CL_0000097,37.04487179487179487179,5779
VHMHeart,heart right ventricle,Meso,http://purl.obolibrary.org/obo/CL_0000077,6.75,189
VHMHeart,heart right ventricle,Mesothelial,http://purl.obolibrary.org/obo/CL_0000077,26.80555555555555555556,965
VHMHeart,heart right ventricle,Monocyte/cDC,http://purl.obolibrary.org/obo/CL_0011031,196.36363636363636363636,19440
VHMHeart,heart right ventricle,NC1_glial,http://purl.obolibrary.org/obo/CL_0010020,52.125,3336
VHMHeart,heart right ventricle,NC2_glial_NGF+,http://purl.obolibrary.org/obo/CL_0010020,40.4,1414
VHMHeart,heart right ventricle,NK,http://purl.obolibrary.org/obo/CL_0000623,120.31521739130434782609,11069
VHMHeart,heart right ventricle,NK_CD16hi,http://purl.obolibrary.org/obo/CL_0000939,88.15294117647058823529,7493
VHMHeart,heart right ventricle,NK_CD56hi,http://purl.obolibrary.org/obo/CL_0000938,10.15384615384615384615,792
VHMHeart,heart right ventricle,Neuronal,http://purl.obolibrary.org/obo/CL_0002573,43.94949494949494949495,4351
VHMHeart,heart right ventricle,Neut,http://purl.obolibrary.org/obo/CL_0000775,14,196
VHMHeart,heart right ventricle,PC1_vent,http://purl.obolibrary.org/obo/CL_0000669,1298.19230769230769230769,101259
VHMHeart,heart right ventricle,PC2_atria,http://purl.obolibrary.org/obo/CL_0000669,261,1827
VHMHeart,heart right ventricle,PC3_str,http://purl.obolibrary.org/obo/CL_0000669,705.5,9877
VHMHeart,heart right ventricle,Pericyte,http://purl.obolibrary.org/obo/CL_0000669,894.77777777777777777778,88583
VHMHeart,heart right ventricle,Purkinje_cell,http://purl.obolibrary.org/obo/CL_0002068,1,7
VHMHeart,heart right ventricle,SAN_P_cell,http://purl.obolibrary.org/obo/CL_1000477,1,7
VHMHeart,heart right ventricle,SMC1_basic,http://purl.obolibrary.org/obo/CL_0000359,163.69565217391304347826,15060
VHMHeart,heart right ventricle,SMC2_art,http://purl.obolibrary.org/obo/CL_0000359,653,4571
VHMHeart,heart right ventricle,Smooth Muscle,http://purl.obolibrary.org/obo/CL_0000192,138.93939393939393939394,13755
VHMHeart,heart right ventricle,T,http://purl.obolibrary.org/obo/CL_0000084,119.69696969696969696970,11850
VHMHeart,heart right ventricle,T/NK_cycling,http://purl.obolibrary.org/obo/CL_0000814,7,245
VHMHeart,heart right ventricle,Venous Endothelial,http://purl.obolibrary.org/obo/CL_1000414,64.48484848484848484848,6384
VHMHeart,heart right ventricle,Ventricular Cardiomycoyte,http://purl.obolibrary.org/obo/CL_0002131,2153.03030303030303030303,213150
VHMHeart,heart right ventricle,aCM1,http://purl.obolibrary.org/obo/CL_0002129,28.96551724137931034483,840
VHMHeart,heart right ventricle,aCM2,http://purl.obolibrary.org/obo/CL_0002129,1,7
VHMHeart,heart right ventricle,aCM3,http://purl.obolibrary.org/obo/CL_0002129,2.33333333333333333333,49
VHMHeart,heart right ventricle,aCM4,http://purl.obolibrary.org/obo/CL_0002129,3,21
VHMHeart,heart right ventricle,aCM5,http://purl.obolibrary.org/obo/CL_0002129,1,14
VHMHeart,heart right ventricle,cardiac endothelial cell,http://purl.obolibrary.org/obo/CL_0010008,1410.33333333333333333333,139623
VHMHeart,heart right ventricle,cardiac muscle cell,http://purl.obolibrary.org/obo/CL_0000746,2380.25252525252525252525,235645
VHMHeart,heart right ventricle,fibroblast of cardiac tissue,http://purl.obolibrary.org/obo/CL_0002548,909.52525252525252525253,90043
VHMHeart,heart right ventricle,gdT,http://purl.obolibrary.org/obo/CL_0000798,1.33333333333333333333,28
VHMHeart,heart right ventricle,hepatocyte,http://purl.obolibrary.org/obo/CL_0000182,19.43478260869565217391,1788
VHMHeart,heart right ventricle,macrophage,http://purl.obolibrary.org/obo/CL_0000235,474.92929292929292929293,47018
VHMHeart,heart right ventricle,smooth muscle cell,http://purl.obolibrary.org/obo/CL_0000192,950.05050505050505050505,94055
VHMHeart,heart right ventricle,vCM1,http://purl.obolibrary.org/obo/CL_0002131,1918.52631578947368421053,109356
VHMHeart,heart right ventricle,vCM2,http://purl.obolibrary.org/obo/CL_0002131,1896.5,26551
VHMHeart,heart right ventricle,vCM3_stressed,http://purl.obolibrary.org/obo/CL_0002131,4785,33495
VHMHeart,heart right ventricle,vCM4,http://purl.obolibrary.org/obo/CL_0002131,2101.66666666666666666667,44135
VHMHeart,interventricular septum,Adip1,http://purl.obolibrary.org/obo/CL_0000136,7.5,210
VHMHeart,interventricular septum,Adip2,http://purl.obolibrary.org/obo/CL_0000136,9.66666666666666666667,203
VHMHeart,interventricular septum,Adipocyte,http://purl.obolibrary.org/obo/CL_0000136,3.5,98
VHMHeart,interventricular septum,Arterial Endothelial,http://purl.obolibrary.org/obo/CL_1000413,53.42857142857142857143,2618
VHMHeart,interventricular septum,Atrial Cardiomyocyte,http://purl.obolibrary.org/obo/CL_0002129,52.66666666666666666667,1106
VHMHeart,interventricular septum,B,http://purl.obolibrary.org/obo/CL_0000236,12.88888888888888888889,812
VHMHeart,interventricular septum,B_plasma,http://purl.obolibrary.org/obo/CL_0000786,3.33333333333333333333,140
VHMHeart,interventricular septum,CD14+Mo,http://purl.obolibrary.org/obo/CL_0002057,128.75,3605
VHMHeart,interventricular septum,CD16+Mo,http://purl.obolibrary.org/obo/CL_0002396,57.57142857142857142857,2821
VHMHeart,interventricular septum,CD4+T_Tfh,http://purl.obolibrary.org/obo/CL_0000492,1,7
VHMHeart,interventricular septum,CD4+T_Th1,http://purl.obolibrary.org/obo/CL_0000545,2.66666666666666666667,56
VHMHeart,interventricular septum,CD4+T_Th2,http://purl.obolibrary.org/obo/CL_0000546,4,84
VHMHeart,interventricular septum,CD4+T_act,http://purl.obolibrary.org/obo/CL_0001043,15,525
VHMHeart,interventricular septum,CD4+T_naive,http://purl.obolibrary.org/obo/CL_0000895,30.2,1057
VHMHeart,interventricular septum,CD4+T_reg,http://purl.obolibrary.org/obo/CL_0000792,2,28
VHMHeart,interventricular septum,CD8+T_cytox,http://purl.obolibrary.org/obo/CL_0000794,18.66666666666666666667,784
VHMHeart,interventricular septum,CD8+T_em,http://purl.obolibrary.org/obo/CL_0000913,14.8,518
VHMHeart,interventricular septum,CD8+T_te,http://purl.obolibrary.org/obo/CL_0001050,51.5,1442
VHMHeart,interventricular septum,CD8+T_trans,http://purl.obolibrary.org/obo/CL_0000625,18,756
VHMHeart,interventricular septum,Capillary Endothelial,http://purl.obolibrary.org/obo/CL_0002144,1267.42857142857142857143,62104
VHMHeart,interventricular septum,DC,http://purl.obolibrary.org/obo/CL_0000451,3.5,147
VHMHeart,interventricular septum,EC10_CMC-like,http://purl.obolibrary.org/obo/CL_0000115,71,994
VHMHeart,interventricular septum,EC1_cap,http://purl.obolibrary.org/obo/CL_0002144,1010.33333333333333333333,42434
VHMHeart,interventricular septum,EC2_cap,http://purl.obolibrary.org/obo/CL_0002144,183,1281
VHMHeart,interventricular septum,EC4_immune,http://purl.obolibrary.org/obo/CL_0000115,16,560
VHMHeart,interventricular septum,EC5_art,http://purl.obolibrary.org/obo/CL_1000413,333,16317
VHMHeart,interventricular septum,EC6_ven,http://purl.obolibrary.org/obo/CL_0002543,63.28571428571428571429,3101
VHMHeart,interventricular septum,EC7_endocardial,http://purl.obolibrary.org/obo/CL_0002350,10.5,294
VHMHeart,interventricular septum,EC8_ln,http://purl.obolibrary.org/obo/CL_0002138,19.66666666666666666667,826
VHMHeart,interventricular septum,Endocardial,http://purl.obolibrary.org/obo/CL_0002350,9.75,273
VHMHeart,interventricular septum,FB1,http://purl.obolibrary.org/obo/CL_0000057,610.66666666666666666667,25648
VHMHeart,interventricular septum,FB4_activated,http://purl.obolibrary.org/obo/CL_0000057,1014,7098
VHMHeart,interventricular septum,Fibroblast,http://purl.obolibrary.org/obo/CL_0000057,665.57142857142857142857,32613
VHMHeart,interventricular septum,ILC,http://purl.obolibrary.org/obo/CL_0001065,1.66666666666666666667,35
VHMHeart,interventricular septum,LYVE1+IGF1+MP,http://purl.obolibrary.org/obo/CL_0000235,150.16666666666666666667,6307
VHMHeart,interventricular septum,LYVE1+TIMD4+MP,http://purl.obolibrary.org/obo/CL_0000235,82,574
VHMHeart,interventricular septum,Lymphatic Endothelial,http://purl.obolibrary.org/obo/CL_0002138,20.6,721
VHMHeart,interventricular septum,MAIT-like,http://purl.obolibrary.org/obo/CL_0000791,6.6,231
VHMHeart,interventricular septum,Macrophage,http://purl.obolibrary.org/obo/CL_0000235,70.28571428571428571429,3444
VHMHeart,interventricular septum,Mast,http://purl.obolibrary.org/obo/CL_0000097,48.375,2709
VHMHeart,interventricular septum,Meso,http://purl.obolibrary.org/obo/CL_0000077,4.5,63
VHMHeart,interventricular septum,Mesothelial,http://purl.obolibrary.org/obo/CL_0000077,4,56
VHMHeart,interventricular septum,Monocyte/cDC,http://purl.obolibrary.org/obo/CL_0011031,194.71428571428571428571,9541
VHMHeart,interventricular septum,NC1_glial,http://purl.obolibrary.org/obo/CL_0010020,36.25,1015
VHMHeart,interventricular septum,NC2_glial_NGF+,http://purl.obolibrary.org/obo/CL_0010020,33,693
VHMHeart,interventricular septum,NK,http://purl.obolibrary.org/obo/CL_0000623,120.33333333333333333333,5054
VHMHeart,interventricular septum,NK_CD16hi,http://purl.obolibrary.org/obo/CL_0000939,120.4,4214
VHMHeart,interventricular septum,NK_CD56hi,http://purl.obolibrary.org/obo/CL_0000938,6.66666666666666666667,280
VHMHeart,interventricular septum,Neuronal,http://purl.obolibrary.org/obo/CL_0002573,31.85714285714285714286,1561
VHMHeart,interventricular septum,Neut,http://purl.obolibrary.org/obo/CL_0000775,14,98
VHMHeart,interventricular septum,PC1_vent,http://purl.obolibrary.org/obo/CL_0000669,791.2,27692
VHMHeart,interventricular septum,PC3_str,http://purl.obolibrary.org/obo/CL_0000669,705.5,9877
VHMHeart,interventricular septum,Pericyte,http://purl.obolibrary.org/obo/CL_0000669,816.14285714285714285714,39991
VHMHeart,interventricular septum,SMC1_basic,http://purl.obolibrary.org/obo/CL_0000359,162.42857142857142857143,7959
VHMHeart,interventricular septum,Smooth Muscle,http://purl.obolibrary.org/obo/CL_0000192,92.57142857142857142857,4536
VHMHeart,interventricular septum,T,http://purl.obolibrary.org/obo/CL_0000084,97.71428571428571428571,4788
VHMHeart,interventricular septum,T/NK_cycling,http://purl.obolibrary.org/obo/CL_0000814,8,112
VHMHeart,interventricular septum,Venous Endothelial,http://purl.obolibrary.org/obo/CL_1000414,51.14285714285714285714,2506
VHMHeart,interventricular septum,Ventricular Cardiomycoyte,http://purl.obolibrary.org/obo/CL_0002131,2343.85714285714285714286,114849
VHMHeart,interventricular septum,aCM1,http://purl.obolibrary.org/obo/CL_0002129,3.5,49
VHMHeart,interventricular septum,aCM3,http://purl.obolibrary.org/obo/CL_0002129,2,14
VHMHeart,interventricular septum,aCM4,http://purl.obolibrary.org/obo/CL_0002129,3,21
VHMHeart,interventricular septum,cardiac endothelial cell,http://purl.obolibrary.org/obo/CL_0010008,1279.57142857142857142857,62699
VHMHeart,interventricular septum,cardiac muscle cell,http://purl.obolibrary.org/obo/CL_0000746,2588.42857142857142857143,126833
VHMHeart,interventricular septum,fibroblast of cardiac tissue,http://purl.obolibrary.org/obo/CL_0002548,678.71428571428571428571,33257
VHMHeart,interventricular septum,gdT,http://purl.obolibrary.org/obo/CL_0000798,1,7
VHMHeart,interventricular septum,hepatocyte,http://purl.obolibrary.org/obo/CL_0000182,22.14285714285714285714,1085
VHMHeart,interventricular septum,macrophage,http://purl.obolibrary.org/obo/CL_0000235,451.42857142857142857143,22120
VHMHeart,interventricular septum,smooth muscle cell,http://purl.obolibrary.org/obo/CL_0000192,852.71428571428571428571,41783
VHMHeart,interventricular septum,vCM1,http://purl.obolibrary.org/obo/CL_0002131,2059.4,72079
VHMHeart,interventricular septum,vCM3_stressed,http://purl.obolibrary.org/obo/CL_0002131,4785,33495
VHMHeart,interventricular septum,vCM4,http://purl.obolibrary.org/obo/CL_0002131,1489,10423
VHMHeart,left cardiac atrium,Adip1,http://purl.obolibrary.org/obo/CL_0000136,99.66666666666666666667,4186
VHMHeart,left cardiac atrium,Adip2,http://purl.obolibrary.org/obo/CL_0000136,380,2660
VHMHeart,left cardiac atrium,Adipocyte,http://purl.obolibrary.org/obo/CL_0000136,132.28571428571428571429,6482
VHMHeart,left cardiac atrium,Arterial Endothelial,http://purl.obolibrary.org/obo/CL_1000413,60,2940
VHMHeart,left cardiac atrium,Atrial Cardiomyocyte,http://purl.obolibrary.org/obo/CL_0002129,1014,49686
VHMHeart,left cardiac atrium,B,http://purl.obolibrary.org/obo/CL_0000236,29.35714285714285714286,2877
VHMHeart,left cardiac atrium,B_plasma,http://purl.obolibrary.org/obo/CL_0000786,8,336
VHMHeart,left cardiac atrium,CD14+Mo,http://purl.obolibrary.org/obo/CL_0002057,68,3332
VHMHeart,left cardiac atrium,CD16+Mo,http://purl.obolibrary.org/obo/CL_0002396,63.14285714285714285714,3094
VHMHeart,left cardiac atrium,CD4+T_Tfh,http://purl.obolibrary.org/obo/CL_0000492,2.8,98
VHMHeart,left cardiac atrium,CD4+T_Th1,http://purl.obolibrary.org/obo/CL_0000545,7,147
VHMHeart,left cardiac atrium,CD4+T_Th17,http://purl.obolibrary.org/obo/CL_0000899,1,7
VHMHeart,left cardiac atrium,CD4+T_Th2,http://purl.obolibrary.org/obo/CL_0000546,6,210
VHMHeart,left cardiac atrium,CD4+T_act,http://purl.obolibrary.org/obo/CL_0001043,39.71428571428571428571,1946
VHMHeart,left cardiac atrium,CD4+T_naive,http://purl.obolibrary.org/obo/CL_0000895,52.57142857142857142857,2576
VHMHeart,left cardiac atrium,CD4+T_reg,http://purl.obolibrary.org/obo/CL_0000792,3,84
VHMHeart,left cardiac atrium,CD8+T_cytox,http://purl.obolibrary.org/obo/CL_0000794,24.5,1029
VHMHeart,left cardiac atrium,CD8+T_em,http://purl.obolibrary.org/obo/CL_0000913,31.16666666666666666667,1309
VHMHeart,left cardiac atrium,CD8+T_te,http://purl.obolibrary.org/obo/CL_0001050,65.57142857142857142857,3213
VHMHeart,left cardiac atrium,CD8+T_trans,http://purl.obolibrary.org/obo/CL_0000625,43.85714285714285714286,2149
VHMHeart,left cardiac atrium,Capillary Endothelial,http://purl.obolibrary.org/obo/CL_0002144,1375.57142857142857142857,67403
VHMHeart,left cardiac atrium,DC,http://purl.obolibrary.org/obo/CL_0000451,13,637
VHMHeart,left cardiac atrium,EC10_CMC-like,http://purl.obolibrary.org/obo/CL_0000115,53.4,1869
VHMHeart,left cardiac atrium,EC1_cap,http://purl.obolibrary.org/obo/CL_0002144,332.5,9310
VHMHeart,left cardiac atrium,EC2_cap,http://purl.obolibrary.org/obo/CL_0002144,216,1512
VHMHeart,left cardiac atrium,EC3_cap,http://purl.obolibrary.org/obo/CL_0002144,2733,38262
VHMHeart,left cardiac atrium,EC4_immune,http://purl.obolibrary.org/obo/CL_0000115,125.5,1757
VHMHeart,left cardiac atrium,EC5_art,http://purl.obolibrary.org/obo/CL_1000413,253.85714285714285714286,12439
VHMHeart,left cardiac atrium,EC6_ven,http://purl.obolibrary.org/obo/CL_0002543,208,10192
VHMHeart,left cardiac atrium,EC7_endocardial,http://purl.obolibrary.org/obo/CL_0002350,109.71428571428571428571,5376
VHMHeart,left cardiac atrium,EC8_ln,http://purl.obolibrary.org/obo/CL_0002138,17.16666666666666666667,721
VHMHeart,left cardiac atrium,Endocardial,http://purl.obolibrary.org/obo/CL_0002350,114,5586
VHMHeart,left cardiac atrium,Endothelial,http://purl.obolibrary.org/obo/CL_0000115,48,1344
VHMHeart,left cardiac atrium,FB1,http://purl.obolibrary.org/obo/CL_0000057,1669.66666666666666666667,35063
VHMHeart,left cardiac atrium,FB2,http://purl.obolibrary.org/obo/CL_0000057,612.66666666666666666667,12866
VHMHeart,left cardiac atrium,FB5,http://purl.obolibrary.org/obo/CL_0000057,1056,7392
VHMHeart,left cardiac atrium,Fibroblast,http://purl.obolibrary.org/obo/CL_0000057,1133.14285714285714285714,55524
VHMHeart,left cardiac atrium,ILC,http://purl.obolibrary.org/obo/CL_0001065,3.25,91
VHMHeart,left cardiac atrium,LYVE1+IGF1+MP,http://purl.obolibrary.org/obo/CL_0000235,376,5264
VHMHeart,left cardiac atrium,LYVE1+MP_cycling,http://purl.obolibrary.org/obo/CL_0000235,358,2506
VHMHeart,left cardiac atrium,LYVE1+TIMD4+MP,http://purl.obolibrary.org/obo/CL_0000235,268,3752
VHMHeart,left cardiac atrium,Lymphatic Endothelial,http://purl.obolibrary.org/obo/CL_0002138,19.4,679
VHMHeart,left cardiac atrium,MAIT-like,http://purl.obolibrary.org/obo/CL_0000791,9.57142857142857142857,469
VHMHeart,left cardiac atrium,Macrophage,http://purl.obolibrary.org/obo/CL_0000235,187.57142857142857142857,9191
VHMHeart,left cardiac atrium,Mast,http://purl.obolibrary.org/obo/CL_0000097,36.66666666666666666667,3080
VHMHeart,left cardiac atrium,Meso,http://purl.obolibrary.org/obo/CL_0000077,81.2,2842
VHMHeart,left cardiac atrium,Mesothelial,http://purl.obolibrary.org/obo/CL_0000077,78.4,2744
VHMHeart,left cardiac atrium,MoMP,http://purl.obolibrary.org/obo/CL_0000235,993.5,13909
VHMHeart,left cardiac atrium,Monocyte/cDC,http://purl.obolibrary.org/obo/CL_0011031,484.85714285714285714286,23758
VHMHeart,left cardiac atrium,NC1_glial,http://purl.obolibrary.org/obo/CL_0010020,99,4851
VHMHeart,left cardiac atrium,NK,http://purl.obolibrary.org/obo/CL_0000623,148.85714285714285714286,7294
VHMHeart,left cardiac atrium,NK_CD16hi,http://purl.obolibrary.org/obo/CL_0000939,109.14285714285714285714,5348
VHMHeart,left cardiac atrium,NK_CD56hi,http://purl.obolibrary.org/obo/CL_0000938,16.14285714285714285714,791
VHMHeart,left cardiac atrium,Neuronal,http://purl.obolibrary.org/obo/CL_0002573,93,4557
VHMHeart,left cardiac atrium,Neut,http://purl.obolibrary.org/obo/CL_0000775,13,91
VHMHeart,left cardiac atrium,PC1_vent,http://purl.obolibrary.org/obo/CL_0000669,619,4333
VHMHeart,left cardiac atrium,PC2_atria,http://purl.obolibrary.org/obo/CL_0000669,928.33333333333333333333,19495
VHMHeart,left cardiac atrium,PC3_str,http://purl.obolibrary.org/obo/CL_0000669,1220,25620
VHMHeart,left cardiac atrium,Pericyte,http://purl.obolibrary.org/obo/CL_0000669,1069.14285714285714285714,52388
VHMHeart,left cardiac atrium,SAN_P_cell,http://purl.obolibrary.org/obo/CL_1000477,1,7
VHMHeart,left cardiac atrium,SMC1_basic,http://purl.obolibrary.org/obo/CL_0000359,326,11410
VHMHeart,left cardiac atrium,SMC2_art,http://purl.obolibrary.org/obo/CL_0000359,341,4774
VHMHeart,left cardiac atrium,Smooth Muscle,http://purl.obolibrary.org/obo/CL_0000192,269.28571428571428571429,13195
VHMHeart,left cardiac atrium,T,http://purl.obolibrary.org/obo/CL_0000084,208.85714285714285714286,10234
VHMHeart,left cardiac atrium,T/NK_cycling,http://purl.obolibrary.org/obo/CL_0000814,10.66666666666666666667,224
VHMHeart,left cardiac atrium,Venous Endothelial,http://purl.obolibrary.org/obo/CL_1000414,98,4802
VHMHeart,left cardiac atrium,Ventricular Cardiomycoyte,http://purl.obolibrary.org/obo/CL_0002131,92,2576
VHMHeart,left cardiac atrium,aCM1,http://purl.obolibrary.org/obo/CL_0002129,1058.66666666666666666667,22232
VHMHeart,left cardiac atrium,aCM3,http://purl.obolibrary.org/obo/CL_0002129,1067.75,29897
VHMHeart,left cardiac atrium,cardiac endothelial cell,http://purl.obolibrary.org/obo/CL_0010008,1532.42857142857142857143,75089
VHMHeart,left cardiac atrium,cardiac muscle cell,http://purl.obolibrary.org/obo/CL_0000746,1397.14285714285714285714,68460
VHMHeart,left cardiac atrium,fibroblast of cardiac tissue,http://purl.obolibrary.org/obo/CL_0002548,1409,69041
VHMHeart,left cardiac atrium,gdT,http://purl.obolibrary.org/obo/CL_0000798,1,21
VHMHeart,left cardiac atrium,hepatocyte,http://purl.obolibrary.org/obo/CL_0000182,28.57142857142857142857,1400
VHMHeart,left cardiac atrium,macrophage,http://purl.obolibrary.org/obo/CL_0000235,968.57142857142857142857,47460
VHMHeart,left cardiac atrium,smooth muscle cell,http://purl.obolibrary.org/obo/CL_0000192,1282,62818
VHMHeart,left cardiac atrium,vCM1,http://purl.obolibrary.org/obo/CL_0002131,11.75,329
VHMHeart,left cardiac atrium,vCM2,http://purl.obolibrary.org/obo/CL_0002131,3,21
VHMHeart,left cardiac atrium,vCM3_stressed,http://purl.obolibrary.org/obo/CL_0002131,18,126
VHMHeart,left cardiac atrium,vCM5,http://purl.obolibrary.org/obo/CL_0002131,3,21
VHMHeart,right cardiac atrium,Adip1,http://purl.obolibrary.org/obo/CL_0000136,20.33333333333333333333,427
VHMHeart,right cardiac atrium,Adip2,http://purl.obolibrary.org/obo/CL_0000136,23.5,329
VHMHeart,right cardiac atrium,Adip3,http://purl.obolibrary.org/obo/CL_0000136,32.5,455
VHMHeart,right cardiac atrium,Adipocyte,http://purl.obolibrary.org/obo/CL_0000136,21.14285714285714285714,1036
VHMHeart,right cardiac atrium,Arterial Endothelial,http://purl.obolibrary.org/obo/CL_1000413,78,3822
VHMHeart,right cardiac atrium,Atrial Cardiomyocyte,http://purl.obolibrary.org/obo/CL_0002129,860.57142857142857142857,42168
VHMHeart,right cardiac atrium,B,http://purl.obolibrary.org/obo/CL_0000236,66.15384615384615384615,6020
VHMHeart,right cardiac atrium,B_plasma,http://purl.obolibrary.org/obo/CL_0000786,14,490
VHMHeart,right cardiac atrium,CD14+Mo,http://purl.obolibrary.org/obo/CL_0002057,46.42857142857142857143,2275
VHMHeart,right cardiac atrium,CD16+Mo,http://purl.obolibrary.org/obo/CL_0002396,60.71428571428571428571,2975
VHMHeart,right cardiac atrium,CD4+T_Tfh,http://purl.obolibrary.org/obo/CL_0000492,2.25,63
VHMHeart,right cardiac atrium,CD4+T_Th1,http://purl.obolibrary.org/obo/CL_0000545,7,49
VHMHeart,right cardiac atrium,CD4+T_Th2,http://purl.obolibrary.org/obo/CL_0000546,4.66666666666666666667,98
VHMHeart,right cardiac atrium,CD4+T_act,http://purl.obolibrary.org/obo/CL_0001043,35.42857142857142857143,1736
VHMHeart,right cardiac atrium,CD4+T_naive,http://purl.obolibrary.org/obo/CL_0000895,27.42857142857142857143,1344
VHMHeart,right cardiac atrium,CD4+T_reg,http://purl.obolibrary.org/obo/CL_0000792,3,63
VHMHeart,right cardiac atrium,CD8+T_cytox,http://purl.obolibrary.org/obo/CL_0000794,22,1078
VHMHeart,right cardiac atrium,CD8+T_em,http://purl.obolibrary.org/obo/CL_0000913,11.42857142857142857143,560
VHMHeart,right cardiac atrium,CD8+T_te,http://purl.obolibrary.org/obo/CL_0001050,58.85714285714285714286,2884
VHMHeart,right cardiac atrium,CD8+T_trans,http://purl.obolibrary.org/obo/CL_0000625,28.57142857142857142857,1400
VHMHeart,right cardiac atrium,Capillary Endothelial,http://purl.obolibrary.org/obo/CL_0002144,350.57142857142857142857,17178
VHMHeart,right cardiac atrium,DC,http://purl.obolibrary.org/obo/CL_0000451,6.57142857142857142857,322
VHMHeart,right cardiac atrium,EC10_CMC-like,http://purl.obolibrary.org/obo/CL_0000115,58.8,2058
VHMHeart,right cardiac atrium,EC1_cap,http://purl.obolibrary.org/obo/CL_0002144,142.42857142857142857143,6979
VHMHeart,right cardiac atrium,EC4_immune,http://purl.obolibrary.org/obo/CL_0000115,64.5,903
VHMHeart,right cardiac atrium,EC5_art,http://purl.obolibrary.org/obo/CL_1000413,164.71428571428571428571,8071
VHMHeart,right cardiac atrium,EC6_ven,http://purl.obolibrary.org/obo/CL_0002543,169.85714285714285714286,8323
VHMHeart,right cardiac atrium,EC7_endocardial,http://purl.obolibrary.org/obo/CL_0002350,229.71428571428571428571,11256
VHMHeart,right cardiac atrium,EC8_ln,http://purl.obolibrary.org/obo/CL_0002138,6.5,91
VHMHeart,right cardiac atrium,Endocardial,http://purl.obolibrary.org/obo/CL_0002350,241,11809
VHMHeart,right cardiac atrium,Endothelial,http://purl.obolibrary.org/obo/CL_0000115,70.16666666666666666667,2947
VHMHeart,right cardiac atrium,FB2,http://purl.obolibrary.org/obo/CL_0000057,1039.5,29106
VHMHeart,right cardiac atrium,FB3,http://purl.obolibrary.org/obo/CL_0000057,2183,15281
VHMHeart,right cardiac atrium,FB4_activated,http://purl.obolibrary.org/obo/CL_0000057,280.5,3927
VHMHeart,right cardiac atrium,Fibroblast,http://purl.obolibrary.org/obo/CL_0000057,966.42857142857142857143,47355
VHMHeart,right cardiac atrium,ILC,http://purl.obolibrary.org/obo/CL_0001065,10,140
VHMHeart,right cardiac atrium,LYVE1+TIMD4+MP,http://purl.obolibrary.org/obo/CL_0000235,202.83333333333333333333,8519
VHMHeart,right cardiac atrium,Lymphatic Endothelial,http://purl.obolibrary.org/obo/CL_0002138,6,84
VHMHeart,right cardiac atrium,MAIT-like,http://purl.obolibrary.org/obo/CL_0000791,3.71428571428571428571,182
VHMHeart,right cardiac atrium,Macrophage,http://purl.obolibrary.org/obo/CL_0000235,92.14285714285714285714,4515
VHMHeart,right cardiac atrium,Mast,http://purl.obolibrary.org/obo/CL_0000097,4.75,399
VHMHeart,right cardiac atrium,Meso,http://purl.obolibrary.org/obo/CL_0000077,51.66666666666666666667,1085
VHMHeart,right cardiac atrium,Mesothelial,http://purl.obolibrary.org/obo/CL_0000077,49.33333333333333333333,2072
VHMHeart,right cardiac atrium,MoMP,http://purl.obolibrary.org/obo/CL_0000235,147,1029
VHMHeart,right cardiac atrium,Monocyte/cDC,http://purl.obolibrary.org/obo/CL_0011031,214.14285714285714285714,10493
VHMHeart,right cardiac atrium,NC1_glial,http://purl.obolibrary.org/obo/CL_0010020,75.83333333333333333333,3185
VHMHeart,right cardiac atrium,NC2_glial_NGF+,http://purl.obolibrary.org/obo/CL_0010020,32,224
VHMHeart,right cardiac atrium,NK,http://purl.obolibrary.org/obo/CL_0000623,111.14285714285714285714,5446
VHMHeart,right cardiac atrium,NK_CD16hi,http://purl.obolibrary.org/obo/CL_0000939,66.85714285714285714286,3276
VHMHeart,right cardiac atrium,NK_CD56hi,http://purl.obolibrary.org/obo/CL_0000938,10.83333333333333333333,455
VHMHeart,right cardiac atrium,Neuronal,http://purl.obolibrary.org/obo/CL_0002573,70,3430
VHMHeart,right cardiac atrium,Neut,http://purl.obolibrary.org/obo/CL_0000775,16,112
VHMHeart,right cardiac atrium,PC1_vent,http://purl.obolibrary.org/obo/CL_0000669,143,1001
VHMHeart,right cardiac atrium,PC2_atria,http://purl.obolibrary.org/obo/CL_0000669,307.6,10766
VHMHeart,right cardiac atrium,PC3_str,http://purl.obolibrary.org/obo/CL_0000669,164,1148
VHMHeart,right cardiac atrium,Pericyte,http://purl.obolibrary.org/obo/CL_0000669,272.57142857142857142857,13356
VHMHeart,right cardiac atrium,SMC1_basic,http://purl.obolibrary.org/obo/CL_0000359,145.4,5089
VHMHeart,right cardiac atrium,SMC2_art,http://purl.obolibrary.org/obo/CL_0000359,45,630
VHMHeart,right cardiac atrium,Smooth Muscle,http://purl.obolibrary.org/obo/CL_0000192,103.57142857142857142857,5075
VHMHeart,right cardiac atrium,T,http://purl.obolibrary.org/obo/CL_0000084,157,7693
VHMHeart,right cardiac atrium,T/NK_cycling,http://purl.obolibrary.org/obo/CL_0000814,5,105
VHMHeart,right cardiac atrium,Venous Endothelial,http://purl.obolibrary.org/obo/CL_1000414,40,1960
VHMHeart,right cardiac atrium,Ventricular Cardiomycoyte,http://purl.obolibrary.org/obo/CL_0002131,6.25,175
VHMHeart,right cardiac atrium,aCM1,http://purl.obolibrary.org/obo/CL_0002129,1005,14070
VHMHeart,right cardiac atrium,aCM2,http://purl.obolibrary.org/obo/CL_0002129,1143.5,16009
VHMHeart,right cardiac atrium,aCM3,http://purl.obolibrary.org/obo/CL_0002129,214,2996
VHMHeart,right cardiac atrium,aCM4,http://purl.obolibrary.org/obo/CL_0002129,1312,9184
VHMHeart,right cardiac atrium,cardiac endothelial cell,http://purl.obolibrary.org/obo/CL_0010008,889.91379310344827586207,51615
VHMHeart,right cardiac atrium,cardiac muscle cell,http://purl.obolibrary.org/obo/CL_0000746,1417.5,82215
VHMHeart,right cardiac atrium,fibroblast of cardiac tissue,http://purl.obolibrary.org/obo/CL_0002548,1445.77586206896551724138,83855
VHMHeart,right cardiac atrium,hepatocyte,http://purl.obolibrary.org/obo/CL_0000182,40.50980392156862745098,2066
VHMHeart,right cardiac atrium,macrophage,http://purl.obolibrary.org/obo/CL_0000235,853.13793103448275862069,49482
VHMHeart,right cardiac atrium,smooth muscle cell,http://purl.obolibrary.org/obo/CL_0000192,430.46551724137931034483,24967
VHMHeart,right cardiac atrium,vCM1,http://purl.obolibrary.org/obo/CL_0002131,4,84
VHMHeart,right cardiac atrium,vCM3_stressed,http://purl.obolibrary.org/obo/CL_0002131,5.5,77
VHMHeart,right cardiac atrium,vCM5,http://purl.obolibrary.org/obo/CL_0002131,2,14
VHMLargeIntestine,ascending colon,Activated CD4 T,https://purl.org/ccf/ASCTB-TEMP_activated-cd4-t,2,2
VHMLargeIntestine,ascending colon,Activated CD8 T,https://purl.org/ccf/ASCTB-TEMP_activated-cd8-t,2.33333333333333333333,7
VHMLargeIntestine,ascending colon,Activated T,https://purl.org/ccf/ASCTB-TEMP_activated-t,168.85714285714285714286,1182
VHMLargeIntestine,ascending colon,Adult Glia,https://purl.org/ccf/ASCTB-TEMP_adult-glia,59.85714285714285714286,419
VHMLargeIntestine,ascending colon,B cell,http://purl.obolibrary.org/obo/CL_0000236,41.14285714285714285714,288
VHMLargeIntestine,ascending colon,BEST2+ Goblet cell,https://purl.org/ccf/ASCTB-TEMP_best2-goblet-cell,26.42857142857142857143,185
VHMLargeIntestine,ascending colon,BEST4+ epithelial,https://purl.org/ccf/ASCTB-TEMP_best4-epithelial,49.83333333333333333333,299
VHMLargeIntestine,ascending colon,Branch A1 (iMN),https://purl.org/ccf/ASCTB-TEMP_branch-a1-imn-,4.6,23
VHMLargeIntestine,ascending colon,Branch A2 (IPAN/IN),https://purl.org/ccf/ASCTB-TEMP_branch-a2-ipan-in-,12.42857142857142857143,87
VHMLargeIntestine,ascending colon,Branch A3 (IPAN/IN),https://purl.org/ccf/ASCTB-TEMP_branch-a3-ipan-in-,4.66666666666666666667,28
VHMLargeIntestine,ascending colon,Branch A4 (IN),https://purl.org/ccf/ASCTB-TEMP_branch-a4-in-,20.85714285714285714286,146
VHMLargeIntestine,ascending colon,Branch B1 (eMN),https://purl.org/ccf/ASCTB-TEMP_branch-b1-emn-,44.16666666666666666667,265
VHMLargeIntestine,ascending colon,Branch B2 (eMN),https://purl.org/ccf/ASCTB-TEMP_branch-b2-emn-,2.4,12
VHMLargeIntestine,ascending colon,Branch B3 (IPAN),https://purl.org/ccf/ASCTB-TEMP_branch-b3-ipan-,5.5,33
VHMLargeIntestine,ascending colon,"CD4-positive, alpha-beta T cell",http://purl.obolibrary.org/obo/CL_0000624,49.28571428571428571429,345
VHMLargeIntestine,ascending colon,CD8 Tmem,https://purl.org/ccf/ASCTB-TEMP_cd8-tmem,9.5,57
VHMLargeIntestine,ascending colon,"CD8-positive, alpha-beta T cell",http://purl.obolibrary.org/obo/CL_0000625,39.85714285714285714286,279
VHMLargeIntestine,ascending colon,CLC+ Mast cell,https://purl.org/ccf/ASCTB-TEMP_clc-mast-cell,6.5,39
VHMLargeIntestine,ascending colon,CLDN10+ cells,https://purl.org/ccf/ASCTB-TEMP_cldn10-cells,3.8,19
VHMLargeIntestine,ascending colon,CLP,https://purl.org/ccf/ASCTB-TEMP_clp,5.16666666666666666667,31
VHMLargeIntestine,ascending colon,CX3CR1+ CD8 Tmem,https://purl.org/ccf/ASCTB-TEMP_cx3cr1-cd8-tmem,1.6,8
VHMLargeIntestine,ascending colon,Colonocyte,https://purl.org/ccf/ASCTB-TEMP_colonocyte,376.71428571428571428571,2637
VHMLargeIntestine,ascending colon,Contractile pericyte (PLN+),https://purl.org/ccf/ASCTB-TEMP_contractile-pericyte-pln-,49.14285714285714285714,344
VHMLargeIntestine,ascending colon,Cycling B cell,https://purl.org/ccf/ASCTB-TEMP_cycling-b-cell,23.57142857142857142857,165
VHMLargeIntestine,ascending colon,Cycling plasma cell,https://purl.org/ccf/ASCTB-TEMP_cycling-plasma-cell,807.57142857142857142857,5653
VHMLargeIntestine,ascending colon,D cells (SST+),https://purl.org/ccf/ASCTB-TEMP_d-cells-sst-,6.83333333333333333333,41
VHMLargeIntestine,ascending colon,DZ GC cell,https://purl.org/ccf/ASCTB-TEMP_dz-gc-cell,4.14285714285714285714,29
VHMLargeIntestine,ascending colon,Differentiating glia,https://purl.org/ccf/ASCTB-TEMP_differentiating-glia,1.5,3
VHMLargeIntestine,ascending colon,Distal progenitor,https://purl.org/ccf/ASCTB-TEMP_distal-progenitor,9.6,48
VHMLargeIntestine,ascending colon,EC cells (NPW+),https://purl.org/ccf/ASCTB-TEMP_ec-cells-npw-,1.5,6
VHMLargeIntestine,ascending colon,EC cells (TAC1+),https://purl.org/ccf/ASCTB-TEMP_ec-cells-tac1-,1.83333333333333333333,11
VHMLargeIntestine,ascending colon,EECs,https://purl.org/ccf/ASCTB-TEMP_eecs,71.42857142857142857143,500
VHMLargeIntestine,ascending colon,ENCC/glia Progenitor,https://purl.org/ccf/ASCTB-TEMP_encc-glia-progenitor,2,6
VHMLargeIntestine,ascending colon,Enterocyte,https://purl.org/ccf/ASCTB-TEMP_enterocyte,14.66666666666666666667,88
VHMLargeIntestine,ascending colon,FCRL4+ Memory B,https://purl.org/ccf/ASCTB-TEMP_fcrl4-memory-b,5,10
VHMLargeIntestine,ascending colon,FDC,https://purl.org/ccf/ASCTB-TEMP_fdc,2.57142857142857142857,18
VHMLargeIntestine,ascending colon,Fetal arterial EC,https://purl.org/ccf/ASCTB-TEMP_fetal-arterial-ec,8.8,44
VHMLargeIntestine,ascending colon,Fetal venous EC,https://purl.org/ccf/ASCTB-TEMP_fetal-venous-ec,7.14285714285714285714,50
VHMLargeIntestine,ascending colon,GC B cell,https://purl.org/ccf/ASCTB-TEMP_gc-b-cell,2.25,9
VHMLargeIntestine,ascending colon,Germ,https://purl.org/ccf/ASCTB-TEMP_germ,13.33333333333333333333,80
VHMLargeIntestine,ascending colon,Glia 1 (DHH+),https://purl.org/ccf/ASCTB-TEMP_glia-1-dhh-,1,3
VHMLargeIntestine,ascending colon,Glia 2 (ELN+),https://purl.org/ccf/ASCTB-TEMP_glia-2-eln-,16.5,99
VHMLargeIntestine,ascending colon,Glia 3 (BCAN+),https://purl.org/ccf/ASCTB-TEMP_glia-3-bcan-,14.14285714285714285714,99
VHMLargeIntestine,ascending colon,Goblet cell,https://purl.org/ccf/ASCTB-TEMP_goblet-cell,211.14285714285714285714,1478
VHMLargeIntestine,ascending colon,I cells (CCK+),https://purl.org/ccf/ASCTB-TEMP_i-cells-cck-,4.85714285714285714286,34
VHMLargeIntestine,ascending colon,ICC,https://purl.org/ccf/ASCTB-TEMP_icc,2.25,9
VHMLargeIntestine,ascending colon,ILC2,https://purl.org/ccf/ASCTB-TEMP_ilc2,6,24
VHMLargeIntestine,ascending colon,ILC3,https://purl.org/ccf/ASCTB-TEMP_ilc3,2.66666666666666666667,8
VHMLargeIntestine,ascending colon,ILCP,https://purl.org/ccf/ASCTB-TEMP_ilcp,4.4,22
VHMLargeIntestine,ascending colon,IgA plasma cell,https://purl.org/ccf/ASCTB-TEMP_iga-plasma-cell,17,51
VHMLargeIntestine,ascending colon,IgG plasma cell,https://purl.org/ccf/ASCTB-TEMP_igg-plasma-cell,9.14285714285714285714,64
VHMLargeIntestine,ascending colon,IgM plasma cell,https://purl.org/ccf/ASCTB-TEMP_igm-plasma-cell,4,4
VHMLargeIntestine,ascending colon,Immature B,https://purl.org/ccf/ASCTB-TEMP_immature-b,2.5,5
VHMLargeIntestine,ascending colon,Immature pericyte,https://purl.org/ccf/ASCTB-TEMP_immature-pericyte,1.8,9
VHMLargeIntestine,ascending colon,K cells (GIP+),https://purl.org/ccf/ASCTB-TEMP_k-cells-gip-,15.6,78
VHMLargeIntestine,ascending colon,L cells (PYY+),https://purl.org/ccf/ASCTB-TEMP_l-cells-pyy-,10.42857142857142857143,73
VHMLargeIntestine,ascending colon,LEC1 (ACKR4+),https://purl.org/ccf/ASCTB-TEMP_lec1-ackr4-,37,259
VHMLargeIntestine,ascending colon,LEC2 (MADCAM1+),https://purl.org/ccf/ASCTB-TEMP_lec2-madcam1-,1.4,7
VHMLargeIntestine,ascending colon,LEC3 (ADGRG3+),https://purl.org/ccf/ASCTB-TEMP_lec3-adgrg3-,5.6,28
VHMLargeIntestine,ascending colon,LEC4 (STAB2+),https://purl.org/ccf/ASCTB-TEMP_lec4-stab2-,11,66
VHMLargeIntestine,ascending colon,LEC5 (CLDN11+),https://purl.org/ccf/ASCTB-TEMP_lec5-cldn11-,3.6,18
VHMLargeIntestine,ascending colon,LEC6 (ADAMTS4+),https://purl.org/ccf/ASCTB-TEMP_lec6-adamts4-,21.71428571428571428571,152
VHMLargeIntestine,ascending colon,LTi-like NCR+ ILC3,https://purl.org/ccf/ASCTB-TEMP_lti-like-ncr-ilc3,5,20
VHMLargeIntestine,ascending colon,LTi-like NCR- ILC3,https://purl.org/ccf/ASCTB-TEMP_lti-like-ncr-ilc3,10,20
VHMLargeIntestine,ascending colon,LYVE1+ Macrophage,https://purl.org/ccf/ASCTB-TEMP_lyve1-macrophage,43.6,218
VHMLargeIntestine,ascending colon,LZ GC cell,https://purl.org/ccf/ASCTB-TEMP_lz-gc-cell,3,12
VHMLargeIntestine,ascending colon,Lymphoid DC,https://purl.org/ccf/ASCTB-TEMP_lymphoid-dc,18.57142857142857142857,130
VHMLargeIntestine,ascending colon,M/X cells (MLN/GHRL+),https://purl.org/ccf/ASCTB-TEMP_m-x-cells-mln-ghrl-,7,7
VHMLargeIntestine,ascending colon,MAIT cell,https://purl.org/ccf/ASCTB-TEMP_mait-cell,24.5,147
VHMLargeIntestine,ascending colon,MMP9+ Inflammatory macrophage,https://purl.org/ccf/ASCTB-TEMP_mmp9-inflammatory-macrophage,9.16666666666666666667,55
VHMLargeIntestine,ascending colon,MPO+ mono-neutrophil,https://purl.org/ccf/ASCTB-TEMP_mpo-mono-neutrophil,3.75,15
VHMLargeIntestine,ascending colon,Macrophages,https://purl.org/ccf/ASCTB-TEMP_macrophages,15,105
VHMLargeIntestine,ascending colon,Mast cell,https://purl.org/ccf/ASCTB-TEMP_mast-cell,21.2,106
VHMLargeIntestine,ascending colon,Mature arterial EC,https://purl.org/ccf/ASCTB-TEMP_mature-arterial-ec,31.14285714285714285714,218
VHMLargeIntestine,ascending colon,Mature venous EC,https://purl.org/ccf/ASCTB-TEMP_mature-venous-ec,17.71428571428571428571,124
VHMLargeIntestine,ascending colon,Megakaryocyte,https://purl.org/ccf/ASCTB-TEMP_megakaryocyte,8,56
VHMLargeIntestine,ascending colon,Memory B,https://purl.org/ccf/ASCTB-TEMP_memory-b,21.4,107
VHMLargeIntestine,ascending colon,Mesoderm 1 (HAND1+),https://purl.org/ccf/ASCTB-TEMP_mesoderm-1-hand1-,620.83333333333333333333,3725
VHMLargeIntestine,ascending colon,Mesothelium,https://purl.org/ccf/ASCTB-TEMP_mesothelium,1.66666666666666666667,5
VHMLargeIntestine,ascending colon,Mesothelium (PRG4+),https://purl.org/ccf/ASCTB-TEMP_mesothelium-prg4-,1.4,7
VHMLargeIntestine,ascending colon,Mesothelium (RGS5+),https://purl.org/ccf/ASCTB-TEMP_mesothelium-rgs5-,18.85714285714285714286,132
VHMLargeIntestine,ascending colon,Microfold cell,https://purl.org/ccf/ASCTB-TEMP_microfold-cell,103.57142857142857142857,725
VHMLargeIntestine,ascending colon,Monocytes,https://purl.org/ccf/ASCTB-TEMP_monocytes,10,70
VHMLargeIntestine,ascending colon,N cells (NTS+),https://purl.org/ccf/ASCTB-TEMP_n-cells-nts-,3.5,7
VHMLargeIntestine,ascending colon,NK T cell,https://purl.org/ccf/ASCTB-TEMP_nk-t-cell,10.83333333333333333333,65
VHMLargeIntestine,ascending colon,NK cell,https://purl.org/ccf/ASCTB-TEMP_nk-cell,32.28571428571428571429,226
VHMLargeIntestine,ascending colon,Naive B,https://purl.org/ccf/ASCTB-TEMP_naive-b,4,24
VHMLargeIntestine,ascending colon,Neuroblast,https://purl.org/ccf/ASCTB-TEMP_neuroblast,4.2,21
VHMLargeIntestine,ascending colon,Paneth,https://purl.org/ccf/ASCTB-TEMP_paneth,9,54
VHMLargeIntestine,ascending colon,Pericyte,https://purl.org/ccf/ASCTB-TEMP_pericyte,9.83333333333333333333,59
VHMLargeIntestine,ascending colon,Pre-B,https://purl.org/ccf/ASCTB-TEMP_pre-b,12.66666666666666666667,76
VHMLargeIntestine,ascending colon,Pro-B,https://purl.org/ccf/ASCTB-TEMP_pro-b,8,40
VHMLargeIntestine,ascending colon,Progenitor (NEUROG3+),https://purl.org/ccf/ASCTB-TEMP_progenitor-neurog3-,10.33333333333333333333,62
VHMLargeIntestine,ascending colon,Proximal progenitor,https://purl.org/ccf/ASCTB-TEMP_proximal-progenitor,16,96
VHMLargeIntestine,ascending colon,RBC,https://purl.org/ccf/ASCTB-TEMP_rbc,12.6,63
VHMLargeIntestine,ascending colon,SELL+ CD4 T,https://purl.org/ccf/ASCTB-TEMP_sell-cd4-t,7.4,37
VHMLargeIntestine,ascending colon,SELL+ CD8 T,https://purl.org/ccf/ASCTB-TEMP_sell-cd8-t,28.66666666666666666667,172
VHMLargeIntestine,ascending colon,SMC (PART1/CAPN3+),https://purl.org/ccf/ASCTB-TEMP_smc-part1-capn3-,59.57142857142857142857,417
VHMLargeIntestine,ascending colon,SMC (PLPP2+),https://purl.org/ccf/ASCTB-TEMP_smc-plpp2-,169,1014
VHMLargeIntestine,ascending colon,STAT1+ Naive B,https://purl.org/ccf/ASCTB-TEMP_stat1-naive-b,13.57142857142857142857,95
VHMLargeIntestine,ascending colon,Stem cells,https://purl.org/ccf/ASCTB-TEMP_stem-cells,38.71428571428571428571,271
VHMLargeIntestine,ascending colon,Stromal 1 (ADAMDEC1+),https://purl.org/ccf/ASCTB-TEMP_stromal-1-adamdec1-,1,1
VHMLargeIntestine,ascending colon,Stromal 1 (CCL11+),https://purl.org/ccf/ASCTB-TEMP_stromal-1-ccl11-,29,145
VHMLargeIntestine,ascending colon,Stromal 2 (CH25H+),https://purl.org/ccf/ASCTB-TEMP_stromal-2-ch25h-,6.28571428571428571429,44
VHMLargeIntestine,ascending colon,Stromal 2 (NPY+),https://purl.org/ccf/ASCTB-TEMP_stromal-2-npy-,9.4,47
VHMLargeIntestine,ascending colon,Stromal 3 (C7+),https://purl.org/ccf/ASCTB-TEMP_stromal-3-c7-,54.25,217
VHMLargeIntestine,ascending colon,Stromal 3 (KCNN3+),https://purl.org/ccf/ASCTB-TEMP_stromal-3-kcnn3-,54,324
VHMLargeIntestine,ascending colon,Stromal 4 (MMP1+),https://purl.org/ccf/ASCTB-TEMP_stromal-4-mmp1-,1.8,9
VHMLargeIntestine,ascending colon,T reticular,https://purl.org/ccf/ASCTB-TEMP_t-reticular,4.16666666666666666667,25
VHMLargeIntestine,ascending colon,TA,https://purl.org/ccf/ASCTB-TEMP_ta,188.16666666666666666667,1129
VHMLargeIntestine,ascending colon,TRDV2/TRGV9 gdT,https://purl.org/ccf/ASCTB-TEMP_trdv2-trgv9-gdt,7,28
VHMLargeIntestine,ascending colon,TRGV2 gdT,https://purl.org/ccf/ASCTB-TEMP_trgv2-gdt,30,210
VHMLargeIntestine,ascending colon,TRGV4 gdT,https://purl.org/ccf/ASCTB-TEMP_trgv4-gdt,11.85714285714285714286,83
VHMLargeIntestine,ascending colon,TRGV5/7 gdT,https://purl.org/ccf/ASCTB-TEMP_trgv5-7-gdt,2,2
VHMLargeIntestine,ascending colon,Tfh,https://purl.org/ccf/ASCTB-TEMP_tfh,94.85714285714285714286,664
VHMLargeIntestine,ascending colon,Th1,https://purl.org/ccf/ASCTB-TEMP_th1,5.42857142857142857143,38
VHMLargeIntestine,ascending colon,Th17,https://purl.org/ccf/ASCTB-TEMP_th17,2.33333333333333333333,7
VHMLargeIntestine,ascending colon,Transitional Stromal 3 (C3+),https://purl.org/ccf/ASCTB-TEMP_transitional-stromal-3-c3-,56.71428571428571428571,397
VHMLargeIntestine,ascending colon,Treg,https://purl.org/ccf/ASCTB-TEMP_treg,4.8,24
VHMLargeIntestine,ascending colon,Tuft,https://purl.org/ccf/ASCTB-TEMP_tuft,23.71428571428571428571,166
VHMLargeIntestine,ascending colon,angiogenic pericyte,https://purl.org/ccf/ASCTB-TEMP_angiogenic-pericyte,14.33333333333333333333,86
VHMLargeIntestine,ascending colon,arterial capillary,https://purl.org/ccf/ASCTB-TEMP_arterial-capillary,57.28571428571428571429,401
VHMLargeIntestine,ascending colon,cDC1,https://purl.org/ccf/ASCTB-TEMP_cdc1,6.5,39
VHMLargeIntestine,ascending colon,cDC2,https://purl.org/ccf/ASCTB-TEMP_cdc2,27.2,136
VHMLargeIntestine,ascending colon,cycling EC,https://purl.org/ccf/ASCTB-TEMP_cycling-ec,18.33333333333333333333,110
VHMLargeIntestine,ascending colon,cycling ENCC/glia,https://purl.org/ccf/ASCTB-TEMP_cycling-encc-glia,4,20
VHMLargeIntestine,ascending colon,cycling neuroblast,https://purl.org/ccf/ASCTB-TEMP_cycling-neuroblast,1.8,9
VHMLargeIntestine,ascending colon,cycling stromal,https://purl.org/ccf/ASCTB-TEMP_cycling-stromal,1,2
VHMLargeIntestine,ascending colon,enterocyte of epithelium of large intestine,http://purl.obolibrary.org/obo/CL_0002071,1262.14285714285714285714,8835
VHMLargeIntestine,ascending colon,fibroblast,http://purl.obolibrary.org/obo/CL_0000057,380.83333333333333333333,2285
VHMLargeIntestine,ascending colon,gut endothelial cell,http://purl.obolibrary.org/obo/CL_0000131,314.71428571428571428571,2203
VHMLargeIntestine,ascending colon,intestinal enteroendocrine cell,http://purl.obolibrary.org/obo/CL_1001516,8,48
VHMLargeIntestine,ascending colon,intestinal tuft cell,http://purl.obolibrary.org/obo/CL_0019032,273.57142857142857142857,1915
VHMLargeIntestine,ascending colon,large intestine goblet cell,http://purl.obolibrary.org/obo/CL_1000320,545.14285714285714285714,3816
VHMLargeIntestine,ascending colon,mLN Stroma (FMO2+),https://purl.org/ccf/ASCTB-TEMP_mln-stroma-fmo2-,7.5,45
VHMLargeIntestine,ascending colon,mLTo,https://purl.org/ccf/ASCTB-TEMP_mlto,30.16666666666666666667,181
VHMLargeIntestine,ascending colon,mast cell,http://purl.obolibrary.org/obo/CL_0000097,4,8
VHMLargeIntestine,ascending colon,monocyte,http://purl.obolibrary.org/obo/CL_0000576,19.42857142857142857143,136
VHMLargeIntestine,ascending colon,myofibroblast,https://purl.org/ccf/ASCTB-TEMP_myofibroblast,97,679
VHMLargeIntestine,ascending colon,myofibroblast (RSPO2+),https://purl.org/ccf/ASCTB-TEMP_myofibroblast-rspo2-,48.83333333333333333333,293
VHMLargeIntestine,ascending colon,neutrophil,http://purl.obolibrary.org/obo/CL_0000775,28.5,57
VHMLargeIntestine,ascending colon,pDC,https://purl.org/ccf/ASCTB-TEMP_pdc,4.25,17
VHMLargeIntestine,ascending colon,paneth cell of colon,http://purl.obolibrary.org/obo/CL_0009009,43.85714285714285714286,307
VHMLargeIntestine,ascending colon,plasma cell,http://purl.obolibrary.org/obo/CL_0000786,28,112
VHMLargeIntestine,ascending colon,transit amplifying cell of colon,http://purl.obolibrary.org/obo/CL_0009011,14.25,57
VHMLargeIntestine,ascending colon,venous capillary,https://purl.org/ccf/ASCTB-TEMP_venous-capillary,2,6
VHMLargeIntestine,ascending colon,β cells (INS+),https://purl.org/ccf/ASCTB-TEMP_-cells-ins-,1.33333333333333333333,4
VHMLargeIntestine,descending colon,Activated CD4 T,https://purl.org/ccf/ASCTB-TEMP_activated-cd4-t,1,1
VHMLargeIntestine,descending colon,Activated CD8 T,https://purl.org/ccf/ASCTB-TEMP_activated-cd8-t,2,6
VHMLargeIntestine,descending colon,Activated T,https://purl.org/ccf/ASCTB-TEMP_activated-t,248.33333333333333333333,1490
VHMLargeIntestine,descending colon,Adult Glia,https://purl.org/ccf/ASCTB-TEMP_adult-glia,94.16666666666666666667,565
VHMLargeIntestine,descending colon,B cell,http://purl.obolibrary.org/obo/CL_0000236,35.16666666666666666667,211
VHMLargeIntestine,descending colon,BEST2+ Goblet cell,https://purl.org/ccf/ASCTB-TEMP_best2-goblet-cell,81.33333333333333333333,488
VHMLargeIntestine,descending colon,BEST4+ epithelial,https://purl.org/ccf/ASCTB-TEMP_best4-epithelial,43.83333333333333333333,263
VHMLargeIntestine,descending colon,Branch A1 (iMN),https://purl.org/ccf/ASCTB-TEMP_branch-a1-imn-,3.5,21
VHMLargeIntestine,descending colon,Branch A2 (IPAN/IN),https://purl.org/ccf/ASCTB-TEMP_branch-a2-ipan-in-,16.66666666666666666667,100
VHMLargeIntestine,descending colon,Branch A3 (IPAN/IN),https://purl.org/ccf/ASCTB-TEMP_branch-a3-ipan-in-,1.66666666666666666667,10
VHMLargeIntestine,descending colon,Branch A4 (IN),https://purl.org/ccf/ASCTB-TEMP_branch-a4-in-,29.66666666666666666667,178
VHMLargeIntestine,descending colon,Branch B1 (eMN),https://purl.org/ccf/ASCTB-TEMP_branch-b1-emn-,24.16666666666666666667,145
VHMLargeIntestine,descending colon,Branch B2 (eMN),https://purl.org/ccf/ASCTB-TEMP_branch-b2-emn-,3,15
VHMLargeIntestine,descending colon,Branch B3 (IPAN),https://purl.org/ccf/ASCTB-TEMP_branch-b3-ipan-,6.33333333333333333333,38
VHMLargeIntestine,descending colon,"CD4-positive, alpha-beta T cell",http://purl.obolibrary.org/obo/CL_0000624,63.16666666666666666667,379
VHMLargeIntestine,descending colon,CD8 Tmem,https://purl.org/ccf/ASCTB-TEMP_cd8-tmem,7.66666666666666666667,46
VHMLargeIntestine,descending colon,"CD8-positive, alpha-beta T cell",http://purl.obolibrary.org/obo/CL_0000625,36,216
VHMLargeIntestine,descending colon,CLC+ Mast cell,https://purl.org/ccf/ASCTB-TEMP_clc-mast-cell,8,40
VHMLargeIntestine,descending colon,CLDN10+ cells,https://purl.org/ccf/ASCTB-TEMP_cldn10-cells,4.4,22
VHMLargeIntestine,descending colon,CLP,https://purl.org/ccf/ASCTB-TEMP_clp,5,30
VHMLargeIntestine,descending colon,CX3CR1+ CD8 Tmem,https://purl.org/ccf/ASCTB-TEMP_cx3cr1-cd8-tmem,1,3
VHMLargeIntestine,descending colon,Colonocyte,https://purl.org/ccf/ASCTB-TEMP_colonocyte,184.16666666666666666667,1105
VHMLargeIntestine,descending colon,Contractile pericyte (PLN+),https://purl.org/ccf/ASCTB-TEMP_contractile-pericyte-pln-,37.5,225
VHMLargeIntestine,descending colon,Cycling B cell,https://purl.org/ccf/ASCTB-TEMP_cycling-b-cell,35.33333333333333333333,212
VHMLargeIntestine,descending colon,Cycling plasma cell,https://purl.org/ccf/ASCTB-TEMP_cycling-plasma-cell,1127,6762
VHMLargeIntestine,descending colon,D cells (SST+),https://purl.org/ccf/ASCTB-TEMP_d-cells-sst-,8,40
VHMLargeIntestine,descending colon,DZ GC cell,https://purl.org/ccf/ASCTB-TEMP_dz-gc-cell,3,12
VHMLargeIntestine,descending colon,Differentiating glia,https://purl.org/ccf/ASCTB-TEMP_differentiating-glia,1.25,5
VHMLargeIntestine,descending colon,Distal progenitor,https://purl.org/ccf/ASCTB-TEMP_distal-progenitor,17,68
VHMLargeIntestine,descending colon,EC cells (NPW+),https://purl.org/ccf/ASCTB-TEMP_ec-cells-npw-,4.8,24
VHMLargeIntestine,descending colon,EC cells (TAC1+),https://purl.org/ccf/ASCTB-TEMP_ec-cells-tac1-,3.75,15
VHMLargeIntestine,descending colon,EECs,https://purl.org/ccf/ASCTB-TEMP_eecs,102.83333333333333333333,617
VHMLargeIntestine,descending colon,ENCC/glia Progenitor,https://purl.org/ccf/ASCTB-TEMP_encc-glia-progenitor,2.5,10
VHMLargeIntestine,descending colon,Enterocyte,https://purl.org/ccf/ASCTB-TEMP_enterocyte,8.5,51
VHMLargeIntestine,descending colon,FCRL4+ Memory B,https://purl.org/ccf/ASCTB-TEMP_fcrl4-memory-b,8,16
VHMLargeIntestine,descending colon,FDC,https://purl.org/ccf/ASCTB-TEMP_fdc,3,12
VHMLargeIntestine,descending colon,Fetal arterial EC,https://purl.org/ccf/ASCTB-TEMP_fetal-arterial-ec,5,30
VHMLargeIntestine,descending colon,Fetal venous EC,https://purl.org/ccf/ASCTB-TEMP_fetal-venous-ec,9.6,48
VHMLargeIntestine,descending colon,GC B cell,https://purl.org/ccf/ASCTB-TEMP_gc-b-cell,1.33333333333333333333,4
VHMLargeIntestine,descending colon,Germ,https://purl.org/ccf/ASCTB-TEMP_germ,7.8,39
VHMLargeIntestine,descending colon,Glia 1 (DHH+),https://purl.org/ccf/ASCTB-TEMP_glia-1-dhh-,2.66666666666666666667,8
VHMLargeIntestine,descending colon,Glia 2 (ELN+),https://purl.org/ccf/ASCTB-TEMP_glia-2-eln-,7.83333333333333333333,47
VHMLargeIntestine,descending colon,Glia 3 (BCAN+),https://purl.org/ccf/ASCTB-TEMP_glia-3-bcan-,12.66666666666666666667,76
VHMLargeIntestine,descending colon,Goblet cell,https://purl.org/ccf/ASCTB-TEMP_goblet-cell,374.33333333333333333333,2246
VHMLargeIntestine,descending colon,I cells (CCK+),https://purl.org/ccf/ASCTB-TEMP_i-cells-cck-,5.2,26
VHMLargeIntestine,descending colon,ICC,https://purl.org/ccf/ASCTB-TEMP_icc,2.66666666666666666667,8
VHMLargeIntestine,descending colon,ILC2,https://purl.org/ccf/ASCTB-TEMP_ilc2,5.75,23
VHMLargeIntestine,descending colon,ILC3,https://purl.org/ccf/ASCTB-TEMP_ilc3,2.8,14
VHMLargeIntestine,descending colon,ILCP,https://purl.org/ccf/ASCTB-TEMP_ilcp,4.66666666666666666667,28
VHMLargeIntestine,descending colon,IgA plasma cell,https://purl.org/ccf/ASCTB-TEMP_iga-plasma-cell,8.25,33
VHMLargeIntestine,descending colon,IgG plasma cell,https://purl.org/ccf/ASCTB-TEMP_igg-plasma-cell,8.33333333333333333333,50
VHMLargeIntestine,descending colon,IgM plasma cell,https://purl.org/ccf/ASCTB-TEMP_igm-plasma-cell,1,1
VHMLargeIntestine,descending colon,Immature B,https://purl.org/ccf/ASCTB-TEMP_immature-b,1.66666666666666666667,5
VHMLargeIntestine,descending colon,Immature pericyte,https://purl.org/ccf/ASCTB-TEMP_immature-pericyte,2,6
VHMLargeIntestine,descending colon,K cells (GIP+),https://purl.org/ccf/ASCTB-TEMP_k-cells-gip-,10.16666666666666666667,61
VHMLargeIntestine,descending colon,L cells (PYY+),https://purl.org/ccf/ASCTB-TEMP_l-cells-pyy-,14,84
VHMLargeIntestine,descending colon,LEC1 (ACKR4+),https://purl.org/ccf/ASCTB-TEMP_lec1-ackr4-,53,318
VHMLargeIntestine,descending colon,LEC2 (MADCAM1+),https://purl.org/ccf/ASCTB-TEMP_lec2-madcam1-,1,2
VHMLargeIntestine,descending colon,LEC3 (ADGRG3+),https://purl.org/ccf/ASCTB-TEMP_lec3-adgrg3-,7.4,37
VHMLargeIntestine,descending colon,LEC4 (STAB2+),https://purl.org/ccf/ASCTB-TEMP_lec4-stab2-,10,60
VHMLargeIntestine,descending colon,LEC5 (CLDN11+),https://purl.org/ccf/ASCTB-TEMP_lec5-cldn11-,1.4,7
VHMLargeIntestine,descending colon,LEC6 (ADAMTS4+),https://purl.org/ccf/ASCTB-TEMP_lec6-adamts4-,17,102
VHMLargeIntestine,descending colon,LTi-like NCR+ ILC3,https://purl.org/ccf/ASCTB-TEMP_lti-like-ncr-ilc3,5.5,22
VHMLargeIntestine,descending colon,LTi-like NCR- ILC3,https://purl.org/ccf/ASCTB-TEMP_lti-like-ncr-ilc3,7.5,15
VHMLargeIntestine,descending colon,LYVE1+ Macrophage,https://purl.org/ccf/ASCTB-TEMP_lyve1-macrophage,30.75,123
VHMLargeIntestine,descending colon,LZ GC cell,https://purl.org/ccf/ASCTB-TEMP_lz-gc-cell,1.25,5
VHMLargeIntestine,descending colon,Lymphoid DC,https://purl.org/ccf/ASCTB-TEMP_lymphoid-dc,14.83333333333333333333,89
VHMLargeIntestine,descending colon,MAIT cell,https://purl.org/ccf/ASCTB-TEMP_mait-cell,14.5,87
VHMLargeIntestine,descending colon,MMP9+ Inflammatory macrophage,https://purl.org/ccf/ASCTB-TEMP_mmp9-inflammatory-macrophage,6.33333333333333333333,38
VHMLargeIntestine,descending colon,MPO+ mono-neutrophil,https://purl.org/ccf/ASCTB-TEMP_mpo-mono-neutrophil,2.33333333333333333333,7
VHMLargeIntestine,descending colon,Macrophages,https://purl.org/ccf/ASCTB-TEMP_macrophages,23.8,119
VHMLargeIntestine,descending colon,Mast cell,https://purl.org/ccf/ASCTB-TEMP_mast-cell,35.25,141
VHMLargeIntestine,descending colon,Mature arterial EC,https://purl.org/ccf/ASCTB-TEMP_mature-arterial-ec,20.5,123
VHMLargeIntestine,descending colon,Mature venous EC,https://purl.org/ccf/ASCTB-TEMP_mature-venous-ec,27,162
VHMLargeIntestine,descending colon,Megakaryocyte,https://purl.org/ccf/ASCTB-TEMP_megakaryocyte,10.8,54
VHMLargeIntestine,descending colon,Memory B,https://purl.org/ccf/ASCTB-TEMP_memory-b,14.8,74
VHMLargeIntestine,descending colon,Mesoderm 1 (HAND1+),https://purl.org/ccf/ASCTB-TEMP_mesoderm-1-hand1-,647.16666666666666666667,3883
VHMLargeIntestine,descending colon,Mesoderm 2 (ZEB2+),https://purl.org/ccf/ASCTB-TEMP_mesoderm-2-zeb2-,1.5,3
VHMLargeIntestine,descending colon,Mesothelium,https://purl.org/ccf/ASCTB-TEMP_mesothelium,1,3
VHMLargeIntestine,descending colon,Mesothelium (PRG4+),https://purl.org/ccf/ASCTB-TEMP_mesothelium-prg4-,1,1
VHMLargeIntestine,descending colon,Mesothelium (RGS5+),https://purl.org/ccf/ASCTB-TEMP_mesothelium-rgs5-,27.16666666666666666667,163
VHMLargeIntestine,descending colon,Microfold cell,https://purl.org/ccf/ASCTB-TEMP_microfold-cell,132.33333333333333333333,794
VHMLargeIntestine,descending colon,Monocytes,https://purl.org/ccf/ASCTB-TEMP_monocytes,7.83333333333333333333,47
VHMLargeIntestine,descending colon,N cells (NTS+),https://purl.org/ccf/ASCTB-TEMP_n-cells-nts-,1,4
VHMLargeIntestine,descending colon,NK T cell,https://purl.org/ccf/ASCTB-TEMP_nk-t-cell,8.8,44
VHMLargeIntestine,descending colon,NK cell,https://purl.org/ccf/ASCTB-TEMP_nk-cell,32.5,195
VHMLargeIntestine,descending colon,Naive B,https://purl.org/ccf/ASCTB-TEMP_naive-b,4.2,21
VHMLargeIntestine,descending colon,Neuroblast,https://purl.org/ccf/ASCTB-TEMP_neuroblast,2,10
VHMLargeIntestine,descending colon,Paneth,https://purl.org/ccf/ASCTB-TEMP_paneth,10.33333333333333333333,62
VHMLargeIntestine,descending colon,Pericyte,https://purl.org/ccf/ASCTB-TEMP_pericyte,9.5,57
VHMLargeIntestine,descending colon,Pre-B,https://purl.org/ccf/ASCTB-TEMP_pre-b,14.8,74
VHMLargeIntestine,descending colon,Pro-B,https://purl.org/ccf/ASCTB-TEMP_pro-b,4.33333333333333333333,26
VHMLargeIntestine,descending colon,Progenitor (NEUROG3+),https://purl.org/ccf/ASCTB-TEMP_progenitor-neurog3-,7.6,38
VHMLargeIntestine,descending colon,Proximal progenitor,https://purl.org/ccf/ASCTB-TEMP_proximal-progenitor,24.16666666666666666667,145
VHMLargeIntestine,descending colon,RBC,https://purl.org/ccf/ASCTB-TEMP_rbc,18.4,92
VHMLargeIntestine,descending colon,SELL+ CD4 T,https://purl.org/ccf/ASCTB-TEMP_sell-cd4-t,14,70
VHMLargeIntestine,descending colon,SELL+ CD8 T,https://purl.org/ccf/ASCTB-TEMP_sell-cd8-t,26,156
VHMLargeIntestine,descending colon,SMC (PART1/CAPN3+),https://purl.org/ccf/ASCTB-TEMP_smc-part1-capn3-,32.2,161
VHMLargeIntestine,descending colon,SMC (PLPP2+),https://purl.org/ccf/ASCTB-TEMP_smc-plpp2-,204.16666666666666666667,1225
VHMLargeIntestine,descending colon,STAT1+ Naive B,https://purl.org/ccf/ASCTB-TEMP_stat1-naive-b,16.66666666666666666667,100
VHMLargeIntestine,descending colon,Stem cells,https://purl.org/ccf/ASCTB-TEMP_stem-cells,148.83333333333333333333,893
VHMLargeIntestine,descending colon,Stromal 1 (ADAMDEC1+),https://purl.org/ccf/ASCTB-TEMP_stromal-1-adamdec1-,1,1
VHMLargeIntestine,descending colon,Stromal 1 (CCL11+),https://purl.org/ccf/ASCTB-TEMP_stromal-1-ccl11-,57.2,286
VHMLargeIntestine,descending colon,Stromal 2 (CH25H+),https://purl.org/ccf/ASCTB-TEMP_stromal-2-ch25h-,8.66666666666666666667,52
VHMLargeIntestine,descending colon,Stromal 2 (NPY+),https://purl.org/ccf/ASCTB-TEMP_stromal-2-npy-,27.75,111
VHMLargeIntestine,descending colon,Stromal 3 (C7+),https://purl.org/ccf/ASCTB-TEMP_stromal-3-c7-,31.4,157
VHMLargeIntestine,descending colon,Stromal 3 (KCNN3+),https://purl.org/ccf/ASCTB-TEMP_stromal-3-kcnn3-,59.75,239
VHMLargeIntestine,descending colon,Stromal 4 (MMP1+),https://purl.org/ccf/ASCTB-TEMP_stromal-4-mmp1-,2.8,14
VHMLargeIntestine,descending colon,T reticular,https://purl.org/ccf/ASCTB-TEMP_t-reticular,3.33333333333333333333,20
VHMLargeIntestine,descending colon,TA,https://purl.org/ccf/ASCTB-TEMP_ta,286.33333333333333333333,1718
VHMLargeIntestine,descending colon,TRDV2/TRGV9 gdT,https://purl.org/ccf/ASCTB-TEMP_trdv2-trgv9-gdt,3.4,17
VHMLargeIntestine,descending colon,TRGV2 gdT,https://purl.org/ccf/ASCTB-TEMP_trgv2-gdt,26.83333333333333333333,161
VHMLargeIntestine,descending colon,TRGV4 gdT,https://purl.org/ccf/ASCTB-TEMP_trgv4-gdt,11,66
VHMLargeIntestine,descending colon,TRGV5/7 gdT,https://purl.org/ccf/ASCTB-TEMP_trgv5-7-gdt,1,3
VHMLargeIntestine,descending colon,Tfh,https://purl.org/ccf/ASCTB-TEMP_tfh,91,546
VHMLargeIntestine,descending colon,Th1,https://purl.org/ccf/ASCTB-TEMP_th1,3.2,16
VHMLargeIntestine,descending colon,Th17,https://purl.org/ccf/ASCTB-TEMP_th17,2,8
VHMLargeIntestine,descending colon,Transitional Stromal 3 (C3+),https://purl.org/ccf/ASCTB-TEMP_transitional-stromal-3-c3-,64.33333333333333333333,386
VHMLargeIntestine,descending colon,Treg,https://purl.org/ccf/ASCTB-TEMP_treg,4.2,21
VHMLargeIntestine,descending colon,Tuft,https://purl.org/ccf/ASCTB-TEMP_tuft,31.33333333333333333333,188
VHMLargeIntestine,descending colon,angiogenic pericyte,https://purl.org/ccf/ASCTB-TEMP_angiogenic-pericyte,10.33333333333333333333,62
VHMLargeIntestine,descending colon,arterial capillary,https://purl.org/ccf/ASCTB-TEMP_arterial-capillary,58.66666666666666666667,352
VHMLargeIntestine,descending colon,cDC1,https://purl.org/ccf/ASCTB-TEMP_cdc1,7.33333333333333333333,44
VHMLargeIntestine,descending colon,cDC2,https://purl.org/ccf/ASCTB-TEMP_cdc2,20.83333333333333333333,125
VHMLargeIntestine,descending colon,cycling EC,https://purl.org/ccf/ASCTB-TEMP_cycling-ec,25,100
VHMLargeIntestine,descending colon,cycling ENCC/glia,https://purl.org/ccf/ASCTB-TEMP_cycling-encc-glia,2.8,14
VHMLargeIntestine,descending colon,cycling neuroblast,https://purl.org/ccf/ASCTB-TEMP_cycling-neuroblast,1.5,3
VHMLargeIntestine,descending colon,enterocyte of epithelium of large intestine,http://purl.obolibrary.org/obo/CL_0002071,1354,8124
VHMLargeIntestine,descending colon,fibroblast,http://purl.obolibrary.org/obo/CL_0000057,203,1218
VHMLargeIntestine,descending colon,gut endothelial cell,http://purl.obolibrary.org/obo/CL_0000131,367.66666666666666666667,2206
VHMLargeIntestine,descending colon,intestinal enteroendocrine cell,http://purl.obolibrary.org/obo/CL_1001516,9,54
VHMLargeIntestine,descending colon,intestinal tuft cell,http://purl.obolibrary.org/obo/CL_0019032,507,3042
VHMLargeIntestine,descending colon,large intestine goblet cell,http://purl.obolibrary.org/obo/CL_1000320,692,4152
VHMLargeIntestine,descending colon,mLN Stroma (FMO2+),https://purl.org/ccf/ASCTB-TEMP_mln-stroma-fmo2-,9.5,57
VHMLargeIntestine,descending colon,mLTo,https://purl.org/ccf/ASCTB-TEMP_mlto,20.5,123
VHMLargeIntestine,descending colon,monocyte,http://purl.obolibrary.org/obo/CL_0000576,34.83333333333333333333,209
VHMLargeIntestine,descending colon,myofibroblast,https://purl.org/ccf/ASCTB-TEMP_myofibroblast,74.5,447
VHMLargeIntestine,descending colon,myofibroblast (RSPO2+),https://purl.org/ccf/ASCTB-TEMP_myofibroblast-rspo2-,61,366
VHMLargeIntestine,descending colon,neutrophil,http://purl.obolibrary.org/obo/CL_0000775,12.5,50
VHMLargeIntestine,descending colon,pDC,https://purl.org/ccf/ASCTB-TEMP_pdc,1.75,7
VHMLargeIntestine,descending colon,paneth cell of colon,http://purl.obolibrary.org/obo/CL_0009009,43.33333333333333333333,260
VHMLargeIntestine,descending colon,plasma cell,http://purl.obolibrary.org/obo/CL_0000786,17,102
VHMLargeIntestine,descending colon,transit amplifying cell of colon,http://purl.obolibrary.org/obo/CL_0009011,54.25,217
VHMLargeIntestine,descending colon,venous capillary,https://purl.org/ccf/ASCTB-TEMP_venous-capillary,1.25,5
VHMLargeIntestine,descending colon,β cells (INS+),https://purl.org/ccf/ASCTB-TEMP_-cells-ins-,1,1
VHMLargeIntestine,rectum,Activated CD4 T,https://purl.org/ccf/ASCTB-TEMP_activated-cd4-t,5,5
VHMLargeIntestine,rectum,Activated CD8 T,https://purl.org/ccf/ASCTB-TEMP_activated-cd8-t,1.5,6
VHMLargeIntestine,rectum,Activated T,https://purl.org/ccf/ASCTB-TEMP_activated-t,197,1379
VHMLargeIntestine,rectum,Adult Glia,https://purl.org/ccf/ASCTB-TEMP_adult-glia,82.14285714285714285714,575
VHMLargeIntestine,rectum,B cell,http://purl.obolibrary.org/obo/CL_0000236,48.14285714285714285714,337
VHMLargeIntestine,rectum,BEST2+ Goblet cell,https://purl.org/ccf/ASCTB-TEMP_best2-goblet-cell,104.85714285714285714286,734
VHMLargeIntestine,rectum,BEST4+ epithelial,https://purl.org/ccf/ASCTB-TEMP_best4-epithelial,29.28571428571428571429,205
VHMLargeIntestine,rectum,Branch A1 (iMN),https://purl.org/ccf/ASCTB-TEMP_branch-a1-imn-,5.33333333333333333333,32
VHMLargeIntestine,rectum,Branch A2 (IPAN/IN),https://purl.org/ccf/ASCTB-TEMP_branch-a2-ipan-in-,31.66666666666666666667,190
VHMLargeIntestine,rectum,Branch A3 (IPAN/IN),https://purl.org/ccf/ASCTB-TEMP_branch-a3-ipan-in-,7,28
VHMLargeIntestine,rectum,Branch A4 (IN),https://purl.org/ccf/ASCTB-TEMP_branch-a4-in-,27.33333333333333333333,164
VHMLargeIntestine,rectum,Branch B1 (eMN),https://purl.org/ccf/ASCTB-TEMP_branch-b1-emn-,63.42857142857142857143,444
VHMLargeIntestine,rectum,Branch B2 (eMN),https://purl.org/ccf/ASCTB-TEMP_branch-b2-emn-,5.25,21
VHMLargeIntestine,rectum,Branch B3 (IPAN),https://purl.org/ccf/ASCTB-TEMP_branch-b3-ipan-,4.33333333333333333333,26
VHMLargeIntestine,rectum,"CD4-positive, alpha-beta T cell",http://purl.obolibrary.org/obo/CL_0000624,63,378
VHMLargeIntestine,rectum,CD8 Tmem,https://purl.org/ccf/ASCTB-TEMP_cd8-tmem,15.16666666666666666667,91
VHMLargeIntestine,rectum,"CD8-positive, alpha-beta T cell",http://purl.obolibrary.org/obo/CL_0000625,43.42857142857142857143,304
VHMLargeIntestine,rectum,CLC+ Mast cell,https://purl.org/ccf/ASCTB-TEMP_clc-mast-cell,6.16666666666666666667,37
VHMLargeIntestine,rectum,CLDN10+ cells,https://purl.org/ccf/ASCTB-TEMP_cldn10-cells,4.5,27
VHMLargeIntestine,rectum,CLP,https://purl.org/ccf/ASCTB-TEMP_clp,4.33333333333333333333,26
VHMLargeIntestine,rectum,CX3CR1+ CD8 Tmem,https://purl.org/ccf/ASCTB-TEMP_cx3cr1-cd8-tmem,1.6,8
VHMLargeIntestine,rectum,Colonocyte,https://purl.org/ccf/ASCTB-TEMP_colonocyte,172,1032
VHMLargeIntestine,rectum,Contractile pericyte (PLN+),https://purl.org/ccf/ASCTB-TEMP_contractile-pericyte-pln-,46.42857142857142857143,325
VHMLargeIntestine,rectum,Cycling B cell,https://purl.org/ccf/ASCTB-TEMP_cycling-b-cell,48.28571428571428571429,338
VHMLargeIntestine,rectum,Cycling plasma cell,https://purl.org/ccf/ASCTB-TEMP_cycling-plasma-cell,376.57142857142857142857,2636
VHMLargeIntestine,rectum,D cells (SST+),https://purl.org/ccf/ASCTB-TEMP_d-cells-sst-,11.5,69
VHMLargeIntestine,rectum,DZ GC cell,https://purl.org/ccf/ASCTB-TEMP_dz-gc-cell,11.83333333333333333333,71
VHMLargeIntestine,rectum,Differentiating glia,https://purl.org/ccf/ASCTB-TEMP_differentiating-glia,5,15
VHMLargeIntestine,rectum,Distal progenitor,https://purl.org/ccf/ASCTB-TEMP_distal-progenitor,22.6,113
VHMLargeIntestine,rectum,EC cells (NPW+),https://purl.org/ccf/ASCTB-TEMP_ec-cells-npw-,8,48
VHMLargeIntestine,rectum,EC cells (TAC1+),https://purl.org/ccf/ASCTB-TEMP_ec-cells-tac1-,14.25,57
VHMLargeIntestine,rectum,EECs,https://purl.org/ccf/ASCTB-TEMP_eecs,120.42857142857142857143,843
VHMLargeIntestine,rectum,ENCC/glia Progenitor,https://purl.org/ccf/ASCTB-TEMP_encc-glia-progenitor,2.6,13
VHMLargeIntestine,rectum,Enterocyte,https://purl.org/ccf/ASCTB-TEMP_enterocyte,11,55
VHMLargeIntestine,rectum,FCRL4+ Memory B,https://purl.org/ccf/ASCTB-TEMP_fcrl4-memory-b,4,16
VHMLargeIntestine,rectum,FDC,https://purl.org/ccf/ASCTB-TEMP_fdc,2,10
VHMLargeIntestine,rectum,Fetal arterial EC,https://purl.org/ccf/ASCTB-TEMP_fetal-arterial-ec,7.2,36
VHMLargeIntestine,rectum,Fetal venous EC,https://purl.org/ccf/ASCTB-TEMP_fetal-venous-ec,23,138
VHMLargeIntestine,rectum,GC B cell,https://purl.org/ccf/ASCTB-TEMP_gc-b-cell,4.66666666666666666667,14
VHMLargeIntestine,rectum,Germ,https://purl.org/ccf/ASCTB-TEMP_germ,6,36
VHMLargeIntestine,rectum,Glia 1 (DHH+),https://purl.org/ccf/ASCTB-TEMP_glia-1-dhh-,4.5,27
VHMLargeIntestine,rectum,Glia 2 (ELN+),https://purl.org/ccf/ASCTB-TEMP_glia-2-eln-,24.6,123
VHMLargeIntestine,rectum,Glia 3 (BCAN+),https://purl.org/ccf/ASCTB-TEMP_glia-3-bcan-,16.28571428571428571429,114
VHMLargeIntestine,rectum,Goblet cell,https://purl.org/ccf/ASCTB-TEMP_goblet-cell,407.71428571428571428571,2854
VHMLargeIntestine,rectum,I cells (CCK+),https://purl.org/ccf/ASCTB-TEMP_i-cells-cck-,6.83333333333333333333,41
VHMLargeIntestine,rectum,ICC,https://purl.org/ccf/ASCTB-TEMP_icc,1.8,9
VHMLargeIntestine,rectum,ILC2,https://purl.org/ccf/ASCTB-TEMP_ilc2,4.16666666666666666667,25
VHMLargeIntestine,rectum,ILC3,https://purl.org/ccf/ASCTB-TEMP_ilc3,3.75,15
VHMLargeIntestine,rectum,ILCP,https://purl.org/ccf/ASCTB-TEMP_ilcp,5,30
VHMLargeIntestine,rectum,IgA plasma cell,https://purl.org/ccf/ASCTB-TEMP_iga-plasma-cell,13.4,67
VHMLargeIntestine,rectum,IgG plasma cell,https://purl.org/ccf/ASCTB-TEMP_igg-plasma-cell,24,144
VHMLargeIntestine,rectum,IgM plasma cell,https://purl.org/ccf/ASCTB-TEMP_igm-plasma-cell,1,1
VHMLargeIntestine,rectum,Immature B,https://purl.org/ccf/ASCTB-TEMP_immature-b,1,2
VHMLargeIntestine,rectum,Immature pericyte,https://purl.org/ccf/ASCTB-TEMP_immature-pericyte,5.25,21
VHMLargeIntestine,rectum,K cells (GIP+),https://purl.org/ccf/ASCTB-TEMP_k-cells-gip-,10.5,42
VHMLargeIntestine,rectum,L cells (PYY+),https://purl.org/ccf/ASCTB-TEMP_l-cells-pyy-,44.57142857142857142857,312
VHMLargeIntestine,rectum,LEC1 (ACKR4+),https://purl.org/ccf/ASCTB-TEMP_lec1-ackr4-,42.83333333333333333333,257
VHMLargeIntestine,rectum,LEC2 (MADCAM1+),https://purl.org/ccf/ASCTB-TEMP_lec2-madcam1-,1.66666666666666666667,5
VHMLargeIntestine,rectum,LEC3 (ADGRG3+),https://purl.org/ccf/ASCTB-TEMP_lec3-adgrg3-,9.57142857142857142857,67
VHMLargeIntestine,rectum,LEC4 (STAB2+),https://purl.org/ccf/ASCTB-TEMP_lec4-stab2-,12.28571428571428571429,86
VHMLargeIntestine,rectum,LEC5 (CLDN11+),https://purl.org/ccf/ASCTB-TEMP_lec5-cldn11-,5.33333333333333333333,16
VHMLargeIntestine,rectum,LEC6 (ADAMTS4+),https://purl.org/ccf/ASCTB-TEMP_lec6-adamts4-,26.28571428571428571429,184
VHMLargeIntestine,rectum,LTi-like NCR+ ILC3,https://purl.org/ccf/ASCTB-TEMP_lti-like-ncr-ilc3,49,49
VHMLargeIntestine,rectum,LTi-like NCR- ILC3,https://purl.org/ccf/ASCTB-TEMP_lti-like-ncr-ilc3,9.4,47
VHMLargeIntestine,rectum,LYVE1+ Macrophage,https://purl.org/ccf/ASCTB-TEMP_lyve1-macrophage,37.57142857142857142857,263
VHMLargeIntestine,rectum,LZ GC cell,https://purl.org/ccf/ASCTB-TEMP_lz-gc-cell,3.4,17
VHMLargeIntestine,rectum,Lymphoid DC,https://purl.org/ccf/ASCTB-TEMP_lymphoid-dc,11.16666666666666666667,67
VHMLargeIntestine,rectum,M/X cells (MLN/GHRL+),https://purl.org/ccf/ASCTB-TEMP_m-x-cells-mln-ghrl-,5.8,29
VHMLargeIntestine,rectum,MAIT cell,https://purl.org/ccf/ASCTB-TEMP_mait-cell,12.83333333333333333333,77
VHMLargeIntestine,rectum,MMP9+ Inflammatory macrophage,https://purl.org/ccf/ASCTB-TEMP_mmp9-inflammatory-macrophage,5.4,27
VHMLargeIntestine,rectum,MPO+ mono-neutrophil,https://purl.org/ccf/ASCTB-TEMP_mpo-mono-neutrophil,5.8,29
VHMLargeIntestine,rectum,Macrophages,https://purl.org/ccf/ASCTB-TEMP_macrophages,13.83333333333333333333,83
VHMLargeIntestine,rectum,Mast cell,https://purl.org/ccf/ASCTB-TEMP_mast-cell,26.66666666666666666667,160
VHMLargeIntestine,rectum,Mature arterial EC,https://purl.org/ccf/ASCTB-TEMP_mature-arterial-ec,26.71428571428571428571,187
VHMLargeIntestine,rectum,Mature venous EC,https://purl.org/ccf/ASCTB-TEMP_mature-venous-ec,21.57142857142857142857,151
VHMLargeIntestine,rectum,Megakaryocyte,https://purl.org/ccf/ASCTB-TEMP_megakaryocyte,3,18
VHMLargeIntestine,rectum,Memory B,https://purl.org/ccf/ASCTB-TEMP_memory-b,22.5,135
VHMLargeIntestine,rectum,Mesoderm 1 (HAND1+),https://purl.org/ccf/ASCTB-TEMP_mesoderm-1-hand1-,343.66666666666666666667,2062
VHMLargeIntestine,rectum,Mesoderm 2 (ZEB2+),https://purl.org/ccf/ASCTB-TEMP_mesoderm-2-zeb2-,2,4
VHMLargeIntestine,rectum,Mesothelium,https://purl.org/ccf/ASCTB-TEMP_mesothelium,2.66666666666666666667,8
VHMLargeIntestine,rectum,Mesothelium (PRG4+),https://purl.org/ccf/ASCTB-TEMP_mesothelium-prg4-,1.66666666666666666667,5
VHMLargeIntestine,rectum,Mesothelium (RGS5+),https://purl.org/ccf/ASCTB-TEMP_mesothelium-rgs5-,26.28571428571428571429,184
VHMLargeIntestine,rectum,Microfold cell,https://purl.org/ccf/ASCTB-TEMP_microfold-cell,102.42857142857142857143,717
VHMLargeIntestine,rectum,Monocytes,https://purl.org/ccf/ASCTB-TEMP_monocytes,16.33333333333333333333,98
VHMLargeIntestine,rectum,N cells (NTS+),https://purl.org/ccf/ASCTB-TEMP_n-cells-nts-,1.5,6
VHMLargeIntestine,rectum,NK T cell,https://purl.org/ccf/ASCTB-TEMP_nk-t-cell,14.33333333333333333333,86
VHMLargeIntestine,rectum,NK cell,https://purl.org/ccf/ASCTB-TEMP_nk-cell,53.71428571428571428571,376
VHMLargeIntestine,rectum,Naive B,https://purl.org/ccf/ASCTB-TEMP_naive-b,16,80
VHMLargeIntestine,rectum,Neuroblast,https://purl.org/ccf/ASCTB-TEMP_neuroblast,5,25
VHMLargeIntestine,rectum,Paneth,https://purl.org/ccf/ASCTB-TEMP_paneth,13,78
VHMLargeIntestine,rectum,Pericyte,https://purl.org/ccf/ASCTB-TEMP_pericyte,15.66666666666666666667,94
VHMLargeIntestine,rectum,Pre-B,https://purl.org/ccf/ASCTB-TEMP_pre-b,13.66666666666666666667,82
VHMLargeIntestine,rectum,Pro-B,https://purl.org/ccf/ASCTB-TEMP_pro-b,2,10
VHMLargeIntestine,rectum,Progenitor (NEUROG3+),https://purl.org/ccf/ASCTB-TEMP_progenitor-neurog3-,14.33333333333333333333,86
VHMLargeIntestine,rectum,Proximal progenitor,https://purl.org/ccf/ASCTB-TEMP_proximal-progenitor,29.83333333333333333333,179
VHMLargeIntestine,rectum,RBC,https://purl.org/ccf/ASCTB-TEMP_rbc,9.66666666666666666667,58
VHMLargeIntestine,rectum,SELL+ CD4 T,https://purl.org/ccf/ASCTB-TEMP_sell-cd4-t,8.6,43
VHMLargeIntestine,rectum,SELL+ CD8 T,https://purl.org/ccf/ASCTB-TEMP_sell-cd8-t,24.5,147
VHMLargeIntestine,rectum,SMC (PART1/CAPN3+),https://purl.org/ccf/ASCTB-TEMP_smc-part1-capn3-,113.42857142857142857143,794
VHMLargeIntestine,rectum,SMC (PLPP2+),https://purl.org/ccf/ASCTB-TEMP_smc-plpp2-,487.33333333333333333333,2924
VHMLargeIntestine,rectum,STAT1+ Naive B,https://purl.org/ccf/ASCTB-TEMP_stat1-naive-b,44.85714285714285714286,314
VHMLargeIntestine,rectum,Stem cells,https://purl.org/ccf/ASCTB-TEMP_stem-cells,57.14285714285714285714,400
VHMLargeIntestine,rectum,Stromal 1 (ADAMDEC1+),https://purl.org/ccf/ASCTB-TEMP_stromal-1-adamdec1-,1,1
VHMLargeIntestine,rectum,Stromal 1 (CCL11+),https://purl.org/ccf/ASCTB-TEMP_stromal-1-ccl11-,64.14285714285714285714,449
VHMLargeIntestine,rectum,Stromal 2 (CH25H+),https://purl.org/ccf/ASCTB-TEMP_stromal-2-ch25h-,14.66666666666666666667,88
VHMLargeIntestine,rectum,Stromal 2 (NPY+),https://purl.org/ccf/ASCTB-TEMP_stromal-2-npy-,40,200
VHMLargeIntestine,rectum,Stromal 3 (C7+),https://purl.org/ccf/ASCTB-TEMP_stromal-3-c7-,44.14285714285714285714,309
VHMLargeIntestine,rectum,Stromal 3 (KCNN3+),https://purl.org/ccf/ASCTB-TEMP_stromal-3-kcnn3-,53.71428571428571428571,376
VHMLargeIntestine,rectum,Stromal 4 (MMP1+),https://purl.org/ccf/ASCTB-TEMP_stromal-4-mmp1-,5.83333333333333333333,35
VHMLargeIntestine,rectum,T reticular,https://purl.org/ccf/ASCTB-TEMP_t-reticular,9.83333333333333333333,59
VHMLargeIntestine,rectum,TA,https://purl.org/ccf/ASCTB-TEMP_ta,215.14285714285714285714,1506
VHMLargeIntestine,rectum,TRDV2/TRGV9 gdT,https://purl.org/ccf/ASCTB-TEMP_trdv2-trgv9-gdt,5.4,27
VHMLargeIntestine,rectum,TRGV2 gdT,https://purl.org/ccf/ASCTB-TEMP_trgv2-gdt,35.57142857142857142857,249
VHMLargeIntestine,rectum,TRGV4 gdT,https://purl.org/ccf/ASCTB-TEMP_trgv4-gdt,19.66666666666666666667,118
VHMLargeIntestine,rectum,TRGV5/7 gdT,https://purl.org/ccf/ASCTB-TEMP_trgv5-7-gdt,2.75,11
VHMLargeIntestine,rectum,Tfh,https://purl.org/ccf/ASCTB-TEMP_tfh,104,728
VHMLargeIntestine,rectum,Th1,https://purl.org/ccf/ASCTB-TEMP_th1,10.33333333333333333333,62
VHMLargeIntestine,rectum,Th17,https://purl.org/ccf/ASCTB-TEMP_th17,5.75,23
VHMLargeIntestine,rectum,Transitional Stromal 3 (C3+),https://purl.org/ccf/ASCTB-TEMP_transitional-stromal-3-c3-,54.85714285714285714286,384
VHMLargeIntestine,rectum,Treg,https://purl.org/ccf/ASCTB-TEMP_treg,9.25,37
VHMLargeIntestine,rectum,Tuft,https://purl.org/ccf/ASCTB-TEMP_tuft,29.5,177
VHMLargeIntestine,rectum,angiogenic pericyte,https://purl.org/ccf/ASCTB-TEMP_angiogenic-pericyte,28.83333333333333333333,173
VHMLargeIntestine,rectum,arterial capillary,https://purl.org/ccf/ASCTB-TEMP_arterial-capillary,38.71428571428571428571,271
VHMLargeIntestine,rectum,cDC1,https://purl.org/ccf/ASCTB-TEMP_cdc1,5,25
VHMLargeIntestine,rectum,cDC2,https://purl.org/ccf/ASCTB-TEMP_cdc2,17,68
VHMLargeIntestine,rectum,cycling EC,https://purl.org/ccf/ASCTB-TEMP_cycling-ec,20.5,123
VHMLargeIntestine,rectum,cycling ENCC/glia,https://purl.org/ccf/ASCTB-TEMP_cycling-encc-glia,2.8,14
VHMLargeIntestine,rectum,cycling neuroblast,https://purl.org/ccf/ASCTB-TEMP_cycling-neuroblast,3.6,18
VHMLargeIntestine,rectum,cycling stromal,https://purl.org/ccf/ASCTB-TEMP_cycling-stromal,1,1
VHMLargeIntestine,rectum,enterocyte of epithelium of large intestine,http://purl.obolibrary.org/obo/CL_0002071,1168.28571428571428571429,8178
VHMLargeIntestine,rectum,fibroblast,http://purl.obolibrary.org/obo/CL_0000057,416.85714285714285714286,2918
VHMLargeIntestine,rectum,gdT,https://purl.org/ccf/ASCTB-TEMP_gdt,1.5,3
VHMLargeIntestine,rectum,gut endothelial cell,http://purl.obolibrary.org/obo/CL_0000131,560.85714285714285714286,3926
VHMLargeIntestine,rectum,intestinal enteroendocrine cell,http://purl.obolibrary.org/obo/CL_1001516,76,532
VHMLargeIntestine,rectum,intestinal tuft cell,http://purl.obolibrary.org/obo/CL_0019032,926,6482
VHMLargeIntestine,rectum,large intestine goblet cell,http://purl.obolibrary.org/obo/CL_1000320,612.14285714285714285714,4285
VHMLargeIntestine,rectum,mLN Stroma (FMO2+),https://purl.org/ccf/ASCTB-TEMP_mln-stroma-fmo2-,9.83333333333333333333,59
VHMLargeIntestine,rectum,mLTo,https://purl.org/ccf/ASCTB-TEMP_mlto,19.28571428571428571429,135
VHMLargeIntestine,rectum,mast cell,http://purl.obolibrary.org/obo/CL_0000097,1.25,5
VHMLargeIntestine,rectum,monocyte,http://purl.obolibrary.org/obo/CL_0000576,24,120
VHMLargeIntestine,rectum,myofibroblast,https://purl.org/ccf/ASCTB-TEMP_myofibroblast,149.14285714285714285714,1044
VHMLargeIntestine,rectum,myofibroblast (RSPO2+),https://purl.org/ccf/ASCTB-TEMP_myofibroblast-rspo2-,144,1008
VHMLargeIntestine,rectum,neutrophil,http://purl.obolibrary.org/obo/CL_0000775,32.75,131
VHMLargeIntestine,rectum,pDC,https://purl.org/ccf/ASCTB-TEMP_pdc,2.4,12
VHMLargeIntestine,rectum,paneth cell of colon,http://purl.obolibrary.org/obo/CL_0009009,60.42857142857142857143,423
VHMLargeIntestine,rectum,plasma cell,http://purl.obolibrary.org/obo/CL_0000786,41,164
VHMLargeIntestine,rectum,transit amplifying cell of colon,http://purl.obolibrary.org/obo/CL_0009011,38.33333333333333333333,230
VHMLargeIntestine,rectum,venous capillary,https://purl.org/ccf/ASCTB-TEMP_venous-capillary,2,10
VHMLargeIntestine,rectum,β cells (INS+),https://purl.org/ccf/ASCTB-TEMP_-cells-ins-,1,1
VHMLargeIntestine,sigmoid colon,Activated CD4 T,https://purl.org/ccf/ASCTB-TEMP_activated-cd4-t,5,5
VHMLargeIntestine,sigmoid colon,Activated CD8 T,https://purl.org/ccf/ASCTB-TEMP_activated-cd8-t,1.5,6
VHMLargeIntestine,sigmoid colon,Activated T,https://purl.org/ccf/ASCTB-TEMP_activated-t,197,1379
VHMLargeIntestine,sigmoid colon,Adult Glia,https://purl.org/ccf/ASCTB-TEMP_adult-glia,82.14285714285714285714,575
VHMLargeIntestine,sigmoid colon,B cell,http://purl.obolibrary.org/obo/CL_0000236,48.14285714285714285714,337
VHMLargeIntestine,sigmoid colon,BEST2+ Goblet cell,https://purl.org/ccf/ASCTB-TEMP_best2-goblet-cell,104.85714285714285714286,734
VHMLargeIntestine,sigmoid colon,BEST4+ epithelial,https://purl.org/ccf/ASCTB-TEMP_best4-epithelial,29.28571428571428571429,205
VHMLargeIntestine,sigmoid colon,Branch A1 (iMN),https://purl.org/ccf/ASCTB-TEMP_branch-a1-imn-,5.33333333333333333333,32
VHMLargeIntestine,sigmoid colon,Branch A2 (IPAN/IN),https://purl.org/ccf/ASCTB-TEMP_branch-a2-ipan-in-,31.66666666666666666667,190
VHMLargeIntestine,sigmoid colon,Branch A3 (IPAN/IN),https://purl.org/ccf/ASCTB-TEMP_branch-a3-ipan-in-,7,28
VHMLargeIntestine,sigmoid colon,Branch A4 (IN),https://purl.org/ccf/ASCTB-TEMP_branch-a4-in-,27.33333333333333333333,164
VHMLargeIntestine,sigmoid colon,Branch B1 (eMN),https://purl.org/ccf/ASCTB-TEMP_branch-b1-emn-,63.42857142857142857143,444
VHMLargeIntestine,sigmoid colon,Branch B2 (eMN),https://purl.org/ccf/ASCTB-TEMP_branch-b2-emn-,5.25,21
VHMLargeIntestine,sigmoid colon,Branch B3 (IPAN),https://purl.org/ccf/ASCTB-TEMP_branch-b3-ipan-,4.33333333333333333333,26
VHMLargeIntestine,sigmoid colon,"CD4-positive, alpha-beta T cell",http://purl.obolibrary.org/obo/CL_0000624,63,378
VHMLargeIntestine,sigmoid colon,CD8 Tmem,https://purl.org/ccf/ASCTB-TEMP_cd8-tmem,15.16666666666666666667,91
VHMLargeIntestine,sigmoid colon,"CD8-positive, alpha-beta T cell",http://purl.obolibrary.org/obo/CL_0000625,43.42857142857142857143,304
VHMLargeIntestine,sigmoid colon,CLC+ Mast cell,https://purl.org/ccf/ASCTB-TEMP_clc-mast-cell,6.16666666666666666667,37
VHMLargeIntestine,sigmoid colon,CLDN10+ cells,https://purl.org/ccf/ASCTB-TEMP_cldn10-cells,4.5,27
VHMLargeIntestine,sigmoid colon,CLP,https://purl.org/ccf/ASCTB-TEMP_clp,4.33333333333333333333,26
VHMLargeIntestine,sigmoid colon,CX3CR1+ CD8 Tmem,https://purl.org/ccf/ASCTB-TEMP_cx3cr1-cd8-tmem,1.6,8
VHMLargeIntestine,sigmoid colon,Colonocyte,https://purl.org/ccf/ASCTB-TEMP_colonocyte,172,1032
VHMLargeIntestine,sigmoid colon,Contractile pericyte (PLN+),https://purl.org/ccf/ASCTB-TEMP_contractile-pericyte-pln-,46.42857142857142857143,325
VHMLargeIntestine,sigmoid colon,Cycling B cell,https://purl.org/ccf/ASCTB-TEMP_cycling-b-cell,48.28571428571428571429,338
VHMLargeIntestine,sigmoid colon,Cycling plasma cell,https://purl.org/ccf/ASCTB-TEMP_cycling-plasma-cell,376.57142857142857142857,2636
VHMLargeIntestine,sigmoid colon,D cells (SST+),https://purl.org/ccf/ASCTB-TEMP_d-cells-sst-,11.5,69
VHMLargeIntestine,sigmoid colon,DZ GC cell,https://purl.org/ccf/ASCTB-TEMP_dz-gc-cell,11.83333333333333333333,71
VHMLargeIntestine,sigmoid colon,Differentiating glia,https://purl.org/ccf/ASCTB-TEMP_differentiating-glia,5,15
VHMLargeIntestine,sigmoid colon,Distal progenitor,https://purl.org/ccf/ASCTB-TEMP_distal-progenitor,22.6,113
VHMLargeIntestine,sigmoid colon,EC cells (NPW+),https://purl.org/ccf/ASCTB-TEMP_ec-cells-npw-,8,48
VHMLargeIntestine,sigmoid colon,EC cells (TAC1+),https://purl.org/ccf/ASCTB-TEMP_ec-cells-tac1-,14.25,57
VHMLargeIntestine,sigmoid colon,EECs,https://purl.org/ccf/ASCTB-TEMP_eecs,120.42857142857142857143,843
VHMLargeIntestine,sigmoid colon,ENCC/glia Progenitor,https://purl.org/ccf/ASCTB-TEMP_encc-glia-progenitor,2.6,13
VHMLargeIntestine,sigmoid colon,Enterocyte,https://purl.org/ccf/ASCTB-TEMP_enterocyte,11,55
VHMLargeIntestine,sigmoid colon,FCRL4+ Memory B,https://purl.org/ccf/ASCTB-TEMP_fcrl4-memory-b,4,16
VHMLargeIntestine,sigmoid colon,FDC,https://purl.org/ccf/ASCTB-TEMP_fdc,2,10
VHMLargeIntestine,sigmoid colon,Fetal arterial EC,https://purl.org/ccf/ASCTB-TEMP_fetal-arterial-ec,7.2,36
VHMLargeIntestine,sigmoid colon,Fetal venous EC,https://purl.org/ccf/ASCTB-TEMP_fetal-venous-ec,23,138
VHMLargeIntestine,sigmoid colon,GC B cell,https://purl.org/ccf/ASCTB-TEMP_gc-b-cell,4.66666666666666666667,14
VHMLargeIntestine,sigmoid colon,Germ,https://purl.org/ccf/ASCTB-TEMP_germ,6,36
VHMLargeIntestine,sigmoid colon,Glia 1 (DHH+),https://purl.org/ccf/ASCTB-TEMP_glia-1-dhh-,4.5,27
VHMLargeIntestine,sigmoid colon,Glia 2 (ELN+),https://purl.org/ccf/ASCTB-TEMP_glia-2-eln-,24.6,123
VHMLargeIntestine,sigmoid colon,Glia 3 (BCAN+),https://purl.org/ccf/ASCTB-TEMP_glia-3-bcan-,16.28571428571428571429,114
VHMLargeIntestine,sigmoid colon,Goblet cell,https://purl.org/ccf/ASCTB-TEMP_goblet-cell,407.71428571428571428571,2854
VHMLargeIntestine,sigmoid colon,I cells (CCK+),https://purl.org/ccf/ASCTB-TEMP_i-cells-cck-,6.83333333333333333333,41
VHMLargeIntestine,sigmoid colon,ICC,https://purl.org/ccf/ASCTB-TEMP_icc,1.8,9
VHMLargeIntestine,sigmoid colon,ILC2,https://purl.org/ccf/ASCTB-TEMP_ilc2,4.16666666666666666667,25
VHMLargeIntestine,sigmoid colon,ILC3,https://purl.org/ccf/ASCTB-TEMP_ilc3,3.75,15
VHMLargeIntestine,sigmoid colon,ILCP,https://purl.org/ccf/ASCTB-TEMP_ilcp,5,30
VHMLargeIntestine,sigmoid colon,IgA plasma cell,https://purl.org/ccf/ASCTB-TEMP_iga-plasma-cell,13.4,67
VHMLargeIntestine,sigmoid colon,IgG plasma cell,https://purl.org/ccf/ASCTB-TEMP_igg-plasma-cell,24,144
VHMLargeIntestine,sigmoid colon,IgM plasma cell,https://purl.org/ccf/ASCTB-TEMP_igm-plasma-cell,1,1
VHMLargeIntestine,sigmoid colon,Immature B,https://purl.org/ccf/ASCTB-TEMP_immature-b,1,2
VHMLargeIntestine,sigmoid colon,Immature pericyte,https://purl.org/ccf/ASCTB-TEMP_immature-pericyte,5.25,21
VHMLargeIntestine,sigmoid colon,K cells (GIP+),https://purl.org/ccf/ASCTB-TEMP_k-cells-gip-,10.5,42
VHMLargeIntestine,sigmoid colon,L cells (PYY+),https://purl.org/ccf/ASCTB-TEMP_l-cells-pyy-,44.57142857142857142857,312
VHMLargeIntestine,sigmoid colon,LEC1 (ACKR4+),https://purl.org/ccf/ASCTB-TEMP_lec1-ackr4-,42.83333333333333333333,257
VHMLargeIntestine,sigmoid colon,LEC2 (MADCAM1+),https://purl.org/ccf/ASCTB-TEMP_lec2-madcam1-,1.66666666666666666667,5
VHMLargeIntestine,sigmoid colon,LEC3 (ADGRG3+),https://purl.org/ccf/ASCTB-TEMP_lec3-adgrg3-,9.57142857142857142857,67
VHMLargeIntestine,sigmoid colon,LEC4 (STAB2+),https://purl.org/ccf/ASCTB-TEMP_lec4-stab2-,12.28571428571428571429,86
VHMLargeIntestine,sigmoid colon,LEC5 (CLDN11+),https://purl.org/ccf/ASCTB-TEMP_lec5-cldn11-,5.33333333333333333333,16
VHMLargeIntestine,sigmoid colon,LEC6 (ADAMTS4+),https://purl.org/ccf/ASCTB-TEMP_lec6-adamts4-,26.28571428571428571429,184
VHMLargeIntestine,sigmoid colon,LTi-like NCR+ ILC3,https://purl.org/ccf/ASCTB-TEMP_lti-like-ncr-ilc3,49,49
VHMLargeIntestine,sigmoid colon,LTi-like NCR- ILC3,https://purl.org/ccf/ASCTB-TEMP_lti-like-ncr-ilc3,9.4,47
VHMLargeIntestine,sigmoid colon,LYVE1+ Macrophage,https://purl.org/ccf/ASCTB-TEMP_lyve1-macrophage,37.57142857142857142857,263
VHMLargeIntestine,sigmoid colon,LZ GC cell,https://purl.org/ccf/ASCTB-TEMP_lz-gc-cell,3.4,17
VHMLargeIntestine,sigmoid colon,Lymphoid DC,https://purl.org/ccf/ASCTB-TEMP_lymphoid-dc,11.16666666666666666667,67
VHMLargeIntestine,sigmoid colon,M/X cells (MLN/GHRL+),https://purl.org/ccf/ASCTB-TEMP_m-x-cells-mln-ghrl-,5.8,29
VHMLargeIntestine,sigmoid colon,MAIT cell,https://purl.org/ccf/ASCTB-TEMP_mait-cell,12.83333333333333333333,77
VHMLargeIntestine,sigmoid colon,MMP9+ Inflammatory macrophage,https://purl.org/ccf/ASCTB-TEMP_mmp9-inflammatory-macrophage,5.4,27
VHMLargeIntestine,sigmoid colon,MPO+ mono-neutrophil,https://purl.org/ccf/ASCTB-TEMP_mpo-mono-neutrophil,5.8,29
VHMLargeIntestine,sigmoid colon,Macrophages,https://purl.org/ccf/ASCTB-TEMP_macrophages,13.83333333333333333333,83
VHMLargeIntestine,sigmoid colon,Mast cell,https://purl.org/ccf/ASCTB-TEMP_mast-cell,26.66666666666666666667,160
VHMLargeIntestine,sigmoid colon,Mature arterial EC,https://purl.org/ccf/ASCTB-TEMP_mature-arterial-ec,26.71428571428571428571,187
VHMLargeIntestine,sigmoid colon,Mature venous EC,https://purl.org/ccf/ASCTB-TEMP_mature-venous-ec,21.57142857142857142857,151
VHMLargeIntestine,sigmoid colon,Megakaryocyte,https://purl.org/ccf/ASCTB-TEMP_megakaryocyte,3,18
VHMLargeIntestine,sigmoid colon,Memory B,https://purl.org/ccf/ASCTB-TEMP_memory-b,22.5,135
VHMLargeIntestine,sigmoid colon,Mesoderm 1 (HAND1+),https://purl.org/ccf/ASCTB-TEMP_mesoderm-1-hand1-,343.66666666666666666667,2062
VHMLargeIntestine,sigmoid colon,Mesoderm 2 (ZEB2+),https://purl.org/ccf/ASCTB-TEMP_mesoderm-2-zeb2-,2,4
VHMLargeIntestine,sigmoid colon,Mesothelium,https://purl.org/ccf/ASCTB-TEMP_mesothelium,2.66666666666666666667,8
VHMLargeIntestine,sigmoid colon,Mesothelium (PRG4+),https://purl.org/ccf/ASCTB-TEMP_mesothelium-prg4-,1.66666666666666666667,5
VHMLargeIntestine,sigmoid colon,Mesothelium (RGS5+),https://purl.org/ccf/ASCTB-TEMP_mesothelium-rgs5-,26.28571428571428571429,184
VHMLargeIntestine,sigmoid colon,Microfold cell,https://purl.org/ccf/ASCTB-TEMP_microfold-cell,102.42857142857142857143,717
VHMLargeIntestine,sigmoid colon,Monocytes,https://purl.org/ccf/ASCTB-TEMP_monocytes,16.33333333333333333333,98
VHMLargeIntestine,sigmoid colon,N cells (NTS+),https://purl.org/ccf/ASCTB-TEMP_n-cells-nts-,1.5,6
VHMLargeIntestine,sigmoid colon,NK T cell,https://purl.org/ccf/ASCTB-TEMP_nk-t-cell,14.33333333333333333333,86
VHMLargeIntestine,sigmoid colon,NK cell,https://purl.org/ccf/ASCTB-TEMP_nk-cell,53.71428571428571428571,376
VHMLargeIntestine,sigmoid colon,Naive B,https://purl.org/ccf/ASCTB-TEMP_naive-b,16,80
VHMLargeIntestine,sigmoid colon,Neuroblast,https://purl.org/ccf/ASCTB-TEMP_neuroblast,5,25
VHMLargeIntestine,sigmoid colon,Paneth,https://purl.org/ccf/ASCTB-TEMP_paneth,13,78
VHMLargeIntestine,sigmoid colon,Pericyte,https://purl.org/ccf/ASCTB-TEMP_pericyte,15.66666666666666666667,94
VHMLargeIntestine,sigmoid colon,Pre-B,https://purl.org/ccf/ASCTB-TEMP_pre-b,13.66666666666666666667,82
VHMLargeIntestine,sigmoid colon,Pro-B,https://purl.org/ccf/ASCTB-TEMP_pro-b,2,10
VHMLargeIntestine,sigmoid colon,Progenitor (NEUROG3+),https://purl.org/ccf/ASCTB-TEMP_progenitor-neurog3-,14.33333333333333333333,86
VHMLargeIntestine,sigmoid colon,Proximal progenitor,https://purl.org/ccf/ASCTB-TEMP_proximal-progenitor,29.83333333333333333333,179
VHMLargeIntestine,sigmoid colon,RBC,https://purl.org/ccf/ASCTB-TEMP_rbc,9.66666666666666666667,58
VHMLargeIntestine,sigmoid colon,SELL+ CD4 T,https://purl.org/ccf/ASCTB-TEMP_sell-cd4-t,8.6,43
VHMLargeIntestine,sigmoid colon,SELL+ CD8 T,https://purl.org/ccf/ASCTB-TEMP_sell-cd8-t,24.5,147
VHMLargeIntestine,sigmoid colon,SMC (PART1/CAPN3+),https://purl.org/ccf/ASCTB-TEMP_smc-part1-capn3-,113.42857142857142857143,794
VHMLargeIntestine,sigmoid colon,SMC (PLPP2+),https://purl.org/ccf/ASCTB-TEMP_smc-plpp2-,487.33333333333333333333,2924
VHMLargeIntestine,sigmoid colon,STAT1+ Naive B,https://purl.org/ccf/ASCTB-TEMP_stat1-naive-b,44.85714285714285714286,314
VHMLargeIntestine,sigmoid colon,Stem cells,https://purl.org/ccf/ASCTB-TEMP_stem-cells,57.14285714285714285714,400
VHMLargeIntestine,sigmoid colon,Stromal 1 (ADAMDEC1+),https://purl.org/ccf/ASCTB-TEMP_stromal-1-adamdec1-,1,1
VHMLargeIntestine,sigmoid colon,Stromal 1 (CCL11+),https://purl.org/ccf/ASCTB-TEMP_stromal-1-ccl11-,64.14285714285714285714,449
VHMLargeIntestine,sigmoid colon,Stromal 2 (CH25H+),https://purl.org/ccf/ASCTB-TEMP_stromal-2-ch25h-,14.66666666666666666667,88
VHMLargeIntestine,sigmoid colon,Stromal 2 (NPY+),https://purl.org/ccf/ASCTB-TEMP_stromal-2-npy-,40,200
VHMLargeIntestine,sigmoid colon,Stromal 3 (C7+),https://purl.org/ccf/ASCTB-TEMP_stromal-3-c7-,44.14285714285714285714,309
VHMLargeIntestine,sigmoid colon,Stromal 3 (KCNN3+),https://purl.org/ccf/ASCTB-TEMP_stromal-3-kcnn3-,53.71428571428571428571,376
VHMLargeIntestine,sigmoid colon,Stromal 4 (MMP1+),https://purl.org/ccf/ASCTB-TEMP_stromal-4-mmp1-,5.83333333333333333333,35
VHMLargeIntestine,sigmoid colon,T reticular,https://purl.org/ccf/ASCTB-TEMP_t-reticular,9.83333333333333333333,59
VHMLargeIntestine,sigmoid colon,TA,https://purl.org/ccf/ASCTB-TEMP_ta,215.14285714285714285714,1506
VHMLargeIntestine,sigmoid colon,TRDV2/TRGV9 gdT,https://purl.org/ccf/ASCTB-TEMP_trdv2-trgv9-gdt,5.4,27
VHMLargeIntestine,sigmoid colon,TRGV2 gdT,https://purl.org/ccf/ASCTB-TEMP_trgv2-gdt,35.57142857142857142857,249
VHMLargeIntestine,sigmoid colon,TRGV4 gdT,https://purl.org/ccf/ASCTB-TEMP_trgv4-gdt,19.66666666666666666667,118
VHMLargeIntestine,sigmoid colon,TRGV5/7 gdT,https://purl.org/ccf/ASCTB-TEMP_trgv5-7-gdt,2.75,11
VHMLargeIntestine,sigmoid colon,Tfh,https://purl.org/ccf/ASCTB-TEMP_tfh,104,728
VHMLargeIntestine,sigmoid colon,Th1,https://purl.org/ccf/ASCTB-TEMP_th1,10.33333333333333333333,62
VHMLargeIntestine,sigmoid colon,Th17,https://purl.org/ccf/ASCTB-TEMP_th17,5.75,23
VHMLargeIntestine,sigmoid colon,Transitional Stromal 3 (C3+),https://purl.org/ccf/ASCTB-TEMP_transitional-stromal-3-c3-,54.85714285714285714286,384
VHMLargeIntestine,sigmoid colon,Treg,https://purl.org/ccf/ASCTB-TEMP_treg,9.25,37
VHMLargeIntestine,sigmoid colon,Tuft,https://purl.org/ccf/ASCTB-TEMP_tuft,29.5,177
VHMLargeIntestine,sigmoid colon,angiogenic pericyte,https://purl.org/ccf/ASCTB-TEMP_angiogenic-pericyte,28.83333333333333333333,173
VHMLargeIntestine,sigmoid colon,arterial capillary,https://purl.org/ccf/ASCTB-TEMP_arterial-capillary,38.71428571428571428571,271
VHMLargeIntestine,sigmoid colon,cDC1,https://purl.org/ccf/ASCTB-TEMP_cdc1,5,25
VHMLargeIntestine,sigmoid colon,cDC2,https://purl.org/ccf/ASCTB-TEMP_cdc2,17,68
VHMLargeIntestine,sigmoid colon,cycling EC,https://purl.org/ccf/ASCTB-TEMP_cycling-ec,20.5,123
VHMLargeIntestine,sigmoid colon,cycling ENCC/glia,https://purl.org/ccf/ASCTB-TEMP_cycling-encc-glia,2.8,14
VHMLargeIntestine,sigmoid colon,cycling neuroblast,https://purl.org/ccf/ASCTB-TEMP_cycling-neuroblast,3.6,18
VHMLargeIntestine,sigmoid colon,cycling stromal,https://purl.org/ccf/ASCTB-TEMP_cycling-stromal,1,1
VHMLargeIntestine,sigmoid colon,enterocyte of epithelium of large intestine,http://purl.obolibrary.org/obo/CL_0002071,1168.28571428571428571429,8178
VHMLargeIntestine,sigmoid colon,fibroblast,http://purl.obolibrary.org/obo/CL_0000057,416.85714285714285714286,2918
VHMLargeIntestine,sigmoid colon,gdT,https://purl.org/ccf/ASCTB-TEMP_gdt,1.5,3
VHMLargeIntestine,sigmoid colon,gut endothelial cell,http://purl.obolibrary.org/obo/CL_0000131,560.85714285714285714286,3926
VHMLargeIntestine,sigmoid colon,intestinal enteroendocrine cell,http://purl.obolibrary.org/obo/CL_1001516,76,532
VHMLargeIntestine,sigmoid colon,intestinal tuft cell,http://purl.obolibrary.org/obo/CL_0019032,926,6482
VHMLargeIntestine,sigmoid colon,large intestine goblet cell,http://purl.obolibrary.org/obo/CL_1000320,612.14285714285714285714,4285
VHMLargeIntestine,sigmoid colon,mLN Stroma (FMO2+),https://purl.org/ccf/ASCTB-TEMP_mln-stroma-fmo2-,9.83333333333333333333,59
VHMLargeIntestine,sigmoid colon,mLTo,https://purl.org/ccf/ASCTB-TEMP_mlto,19.28571428571428571429,135
VHMLargeIntestine,sigmoid colon,mast cell,http://purl.obolibrary.org/obo/CL_0000097,1.25,5
VHMLargeIntestine,sigmoid colon,monocyte,http://purl.obolibrary.org/obo/CL_0000576,24,120
VHMLargeIntestine,sigmoid colon,myofibroblast,https://purl.org/ccf/ASCTB-TEMP_myofibroblast,149.14285714285714285714,1044
VHMLargeIntestine,sigmoid colon,myofibroblast (RSPO2+),https://purl.org/ccf/ASCTB-TEMP_myofibroblast-rspo2-,144,1008
VHMLargeIntestine,sigmoid colon,neutrophil,http://purl.obolibrary.org/obo/CL_0000775,32.75,131
VHMLargeIntestine,sigmoid colon,pDC,https://purl.org/ccf/ASCTB-TEMP_pdc,2.4,12
VHMLargeIntestine,sigmoid colon,paneth cell of colon,http://purl.obolibrary.org/obo/CL_0009009,60.42857142857142857143,423
VHMLargeIntestine,sigmoid colon,plasma cell,http://purl.obolibrary.org/obo/CL_0000786,41,164
VHMLargeIntestine,sigmoid colon,transit amplifying cell of colon,http://purl.obolibrary.org/obo/CL_0009011,38.33333333333333333333,230
VHMLargeIntestine,sigmoid colon,venous capillary,https://purl.org/ccf/ASCTB-TEMP_venous-capillary,2,10
VHMLargeIntestine,sigmoid colon,β cells (INS+),https://purl.org/ccf/ASCTB-TEMP_-cells-ins-,1,1
VHMLargeIntestine,transverse colon,Activated CD4 T,https://purl.org/ccf/ASCTB-TEMP_activated-cd4-t,1,3
VHMLargeIntestine,transverse colon,Activated CD8 T,https://purl.org/ccf/ASCTB-TEMP_activated-cd8-t,2.33333333333333333333,7
VHMLargeIntestine,transverse colon,Activated T,https://purl.org/ccf/ASCTB-TEMP_activated-t,133.42857142857142857143,934
VHMLargeIntestine,transverse colon,Adult Glia,https://purl.org/ccf/ASCTB-TEMP_adult-glia,53.42857142857142857143,374
VHMLargeIntestine,transverse colon,B cell,http://purl.obolibrary.org/obo/CL_0000236,31.33333333333333333333,188
VHMLargeIntestine,transverse colon,BEST2+ Goblet cell,https://purl.org/ccf/ASCTB-TEMP_best2-goblet-cell,70,490
VHMLargeIntestine,transverse colon,BEST4+ epithelial,https://purl.org/ccf/ASCTB-TEMP_best4-epithelial,40.57142857142857142857,284
VHMLargeIntestine,transverse colon,Branch A1 (iMN),https://purl.org/ccf/ASCTB-TEMP_branch-a1-imn-,4.5,18
VHMLargeIntestine,transverse colon,Branch A2 (IPAN/IN),https://purl.org/ccf/ASCTB-TEMP_branch-a2-ipan-in-,9.42857142857142857143,66
VHMLargeIntestine,transverse colon,Branch A3 (IPAN/IN),https://purl.org/ccf/ASCTB-TEMP_branch-a3-ipan-in-,2.75,11
VHMLargeIntestine,transverse colon,Branch A4 (IN),https://purl.org/ccf/ASCTB-TEMP_branch-a4-in-,20.6,103
VHMLargeIntestine,transverse colon,Branch B1 (eMN),https://purl.org/ccf/ASCTB-TEMP_branch-b1-emn-,20.8,104
VHMLargeIntestine,transverse colon,Branch B2 (eMN),https://purl.org/ccf/ASCTB-TEMP_branch-b2-emn-,1,3
VHMLargeIntestine,transverse colon,Branch B3 (IPAN),https://purl.org/ccf/ASCTB-TEMP_branch-b3-ipan-,4.2,21
VHMLargeIntestine,transverse colon,"CD4-positive, alpha-beta T cell",http://purl.obolibrary.org/obo/CL_0000624,42,210
VHMLargeIntestine,transverse colon,CD8 Tmem,https://purl.org/ccf/ASCTB-TEMP_cd8-tmem,4.16666666666666666667,25
VHMLargeIntestine,transverse colon,"CD8-positive, alpha-beta T cell",http://purl.obolibrary.org/obo/CL_0000625,28,140
VHMLargeIntestine,transverse colon,CLC+ Mast cell,https://purl.org/ccf/ASCTB-TEMP_clc-mast-cell,4.8,24
VHMLargeIntestine,transverse colon,CLDN10+ cells,https://purl.org/ccf/ASCTB-TEMP_cldn10-cells,5,15
VHMLargeIntestine,transverse colon,CLP,https://purl.org/ccf/ASCTB-TEMP_clp,5.8,29
VHMLargeIntestine,transverse colon,CX3CR1+ CD8 Tmem,https://purl.org/ccf/ASCTB-TEMP_cx3cr1-cd8-tmem,1,3
VHMLargeIntestine,transverse colon,Colonocyte,https://purl.org/ccf/ASCTB-TEMP_colonocyte,207,1449
VHMLargeIntestine,transverse colon,Contractile pericyte (PLN+),https://purl.org/ccf/ASCTB-TEMP_contractile-pericyte-pln-,23.42857142857142857143,164
VHMLargeIntestine,transverse colon,Cycling B cell,https://purl.org/ccf/ASCTB-TEMP_cycling-b-cell,13.85714285714285714286,97
VHMLargeIntestine,transverse colon,Cycling plasma cell,https://purl.org/ccf/ASCTB-TEMP_cycling-plasma-cell,213.71428571428571428571,1496
VHMLargeIntestine,transverse colon,D cells (SST+),https://purl.org/ccf/ASCTB-TEMP_d-cells-sst-,5.25,21
VHMLargeIntestine,transverse colon,DZ GC cell,https://purl.org/ccf/ASCTB-TEMP_dz-gc-cell,3.57142857142857142857,25
VHMLargeIntestine,transverse colon,Differentiating glia,https://purl.org/ccf/ASCTB-TEMP_differentiating-glia,1,1
VHMLargeIntestine,transverse colon,Distal progenitor,https://purl.org/ccf/ASCTB-TEMP_distal-progenitor,7.83333333333333333333,47
VHMLargeIntestine,transverse colon,EC cells (NPW+),https://purl.org/ccf/ASCTB-TEMP_ec-cells-npw-,5,15
VHMLargeIntestine,transverse colon,EC cells (TAC1+),https://purl.org/ccf/ASCTB-TEMP_ec-cells-tac1-,1.16666666666666666667,7
VHMLargeIntestine,transverse colon,EECs,https://purl.org/ccf/ASCTB-TEMP_eecs,38.14285714285714285714,267
VHMLargeIntestine,transverse colon,ENCC/glia Progenitor,https://purl.org/ccf/ASCTB-TEMP_encc-glia-progenitor,2.33333333333333333333,7
VHMLargeIntestine,transverse colon,Enterocyte,https://purl.org/ccf/ASCTB-TEMP_enterocyte,13.66666666666666666667,41
VHMLargeIntestine,transverse colon,FCRL4+ Memory B,https://purl.org/ccf/ASCTB-TEMP_fcrl4-memory-b,1.33333333333333333333,4
VHMLargeIntestine,transverse colon,FDC,https://purl.org/ccf/ASCTB-TEMP_fdc,3.5,7
VHMLargeIntestine,transverse colon,Fetal arterial EC,https://purl.org/ccf/ASCTB-TEMP_fetal-arterial-ec,11.33333333333333333333,34
VHMLargeIntestine,transverse colon,Fetal venous EC,https://purl.org/ccf/ASCTB-TEMP_fetal-venous-ec,7.6,38
VHMLargeIntestine,transverse colon,GC B cell,https://purl.org/ccf/ASCTB-TEMP_gc-b-cell,2,6
VHMLargeIntestine,transverse colon,Germ,https://purl.org/ccf/ASCTB-TEMP_germ,7.33333333333333333333,22
VHMLargeIntestine,transverse colon,Glia 1 (DHH+),https://purl.org/ccf/ASCTB-TEMP_glia-1-dhh-,2,6
VHMLargeIntestine,transverse colon,Glia 2 (ELN+),https://purl.org/ccf/ASCTB-TEMP_glia-2-eln-,20,100
VHMLargeIntestine,transverse colon,Glia 3 (BCAN+),https://purl.org/ccf/ASCTB-TEMP_glia-3-bcan-,11,77
VHMLargeIntestine,transverse colon,Goblet cell,https://purl.org/ccf/ASCTB-TEMP_goblet-cell,212.57142857142857142857,1488
VHMLargeIntestine,transverse colon,I cells (CCK+),https://purl.org/ccf/ASCTB-TEMP_i-cells-cck-,5.25,21
VHMLargeIntestine,transverse colon,ICC,https://purl.org/ccf/ASCTB-TEMP_icc,1.33333333333333333333,4
VHMLargeIntestine,transverse colon,ILC2,https://purl.org/ccf/ASCTB-TEMP_ilc2,4.75,19
VHMLargeIntestine,transverse colon,ILC3,https://purl.org/ccf/ASCTB-TEMP_ilc3,2.5,10
VHMLargeIntestine,transverse colon,ILCP,https://purl.org/ccf/ASCTB-TEMP_ilcp,4.25,17
VHMLargeIntestine,transverse colon,IgA plasma cell,https://purl.org/ccf/ASCTB-TEMP_iga-plasma-cell,6.5,26
VHMLargeIntestine,transverse colon,IgG plasma cell,https://purl.org/ccf/ASCTB-TEMP_igg-plasma-cell,14,70
VHMLargeIntestine,transverse colon,IgM plasma cell,https://purl.org/ccf/ASCTB-TEMP_igm-plasma-cell,1,1
VHMLargeIntestine,transverse colon,Immature B,https://purl.org/ccf/ASCTB-TEMP_immature-b,4,4
VHMLargeIntestine,transverse colon,Immature pericyte,https://purl.org/ccf/ASCTB-TEMP_immature-pericyte,3,6
VHMLargeIntestine,transverse colon,K cells (GIP+),https://purl.org/ccf/ASCTB-TEMP_k-cells-gip-,9.2,46
VHMLargeIntestine,transverse colon,L cells (PYY+),https://purl.org/ccf/ASCTB-TEMP_l-cells-pyy-,10.66666666666666666667,64
VHMLargeIntestine,transverse colon,LEC1 (ACKR4+),https://purl.org/ccf/ASCTB-TEMP_lec1-ackr4-,25.2,126
VHMLargeIntestine,transverse colon,LEC2 (MADCAM1+),https://purl.org/ccf/ASCTB-TEMP_lec2-madcam1-,1,2
VHMLargeIntestine,transverse colon,LEC3 (ADGRG3+),https://purl.org/ccf/ASCTB-TEMP_lec3-adgrg3-,7.5,30
VHMLargeIntestine,transverse colon,LEC4 (STAB2+),https://purl.org/ccf/ASCTB-TEMP_lec4-stab2-,5.83333333333333333333,35
VHMLargeIntestine,transverse colon,LEC5 (CLDN11+),https://purl.org/ccf/ASCTB-TEMP_lec5-cldn11-,2.25,9
VHMLargeIntestine,transverse colon,LEC6 (ADAMTS4+),https://purl.org/ccf/ASCTB-TEMP_lec6-adamts4-,10.85714285714285714286,76
VHMLargeIntestine,transverse colon,LTi-like NCR+ ILC3,https://purl.org/ccf/ASCTB-TEMP_lti-like-ncr-ilc3,3.33333333333333333333,10
VHMLargeIntestine,transverse colon,LTi-like NCR- ILC3,https://purl.org/ccf/ASCTB-TEMP_lti-like-ncr-ilc3,10,20
VHMLargeIntestine,transverse colon,LYVE1+ Macrophage,https://purl.org/ccf/ASCTB-TEMP_lyve1-macrophage,16.5,66
VHMLargeIntestine,transverse colon,LZ GC cell,https://purl.org/ccf/ASCTB-TEMP_lz-gc-cell,2.33333333333333333333,7
VHMLargeIntestine,transverse colon,Lymphoid DC,https://purl.org/ccf/ASCTB-TEMP_lymphoid-dc,14.83333333333333333333,89
VHMLargeIntestine,transverse colon,M/X cells (MLN/GHRL+),https://purl.org/ccf/ASCTB-TEMP_m-x-cells-mln-ghrl-,3,6
VHMLargeIntestine,transverse colon,MAIT cell,https://purl.org/ccf/ASCTB-TEMP_mait-cell,9.42857142857142857143,66
VHMLargeIntestine,transverse colon,MMP9+ Inflammatory macrophage,https://purl.org/ccf/ASCTB-TEMP_mmp9-inflammatory-macrophage,15.25,61
VHMLargeIntestine,transverse colon,MPO+ mono-neutrophil,https://purl.org/ccf/ASCTB-TEMP_mpo-mono-neutrophil,7,35
VHMLargeIntestine,transverse colon,Macrophages,https://purl.org/ccf/ASCTB-TEMP_macrophages,14.71428571428571428571,103
VHMLargeIntestine,transverse colon,Mast cell,https://purl.org/ccf/ASCTB-TEMP_mast-cell,19.6,98
VHMLargeIntestine,transverse colon,Mature arterial EC,https://purl.org/ccf/ASCTB-TEMP_mature-arterial-ec,16.14285714285714285714,113
VHMLargeIntestine,transverse colon,Mature venous EC,https://purl.org/ccf/ASCTB-TEMP_mature-venous-ec,10.57142857142857142857,74
VHMLargeIntestine,transverse colon,Megakaryocyte,https://purl.org/ccf/ASCTB-TEMP_megakaryocyte,5.6,28
VHMLargeIntestine,transverse colon,Memory B,https://purl.org/ccf/ASCTB-TEMP_memory-b,7.66666666666666666667,46
VHMLargeIntestine,transverse colon,Mesoderm 1 (HAND1+),https://purl.org/ccf/ASCTB-TEMP_mesoderm-1-hand1-,134.83333333333333333333,809
VHMLargeIntestine,transverse colon,Mesoderm 2 (ZEB2+),https://purl.org/ccf/ASCTB-TEMP_mesoderm-2-zeb2-,1,2
VHMLargeIntestine,transverse colon,Mesothelium,https://purl.org/ccf/ASCTB-TEMP_mesothelium,1.66666666666666666667,5
VHMLargeIntestine,transverse colon,Mesothelium (PRG4+),https://purl.org/ccf/ASCTB-TEMP_mesothelium-prg4-,3,6
VHMLargeIntestine,transverse colon,Mesothelium (RGS5+),https://purl.org/ccf/ASCTB-TEMP_mesothelium-rgs5-,15.2,76
VHMLargeIntestine,transverse colon,Microfold cell,https://purl.org/ccf/ASCTB-TEMP_microfold-cell,77.57142857142857142857,543
VHMLargeIntestine,transverse colon,Monocytes,https://purl.org/ccf/ASCTB-TEMP_monocytes,9.8,49
VHMLargeIntestine,transverse colon,N cells (NTS+),https://purl.org/ccf/ASCTB-TEMP_n-cells-nts-,1.5,6
VHMLargeIntestine,transverse colon,NK T cell,https://purl.org/ccf/ASCTB-TEMP_nk-t-cell,5.42857142857142857143,38
VHMLargeIntestine,transverse colon,NK cell,https://purl.org/ccf/ASCTB-TEMP_nk-cell,28.16666666666666666667,169
VHMLargeIntestine,transverse colon,Naive B,https://purl.org/ccf/ASCTB-TEMP_naive-b,4.33333333333333333333,26
VHMLargeIntestine,transverse colon,Neuroblast,https://purl.org/ccf/ASCTB-TEMP_neuroblast,6,12
VHMLargeIntestine,transverse colon,Paneth,https://purl.org/ccf/ASCTB-TEMP_paneth,11.2,56
VHMLargeIntestine,transverse colon,Pericyte,https://purl.org/ccf/ASCTB-TEMP_pericyte,7.2,36
VHMLargeIntestine,transverse colon,Pre-B,https://purl.org/ccf/ASCTB-TEMP_pre-b,9.6,48
VHMLargeIntestine,transverse colon,Pro-B,https://purl.org/ccf/ASCTB-TEMP_pro-b,5.2,26
VHMLargeIntestine,transverse colon,Progenitor (NEUROG3+),https://purl.org/ccf/ASCTB-TEMP_progenitor-neurog3-,6.66666666666666666667,40
VHMLargeIntestine,transverse colon,Proximal progenitor,https://purl.org/ccf/ASCTB-TEMP_proximal-progenitor,16.16666666666666666667,97
VHMLargeIntestine,transverse colon,RBC,https://purl.org/ccf/ASCTB-TEMP_rbc,8.2,41
VHMLargeIntestine,transverse colon,SELL+ CD4 T,https://purl.org/ccf/ASCTB-TEMP_sell-cd4-t,12,48
VHMLargeIntestine,transverse colon,SELL+ CD8 T,https://purl.org/ccf/ASCTB-TEMP_sell-cd8-t,23.66666666666666666667,142
VHMLargeIntestine,transverse colon,SMC (PART1/CAPN3+),https://purl.org/ccf/ASCTB-TEMP_smc-part1-capn3-,13.85714285714285714286,97
VHMLargeIntestine,transverse colon,SMC (PLPP2+),https://purl.org/ccf/ASCTB-TEMP_smc-plpp2-,32.57142857142857142857,228
VHMLargeIntestine,transverse colon,STAT1+ Naive B,https://purl.org/ccf/ASCTB-TEMP_stat1-naive-b,13.83333333333333333333,83
VHMLargeIntestine,transverse colon,Stem cells,https://purl.org/ccf/ASCTB-TEMP_stem-cells,73.85714285714285714286,517
VHMLargeIntestine,transverse colon,Stromal 1 (CCL11+),https://purl.org/ccf/ASCTB-TEMP_stromal-1-ccl11-,23,161
VHMLargeIntestine,transverse colon,Stromal 2 (CH25H+),https://purl.org/ccf/ASCTB-TEMP_stromal-2-ch25h-,9.25,37
VHMLargeIntestine,transverse colon,Stromal 2 (NPY+),https://purl.org/ccf/ASCTB-TEMP_stromal-2-npy-,9.42857142857142857143,66
VHMLargeIntestine,transverse colon,Stromal 3 (C7+),https://purl.org/ccf/ASCTB-TEMP_stromal-3-c7-,8,40
VHMLargeIntestine,transverse colon,Stromal 3 (KCNN3+),https://purl.org/ccf/ASCTB-TEMP_stromal-3-kcnn3-,23.6,118
VHMLargeIntestine,transverse colon,Stromal 4 (MMP1+),https://purl.org/ccf/ASCTB-TEMP_stromal-4-mmp1-,4,16
VHMLargeIntestine,transverse colon,T reticular,https://purl.org/ccf/ASCTB-TEMP_t-reticular,3.66666666666666666667,22
VHMLargeIntestine,transverse colon,TA,https://purl.org/ccf/ASCTB-TEMP_ta,229.2,1146
VHMLargeIntestine,transverse colon,TRDV2/TRGV9 gdT,https://purl.org/ccf/ASCTB-TEMP_trdv2-trgv9-gdt,3,12
VHMLargeIntestine,transverse colon,TRGV2 gdT,https://purl.org/ccf/ASCTB-TEMP_trgv2-gdt,21.33333333333333333333,128
VHMLargeIntestine,transverse colon,TRGV4 gdT,https://purl.org/ccf/ASCTB-TEMP_trgv4-gdt,9,54
VHMLargeIntestine,transverse colon,TRGV5/7 gdT,https://purl.org/ccf/ASCTB-TEMP_trgv5-7-gdt,1,1
VHMLargeIntestine,transverse colon,Tfh,https://purl.org/ccf/ASCTB-TEMP_tfh,65.85714285714285714286,461
VHMLargeIntestine,transverse colon,Th1,https://purl.org/ccf/ASCTB-TEMP_th1,2,12
VHMLargeIntestine,transverse colon,Th17,https://purl.org/ccf/ASCTB-TEMP_th17,2.33333333333333333333,7
VHMLargeIntestine,transverse colon,Transitional Stromal 3 (C3+),https://purl.org/ccf/ASCTB-TEMP_transitional-stromal-3-c3-,39.28571428571428571429,275
VHMLargeIntestine,transverse colon,Treg,https://purl.org/ccf/ASCTB-TEMP_treg,6.66666666666666666667,20
VHMLargeIntestine,transverse colon,Tuft,https://purl.org/ccf/ASCTB-TEMP_tuft,24.16666666666666666667,145
VHMLargeIntestine,transverse colon,angiogenic pericyte,https://purl.org/ccf/ASCTB-TEMP_angiogenic-pericyte,10.57142857142857142857,74
VHMLargeIntestine,transverse colon,arterial capillary,https://purl.org/ccf/ASCTB-TEMP_arterial-capillary,37,185
VHMLargeIntestine,transverse colon,cDC1,https://purl.org/ccf/ASCTB-TEMP_cdc1,7.4,37
VHMLargeIntestine,transverse colon,cDC2,https://purl.org/ccf/ASCTB-TEMP_cdc2,12,48
VHMLargeIntestine,transverse colon,cycling EC,https://purl.org/ccf/ASCTB-TEMP_cycling-ec,9,54
VHMLargeIntestine,transverse colon,cycling ENCC/glia,https://purl.org/ccf/ASCTB-TEMP_cycling-encc-glia,3,9
VHMLargeIntestine,transverse colon,cycling neuroblast,https://purl.org/ccf/ASCTB-TEMP_cycling-neuroblast,1.66666666666666666667,5
VHMLargeIntestine,transverse colon,cycling stromal,https://purl.org/ccf/ASCTB-TEMP_cycling-stromal,1,1
VHMLargeIntestine,transverse colon,enterocyte of epithelium of large intestine,http://purl.obolibrary.org/obo/CL_0002071,1090.57142857142857142857,7634
VHMLargeIntestine,transverse colon,fibroblast,http://purl.obolibrary.org/obo/CL_0000057,141.14285714285714285714,988
VHMLargeIntestine,transverse colon,gdT,https://purl.org/ccf/ASCTB-TEMP_gdt,1,1
VHMLargeIntestine,transverse colon,gut endothelial cell,http://purl.obolibrary.org/obo/CL_0000131,169.28571428571428571429,1185
VHMLargeIntestine,transverse colon,intestinal enteroendocrine cell,http://purl.obolibrary.org/obo/CL_1001516,18.6,93
VHMLargeIntestine,transverse colon,intestinal tuft cell,http://purl.obolibrary.org/obo/CL_0019032,253.71428571428571428571,1776
VHMLargeIntestine,transverse colon,large intestine goblet cell,http://purl.obolibrary.org/obo/CL_1000320,504.71428571428571428571,3533
VHMLargeIntestine,transverse colon,mLN Stroma (FMO2+),https://purl.org/ccf/ASCTB-TEMP_mln-stroma-fmo2-,8.25,33
VHMLargeIntestine,transverse colon,mLTo,https://purl.org/ccf/ASCTB-TEMP_mlto,16.8,84
VHMLargeIntestine,transverse colon,mast cell,http://purl.obolibrary.org/obo/CL_0000097,1,1
VHMLargeIntestine,transverse colon,monocyte,http://purl.obolibrary.org/obo/CL_0000576,15.8,79
VHMLargeIntestine,transverse colon,myofibroblast,https://purl.org/ccf/ASCTB-TEMP_myofibroblast,83.83333333333333333333,503
VHMLargeIntestine,transverse colon,myofibroblast (RSPO2+),https://purl.org/ccf/ASCTB-TEMP_myofibroblast-rspo2-,24.57142857142857142857,172
VHMLargeIntestine,transverse colon,neutrophil,http://purl.obolibrary.org/obo/CL_0000775,7,28
VHMLargeIntestine,transverse colon,pDC,https://purl.org/ccf/ASCTB-TEMP_pdc,2.33333333333333333333,7
VHMLargeIntestine,transverse colon,paneth cell of colon,http://purl.obolibrary.org/obo/CL_0009009,42,294
VHMLargeIntestine,transverse colon,plasma cell,http://purl.obolibrary.org/obo/CL_0000786,10.8,54
VHMLargeIntestine,transverse colon,transit amplifying cell of colon,http://purl.obolibrary.org/obo/CL_0009011,23,138
VHMLargeIntestine,transverse colon,venous capillary,https://purl.org/ccf/ASCTB-TEMP_venous-capillary,2.5,5
VHMLargeIntestine,transverse colon,β cells (INS+),https://purl.org/ccf/ASCTB-TEMP_-cells-ins-,1,1
VHMLeftKidney,hilum of kidney,Afferent / Efferent Arteriole Endothelial,http://purl.obolibrary.org/obo/CL_1000412,9,27
VHMLeftKidney,hilum of kidney,Ascending Thin Limb,http://purl.obolibrary.org/obo/CL_1001107,79.66666666666666666667,478
VHMLeftKidney,hilum of kidney,Ascending Vasa Recta Endothelial,http://purl.obolibrary.org/obo/CL_1001131,279.83333333333333333333,1679
VHMLeftKidney,hilum of kidney,Classical Dendritic,http://purl.obolibrary.org/obo/CL_0000990,1,1
VHMLeftKidney,hilum of kidney,Connecting Tubule,http://purl.obolibrary.org/obo/CL_1000768,162,972
VHMLeftKidney,hilum of kidney,Connecting Tubule Principal,http://purl.obolibrary.org/obo/CL_4030018,232.16666666666666666667,1393
VHMLeftKidney,hilum of kidney,Cortical Collecting Duct Intercalated Type A,http://purl.obolibrary.org/obo/CL_1000715,82,492
VHMLeftKidney,hilum of kidney,Cortical Collecting Duct Principal,http://purl.obolibrary.org/obo/CL_1000714,13,78
VHMLeftKidney,hilum of kidney,Cortical Thick Ascending Limb,http://purl.obolibrary.org/obo/CL_1001109,1968.33333333333333333333,11810
VHMLeftKidney,hilum of kidney,Cortical Vascular Smooth Muscle / Pericyte,http://purl.obolibrary.org/obo/CL_1001318,269,538
VHMLeftKidney,hilum of kidney,Descending Thin Limb Type 1,http://purl.obolibrary.org/obo/CL_4030012,511.5,3069
VHMLeftKidney,hilum of kidney,Descending Thin Limb Type 2,http://purl.obolibrary.org/obo/CL_4030013,369.33333333333333333333,2216
VHMLeftKidney,hilum of kidney,Descending Thin Limb Type 3,http://purl.obolibrary.org/obo/CL_4030014,84.33333333333333333333,506
VHMLeftKidney,hilum of kidney,"Descending Vasa Recta Endothelial ",https://purl.org/ccf/ASCTB-TEMP_descending-vasa-recta-endothelial,405.5,2433
VHMLeftKidney,hilum of kidney,Distal Convoluted Tubule Type 1,http://purl.obolibrary.org/obo/CL_4030016,11.75,47
VHMLeftKidney,hilum of kidney,Fibroblast,http://purl.obolibrary.org/obo/CL_1000692,59.33333333333333333333,356
VHMLeftKidney,hilum of kidney,Glomerular Capillary Endothelial,http://purl.obolibrary.org/obo/CL_1001005,4.75,19
VHMLeftKidney,hilum of kidney,Inner Medullary Collecting Duct,http://purl.obolibrary.org/obo/CL_1000718,392,1176
VHMLeftKidney,hilum of kidney,Intercalated Type B,http://purl.obolibrary.org/obo/CL_0002201,2,6
VHMLeftKidney,hilum of kidney,Lymphatic Endothelial,http://purl.obolibrary.org/obo/CL_0002138,9.83333333333333333333,59
VHMLeftKidney,hilum of kidney,M2 Macrophage,http://purl.obolibrary.org/obo/CL_0000890,31.16666666666666666667,187
VHMLeftKidney,hilum of kidney,Macula Densa,http://purl.obolibrary.org/obo/CL_1000850,41,246
VHMLeftKidney,hilum of kidney,Mast,http://purl.obolibrary.org/obo/CL_0000097,1.5,3
VHMLeftKidney,hilum of kidney,Medullary Fibroblast,http://purl.obolibrary.org/obo/CL_4030022,322.33333333333333333333,1934
VHMLeftKidney,hilum of kidney,Medullary Thick Ascending Limb,http://purl.obolibrary.org/obo/CL_1001108,2908.5,17451
VHMLeftKidney,hilum of kidney,Mesangial,http://purl.obolibrary.org/obo/CL_0000650,4,12
VHMLeftKidney,hilum of kidney,Monocyte-derived,http://purl.obolibrary.org/obo/CL_0011031,3.5,14
VHMLeftKidney,hilum of kidney,Natural Killer T,http://purl.obolibrary.org/obo/CL_0000814,2.5,10
VHMLeftKidney,hilum of kidney,Non-classical monocyte,http://purl.obolibrary.org/obo/CL_0000875,2,2
VHMLeftKidney,hilum of kidney,Outer Medullary Collecting Duct Intercalated Type A,http://purl.obolibrary.org/obo/CL_1000717,108.83333333333333333333,653
VHMLeftKidney,hilum of kidney,Outer Medullary Collecting Duct Principal,http://purl.obolibrary.org/obo/CL_1000716,743.66666666666666666667,4462
VHMLeftKidney,hilum of kidney,Parietal Epithelial,http://purl.obolibrary.org/obo/CL_1000452,4,16
VHMLeftKidney,hilum of kidney,"Peritubular Capilary Endothelial ",https://purl.org/ccf/ASCTB-TEMP_peritubular-capilary-endothelial,94.83333333333333333333,569
VHMLeftKidney,hilum of kidney,Podocyte,http://purl.obolibrary.org/obo/CL_0000653,10,30
VHMLeftKidney,hilum of kidney,Proximal Tubule Epithelial Segment 1,http://purl.obolibrary.org/obo/CL_4030009,3,3
VHMLeftKidney,hilum of kidney,Proximal Tubule Epithelial Segment 3,http://purl.obolibrary.org/obo/CL_4030011,84.16666666666666666667,505
VHMLeftKidney,hilum of kidney,Schwann / Neural,http://purl.obolibrary.org/obo/CL_0002573,2.5,10
VHMLeftKidney,hilum of kidney,T,http://purl.obolibrary.org/obo/CL_0000084,3.2,16
VHMLeftKidney,hilum of kidney,Vascular Smooth Muscle / Pericyte,http://purl.obolibrary.org/obo/CL_1001318,135.75,543
VHMLeftKidney,kidney capsule,Afferent / Efferent Arteriole Endothelial,http://purl.obolibrary.org/obo/CL_1000412,1.33333333333333333333,4
VHMLeftKidney,kidney capsule,Ascending Thin Limb,http://purl.obolibrary.org/obo/CL_1001107,949.66666666666666666667,2849
VHMLeftKidney,kidney capsule,Ascending Vasa Recta Endothelial,http://purl.obolibrary.org/obo/CL_1001131,490,1470
VHMLeftKidney,kidney capsule,Connecting Tubule,http://purl.obolibrary.org/obo/CL_1000768,672.33333333333333333333,2017
VHMLeftKidney,kidney capsule,Connecting Tubule Principal,http://purl.obolibrary.org/obo/CL_4030018,23,69
VHMLeftKidney,kidney capsule,Cortical Collecting Duct Intercalated Type A,http://purl.obolibrary.org/obo/CL_1000715,1,1
VHMLeftKidney,kidney capsule,Cortical Collecting Duct Principal,http://purl.obolibrary.org/obo/CL_1000714,451.33333333333333333333,1354
VHMLeftKidney,kidney capsule,Cortical Thick Ascending Limb,http://purl.obolibrary.org/obo/CL_1001109,1,1
VHMLeftKidney,kidney capsule,Descending Thin Limb Type 1,http://purl.obolibrary.org/obo/CL_4030012,331.33333333333333333333,994
VHMLeftKidney,kidney capsule,Descending Thin Limb Type 2,http://purl.obolibrary.org/obo/CL_4030013,51.66666666666666666667,155
VHMLeftKidney,kidney capsule,Descending Thin Limb Type 3,http://purl.obolibrary.org/obo/CL_4030014,809.33333333333333333333,2428
VHMLeftKidney,kidney capsule,"Descending Vasa Recta Endothelial ",https://purl.org/ccf/ASCTB-TEMP_descending-vasa-recta-endothelial,331.33333333333333333333,994
VHMLeftKidney,kidney capsule,Distal Convoluted Tubule Type 1,http://purl.obolibrary.org/obo/CL_4030016,1,2
VHMLeftKidney,kidney capsule,Fibroblast,http://purl.obolibrary.org/obo/CL_1000692,70.66666666666666666667,212
VHMLeftKidney,kidney capsule,Inner Medullary Collecting Duct,http://purl.obolibrary.org/obo/CL_1000718,1739.33333333333333333333,5218
VHMLeftKidney,kidney capsule,M2 Macrophage,http://purl.obolibrary.org/obo/CL_0000890,91.66666666666666666667,275
VHMLeftKidney,kidney capsule,Macula Densa,http://purl.obolibrary.org/obo/CL_1000850,1,2
VHMLeftKidney,kidney capsule,Medullary Fibroblast,http://purl.obolibrary.org/obo/CL_4030022,1967,5901
VHMLeftKidney,kidney capsule,Medullary Thick Ascending Limb,http://purl.obolibrary.org/obo/CL_1001108,14.33333333333333333333,43
VHMLeftKidney,kidney capsule,Monocyte-derived,http://purl.obolibrary.org/obo/CL_0011031,45.66666666666666666667,137
VHMLeftKidney,kidney capsule,Natural Killer T,http://purl.obolibrary.org/obo/CL_0000814,3,9
VHMLeftKidney,kidney capsule,Non-classical monocyte,http://purl.obolibrary.org/obo/CL_0000875,3,9
VHMLeftKidney,kidney capsule,Outer Medullary Collecting Duct Intercalated Type A,http://purl.obolibrary.org/obo/CL_1000717,58,174
VHMLeftKidney,kidney capsule,Outer Medullary Collecting Duct Principal,http://purl.obolibrary.org/obo/CL_1000716,26.33333333333333333333,79
VHMLeftKidney,kidney capsule,Papillary Tip Epithelial,http://purl.obolibrary.org/obo/CL_1000597,59,177
VHMLeftKidney,kidney capsule,Parietal Epithelial,http://purl.obolibrary.org/obo/CL_1000452,3,3
VHMLeftKidney,kidney capsule,"Peritubular Capilary Endothelial ",https://purl.org/ccf/ASCTB-TEMP_peritubular-capilary-endothelial,4,12
VHMLeftKidney,kidney capsule,Podocyte,http://purl.obolibrary.org/obo/CL_0000653,1.66666666666666666667,5
VHMLeftKidney,kidney capsule,T,http://purl.obolibrary.org/obo/CL_0000084,19,57
VHMLeftKidney,kidney capsule,Vascular Smooth Muscle / Pericyte,http://purl.obolibrary.org/obo/CL_1001318,90,270
VHMLeftKidney,outer cortex of kidney,Afferent / Efferent Arteriole Endothelial,http://purl.obolibrary.org/obo/CL_1000412,26.91666666666666666667,646
VHMLeftKidney,outer cortex of kidney,Ascending Thin Limb,http://purl.obolibrary.org/obo/CL_1001107,1585.96875,50751
VHMLeftKidney,outer cortex of kidney,Ascending Vasa Recta Endothelial,http://purl.obolibrary.org/obo/CL_1001131,154.84375,4955
VHMLeftKidney,outer cortex of kidney,B,http://purl.obolibrary.org/obo/CL_0000236,88,792
VHMLeftKidney,outer cortex of kidney,Classical Dendritic,http://purl.obolibrary.org/obo/CL_0000990,25.5,204
VHMLeftKidney,outer cortex of kidney,Connecting Tubule,http://purl.obolibrary.org/obo/CL_1000768,406.88571428571428571429,14241
VHMLeftKidney,outer cortex of kidney,Connecting Tubule Intercalated Type A,http://purl.obolibrary.org/obo/CL_4030020,14.33333333333333333333,129
VHMLeftKidney,outer cortex of kidney,Connecting Tubule Principal,http://purl.obolibrary.org/obo/CL_4030018,93.625,2996
VHMLeftKidney,outer cortex of kidney,Cortical Collecting Duct Intercalated Type A,http://purl.obolibrary.org/obo/CL_1000715,183.42857142857142857143,5136
VHMLeftKidney,outer cortex of kidney,Cortical Collecting Duct Principal,http://purl.obolibrary.org/obo/CL_1000714,457.57142857142857142857,16015
VHMLeftKidney,outer cortex of kidney,Cortical Thick Ascending Limb,http://purl.obolibrary.org/obo/CL_1001109,1940.78787878787878787879,64046
VHMLeftKidney,outer cortex of kidney,Cortical Vascular Smooth Muscle / Pericyte,http://purl.obolibrary.org/obo/CL_1001318,93.25,1119
VHMLeftKidney,outer cortex of kidney,Descending Thin Limb Type 1,http://purl.obolibrary.org/obo/CL_4030012,359,12565
VHMLeftKidney,outer cortex of kidney,Descending Thin Limb Type 2,http://purl.obolibrary.org/obo/CL_4030013,2023.77142857142857142857,70832
VHMLeftKidney,outer cortex of kidney,Descending Thin Limb Type 3,http://purl.obolibrary.org/obo/CL_4030014,261.51612903225806451613,8107
VHMLeftKidney,outer cortex of kidney,"Descending Vasa Recta Endothelial ",https://purl.org/ccf/ASCTB-TEMP_descending-vasa-recta-endothelial,165.35294117647058823529,5622
VHMLeftKidney,outer cortex of kidney,Distal Convoluted Tubule Type 1,http://purl.obolibrary.org/obo/CL_4030016,349.20689655172413793103,10127
VHMLeftKidney,outer cortex of kidney,Distal Convoluted Tubule Type 2,http://purl.obolibrary.org/obo/CL_4030017,26.0625,417
VHMLeftKidney,outer cortex of kidney,Fibroblast,http://purl.obolibrary.org/obo/CL_1000692,107.78787878787878787879,3557
VHMLeftKidney,outer cortex of kidney,Glomerular Capillary Endothelial,http://purl.obolibrary.org/obo/CL_1001005,27.64,691
VHMLeftKidney,outer cortex of kidney,Inner Medullary Collecting Duct,http://purl.obolibrary.org/obo/CL_1000718,1138.5,34155
VHMLeftKidney,outer cortex of kidney,Intercalated Type B,http://purl.obolibrary.org/obo/CL_0002201,61.95833333333333333333,1487
VHMLeftKidney,outer cortex of kidney,Lymphatic Endothelial,http://purl.obolibrary.org/obo/CL_0002138,9.93333333333333333333,149
VHMLeftKidney,outer cortex of kidney,M2 Macrophage,http://purl.obolibrary.org/obo/CL_0000890,36.31428571428571428571,1271
VHMLeftKidney,outer cortex of kidney,Macula Densa,http://purl.obolibrary.org/obo/CL_1000850,167.58064516129032258065,5195
VHMLeftKidney,outer cortex of kidney,Mast,http://purl.obolibrary.org/obo/CL_0000097,12.125,97
VHMLeftKidney,outer cortex of kidney,Medullary Fibroblast,http://purl.obolibrary.org/obo/CL_4030022,399.64516129032258064516,12389
VHMLeftKidney,outer cortex of kidney,Medullary Thick Ascending Limb,http://purl.obolibrary.org/obo/CL_1001108,878.45714285714285714286,30746
VHMLeftKidney,outer cortex of kidney,Mesangial,http://purl.obolibrary.org/obo/CL_0000650,188.18181818181818181818,4140
VHMLeftKidney,outer cortex of kidney,Monocyte-derived,http://purl.obolibrary.org/obo/CL_0011031,23.16666666666666666667,695
VHMLeftKidney,outer cortex of kidney,Natural Killer T,http://purl.obolibrary.org/obo/CL_0000814,7.90909090909090909091,174
VHMLeftKidney,outer cortex of kidney,Neutrophil,http://purl.obolibrary.org/obo/CL_0000775,9,18
VHMLeftKidney,outer cortex of kidney,Non-classical monocyte,http://purl.obolibrary.org/obo/CL_0000875,4.77777777777777777778,86
VHMLeftKidney,outer cortex of kidney,Outer Medullary Collecting Duct Intercalated Type A,http://purl.obolibrary.org/obo/CL_1000717,109.59375,3507
VHMLeftKidney,outer cortex of kidney,Outer Medullary Collecting Duct Principal,http://purl.obolibrary.org/obo/CL_1000716,277.93103448275862068966,8060
VHMLeftKidney,outer cortex of kidney,Papillary Tip Epithelial,http://purl.obolibrary.org/obo/CL_1000597,30.16666666666666666667,181
VHMLeftKidney,outer cortex of kidney,Parietal Epithelial,http://purl.obolibrary.org/obo/CL_1000452,57.89285714285714285714,1621
VHMLeftKidney,outer cortex of kidney,"Peritubular Capilary Endothelial ",https://purl.org/ccf/ASCTB-TEMP_peritubular-capilary-endothelial,99.03225806451612903226,3070
VHMLeftKidney,outer cortex of kidney,Plasma,http://purl.obolibrary.org/obo/CL_0000786,43.28571428571428571429,303
VHMLeftKidney,outer cortex of kidney,Plasmacytoid Dendritic,http://purl.obolibrary.org/obo/CL_0001058,4.6,23
VHMLeftKidney,outer cortex of kidney,Podocyte,http://purl.obolibrary.org/obo/CL_0000653,53,1325
VHMLeftKidney,outer cortex of kidney,Proximal Tubule Epithelial Segment 1,http://purl.obolibrary.org/obo/CL_4030009,837.15,16743
VHMLeftKidney,outer cortex of kidney,Proximal Tubule Epithelial Segment 2,http://purl.obolibrary.org/obo/CL_4030010,124.68421052631578947368,2369
VHMLeftKidney,outer cortex of kidney,Proximal Tubule Epithelial Segment 3,http://purl.obolibrary.org/obo/CL_4030011,380.33333333333333333333,11410
VHMLeftKidney,outer cortex of kidney,Renin-positive Juxtaglomerular Granular,http://purl.obolibrary.org/obo/CL_0000648,3.3,33
VHMLeftKidney,outer cortex of kidney,Schwann / Neural,http://purl.obolibrary.org/obo/CL_0002573,3.66666666666666666667,44
VHMLeftKidney,outer cortex of kidney,T,http://purl.obolibrary.org/obo/CL_0000084,36.40740740740740740741,983
VHMLeftKidney,outer cortex of kidney,Vascular Smooth Muscle / Pericyte,http://purl.obolibrary.org/obo/CL_1001318,78.26086956521739130435,1800
VHMLeftKidney,renal column,Afferent / Efferent Arteriole Endothelial,http://purl.obolibrary.org/obo/CL_1000412,9,27
VHMLeftKidney,renal column,Ascending Thin Limb,http://purl.obolibrary.org/obo/CL_1001107,79.66666666666666666667,478
VHMLeftKidney,renal column,Ascending Vasa Recta Endothelial,http://purl.obolibrary.org/obo/CL_1001131,279.83333333333333333333,1679
VHMLeftKidney,renal column,Classical Dendritic,http://purl.obolibrary.org/obo/CL_0000990,1,1
VHMLeftKidney,renal column,Connecting Tubule,http://purl.obolibrary.org/obo/CL_1000768,162,972
VHMLeftKidney,renal column,Connecting Tubule Principal,http://purl.obolibrary.org/obo/CL_4030018,232.16666666666666666667,1393
VHMLeftKidney,renal column,Cortical Collecting Duct Intercalated Type A,http://purl.obolibrary.org/obo/CL_1000715,82,492
VHMLeftKidney,renal column,Cortical Collecting Duct Principal,http://purl.obolibrary.org/obo/CL_1000714,13,78
VHMLeftKidney,renal column,Cortical Thick Ascending Limb,http://purl.obolibrary.org/obo/CL_1001109,1968.33333333333333333333,11810
VHMLeftKidney,renal column,Cortical Vascular Smooth Muscle / Pericyte,http://purl.obolibrary.org/obo/CL_1001318,269,538
VHMLeftKidney,renal column,Descending Thin Limb Type 1,http://purl.obolibrary.org/obo/CL_4030012,511.5,3069
VHMLeftKidney,renal column,Descending Thin Limb Type 2,http://purl.obolibrary.org/obo/CL_4030013,369.33333333333333333333,2216
VHMLeftKidney,renal column,Descending Thin Limb Type 3,http://purl.obolibrary.org/obo/CL_4030014,84.33333333333333333333,506
VHMLeftKidney,renal column,"Descending Vasa Recta Endothelial ",https://purl.org/ccf/ASCTB-TEMP_descending-vasa-recta-endothelial,405.5,2433
VHMLeftKidney,renal column,Distal Convoluted Tubule Type 1,http://purl.obolibrary.org/obo/CL_4030016,11.75,47
VHMLeftKidney,renal column,Fibroblast,http://purl.obolibrary.org/obo/CL_1000692,59.33333333333333333333,356
VHMLeftKidney,renal column,Glomerular Capillary Endothelial,http://purl.obolibrary.org/obo/CL_1001005,4.75,19
VHMLeftKidney,renal column,Inner Medullary Collecting Duct,http://purl.obolibrary.org/obo/CL_1000718,392,1176
VHMLeftKidney,renal column,Intercalated Type B,http://purl.obolibrary.org/obo/CL_0002201,2,6
VHMLeftKidney,renal column,Lymphatic Endothelial,http://purl.obolibrary.org/obo/CL_0002138,9.83333333333333333333,59
VHMLeftKidney,renal column,M2 Macrophage,http://purl.obolibrary.org/obo/CL_0000890,31.16666666666666666667,187
VHMLeftKidney,renal column,Macula Densa,http://purl.obolibrary.org/obo/CL_1000850,41,246
VHMLeftKidney,renal column,Mast,http://purl.obolibrary.org/obo/CL_0000097,1.5,3
VHMLeftKidney,renal column,Medullary Fibroblast,http://purl.obolibrary.org/obo/CL_4030022,322.33333333333333333333,1934
VHMLeftKidney,renal column,Medullary Thick Ascending Limb,http://purl.obolibrary.org/obo/CL_1001108,2908.5,17451
VHMLeftKidney,renal column,Mesangial,http://purl.obolibrary.org/obo/CL_0000650,4,12
VHMLeftKidney,renal column,Monocyte-derived,http://purl.obolibrary.org/obo/CL_0011031,3.5,14
VHMLeftKidney,renal column,Natural Killer T,http://purl.obolibrary.org/obo/CL_0000814,2.5,10
VHMLeftKidney,renal column,Non-classical monocyte,http://purl.obolibrary.org/obo/CL_0000875,2,2
VHMLeftKidney,renal column,Outer Medullary Collecting Duct Intercalated Type A,http://purl.obolibrary.org/obo/CL_1000717,108.83333333333333333333,653
VHMLeftKidney,renal column,Outer Medullary Collecting Duct Principal,http://purl.obolibrary.org/obo/CL_1000716,743.66666666666666666667,4462
VHMLeftKidney,renal column,Parietal Epithelial,http://purl.obolibrary.org/obo/CL_1000452,4,16
VHMLeftKidney,renal column,"Peritubular Capilary Endothelial ",https://purl.org/ccf/ASCTB-TEMP_peritubular-capilary-endothelial,94.83333333333333333333,569
VHMLeftKidney,renal column,Podocyte,http://purl.obolibrary.org/obo/CL_0000653,10,30
VHMLeftKidney,renal column,Proximal Tubule Epithelial Segment 1,http://purl.obolibrary.org/obo/CL_4030009,3,3
VHMLeftKidney,renal column,Proximal Tubule Epithelial Segment 3,http://purl.obolibrary.org/obo/CL_4030011,84.16666666666666666667,505
VHMLeftKidney,renal column,Schwann / Neural,http://purl.obolibrary.org/obo/CL_0002573,2.5,10
VHMLeftKidney,renal column,T,http://purl.obolibrary.org/obo/CL_0000084,3.2,16
VHMLeftKidney,renal column,Vascular Smooth Muscle / Pericyte,http://purl.obolibrary.org/obo/CL_1001318,135.75,543
VHMLeftKidney,renal papilla,Ascending Thin Limb,http://purl.obolibrary.org/obo/CL_1001107,572.5,2290
VHMLeftKidney,renal papilla,Ascending Vasa Recta Endothelial,http://purl.obolibrary.org/obo/CL_1001131,784.25,3137
VHMLeftKidney,renal papilla,B,http://purl.obolibrary.org/obo/CL_0000236,2,4
VHMLeftKidney,renal papilla,Connecting Tubule,http://purl.obolibrary.org/obo/CL_1000768,861.75,3447
VHMLeftKidney,renal papilla,Cortical Collecting Duct Principal,http://purl.obolibrary.org/obo/CL_1000714,7.5,30
VHMLeftKidney,renal papilla,Cortical Thick Ascending Limb,http://purl.obolibrary.org/obo/CL_1001109,2,4
VHMLeftKidney,renal papilla,Descending Thin Limb Type 1,http://purl.obolibrary.org/obo/CL_4030012,172.5,690
VHMLeftKidney,renal papilla,Descending Thin Limb Type 2,http://purl.obolibrary.org/obo/CL_4030013,1,3
VHMLeftKidney,renal papilla,Descending Thin Limb Type 3,http://purl.obolibrary.org/obo/CL_4030014,913.5,3654
VHMLeftKidney,renal papilla,"Descending Vasa Recta Endothelial ",https://purl.org/ccf/ASCTB-TEMP_descending-vasa-recta-endothelial,327,1308
VHMLeftKidney,renal papilla,Fibroblast,http://purl.obolibrary.org/obo/CL_1000692,3,6
VHMLeftKidney,renal papilla,Inner Medullary Collecting Duct,http://purl.obolibrary.org/obo/CL_1000718,4396.75,17587
VHMLeftKidney,renal papilla,M2 Macrophage,http://purl.obolibrary.org/obo/CL_0000890,102.25,409
VHMLeftKidney,renal papilla,Mast,http://purl.obolibrary.org/obo/CL_0000097,1,2
VHMLeftKidney,renal papilla,Medullary Fibroblast,http://purl.obolibrary.org/obo/CL_4030022,2586.75,10347
VHMLeftKidney,renal papilla,Medullary Thick Ascending Limb,http://purl.obolibrary.org/obo/CL_1001108,4.25,17
VHMLeftKidney,renal papilla,Monocyte-derived,http://purl.obolibrary.org/obo/CL_0011031,9,18
VHMLeftKidney,renal papilla,Natural Killer T,http://purl.obolibrary.org/obo/CL_0000814,1,2
VHMLeftKidney,renal papilla,Outer Medullary Collecting Duct Principal,http://purl.obolibrary.org/obo/CL_1000716,239.33333333333333333333,718
VHMLeftKidney,renal papilla,Plasma,http://purl.obolibrary.org/obo/CL_0000786,7,14
VHMLeftKidney,renal papilla,Proximal Tubule Epithelial Segment 2,http://purl.obolibrary.org/obo/CL_4030010,1,2
VHMLeftKidney,renal papilla,T,http://purl.obolibrary.org/obo/CL_0000084,12.5,50
VHMLeftKidney,renal papilla,Vascular Smooth Muscle / Pericyte,http://purl.obolibrary.org/obo/CL_1001318,62.75,251
VHMLeftKidney,renal pyramid,Afferent / Efferent Arteriole Endothelial,http://purl.obolibrary.org/obo/CL_1000412,19.82758620689655172414,575
VHMLeftKidney,renal pyramid,Ascending Thin Limb,http://purl.obolibrary.org/obo/CL_1001107,756.02325581395348837209,32509
VHMLeftKidney,renal pyramid,Ascending Vasa Recta Endothelial,http://purl.obolibrary.org/obo/CL_1001131,264.53333333333333333333,11904
VHMLeftKidney,renal pyramid,B,http://purl.obolibrary.org/obo/CL_0000236,12.07692307692307692308,157
VHMLeftKidney,renal pyramid,Classical Dendritic,http://purl.obolibrary.org/obo/CL_0000990,22.5,360
VHMLeftKidney,renal pyramid,Connecting Tubule,http://purl.obolibrary.org/obo/CL_1000768,929.84444444444444444444,41843
VHMLeftKidney,renal pyramid,Connecting Tubule Intercalated Type A,http://purl.obolibrary.org/obo/CL_4030020,2,4
VHMLeftKidney,renal pyramid,Connecting Tubule Principal,http://purl.obolibrary.org/obo/CL_4030018,86.13157894736842105263,3273
VHMLeftKidney,renal pyramid,Cortical Collecting Duct Intercalated Type A,http://purl.obolibrary.org/obo/CL_1000715,56.27777777777777777778,2026
VHMLeftKidney,renal pyramid,Cortical Collecting Duct Principal,http://purl.obolibrary.org/obo/CL_1000714,1110.8,49986
VHMLeftKidney,renal pyramid,Cortical Thick Ascending Limb,http://purl.obolibrary.org/obo/CL_1001109,2987.93023255813953488372,128481
VHMLeftKidney,renal pyramid,Cortical Vascular Smooth Muscle / Pericyte,http://purl.obolibrary.org/obo/CL_1001318,147.33333333333333333333,1326
VHMLeftKidney,renal pyramid,Cycling Mononuclear Phagocyte,http://purl.obolibrary.org/obo/CL_0000113,1,4
VHMLeftKidney,renal pyramid,Descending Thin Limb Type 1,http://purl.obolibrary.org/obo/CL_4030012,1192.51111111111111111111,53663
VHMLeftKidney,renal pyramid,Descending Thin Limb Type 2,http://purl.obolibrary.org/obo/CL_4030013,224.93181818181818181818,9897
VHMLeftKidney,renal pyramid,Descending Thin Limb Type 3,http://purl.obolibrary.org/obo/CL_4030014,341.97560975609756097561,14021
VHMLeftKidney,renal pyramid,"Descending Vasa Recta Endothelial ",https://purl.org/ccf/ASCTB-TEMP_descending-vasa-recta-endothelial,529.97777777777777777778,23849
VHMLeftKidney,renal pyramid,Distal Convoluted Tubule Type 1,http://purl.obolibrary.org/obo/CL_4030016,623.30555555555555555556,22439
VHMLeftKidney,renal pyramid,Distal Convoluted Tubule Type 2,http://purl.obolibrary.org/obo/CL_4030017,4,60
VHMLeftKidney,renal pyramid,Fibroblast,http://purl.obolibrary.org/obo/CL_1000692,206.36585365853658536585,8461
VHMLeftKidney,renal pyramid,Glomerular Capillary Endothelial,http://purl.obolibrary.org/obo/CL_1001005,43.79411764705882352941,1489
VHMLeftKidney,renal pyramid,Inner Medullary Collecting Duct,http://purl.obolibrary.org/obo/CL_1000718,825.53658536585365853659,33847
VHMLeftKidney,renal pyramid,Intercalated Type B,http://purl.obolibrary.org/obo/CL_0002201,219.66666666666666666667,7249
VHMLeftKidney,renal pyramid,Lymphatic Endothelial,http://purl.obolibrary.org/obo/CL_0002138,3.78260869565217391304,87
VHMLeftKidney,renal pyramid,M2 Macrophage,http://purl.obolibrary.org/obo/CL_0000890,50.53333333333333333333,2274
VHMLeftKidney,renal pyramid,Macula Densa,http://purl.obolibrary.org/obo/CL_1000850,182.60526315789473684211,6939
VHMLeftKidney,renal pyramid,Mast,http://purl.obolibrary.org/obo/CL_0000097,1.77272727272727272727,39
VHMLeftKidney,renal pyramid,Medullary Fibroblast,http://purl.obolibrary.org/obo/CL_4030022,924.82222222222222222222,41617
VHMLeftKidney,renal pyramid,Medullary Thick Ascending Limb,http://purl.obolibrary.org/obo/CL_1001108,1347.77777777777777777778,60650
VHMLeftKidney,renal pyramid,Mesangial,http://purl.obolibrary.org/obo/CL_0000650,15.86666666666666666667,476
VHMLeftKidney,renal pyramid,Monocyte-derived,http://purl.obolibrary.org/obo/CL_0011031,74.36585365853658536585,3049
VHMLeftKidney,renal pyramid,Natural Killer T,http://purl.obolibrary.org/obo/CL_0000814,1.88888888888888888889,34
VHMLeftKidney,renal pyramid,Neutrophil,http://purl.obolibrary.org/obo/CL_0000775,3,6
VHMLeftKidney,renal pyramid,Non-classical monocyte,http://purl.obolibrary.org/obo/CL_0000875,3.375,27
VHMLeftKidney,renal pyramid,Outer Medullary Collecting Duct Intercalated Type A,http://purl.obolibrary.org/obo/CL_1000717,107.75609756097560975610,4418
VHMLeftKidney,renal pyramid,Outer Medullary Collecting Duct Principal,http://purl.obolibrary.org/obo/CL_1000716,230.09302325581395348837,9894
VHMLeftKidney,renal pyramid,Papillary Tip Epithelial,http://purl.obolibrary.org/obo/CL_1000597,51.80952380952380952381,1088
VHMLeftKidney,renal pyramid,Parietal Epithelial,http://purl.obolibrary.org/obo/CL_1000452,64.58333333333333333333,2325
VHMLeftKidney,renal pyramid,"Peritubular Capilary Endothelial ",https://purl.org/ccf/ASCTB-TEMP_peritubular-capilary-endothelial,99.64864864864864864865,3687
VHMLeftKidney,renal pyramid,Plasma,http://purl.obolibrary.org/obo/CL_0000786,2.77777777777777777778,25
VHMLeftKidney,renal pyramid,Podocyte,http://purl.obolibrary.org/obo/CL_0000653,43.72413793103448275862,1268
VHMLeftKidney,renal pyramid,Proximal Tubule Epithelial Segment 1,http://purl.obolibrary.org/obo/CL_4030009,116.31034482758620689655,3373
VHMLeftKidney,renal pyramid,Proximal Tubule Epithelial Segment 2,http://purl.obolibrary.org/obo/CL_4030010,48.16666666666666666667,578
VHMLeftKidney,renal pyramid,Proximal Tubule Epithelial Segment 3,http://purl.obolibrary.org/obo/CL_4030011,102.08108108108108108108,3777
VHMLeftKidney,renal pyramid,Renin-positive Juxtaglomerular Granular,http://purl.obolibrary.org/obo/CL_0000648,4.55555555555555555556,41
VHMLeftKidney,renal pyramid,Schwann / Neural,http://purl.obolibrary.org/obo/CL_0002573,1.55555555555555555556,28
VHMLeftKidney,renal pyramid,T,http://purl.obolibrary.org/obo/CL_0000084,61.66666666666666666667,2405
VHMLeftKidney,renal pyramid,Vascular Smooth Muscle / Pericyte,http://purl.obolibrary.org/obo/CL_1001318,97,3492
VHMLeftUreter,left ureter,Afferent / Efferent Arteriole Endothelial,http://purl.obolibrary.org/obo/CL_1000412,11,44
VHMLeftUreter,left ureter,Ascending Vasa Recta Endothelial,http://purl.obolibrary.org/obo/CL_1001131,85,340
VHMLeftUreter,left ureter,B,http://purl.obolibrary.org/obo/CL_0000236,33.66666666666666666667,202
VHMLeftUreter,left ureter,Classical Dendritic,http://purl.obolibrary.org/obo/CL_0000990,6,36
VHMLeftUreter,left ureter,Connecting Tubule,http://purl.obolibrary.org/obo/CL_1000768,77.22222222222222222222,695
VHMLeftUreter,left ureter,Connecting Tubule Principal,http://purl.obolibrary.org/obo/CL_4030018,207.33333333333333333333,1244
VHMLeftUreter,left ureter,Cortical Collecting Duct Intercalated Type A,http://purl.obolibrary.org/obo/CL_1000715,95.5,382
VHMLeftUreter,left ureter,Cortical Collecting Duct Principal,http://purl.obolibrary.org/obo/CL_1000714,110.66666666666666666667,664
VHMLeftUreter,left ureter,Cortical Vascular Smooth Muscle / Pericyte,http://purl.obolibrary.org/obo/CL_1001318,299.77777777777777777778,2698
VHMLeftUreter,left ureter,Descending Thin Limb Type 1,http://purl.obolibrary.org/obo/CL_4030012,4.5,18
VHMLeftUreter,left ureter,"Descending Vasa Recta Endothelial ",https://purl.org/ccf/ASCTB-TEMP_descending-vasa-recta-endothelial,174.77777777777777777778,1573
VHMLeftUreter,left ureter,Fibroblast,http://purl.obolibrary.org/obo/CL_1000692,1071,9639
VHMLeftUreter,left ureter,Glomerular Capillary Endothelial,http://purl.obolibrary.org/obo/CL_1001005,1,2
VHMLeftUreter,left ureter,Inner Medullary Collecting Duct,http://purl.obolibrary.org/obo/CL_1000718,4075.88888888888888888889,36683
VHMLeftUreter,left ureter,Intercalated Type B,http://purl.obolibrary.org/obo/CL_0002201,1,2
VHMLeftUreter,left ureter,Lymphatic Endothelial,http://purl.obolibrary.org/obo/CL_0002138,39.88888888888888888889,359
VHMLeftUreter,left ureter,M2 Macrophage,http://purl.obolibrary.org/obo/CL_0000890,352.66666666666666666667,3174
VHMLeftUreter,left ureter,Macula Densa,http://purl.obolibrary.org/obo/CL_1000850,11,44
VHMLeftUreter,left ureter,Mast,http://purl.obolibrary.org/obo/CL_0000097,15.11111111111111111111,136
VHMLeftUreter,left ureter,Medullary Fibroblast,http://purl.obolibrary.org/obo/CL_4030022,2361.55555555555555555556,21254
VHMLeftUreter,left ureter,Mesangial,http://purl.obolibrary.org/obo/CL_0000650,8.66666666666666666667,52
VHMLeftUreter,left ureter,Monocyte-derived,http://purl.obolibrary.org/obo/CL_0011031,455.8,2279
VHMLeftUreter,left ureter,Natural Killer T,http://purl.obolibrary.org/obo/CL_0000814,6.5,26
VHMLeftUreter,left ureter,Neutrophil,http://purl.obolibrary.org/obo/CL_0000775,1,2
VHMLeftUreter,left ureter,Non-classical monocyte,http://purl.obolibrary.org/obo/CL_0000875,475,1900
VHMLeftUreter,left ureter,Outer Medullary Collecting Duct Principal,http://purl.obolibrary.org/obo/CL_1000716,827,4962
VHMLeftUreter,left ureter,Papillary Tip Epithelial,http://purl.obolibrary.org/obo/CL_1000597,1211.55555555555555555556,10904
VHMLeftUreter,left ureter,Parietal Epithelial,http://purl.obolibrary.org/obo/CL_1000452,3,12
VHMLeftUreter,left ureter,"Peritubular Capilary Endothelial ",https://purl.org/ccf/ASCTB-TEMP_peritubular-capilary-endothelial,252.55555555555555555556,2273
VHMLeftUreter,left ureter,Plasma,http://purl.obolibrary.org/obo/CL_0000786,119.33333333333333333333,716
VHMLeftUreter,left ureter,Podocyte,http://purl.obolibrary.org/obo/CL_0000653,15,30
VHMLeftUreter,left ureter,Schwann / Neural,http://purl.obolibrary.org/obo/CL_0002573,46.77777777777777777778,421
VHMLeftUreter,left ureter,T,http://purl.obolibrary.org/obo/CL_0000084,246.88888888888888888889,2222
VHMLiver,capsule of the liver,B cells,http://purl.obolibrary.org/obo/CL_0000236,37,74
VHMLiver,capsule of the liver,Basophils,http://purl.obolibrary.org/obo/CL_0000767,9.5,19
VHMLiver,capsule of the liver,Cholangiocytes,http://purl.obolibrary.org/obo/CL_1000488,859,1718
VHMLiver,capsule of the liver,Circulating NK/NKT,http://purl.obolibrary.org/obo/CL_0000814,96,192
VHMLiver,capsule of the liver,Endothelial cells,http://purl.obolibrary.org/obo/CL_0000115,2910,5820
VHMLiver,capsule of the liver,Fibroblasts,http://purl.obolibrary.org/obo/CL_0000057,1013.5,2027
VHMLiver,capsule of the liver,Hepatocytes,http://purl.obolibrary.org/obo/CL_0000182,2281,4562
VHMLiver,capsule of the liver,Macrophages,http://purl.obolibrary.org/obo/CL_0000235,1302,2604
VHMLiver,capsule of the liver,Mono+mono derived cells,http://purl.obolibrary.org/obo/CL_0011031,49,98
VHMLiver,capsule of the liver,Neutrophils,http://purl.obolibrary.org/obo/CL_0000775,506.5,1013
VHMLiver,capsule of the liver,Plasma cells,http://purl.obolibrary.org/obo/CL_0000786,75,150
VHMLiver,capsule of the liver,Resident NK,http://purl.obolibrary.org/obo/CL_0000623,463.5,927
VHMLiver,capsule of the liver,T cell,http://purl.obolibrary.org/obo/CL_0000084,576,1152
VHMLiver,capsule of the liver,T cells,http://purl.obolibrary.org/obo/CL_0000084,1367.5,2735
VHMLiver,capsule of the liver,cDC1s,http://purl.obolibrary.org/obo/CL_0002394,9.5,19
VHMLiver,capsule of the liver,cDC2s,http://purl.obolibrary.org/obo/CL_0002399,7.5,15
VHMLiver,capsule of the liver,endothelial cell of hepatic sinusoid,http://purl.obolibrary.org/obo/CL_1000398,2444,4888
VHMLiver,capsule of the liver,fibroblast,http://purl.obolibrary.org/obo/CL_0000057,12,24
VHMLiver,capsule of the liver,hepatocyte,http://purl.obolibrary.org/obo/CL_0000182,2239,4478
VHMLiver,capsule of the liver,intrahepatic cholangiocyte,http://purl.obolibrary.org/obo/CL_0002538,686,1372
VHMLiver,capsule of the liver,liver dendritic cell,http://purl.obolibrary.org/obo/CL_2000055,88,176
VHMLiver,capsule of the liver,macrophage,http://purl.obolibrary.org/obo/CL_0000235,712.5,1425
VHMLiver,capsule of the liver,mature NK T cell,http://purl.obolibrary.org/obo/CL_0000814,420,840
VHMLiver,capsule of the liver,monocyte,http://purl.obolibrary.org/obo/CL_0000576,111.5,223
VHMLiver,capsule of the liver,neutrophil,http://purl.obolibrary.org/obo/CL_0000775,3501.5,7003
VHMLiver,capsule of the liver,pDCs,http://purl.obolibrary.org/obo/CL_0000784,13.5,27
VHMLiver,capsule of the liver,plasma cell,http://purl.obolibrary.org/obo/CL_0000786,77,154
VHMLiver,diaphragmatic surface of liver,B cells,http://purl.obolibrary.org/obo/CL_0000236,37,74
VHMLiver,diaphragmatic surface of liver,Basophils,http://purl.obolibrary.org/obo/CL_0000767,9.5,19
VHMLiver,diaphragmatic surface of liver,Cholangiocytes,http://purl.obolibrary.org/obo/CL_1000488,859,1718
VHMLiver,diaphragmatic surface of liver,Circulating NK/NKT,http://purl.obolibrary.org/obo/CL_0000814,96,192
VHMLiver,diaphragmatic surface of liver,Endothelial cells,http://purl.obolibrary.org/obo/CL_0000115,2910,5820
VHMLiver,diaphragmatic surface of liver,Fibroblasts,http://purl.obolibrary.org/obo/CL_0000057,1013.5,2027
VHMLiver,diaphragmatic surface of liver,Hepatocytes,http://purl.obolibrary.org/obo/CL_0000182,2281,4562
VHMLiver,diaphragmatic surface of liver,Macrophages,http://purl.obolibrary.org/obo/CL_0000235,1302,2604
VHMLiver,diaphragmatic surface of liver,Mono+mono derived cells,http://purl.obolibrary.org/obo/CL_0011031,49,98
VHMLiver,diaphragmatic surface of liver,Neutrophils,http://purl.obolibrary.org/obo/CL_0000775,506.5,1013
VHMLiver,diaphragmatic surface of liver,Plasma cells,http://purl.obolibrary.org/obo/CL_0000786,75,150
VHMLiver,diaphragmatic surface of liver,Resident NK,http://purl.obolibrary.org/obo/CL_0000623,463.5,927
VHMLiver,diaphragmatic surface of liver,T cell,http://purl.obolibrary.org/obo/CL_0000084,576,1152
VHMLiver,diaphragmatic surface of liver,T cells,http://purl.obolibrary.org/obo/CL_0000084,1367.5,2735
VHMLiver,diaphragmatic surface of liver,cDC1s,http://purl.obolibrary.org/obo/CL_0002394,9.5,19
VHMLiver,diaphragmatic surface of liver,cDC2s,http://purl.obolibrary.org/obo/CL_0002399,7.5,15
VHMLiver,diaphragmatic surface of liver,endothelial cell of hepatic sinusoid,http://purl.obolibrary.org/obo/CL_1000398,2444,4888
VHMLiver,diaphragmatic surface of liver,fibroblast,http://purl.obolibrary.org/obo/CL_0000057,12,24
VHMLiver,diaphragmatic surface of liver,hepatocyte,http://purl.obolibrary.org/obo/CL_0000182,2239,4478
VHMLiver,diaphragmatic surface of liver,intrahepatic cholangiocyte,http://purl.obolibrary.org/obo/CL_0002538,686,1372
VHMLiver,diaphragmatic surface of liver,liver dendritic cell,http://purl.obolibrary.org/obo/CL_2000055,88,176
VHMLiver,diaphragmatic surface of liver,macrophage,http://purl.obolibrary.org/obo/CL_0000235,712.5,1425
VHMLiver,diaphragmatic surface of liver,mature NK T cell,http://purl.obolibrary.org/obo/CL_0000814,420,840
VHMLiver,diaphragmatic surface of liver,monocyte,http://purl.obolibrary.org/obo/CL_0000576,111.5,223
VHMLiver,diaphragmatic surface of liver,neutrophil,http://purl.obolibrary.org/obo/CL_0000775,3501.5,7003
VHMLiver,diaphragmatic surface of liver,pDCs,http://purl.obolibrary.org/obo/CL_0000784,13.5,27
VHMLiver,diaphragmatic surface of liver,plasma cell,http://purl.obolibrary.org/obo/CL_0000786,77,154
VHMLiver,gastric impression of liver,B cells,http://purl.obolibrary.org/obo/CL_0000236,37,74
VHMLiver,gastric impression of liver,Basophils,http://purl.obolibrary.org/obo/CL_0000767,9.5,19
VHMLiver,gastric impression of liver,Cholangiocytes,http://purl.obolibrary.org/obo/CL_1000488,859,1718
VHMLiver,gastric impression of liver,Circulating NK/NKT,http://purl.obolibrary.org/obo/CL_0000814,96,192
VHMLiver,gastric impression of liver,Endothelial cells,http://purl.obolibrary.org/obo/CL_0000115,2910,5820
VHMLiver,gastric impression of liver,Fibroblasts,http://purl.obolibrary.org/obo/CL_0000057,1013.5,2027
VHMLiver,gastric impression of liver,Hepatocytes,http://purl.obolibrary.org/obo/CL_0000182,2281,4562
VHMLiver,gastric impression of liver,Macrophages,http://purl.obolibrary.org/obo/CL_0000235,1302,2604
VHMLiver,gastric impression of liver,Mono+mono derived cells,http://purl.obolibrary.org/obo/CL_0011031,49,98
VHMLiver,gastric impression of liver,Neutrophils,http://purl.obolibrary.org/obo/CL_0000775,506.5,1013
VHMLiver,gastric impression of liver,Plasma cells,http://purl.obolibrary.org/obo/CL_0000786,75,150
VHMLiver,gastric impression of liver,Resident NK,http://purl.obolibrary.org/obo/CL_0000623,463.5,927
VHMLiver,gastric impression of liver,T cell,http://purl.obolibrary.org/obo/CL_0000084,576,1152
VHMLiver,gastric impression of liver,T cells,http://purl.obolibrary.org/obo/CL_0000084,1367.5,2735
VHMLiver,gastric impression of liver,cDC1s,http://purl.obolibrary.org/obo/CL_0002394,9.5,19
VHMLiver,gastric impression of liver,cDC2s,http://purl.obolibrary.org/obo/CL_0002399,7.5,15
VHMLiver,gastric impression of liver,endothelial cell of hepatic sinusoid,http://purl.obolibrary.org/obo/CL_1000398,2444,4888
VHMLiver,gastric impression of liver,fibroblast,http://purl.obolibrary.org/obo/CL_0000057,12,24
VHMLiver,gastric impression of liver,hepatocyte,http://purl.obolibrary.org/obo/CL_0000182,2239,4478
VHMLiver,gastric impression of liver,intrahepatic cholangiocyte,http://purl.obolibrary.org/obo/CL_0002538,686,1372
VHMLiver,gastric impression of liver,liver dendritic cell,http://purl.obolibrary.org/obo/CL_2000055,88,176
VHMLiver,gastric impression of liver,macrophage,http://purl.obolibrary.org/obo/CL_0000235,712.5,1425
VHMLiver,gastric impression of liver,mature NK T cell,http://purl.obolibrary.org/obo/CL_0000814,420,840
VHMLiver,gastric impression of liver,monocyte,http://purl.obolibrary.org/obo/CL_0000576,111.5,223
VHMLiver,gastric impression of liver,neutrophil,http://purl.obolibrary.org/obo/CL_0000775,3501.5,7003
VHMLiver,gastric impression of liver,pDCs,http://purl.obolibrary.org/obo/CL_0000784,13.5,27
VHMLiver,gastric impression of liver,plasma cell,http://purl.obolibrary.org/obo/CL_0000786,77,154
VHMLung,Inferior lingular bronchopulmonary segment,AT0,http://purl.obolibrary.org/obo/CL_0010003,7.6,38
VHMLung,Inferior lingular bronchopulmonary segment,AT1,http://purl.obolibrary.org/obo/CL_0002062,6605.7,66057
VHMLung,Inferior lingular bronchopulmonary segment,AT2,http://purl.obolibrary.org/obo/CL_0002063,2493.6,24936
VHMLung,Inferior lingular bronchopulmonary segment,Adventitial fibroblasts,http://purl.obolibrary.org/obo/CL_4028006,329.2,3292
VHMLung,Inferior lingular bronchopulmonary segment,Alveolar Mph CCL3+,http://purl.obolibrary.org/obo/CL_4033041,9,45
VHMLung,Inferior lingular bronchopulmonary segment,Alveolar Mph MT-positive,http://purl.obolibrary.org/obo/CL_4033042,6.33333333333333333333,19
VHMLung,Inferior lingular bronchopulmonary segment,Alveolar Mph proliferating,http://purl.obolibrary.org/obo/CL_0000583,39,39
VHMLung,Inferior lingular bronchopulmonary segment,Alveolar fibroblasts,http://purl.obolibrary.org/obo/CL_4028004,985.8,9858
VHMLung,Inferior lingular bronchopulmonary segment,Alveolar macrophages,http://purl.obolibrary.org/obo/CL_0000583,29,145
VHMLung,Inferior lingular bronchopulmonary segment,B cell,http://purl.obolibrary.org/obo/CL_0000236,4.8,24
VHMLung,Inferior lingular bronchopulmonary segment,B cells,http://purl.obolibrary.org/obo/CL_0000236,68.6,686
VHMLung,Inferior lingular bronchopulmonary segment,Basal resting,http://purl.obolibrary.org/obo/CL_0002633,4370.6,43706
VHMLung,Inferior lingular bronchopulmonary segment,CD4 T cells,http://purl.obolibrary.org/obo/CL_0000492,1979.2,19792
VHMLung,Inferior lingular bronchopulmonary segment,"CD4-positive, alpha-beta T cell",http://purl.obolibrary.org/obo/CL_0000624,2249.6,11248
VHMLung,Inferior lingular bronchopulmonary segment,CD8 T cells,http://purl.obolibrary.org/obo/CL_0000913,1104.2,11042
VHMLung,Inferior lingular bronchopulmonary segment,"CD8-positive, alpha-beta T cell",http://purl.obolibrary.org/obo/CL_0000625,211.6,1058
VHMLung,Inferior lingular bronchopulmonary segment,Classical monocytes,http://purl.obolibrary.org/obo/CL_0000576,58.1,581
VHMLung,Inferior lingular bronchopulmonary segment,Club (nasal),http://purl.obolibrary.org/obo/CL_0000158,2870.25,11481
VHMLung,Inferior lingular bronchopulmonary segment,Club (non-nasal),http://purl.obolibrary.org/obo/CL_0000158,95.66666666666666666667,574
VHMLung,Inferior lingular bronchopulmonary segment,DC1,http://purl.obolibrary.org/obo/CL_0002394,20,100
VHMLung,Inferior lingular bronchopulmonary segment,DC2,http://purl.obolibrary.org/obo/CL_0002399,146.5,1465
VHMLung,Inferior lingular bronchopulmonary segment,Deuterosomal,http://purl.obolibrary.org/obo/CL_4033044,13.4,67
VHMLung,Inferior lingular bronchopulmonary segment,EC aerocyte capillary,http://purl.obolibrary.org/obo/CL_4028003,369.4,3694
VHMLung,Inferior lingular bronchopulmonary segment,EC arterial,http://purl.obolibrary.org/obo/CL_1000413,335.2,3352
VHMLung,Inferior lingular bronchopulmonary segment,EC general capillary,http://purl.obolibrary.org/obo/CL_0002144,3676.8,36768
VHMLung,Inferior lingular bronchopulmonary segment,EC venous pulmonary,http://purl.obolibrary.org/obo/CL_1000414,293.5,1174
VHMLung,Inferior lingular bronchopulmonary segment,EC venous systemic,http://purl.obolibrary.org/obo/CL_1000414,717.5,4305
VHMLung,Inferior lingular bronchopulmonary segment,Goblet (bronchial),http://purl.obolibrary.org/obo/CL_0019003,1.66666666666666666667,5
VHMLung,Inferior lingular bronchopulmonary segment,Goblet (nasal),http://purl.obolibrary.org/obo/CL_0002480,17.875,143
VHMLung,Inferior lingular bronchopulmonary segment,Goblet (subsegmental),http://purl.obolibrary.org/obo/CL_1000312,670.4,3352
VHMLung,Inferior lingular bronchopulmonary segment,Hematopoietic stem cells,http://purl.obolibrary.org/obo/CL_0000037,6.8,34
VHMLung,Inferior lingular bronchopulmonary segment,Interstitial Mph perivascular,http://purl.obolibrary.org/obo/CL_4033043,64.6,323
VHMLung,Inferior lingular bronchopulmonary segment,Interstitial Mφ perivascular,https://purl.org/ccf/ASCTB-TEMP_interstitial-m-perivascular,19,38
VHMLung,Inferior lingular bronchopulmonary segment,Ionocyte,http://purl.obolibrary.org/obo/CL_0005006,293.5,2935
VHMLung,Inferior lingular bronchopulmonary segment,Lymphatic EC differentiating,http://purl.obolibrary.org/obo/CL_0002138,251.57142857142857142857,1761
VHMLung,Inferior lingular bronchopulmonary segment,Lymphatic EC mature,http://purl.obolibrary.org/obo/CL_0002138,272.33333333333333333333,817
VHMLung,Inferior lingular bronchopulmonary segment,Mast cells,http://purl.obolibrary.org/obo/CL_0000097,92.7,927
VHMLung,Inferior lingular bronchopulmonary segment,Mesothelium,http://purl.obolibrary.org/obo/CL_1000491,27.85714285714285714286,195
VHMLung,Inferior lingular bronchopulmonary segment,Migratory DCs,http://purl.obolibrary.org/obo/CL_0001056,3,15
VHMLung,Inferior lingular bronchopulmonary segment,Monocyte-derived Mph,http://purl.obolibrary.org/obo/CL_1001603,215,1075
VHMLung,Inferior lingular bronchopulmonary segment,Monocyte-derived Mφ,https://purl.org/ccf/ASCTB-TEMP_monocyte-derived-m,24.8,124
VHMLung,Inferior lingular bronchopulmonary segment,Multiciliated (non-nasal),http://purl.obolibrary.org/obo/CL_0005012,2033.2,20332
VHMLung,Inferior lingular bronchopulmonary segment,Myofibroblasts,http://purl.obolibrary.org/obo/CL_0000186,53.1,531
VHMLung,Inferior lingular bronchopulmonary segment,NK cells,http://purl.obolibrary.org/obo/CL_0000623,67.5,540
VHMLung,Inferior lingular bronchopulmonary segment,Neuroendocrine,http://purl.obolibrary.org/obo/CL_0000165,166.2,831
VHMLung,Inferior lingular bronchopulmonary segment,Non-classical monocytes,http://purl.obolibrary.org/obo/CL_0000875,408.8,4088
VHMLung,Inferior lingular bronchopulmonary segment,Peribronchial fibroblasts,http://purl.obolibrary.org/obo/CL_0002241,68.28571428571428571429,478
VHMLung,Inferior lingular bronchopulmonary segment,Pericytes,http://purl.obolibrary.org/obo/CL_0000669,271.6,2716
VHMLung,Inferior lingular bronchopulmonary segment,Plasma cells,http://purl.obolibrary.org/obo/CL_0000786,76.7,767
VHMLung,Inferior lingular bronchopulmonary segment,Plasmacytoid DCs,http://purl.obolibrary.org/obo/CL_0001058,16.8,168
VHMLung,Inferior lingular bronchopulmonary segment,SM activated stress response,http://purl.obolibrary.org/obo/CL_0000313,26,52
VHMLung,Inferior lingular bronchopulmonary segment,SMG duct,http://purl.obolibrary.org/obo/CL_4033023,4.125,33
VHMLung,Inferior lingular bronchopulmonary segment,SMG mucous,http://purl.obolibrary.org/obo/CL_4033022,44,220
VHMLung,Inferior lingular bronchopulmonary segment,SMG serous (bronchial),http://purl.obolibrary.org/obo/CL_4033005,28,196
VHMLung,Inferior lingular bronchopulmonary segment,SMG serous (nasal),http://purl.obolibrary.org/obo/CL_0000313,24.16666666666666666667,145
VHMLung,Inferior lingular bronchopulmonary segment,Smooth muscle,http://purl.obolibrary.org/obo/CL_0000192,243.55555555555555555556,2192
VHMLung,Inferior lingular bronchopulmonary segment,Smooth muscle FAM83D+,http://purl.obolibrary.org/obo/CL_0000192,446,446
VHMLung,Inferior lingular bronchopulmonary segment,Subpleural fibroblasts,http://purl.obolibrary.org/obo/CL_4023054,3,9
VHMLung,Inferior lingular bronchopulmonary segment,T cells proliferating,http://purl.obolibrary.org/obo/CL_0000084,6,18
VHMLung,Inferior lingular bronchopulmonary segment,Transitional Club-AT2,https://purl.org/ccf/ASCTB-TEMP_transitional-club-at2,10.8,54
VHMLung,Inferior lingular bronchopulmonary segment,Tuft,http://purl.obolibrary.org/obo/CL_0002075,7.83333333333333333333,47
VHMLung,Inferior lingular bronchopulmonary segment,adventitial cell,http://purl.obolibrary.org/obo/CL_4028006,2.4,12
VHMLung,Inferior lingular bronchopulmonary segment,basal cell,http://purl.obolibrary.org/obo/CL_0000646,296.6,1483
VHMLung,Inferior lingular bronchopulmonary segment,basophil,http://purl.obolibrary.org/obo/CL_0000767,554.4,2772
VHMLung,Inferior lingular bronchopulmonary segment,blood vessel endothelial cell,http://purl.obolibrary.org/obo/CL_0000071,1.6,8
VHMLung,Inferior lingular bronchopulmonary segment,bronchial smooth muscle cell,http://purl.obolibrary.org/obo/CL_0002598,25.2,126
VHMLung,Inferior lingular bronchopulmonary segment,capillary endothelial cell,http://purl.obolibrary.org/obo/CL_0002144,1431.6,7158
VHMLung,Inferior lingular bronchopulmonary segment,classical monocyte,http://purl.obolibrary.org/obo/CL_0000860,42.6,213
VHMLung,Inferior lingular bronchopulmonary segment,club cell,http://purl.obolibrary.org/obo/CL_0000158,305,1525
VHMLung,Inferior lingular bronchopulmonary segment,dendritic cell,http://purl.obolibrary.org/obo/CL_0000451,1,2
VHMLung,Inferior lingular bronchopulmonary segment,"effector CD4-positive, alpha-beta T cell",http://purl.obolibrary.org/obo/CL_0001044,34,170
VHMLung,Inferior lingular bronchopulmonary segment,"effector CD8-positive, alpha-beta T cell",http://purl.obolibrary.org/obo/CL_0001050,392.4,1962
VHMLung,Inferior lingular bronchopulmonary segment,endothelial cell of artery,http://purl.obolibrary.org/obo/CL_1000413,67.4,337
VHMLung,Inferior lingular bronchopulmonary segment,endothelial cell of lymphatic vessel,http://purl.obolibrary.org/obo/CL_0002138,24.4,122
VHMLung,Inferior lingular bronchopulmonary segment,fibroblast,http://purl.obolibrary.org/obo/CL_0000057,1328.2,6641
VHMLung,Inferior lingular bronchopulmonary segment,intermediate monocyte,http://purl.obolibrary.org/obo/CL_0002393,1,4
VHMLung,Inferior lingular bronchopulmonary segment,lung ciliated cell,http://purl.obolibrary.org/obo/CL_1000271,329.4,1647
VHMLung,Inferior lingular bronchopulmonary segment,lung microvascular endothelial cell,http://purl.obolibrary.org/obo/CL_2000016,3.2,16
VHMLung,Inferior lingular bronchopulmonary segment,macrophage,http://purl.obolibrary.org/obo/CL_0000235,250.4,1252
VHMLung,Inferior lingular bronchopulmonary segment,mature NK T cell,http://purl.obolibrary.org/obo/CL_0000814,43.6,218
VHMLung,Inferior lingular bronchopulmonary segment,neutrophil,http://purl.obolibrary.org/obo/CL_0000775,27.4,137
VHMLung,Inferior lingular bronchopulmonary segment,non-classical monocyte,http://purl.obolibrary.org/obo/CL_0000875,82.6,413
VHMLung,Inferior lingular bronchopulmonary segment,pericyte,http://purl.obolibrary.org/obo/CL_0000669,59.8,299
VHMLung,Inferior lingular bronchopulmonary segment,plasma cell,http://purl.obolibrary.org/obo/CL_0000786,23.2,116
VHMLung,Inferior lingular bronchopulmonary segment,plasmacytoid dendritic cell,http://purl.obolibrary.org/obo/CL_0000784,1,2
VHMLung,Inferior lingular bronchopulmonary segment,pre-TB secretory,http://purl.obolibrary.org/obo/CL_0019001,226.2,1131
VHMLung,Inferior lingular bronchopulmonary segment,pulmonary ionocyte,http://purl.obolibrary.org/obo/CL_0017000,3,3
VHMLung,Inferior lingular bronchopulmonary segment,respiratory goblet cell,http://purl.obolibrary.org/obo/CL_0002370,29.8,149
VHMLung,Inferior lingular bronchopulmonary segment,serous cell of epithelium of bronchus,http://purl.obolibrary.org/obo/CL_1000331,8,16
VHMLung,Inferior lingular bronchopulmonary segment,type I pneumocyte,http://purl.obolibrary.org/obo/CL_0002062,871,4355
VHMLung,Inferior lingular bronchopulmonary segment,type II pneumocyte,http://purl.obolibrary.org/obo/CL_0002063,2489.6,12448
VHMLung,Inferior lingular bronchopulmonary segment,vascular associated smooth muscle cell,http://purl.obolibrary.org/obo/CL_0000359,11.6,58
VHMLung,Inferior lingular bronchopulmonary segment,vein endothelial cell,http://purl.obolibrary.org/obo/CL_0002543,348.8,1744
VHMLung,Lateral segmental bronchus,AT0,http://purl.obolibrary.org/obo/CL_0010003,37.5,1350
VHMLung,Lateral segmental bronchus,AT1,http://purl.obolibrary.org/obo/CL_0002062,657.33333333333333333333,47328
VHMLung,Lateral segmental bronchus,AT2,http://purl.obolibrary.org/obo/CL_0002063,920.25,66258
VHMLung,Lateral segmental bronchus,Adventitial fibroblasts,http://purl.obolibrary.org/obo/CL_4028006,173.25,12474
VHMLung,Lateral segmental bronchus,Alveolar Mph CCL3+,http://purl.obolibrary.org/obo/CL_4033041,14,504
VHMLung,Lateral segmental bronchus,Alveolar Mph MT-positive,http://purl.obolibrary.org/obo/CL_4033042,7.66666666666666666667,138
VHMLung,Lateral segmental bronchus,Alveolar Mφ proliferating,https://purl.org/ccf/ASCTB-TEMP_alveolar-m-proliferating,2,12
VHMLung,Lateral segmental bronchus,Alveolar fibroblasts,http://purl.obolibrary.org/obo/CL_4028004,496.91666666666666666667,35778
VHMLung,Lateral segmental bronchus,Alveolar macrophages,http://purl.obolibrary.org/obo/CL_0000583,429.36363636363636363636,28338
VHMLung,Lateral segmental bronchus,B cell,http://purl.obolibrary.org/obo/CL_0000236,44.33333333333333333333,1596
VHMLung,Lateral segmental bronchus,B cells,http://purl.obolibrary.org/obo/CL_0000236,78.5,5652
VHMLung,Lateral segmental bronchus,Basal resting,http://purl.obolibrary.org/obo/CL_0002633,33.2,1992
VHMLung,Lateral segmental bronchus,CD4 T cells,http://purl.obolibrary.org/obo/CL_0000492,300.08333333333333333333,21606
VHMLung,Lateral segmental bronchus,"CD4-positive, alpha-beta T cell",http://purl.obolibrary.org/obo/CL_0000624,508.66666666666666666667,18312
VHMLung,Lateral segmental bronchus,CD8 T cells,http://purl.obolibrary.org/obo/CL_0000913,197.58333333333333333333,14226
VHMLung,Lateral segmental bronchus,"CD8-positive, alpha-beta T cell",http://purl.obolibrary.org/obo/CL_0000625,97,3492
VHMLung,Lateral segmental bronchus,Classical monocytes,http://purl.obolibrary.org/obo/CL_0000576,28.45454545454545454545,1878
VHMLung,Lateral segmental bronchus,Club (nasal),http://purl.obolibrary.org/obo/CL_0000158,43.85714285714285714286,1842
VHMLung,Lateral segmental bronchus,Club (non-nasal),http://purl.obolibrary.org/obo/CL_0000158,2,12
VHMLung,Lateral segmental bronchus,DC1,http://purl.obolibrary.org/obo/CL_0002394,6.5,234
VHMLung,Lateral segmental bronchus,DC2,http://purl.obolibrary.org/obo/CL_0002399,82.75,5958
VHMLung,Lateral segmental bronchus,Deuterosomal,http://purl.obolibrary.org/obo/CL_4033044,3.85714285714285714286,162
VHMLung,Lateral segmental bronchus,EC aerocyte capillary,http://purl.obolibrary.org/obo/CL_4028003,108,7776
VHMLung,Lateral segmental bronchus,EC arterial,http://purl.obolibrary.org/obo/CL_1000413,51.58333333333333333333,3714
VHMLung,Lateral segmental bronchus,EC general capillary,http://purl.obolibrary.org/obo/CL_0002144,211.58333333333333333333,15234
VHMLung,Lateral segmental bronchus,EC venous pulmonary,http://purl.obolibrary.org/obo/CL_1000414,30.5,732
VHMLung,Lateral segmental bronchus,EC venous systemic,http://purl.obolibrary.org/obo/CL_1000414,17.875,858
VHMLung,Lateral segmental bronchus,Goblet (bronchial),http://purl.obolibrary.org/obo/CL_0019003,1,12
VHMLung,Lateral segmental bronchus,Goblet (nasal),http://purl.obolibrary.org/obo/CL_0002480,7.83333333333333333333,282
VHMLung,Lateral segmental bronchus,Goblet (subsegmental),http://purl.obolibrary.org/obo/CL_1000312,24.83333333333333333333,894
VHMLung,Lateral segmental bronchus,Hematopoietic stem cells,http://purl.obolibrary.org/obo/CL_0000037,4.33333333333333333333,78
VHMLung,Lateral segmental bronchus,Hillock-like,http://purl.obolibrary.org/obo/CL_0000158,48.5,582
VHMLung,Lateral segmental bronchus,Interstitial Mph perivascular,http://purl.obolibrary.org/obo/CL_4033043,147,5292
VHMLung,Lateral segmental bronchus,Interstitial Mφ perivascular,https://purl.org/ccf/ASCTB-TEMP_interstitial-m-perivascular,62,2232
VHMLung,Lateral segmental bronchus,Ionocyte,http://purl.obolibrary.org/obo/CL_0005006,7.85714285714285714286,330
VHMLung,Lateral segmental bronchus,Lymphatic EC differentiating,http://purl.obolibrary.org/obo/CL_0002138,109,6540
VHMLung,Lateral segmental bronchus,Lymphatic EC mature,http://purl.obolibrary.org/obo/CL_0002138,157,1884
VHMLung,Lateral segmental bronchus,Mast cells,http://purl.obolibrary.org/obo/CL_0000097,15.81818181818181818182,1044
VHMLung,Lateral segmental bronchus,Mesothelium,http://purl.obolibrary.org/obo/CL_1000491,2.33333333333333333333,42
VHMLung,Lateral segmental bronchus,Migratory DCs,http://purl.obolibrary.org/obo/CL_0001056,6.83333333333333333333,246
VHMLung,Lateral segmental bronchus,Monocyte-derived Mph,http://purl.obolibrary.org/obo/CL_1001603,381.5,13734
VHMLung,Lateral segmental bronchus,Monocyte-derived Mφ,https://purl.org/ccf/ASCTB-TEMP_monocyte-derived-m,119.66666666666666666667,4308
VHMLung,Lateral segmental bronchus,Multiciliated (nasal),http://purl.obolibrary.org/obo/CL_0005012,73.14285714285714285714,3072
VHMLung,Lateral segmental bronchus,Multiciliated (non-nasal),http://purl.obolibrary.org/obo/CL_0005012,92.4,2772
VHMLung,Lateral segmental bronchus,Myofibroblasts,http://purl.obolibrary.org/obo/CL_0000186,70.58333333333333333333,5082
VHMLung,Lateral segmental bronchus,NK cells,http://purl.obolibrary.org/obo/CL_0000623,38,2280
VHMLung,Lateral segmental bronchus,Neuroendocrine,http://purl.obolibrary.org/obo/CL_0000165,10.8,324
VHMLung,Lateral segmental bronchus,Non-classical monocytes,https://purl.org/ccf/ASCTB-TEMP_non-classical-monocytes,233.08333333333333333333,16782
VHMLung,Lateral segmental bronchus,Peribronchial fibroblasts,http://purl.obolibrary.org/obo/CL_0002241,141.55555555555555555556,7644
VHMLung,Lateral segmental bronchus,Pericytes,http://purl.obolibrary.org/obo/CL_0009089,81.5,5868
VHMLung,Lateral segmental bronchus,Plasma cells,http://purl.obolibrary.org/obo/CL_0000786,16.11111111111111111111,870
VHMLung,Lateral segmental bronchus,Plasmacytoid DCs,http://purl.obolibrary.org/obo/CL_0001058,15.66666666666666666667,564
VHMLung,Lateral segmental bronchus,SMG duct,http://purl.obolibrary.org/obo/CL_4033023,6,216
VHMLung,Lateral segmental bronchus,SMG mucous,http://purl.obolibrary.org/obo/CL_4033022,5.8,174
VHMLung,Lateral segmental bronchus,SMG serous (bronchial),http://purl.obolibrary.org/obo/CL_4033005,6.66666666666666666667,120
VHMLung,Lateral segmental bronchus,SMG serous (nasal),http://purl.obolibrary.org/obo/CL_0000313,3.6,108
VHMLung,Lateral segmental bronchus,Smooth muscle,http://purl.obolibrary.org/obo/CL_0000192,46.90909090909090909091,3096
VHMLung,Lateral segmental bronchus,Subpleural fibroblasts,http://purl.obolibrary.org/obo/CL_4023054,1.33333333333333333333,24
VHMLung,Lateral segmental bronchus,T cells proliferating,http://purl.obolibrary.org/obo/CL_0000084,2.16666666666666666667,78
VHMLung,Lateral segmental bronchus,Transitional Club-AT2,https://purl.org/ccf/ASCTB-TEMP_transitional-club-at2,62.25,1494
VHMLung,Lateral segmental bronchus,Tuft,http://purl.obolibrary.org/obo/CL_0002075,3.66666666666666666667,66
VHMLung,Lateral segmental bronchus,adventitial cell,http://purl.obolibrary.org/obo/CL_4028006,4,96
VHMLung,Lateral segmental bronchus,basal cell,http://purl.obolibrary.org/obo/CL_0000646,28,1008
VHMLung,Lateral segmental bronchus,basophil,http://purl.obolibrary.org/obo/CL_0000767,78.5,2826
VHMLung,Lateral segmental bronchus,bronchial smooth muscle cell,http://purl.obolibrary.org/obo/CL_0002598,12.6,378
VHMLung,Lateral segmental bronchus,capillary endothelial cell,http://purl.obolibrary.org/obo/CL_0002144,238.16666666666666666667,8574
VHMLung,Lateral segmental bronchus,classical monocyte,http://purl.obolibrary.org/obo/CL_0000860,72.33333333333333333333,2604
VHMLung,Lateral segmental bronchus,club cell,http://purl.obolibrary.org/obo/CL_0000158,282.16666666666666666667,10158
VHMLung,Lateral segmental bronchus,dendritic cell,http://purl.obolibrary.org/obo/CL_0000451,19.5,468
VHMLung,Lateral segmental bronchus,"effector CD4-positive, alpha-beta T cell",http://purl.obolibrary.org/obo/CL_0001044,16.66666666666666666667,600
VHMLung,Lateral segmental bronchus,"effector CD8-positive, alpha-beta T cell",http://purl.obolibrary.org/obo/CL_0001050,70.66666666666666666667,2544
VHMLung,Lateral segmental bronchus,endothelial cell of artery,http://purl.obolibrary.org/obo/CL_1000413,12.83333333333333333333,462
VHMLung,Lateral segmental bronchus,endothelial cell of lymphatic vessel,http://purl.obolibrary.org/obo/CL_0002138,79.5,2862
VHMLung,Lateral segmental bronchus,fibroblast,http://purl.obolibrary.org/obo/CL_0000057,967,34812
VHMLung,Lateral segmental bronchus,intermediate monocyte,http://purl.obolibrary.org/obo/CL_0002393,2.8,84
VHMLung,Lateral segmental bronchus,lung ciliated cell,http://purl.obolibrary.org/obo/CL_1000271,77.5,2790
VHMLung,Lateral segmental bronchus,lung microvascular endothelial cell,http://purl.obolibrary.org/obo/CL_2000016,1,12
VHMLung,Lateral segmental bronchus,macrophage,http://purl.obolibrary.org/obo/CL_0000235,782.66666666666666666667,28176
VHMLung,Lateral segmental bronchus,mature NK T cell,http://purl.obolibrary.org/obo/CL_0000814,21.83333333333333333333,786
VHMLung,Lateral segmental bronchus,neutrophil,http://purl.obolibrary.org/obo/CL_0000775,12,432
VHMLung,Lateral segmental bronchus,non-classical monocyte,http://purl.obolibrary.org/obo/CL_0000875,186.16666666666666666667,6702
VHMLung,Lateral segmental bronchus,pericyte,http://purl.obolibrary.org/obo/CL_0000669,46.16666666666666666667,1662
VHMLung,Lateral segmental bronchus,plasma cell,http://purl.obolibrary.org/obo/CL_0000786,30.33333333333333333333,1092
VHMLung,Lateral segmental bronchus,plasmacytoid dendritic cell,http://purl.obolibrary.org/obo/CL_0000784,2.5,30
VHMLung,Lateral segmental bronchus,pre-TB secretory,http://purl.obolibrary.org/obo/CL_0019001,172.5,6210
VHMLung,Lateral segmental bronchus,respiratory goblet cell,http://purl.obolibrary.org/obo/CL_0002370,11,330
VHMLung,Lateral segmental bronchus,type I pneumocyte,http://purl.obolibrary.org/obo/CL_0002062,482.66666666666666666667,17376
VHMLung,Lateral segmental bronchus,type II pneumocyte,http://purl.obolibrary.org/obo/CL_0002063,846.83333333333333333333,30486
VHMLung,Lateral segmental bronchus,vascular associated smooth muscle cell,http://purl.obolibrary.org/obo/CL_0000359,9,270
VHMLung,Lateral segmental bronchus,vein endothelial cell,http://purl.obolibrary.org/obo/CL_0002543,88.33333333333333333333,3180
VHMLung,Left Anterior Bronchopulmonary Segment,AT0,http://purl.obolibrary.org/obo/CL_0010003,5.08333333333333333333,61
VHMLung,Left Anterior Bronchopulmonary Segment,AT1,http://purl.obolibrary.org/obo/CL_0002062,1653.74074074074074074074,44651
VHMLung,Left Anterior Bronchopulmonary Segment,AT2,http://purl.obolibrary.org/obo/CL_0002063,1167.74074074074074074074,31529
VHMLung,Left Anterior Bronchopulmonary Segment,Adventitial fibroblasts,http://purl.obolibrary.org/obo/CL_4028006,124.07407407407407407407,3350
VHMLung,Left Anterior Bronchopulmonary Segment,Alveolar Mph CCL3+,http://purl.obolibrary.org/obo/CL_4033041,13.66666666666666666667,164
VHMLung,Left Anterior Bronchopulmonary Segment,Alveolar Mph MT-positive,http://purl.obolibrary.org/obo/CL_4033042,5.66666666666666666667,68
VHMLung,Left Anterior Bronchopulmonary Segment,Alveolar Mph proliferating,http://purl.obolibrary.org/obo/CL_0000583,20.33333333333333333333,61
VHMLung,Left Anterior Bronchopulmonary Segment,Alveolar fibroblasts,http://purl.obolibrary.org/obo/CL_4028004,653.40740740740740740741,17642
VHMLung,Left Anterior Bronchopulmonary Segment,Alveolar macrophages,http://purl.obolibrary.org/obo/CL_0000583,113.9,2278
VHMLung,Left Anterior Bronchopulmonary Segment,B cell,http://purl.obolibrary.org/obo/CL_0000236,47.91666666666666666667,575
VHMLung,Left Anterior Bronchopulmonary Segment,B cells,http://purl.obolibrary.org/obo/CL_0000236,119.81481481481481481481,3235
VHMLung,Left Anterior Bronchopulmonary Segment,Basal resting,http://purl.obolibrary.org/obo/CL_0002633,2339.69565217391304347826,53813
VHMLung,Left Anterior Bronchopulmonary Segment,CD4 T cells,http://purl.obolibrary.org/obo/CL_0000492,2235.77777777777777777778,60366
VHMLung,Left Anterior Bronchopulmonary Segment,"CD4-positive, alpha-beta T cell",http://purl.obolibrary.org/obo/CL_0000624,1258.57142857142857142857,17620
VHMLung,Left Anterior Bronchopulmonary Segment,CD8 T cells,http://purl.obolibrary.org/obo/CL_0000913,748,20196
VHMLung,Left Anterior Bronchopulmonary Segment,"CD8-positive, alpha-beta T cell",http://purl.obolibrary.org/obo/CL_0000625,268.92857142857142857143,3765
VHMLung,Left Anterior Bronchopulmonary Segment,Classical monocytes,http://purl.obolibrary.org/obo/CL_0000576,69.95652173913043478261,1609
VHMLung,Left Anterior Bronchopulmonary Segment,Club (nasal),http://purl.obolibrary.org/obo/CL_0000158,2958,11832
VHMLung,Left Anterior Bronchopulmonary Segment,Club (non-nasal),http://purl.obolibrary.org/obo/CL_0000158,95.33333333333333333333,1430
VHMLung,Left Anterior Bronchopulmonary Segment,DC1,http://purl.obolibrary.org/obo/CL_0002394,18.41666666666666666667,221
VHMLung,Left Anterior Bronchopulmonary Segment,DC2,http://purl.obolibrary.org/obo/CL_0002399,98.59259259259259259259,2662
VHMLung,Left Anterior Bronchopulmonary Segment,Deuterosomal,http://purl.obolibrary.org/obo/CL_4033044,9.25,148
VHMLung,Left Anterior Bronchopulmonary Segment,EC aerocyte capillary,http://purl.obolibrary.org/obo/CL_4028003,179.55555555555555555556,4848
VHMLung,Left Anterior Bronchopulmonary Segment,EC arterial,http://purl.obolibrary.org/obo/CL_1000413,399.70370370370370370370,10792
VHMLung,Left Anterior Bronchopulmonary Segment,EC general capillary,http://purl.obolibrary.org/obo/CL_0002144,2799.03703703703703703704,75574
VHMLung,Left Anterior Bronchopulmonary Segment,EC venous pulmonary,http://purl.obolibrary.org/obo/CL_1000414,316.8,3168
VHMLung,Left Anterior Bronchopulmonary Segment,EC venous systemic,http://purl.obolibrary.org/obo/CL_1000414,617.76470588235294117647,10502
VHMLung,Left Anterior Bronchopulmonary Segment,Goblet (bronchial),http://purl.obolibrary.org/obo/CL_0019003,4.22222222222222222222,38
VHMLung,Left Anterior Bronchopulmonary Segment,Goblet (nasal),http://purl.obolibrary.org/obo/CL_0002480,12.15789473684210526316,231
VHMLung,Left Anterior Bronchopulmonary Segment,Goblet (subsegmental),http://purl.obolibrary.org/obo/CL_1000312,330.85714285714285714286,4632
VHMLung,Left Anterior Bronchopulmonary Segment,Hematopoietic stem cells,http://purl.obolibrary.org/obo/CL_0000037,5.11111111111111111111,46
VHMLung,Left Anterior Bronchopulmonary Segment,Hillock-like,http://purl.obolibrary.org/obo/CL_0000158,280.66666666666666666667,1684
VHMLung,Left Anterior Bronchopulmonary Segment,Interstitial Mph perivascular,http://purl.obolibrary.org/obo/CL_4033043,52,728
VHMLung,Left Anterior Bronchopulmonary Segment,Interstitial Mφ perivascular,https://purl.org/ccf/ASCTB-TEMP_interstitial-m-perivascular,5.5,22
VHMLung,Left Anterior Bronchopulmonary Segment,Ionocyte,http://purl.obolibrary.org/obo/CL_0005006,112.45833333333333333333,2699
VHMLung,Left Anterior Bronchopulmonary Segment,Lymphatic EC differentiating,http://purl.obolibrary.org/obo/CL_0002138,285.73684210526315789474,5429
VHMLung,Left Anterior Bronchopulmonary Segment,Lymphatic EC mature,http://purl.obolibrary.org/obo/CL_0002138,103.5,621
VHMLung,Left Anterior Bronchopulmonary Segment,Mast cells,http://purl.obolibrary.org/obo/CL_0000097,58.37037037037037037037,1576
VHMLung,Left Anterior Bronchopulmonary Segment,Mesothelium,http://purl.obolibrary.org/obo/CL_1000491,9.09090909090909090909,100
VHMLung,Left Anterior Bronchopulmonary Segment,Migratory DCs,http://purl.obolibrary.org/obo/CL_0001056,4.83333333333333333333,58
VHMLung,Left Anterior Bronchopulmonary Segment,Monocyte-derived Mph,http://purl.obolibrary.org/obo/CL_1001603,259.28571428571428571429,3630
VHMLung,Left Anterior Bronchopulmonary Segment,Monocyte-derived Mφ,https://purl.org/ccf/ASCTB-TEMP_monocyte-derived-m,34.09090909090909090909,375
VHMLung,Left Anterior Bronchopulmonary Segment,Multiciliated (non-nasal),http://purl.obolibrary.org/obo/CL_0005012,768,20736
VHMLung,Left Anterior Bronchopulmonary Segment,Myofibroblasts,http://purl.obolibrary.org/obo/CL_0000186,80.28,2007
VHMLung,Left Anterior Bronchopulmonary Segment,NK cells,http://purl.obolibrary.org/obo/CL_0000623,80.13636363636363636364,1763
VHMLung,Left Anterior Bronchopulmonary Segment,Neuroendocrine,http://purl.obolibrary.org/obo/CL_0000165,66.72727272727272727273,734
VHMLung,Left Anterior Bronchopulmonary Segment,Non-classical monocytes,https://purl.org/ccf/ASCTB-TEMP_non-classical-monocytes,465,11160
VHMLung,Left Anterior Bronchopulmonary Segment,Peribronchial fibroblasts,http://purl.obolibrary.org/obo/CL_0002241,62.78571428571428571429,879
VHMLung,Left Anterior Bronchopulmonary Segment,Pericytes,http://purl.obolibrary.org/obo/CL_0009089,181.03846153846153846154,4707
VHMLung,Left Anterior Bronchopulmonary Segment,Plasma cells,http://purl.obolibrary.org/obo/CL_0000786,135.2,3380
VHMLung,Left Anterior Bronchopulmonary Segment,Plasmacytoid DCs,http://purl.obolibrary.org/obo/CL_0000784,9.21052631578947368421,175
VHMLung,Left Anterior Bronchopulmonary Segment,SM activated stress response,http://purl.obolibrary.org/obo/CL_0000313,17.58333333333333333333,211
VHMLung,Left Anterior Bronchopulmonary Segment,SMG duct,http://purl.obolibrary.org/obo/CL_4033023,15.33333333333333333333,276
VHMLung,Left Anterior Bronchopulmonary Segment,SMG mucous,http://purl.obolibrary.org/obo/CL_4033022,24.61538461538461538462,320
VHMLung,Left Anterior Bronchopulmonary Segment,SMG serous (bronchial),http://purl.obolibrary.org/obo/CL_4033005,40.08695652173913043478,922
VHMLung,Left Anterior Bronchopulmonary Segment,SMG serous (nasal),http://purl.obolibrary.org/obo/CL_0000313,20.5,246
VHMLung,Left Anterior Bronchopulmonary Segment,Smooth muscle,http://purl.obolibrary.org/obo/CL_0000192,173.16,4329
VHMLung,Left Anterior Bronchopulmonary Segment,Smooth muscle FAM83D+,http://purl.obolibrary.org/obo/CL_0000192,562.5,1125
VHMLung,Left Anterior Bronchopulmonary Segment,Subpleural fibroblasts,http://purl.obolibrary.org/obo/CL_4023054,2.57142857142857142857,18
VHMLung,Left Anterior Bronchopulmonary Segment,Suprabasal,http://purl.obolibrary.org/obo/CL_0002633,3,6
VHMLung,Left Anterior Bronchopulmonary Segment,T cells proliferating,http://purl.obolibrary.org/obo/CL_0000084,4.5,90
VHMLung,Left Anterior Bronchopulmonary Segment,Transitional Club-AT2,https://purl.org/ccf/ASCTB-TEMP_transitional-club-at2,17.55555555555555555556,158
VHMLung,Left Anterior Bronchopulmonary Segment,Tuft,http://purl.obolibrary.org/obo/CL_0002075,6.58333333333333333333,79
VHMLung,Left Anterior Bronchopulmonary Segment,adventitial cell,http://purl.obolibrary.org/obo/CL_4028006,4.85714285714285714286,34
VHMLung,Left Anterior Bronchopulmonary Segment,basal cell,http://purl.obolibrary.org/obo/CL_0000646,211.21428571428571428571,2957
VHMLung,Left Anterior Bronchopulmonary Segment,basophil,http://purl.obolibrary.org/obo/CL_0000767,270.92857142857142857143,3793
VHMLung,Left Anterior Bronchopulmonary Segment,blood vessel endothelial cell,http://purl.obolibrary.org/obo/CL_0000071,1.66666666666666666667,10
VHMLung,Left Anterior Bronchopulmonary Segment,bronchial smooth muscle cell,http://purl.obolibrary.org/obo/CL_0002598,60.25,723
VHMLung,Left Anterior Bronchopulmonary Segment,capillary endothelial cell,http://purl.obolibrary.org/obo/CL_0002144,1437.57142857142857142857,20126
VHMLung,Left Anterior Bronchopulmonary Segment,classical monocyte,http://purl.obolibrary.org/obo/CL_0000860,116.85714285714285714286,1636
VHMLung,Left Anterior Bronchopulmonary Segment,club cell,http://purl.obolibrary.org/obo/CL_0000158,207.35714285714285714286,2903
VHMLung,Left Anterior Bronchopulmonary Segment,dendritic cell,http://purl.obolibrary.org/obo/CL_0000451,36.66666666666666666667,330
VHMLung,Left Anterior Bronchopulmonary Segment,"effector CD4-positive, alpha-beta T cell",http://purl.obolibrary.org/obo/CL_0001044,45.85714285714285714286,642
VHMLung,Left Anterior Bronchopulmonary Segment,"effector CD8-positive, alpha-beta T cell",http://purl.obolibrary.org/obo/CL_0001050,347.85714285714285714286,4870
VHMLung,Left Anterior Bronchopulmonary Segment,endothelial cell of artery,http://purl.obolibrary.org/obo/CL_1000413,38.07142857142857142857,533
VHMLung,Left Anterior Bronchopulmonary Segment,endothelial cell of lymphatic vessel,http://purl.obolibrary.org/obo/CL_0002138,30.28571428571428571429,424
VHMLung,Left Anterior Bronchopulmonary Segment,fibroblast,http://purl.obolibrary.org/obo/CL_0000057,863.35714285714285714286,12087
VHMLung,Left Anterior Bronchopulmonary Segment,intermediate monocyte,http://purl.obolibrary.org/obo/CL_0002393,4,52
VHMLung,Left Anterior Bronchopulmonary Segment,lung ciliated cell,http://purl.obolibrary.org/obo/CL_1000271,257.28571428571428571429,3602
VHMLung,Left Anterior Bronchopulmonary Segment,lung microvascular endothelial cell,http://purl.obolibrary.org/obo/CL_2000016,12.35714285714285714286,173
VHMLung,Left Anterior Bronchopulmonary Segment,macrophage,http://purl.obolibrary.org/obo/CL_0000235,490.42857142857142857143,6866
VHMLung,Left Anterior Bronchopulmonary Segment,mature NK T cell,http://purl.obolibrary.org/obo/CL_0000814,57.64285714285714285714,807
VHMLung,Left Anterior Bronchopulmonary Segment,neutrophil,http://purl.obolibrary.org/obo/CL_0000775,68.58333333333333333333,823
VHMLung,Left Anterior Bronchopulmonary Segment,non-classical monocyte,http://purl.obolibrary.org/obo/CL_0000875,151.85714285714285714286,2126
VHMLung,Left Anterior Bronchopulmonary Segment,pericyte,http://purl.obolibrary.org/obo/CL_0000669,77.71428571428571428571,1088
VHMLung,Left Anterior Bronchopulmonary Segment,plasma cell,http://purl.obolibrary.org/obo/CL_0000786,52.14285714285714285714,730
VHMLung,Left Anterior Bronchopulmonary Segment,plasmacytoid dendritic cell,http://purl.obolibrary.org/obo/CL_0000784,1.83333333333333333333,11
VHMLung,Left Anterior Bronchopulmonary Segment,pre-TB secretory,http://purl.obolibrary.org/obo/CL_0019001,127.21428571428571428571,1781
VHMLung,Left Anterior Bronchopulmonary Segment,pulmonary ionocyte,http://purl.obolibrary.org/obo/CL_0017000,2.66666666666666666667,8
VHMLung,Left Anterior Bronchopulmonary Segment,respiratory goblet cell,http://purl.obolibrary.org/obo/CL_0002370,61.07692307692307692308,794
VHMLung,Left Anterior Bronchopulmonary Segment,serous cell of epithelium of bronchus,http://purl.obolibrary.org/obo/CL_1000331,18.33333333333333333333,220
VHMLung,Left Anterior Bronchopulmonary Segment,smooth muscle cell,http://purl.obolibrary.org/obo/CL_0000192,1,4
VHMLung,Left Anterior Bronchopulmonary Segment,type I pneumocyte,http://purl.obolibrary.org/obo/CL_0002062,522.71428571428571428571,7318
VHMLung,Left Anterior Bronchopulmonary Segment,type II pneumocyte,http://purl.obolibrary.org/obo/CL_0002063,1265.07142857142857142857,17711
VHMLung,Left Anterior Bronchopulmonary Segment,vascular associated smooth muscle cell,http://purl.obolibrary.org/obo/CL_0000359,17.58333333333333333333,211
VHMLung,Left Anterior Bronchopulmonary Segment,vein endothelial cell,http://purl.obolibrary.org/obo/CL_0002543,412.07142857142857142857,5769
VHMLung,Left Medial Basal Bronchopulmonary Segment,AT0,http://purl.obolibrary.org/obo/CL_0010003,6,6
VHMLung,Left Medial Basal Bronchopulmonary Segment,AT1,http://purl.obolibrary.org/obo/CL_0002062,6,6
VHMLung,Left Medial Basal Bronchopulmonary Segment,AT2,http://purl.obolibrary.org/obo/CL_0002063,28,28
VHMLung,Left Medial Basal Bronchopulmonary Segment,Adventitial fibroblasts,http://purl.obolibrary.org/obo/CL_4028006,5,5
VHMLung,Left Medial Basal Bronchopulmonary Segment,Alveolar Mph CCL3+,http://purl.obolibrary.org/obo/CL_4033041,6,6
VHMLung,Left Medial Basal Bronchopulmonary Segment,Alveolar Mph MT-positive,http://purl.obolibrary.org/obo/CL_4033042,16,16
VHMLung,Left Medial Basal Bronchopulmonary Segment,Alveolar fibroblasts,http://purl.obolibrary.org/obo/CL_4028004,14,14
VHMLung,Left Medial Basal Bronchopulmonary Segment,Alveolar macrophages,http://purl.obolibrary.org/obo/CL_0000583,965,965
VHMLung,Left Medial Basal Bronchopulmonary Segment,B cell,http://purl.obolibrary.org/obo/CL_0000236,22,22
VHMLung,Left Medial Basal Bronchopulmonary Segment,B cells,http://purl.obolibrary.org/obo/CL_0000236,21,21
VHMLung,Left Medial Basal Bronchopulmonary Segment,Basal resting,http://purl.obolibrary.org/obo/CL_0002633,37,37
VHMLung,Left Medial Basal Bronchopulmonary Segment,CD4 T cells,http://purl.obolibrary.org/obo/CL_0000492,117,117
VHMLung,Left Medial Basal Bronchopulmonary Segment,"CD4-positive, alpha-beta T cell",http://purl.obolibrary.org/obo/CL_0000624,138,138
VHMLung,Left Medial Basal Bronchopulmonary Segment,CD8 T cells,http://purl.obolibrary.org/obo/CL_0000913,55,55
VHMLung,Left Medial Basal Bronchopulmonary Segment,"CD8-positive, alpha-beta T cell",http://purl.obolibrary.org/obo/CL_0000625,55,55
VHMLung,Left Medial Basal Bronchopulmonary Segment,Classical monocytes,http://purl.obolibrary.org/obo/CL_0000576,22,22
VHMLung,Left Medial Basal Bronchopulmonary Segment,Club (non-nasal),http://purl.obolibrary.org/obo/CL_0000158,7,7
VHMLung,Left Medial Basal Bronchopulmonary Segment,DC1,http://purl.obolibrary.org/obo/CL_0002394,11,11
VHMLung,Left Medial Basal Bronchopulmonary Segment,DC2,http://purl.obolibrary.org/obo/CL_0002399,157,157
VHMLung,Left Medial Basal Bronchopulmonary Segment,Deuterosomal,http://purl.obolibrary.org/obo/CL_4033044,2,2
VHMLung,Left Medial Basal Bronchopulmonary Segment,EC arterial,http://purl.obolibrary.org/obo/CL_1000413,2,2
VHMLung,Left Medial Basal Bronchopulmonary Segment,EC general capillary,http://purl.obolibrary.org/obo/CL_0002144,6,6
VHMLung,Left Medial Basal Bronchopulmonary Segment,EC venous systemic,http://purl.obolibrary.org/obo/CL_1000414,13,13
VHMLung,Left Medial Basal Bronchopulmonary Segment,Goblet (nasal),http://purl.obolibrary.org/obo/CL_0002480,5,5
VHMLung,Left Medial Basal Bronchopulmonary Segment,Hematopoietic stem cells,http://purl.obolibrary.org/obo/CL_0000037,1,1
VHMLung,Left Medial Basal Bronchopulmonary Segment,Interstitial Mph perivascular,http://purl.obolibrary.org/obo/CL_4033043,61,61
VHMLung,Left Medial Basal Bronchopulmonary Segment,Lymphatic EC differentiating,http://purl.obolibrary.org/obo/CL_0002138,4,4
VHMLung,Left Medial Basal Bronchopulmonary Segment,Mast cells,http://purl.obolibrary.org/obo/CL_0000097,3,3
VHMLung,Left Medial Basal Bronchopulmonary Segment,Migratory DCs,http://purl.obolibrary.org/obo/CL_0001056,3,3
VHMLung,Left Medial Basal Bronchopulmonary Segment,Monocyte-derived Mph,http://purl.obolibrary.org/obo/CL_1001603,1250,1250
VHMLung,Left Medial Basal Bronchopulmonary Segment,Multiciliated (non-nasal),http://purl.obolibrary.org/obo/CL_0005012,196,196
VHMLung,Left Medial Basal Bronchopulmonary Segment,Myofibroblasts,http://purl.obolibrary.org/obo/CL_0000186,1,1
VHMLung,Left Medial Basal Bronchopulmonary Segment,NK cells,http://purl.obolibrary.org/obo/CL_0000623,30,30
VHMLung,Left Medial Basal Bronchopulmonary Segment,Non-classical monocytes,http://purl.obolibrary.org/obo/CL_0000875,18,18
VHMLung,Left Medial Basal Bronchopulmonary Segment,Peribronchial fibroblasts,http://purl.obolibrary.org/obo/CL_0002241,8,8
VHMLung,Left Medial Basal Bronchopulmonary Segment,Pericytes,http://purl.obolibrary.org/obo/CL_0000669,1,1
VHMLung,Left Medial Basal Bronchopulmonary Segment,Plasma cells,http://purl.obolibrary.org/obo/CL_0000786,5,5
VHMLung,Left Medial Basal Bronchopulmonary Segment,Plasmacytoid DCs,http://purl.obolibrary.org/obo/CL_0000784,2,2
VHMLung,Left Medial Basal Bronchopulmonary Segment,Smooth muscle,http://purl.obolibrary.org/obo/CL_0000192,4,4
VHMLung,Left Medial Basal Bronchopulmonary Segment,T cells proliferating,http://purl.obolibrary.org/obo/CL_0000084,6,6
VHMLung,Left Medial Basal Bronchopulmonary Segment,basal cell,http://purl.obolibrary.org/obo/CL_0000646,33,33
VHMLung,Left Medial Basal Bronchopulmonary Segment,basophil,http://purl.obolibrary.org/obo/CL_0000767,7,7
VHMLung,Left Medial Basal Bronchopulmonary Segment,bronchial smooth muscle cell,http://purl.obolibrary.org/obo/CL_0002598,3,3
VHMLung,Left Medial Basal Bronchopulmonary Segment,capillary endothelial cell,http://purl.obolibrary.org/obo/CL_0002144,10,10
VHMLung,Left Medial Basal Bronchopulmonary Segment,classical monocyte,http://purl.obolibrary.org/obo/CL_0000860,27,27
VHMLung,Left Medial Basal Bronchopulmonary Segment,club cell,http://purl.obolibrary.org/obo/CL_0000158,42,42
VHMLung,Left Medial Basal Bronchopulmonary Segment,dendritic cell,http://purl.obolibrary.org/obo/CL_0000451,129,129
VHMLung,Left Medial Basal Bronchopulmonary Segment,"effector CD4-positive, alpha-beta T cell",http://purl.obolibrary.org/obo/CL_0001044,2,2
VHMLung,Left Medial Basal Bronchopulmonary Segment,"effector CD8-positive, alpha-beta T cell",http://purl.obolibrary.org/obo/CL_0001050,10,10
VHMLung,Left Medial Basal Bronchopulmonary Segment,endothelial cell of lymphatic vessel,http://purl.obolibrary.org/obo/CL_0002138,4,4
VHMLung,Left Medial Basal Bronchopulmonary Segment,fibroblast,http://purl.obolibrary.org/obo/CL_0000057,27,27
VHMLung,Left Medial Basal Bronchopulmonary Segment,intermediate monocyte,http://purl.obolibrary.org/obo/CL_0002393,9,9
VHMLung,Left Medial Basal Bronchopulmonary Segment,lung ciliated cell,http://purl.obolibrary.org/obo/CL_1000271,179,179
VHMLung,Left Medial Basal Bronchopulmonary Segment,lung microvascular endothelial cell,http://purl.obolibrary.org/obo/CL_2000016,1,1
VHMLung,Left Medial Basal Bronchopulmonary Segment,macrophage,http://purl.obolibrary.org/obo/CL_0000235,2089,2089
VHMLung,Left Medial Basal Bronchopulmonary Segment,mature NK T cell,http://purl.obolibrary.org/obo/CL_0000814,12,12
VHMLung,Left Medial Basal Bronchopulmonary Segment,neutrophil,http://purl.obolibrary.org/obo/CL_0000775,13,13
VHMLung,Left Medial Basal Bronchopulmonary Segment,non-classical monocyte,http://purl.obolibrary.org/obo/CL_0000875,246,246
VHMLung,Left Medial Basal Bronchopulmonary Segment,pericyte,http://purl.obolibrary.org/obo/CL_0000669,2,2
VHMLung,Left Medial Basal Bronchopulmonary Segment,plasma cell,http://purl.obolibrary.org/obo/CL_0000786,5,5
VHMLung,Left Medial Basal Bronchopulmonary Segment,pre-TB secretory,http://purl.obolibrary.org/obo/CL_0019001,46,46
VHMLung,Left Medial Basal Bronchopulmonary Segment,respiratory goblet cell,http://purl.obolibrary.org/obo/CL_0002370,36,36
VHMLung,Left Medial Basal Bronchopulmonary Segment,type I pneumocyte,http://purl.obolibrary.org/obo/CL_0002062,8,8
VHMLung,Left Medial Basal Bronchopulmonary Segment,type II pneumocyte,http://purl.obolibrary.org/obo/CL_0002063,17,17
VHMLung,Left Medial Basal Bronchopulmonary Segment,vein endothelial cell,http://purl.obolibrary.org/obo/CL_0002543,9,9
VHMLung,Left anterior segmental bronchus,AT0,http://purl.obolibrary.org/obo/CL_0010003,5.16666666666666666667,31
VHMLung,Left anterior segmental bronchus,AT1,http://purl.obolibrary.org/obo/CL_0002062,2180.86666666666666666667,32713
VHMLung,Left anterior segmental bronchus,AT2,http://purl.obolibrary.org/obo/CL_0002063,1190.73333333333333333333,17861
VHMLung,Left anterior segmental bronchus,Adventitial fibroblasts,http://purl.obolibrary.org/obo/CL_4028006,116.46666666666666666667,1747
VHMLung,Left anterior segmental bronchus,Alveolar Mph CCL3+,http://purl.obolibrary.org/obo/CL_4033041,6.66666666666666666667,40
VHMLung,Left anterior segmental bronchus,Alveolar Mph MT-positive,http://purl.obolibrary.org/obo/CL_4033042,5.33333333333333333333,32
VHMLung,Left anterior segmental bronchus,Alveolar Mph proliferating,http://purl.obolibrary.org/obo/CL_0000583,20.33333333333333333333,61
VHMLung,Left anterior segmental bronchus,Alveolar fibroblasts,http://purl.obolibrary.org/obo/CL_4028004,540,8100
VHMLung,Left anterior segmental bronchus,Alveolar macrophages,http://purl.obolibrary.org/obo/CL_0000583,148.75,1190
VHMLung,Left anterior segmental bronchus,B cell,http://purl.obolibrary.org/obo/CL_0000236,67.16666666666666666667,403
VHMLung,Left anterior segmental bronchus,B cells,http://purl.obolibrary.org/obo/CL_0000236,131.26666666666666666667,1969
VHMLung,Left anterior segmental bronchus,Basal resting,http://purl.obolibrary.org/obo/CL_0002633,4714.72727272727272727273,51862
VHMLung,Left anterior segmental bronchus,CD4 T cells,http://purl.obolibrary.org/obo/CL_0000492,3466.66666666666666666667,52000
VHMLung,Left anterior segmental bronchus,"CD4-positive, alpha-beta T cell",http://purl.obolibrary.org/obo/CL_0000624,1247.5,9980
VHMLung,Left anterior segmental bronchus,CD8 T cells,http://purl.obolibrary.org/obo/CL_0000913,993.26666666666666666667,14899
VHMLung,Left anterior segmental bronchus,"CD8-positive, alpha-beta T cell",http://purl.obolibrary.org/obo/CL_0000625,205.375,1643
VHMLung,Left anterior segmental bronchus,Classical monocytes,http://purl.obolibrary.org/obo/CL_0000576,82.09090909090909090909,903
VHMLung,Left anterior segmental bronchus,Club (nasal),http://purl.obolibrary.org/obo/CL_0000158,2958,11832
VHMLung,Left anterior segmental bronchus,Club (non-nasal),http://purl.obolibrary.org/obo/CL_0000158,75,525
VHMLung,Left anterior segmental bronchus,DC1,http://purl.obolibrary.org/obo/CL_0002394,14.83333333333333333333,89
VHMLung,Left anterior segmental bronchus,DC2,http://purl.obolibrary.org/obo/CL_0002399,96.26666666666666666667,1444
VHMLung,Left anterior segmental bronchus,Deuterosomal,http://purl.obolibrary.org/obo/CL_4033044,9,72
VHMLung,Left anterior segmental bronchus,EC aerocyte capillary,http://purl.obolibrary.org/obo/CL_4028003,190.93333333333333333333,2864
VHMLung,Left anterior segmental bronchus,EC arterial,http://purl.obolibrary.org/obo/CL_1000413,224,3360
VHMLung,Left anterior segmental bronchus,EC general capillary,http://purl.obolibrary.org/obo/CL_0002144,3380.26666666666666666667,50704
VHMLung,Left anterior segmental bronchus,EC venous pulmonary,http://purl.obolibrary.org/obo/CL_1000414,165,660
VHMLung,Left anterior segmental bronchus,EC venous systemic,http://purl.obolibrary.org/obo/CL_1000414,692.18181818181818181818,7614
VHMLung,Left anterior segmental bronchus,Goblet (bronchial),http://purl.obolibrary.org/obo/CL_0019003,4.28571428571428571429,30
VHMLung,Left anterior segmental bronchus,Goblet (nasal),http://purl.obolibrary.org/obo/CL_0002480,11.81818181818181818182,130
VHMLung,Left anterior segmental bronchus,Goblet (subsegmental),http://purl.obolibrary.org/obo/CL_1000312,408.25,3266
VHMLung,Left anterior segmental bronchus,Hematopoietic stem cells,http://purl.obolibrary.org/obo/CL_0000037,6.8,34
VHMLung,Left anterior segmental bronchus,Hillock-like,http://purl.obolibrary.org/obo/CL_0000158,282,564
VHMLung,Left anterior segmental bronchus,Interstitial Mph perivascular,http://purl.obolibrary.org/obo/CL_4033043,38,304
VHMLung,Left anterior segmental bronchus,Ionocyte,http://purl.obolibrary.org/obo/CL_0005006,200.33333333333333333333,2404
VHMLung,Left anterior segmental bronchus,Lymphatic EC differentiating,http://purl.obolibrary.org/obo/CL_0002138,96.77777777777777777778,871
VHMLung,Left anterior segmental bronchus,Lymphatic EC mature,http://purl.obolibrary.org/obo/CL_0002138,107.75,431
VHMLung,Left anterior segmental bronchus,Mast cells,http://purl.obolibrary.org/obo/CL_0000097,45.93333333333333333333,689
VHMLung,Left anterior segmental bronchus,Mesothelium,http://purl.obolibrary.org/obo/CL_1000491,7.2,36
VHMLung,Left anterior segmental bronchus,Migratory DCs,http://purl.obolibrary.org/obo/CL_0001056,4.66666666666666666667,28
VHMLung,Left anterior segmental bronchus,Monocyte-derived Mph,http://purl.obolibrary.org/obo/CL_1001603,262,2096
VHMLung,Left anterior segmental bronchus,Monocyte-derived Mφ,https://purl.org/ccf/ASCTB-TEMP_monocyte-derived-m,11.4,57
VHMLung,Left anterior segmental bronchus,Multiciliated (non-nasal),http://purl.obolibrary.org/obo/CL_0005012,1175.66666666666666666667,17635
VHMLung,Left anterior segmental bronchus,Myofibroblasts,http://purl.obolibrary.org/obo/CL_0000186,27.69230769230769230769,360
VHMLung,Left anterior segmental bronchus,NK cells,http://purl.obolibrary.org/obo/CL_0000623,80.7,807
VHMLung,Left anterior segmental bronchus,Neuroendocrine,http://purl.obolibrary.org/obo/CL_0000165,82.4,412
VHMLung,Left anterior segmental bronchus,Non-classical monocytes,http://purl.obolibrary.org/obo/CL_0000875,291.41666666666666666667,3497
VHMLung,Left anterior segmental bronchus,Peribronchial fibroblasts,http://purl.obolibrary.org/obo/CL_0002241,30.375,243
VHMLung,Left anterior segmental bronchus,Pericytes,http://purl.obolibrary.org/obo/CL_0009089,147,2058
VHMLung,Left anterior segmental bronchus,Plasma cells,http://purl.obolibrary.org/obo/CL_0000786,141.46153846153846153846,1839
VHMLung,Left anterior segmental bronchus,Plasmacytoid DCs,http://purl.obolibrary.org/obo/CL_0000784,4.81818181818181818182,53
VHMLung,Left anterior segmental bronchus,SM activated stress response,http://purl.obolibrary.org/obo/CL_0000313,6.5,26
VHMLung,Left anterior segmental bronchus,SMG duct,http://purl.obolibrary.org/obo/CL_4033023,6.75,54
VHMLung,Left anterior segmental bronchus,SMG mucous,http://purl.obolibrary.org/obo/CL_4033022,30.8,154
VHMLung,Left anterior segmental bronchus,SMG serous (bronchial),http://purl.obolibrary.org/obo/CL_4033005,18.54545454545454545455,204
VHMLung,Left anterior segmental bronchus,SMG serous (nasal),http://purl.obolibrary.org/obo/CL_0000313,23,184
VHMLung,Left anterior segmental bronchus,Smooth muscle,http://purl.obolibrary.org/obo/CL_0000192,186.2,2793
VHMLung,Left anterior segmental bronchus,Subpleural fibroblasts,http://purl.obolibrary.org/obo/CL_4023054,4,4
VHMLung,Left anterior segmental bronchus,Suprabasal,http://purl.obolibrary.org/obo/CL_0002633,3,6
VHMLung,Left anterior segmental bronchus,T cells proliferating,http://purl.obolibrary.org/obo/CL_0000084,6.25,50
VHMLung,Left anterior segmental bronchus,Transitional Club-AT2,https://purl.org/ccf/ASCTB-TEMP_transitional-club-at2,14.8,74
VHMLung,Left anterior segmental bronchus,Tuft,http://purl.obolibrary.org/obo/CL_0002075,4.83333333333333333333,29
VHMLung,Left anterior segmental bronchus,adventitial cell,http://purl.obolibrary.org/obo/CL_4028006,2.66666666666666666667,8
VHMLung,Left anterior segmental bronchus,basal cell,http://purl.obolibrary.org/obo/CL_0000646,211.875,1695
VHMLung,Left anterior segmental bronchus,basophil,http://purl.obolibrary.org/obo/CL_0000767,237.375,1899
VHMLung,Left anterior segmental bronchus,blood vessel endothelial cell,http://purl.obolibrary.org/obo/CL_0000071,2,4
VHMLung,Left anterior segmental bronchus,bronchial smooth muscle cell,http://purl.obolibrary.org/obo/CL_0002598,51.16666666666666666667,307
VHMLung,Left anterior segmental bronchus,capillary endothelial cell,http://purl.obolibrary.org/obo/CL_0002144,920.25,7362
VHMLung,Left anterior segmental bronchus,classical monocyte,http://purl.obolibrary.org/obo/CL_0000860,62.25,498
VHMLung,Left anterior segmental bronchus,club cell,http://purl.obolibrary.org/obo/CL_0000158,229.375,1835
VHMLung,Left anterior segmental bronchus,dendritic cell,http://purl.obolibrary.org/obo/CL_0000451,92,276
VHMLung,Left anterior segmental bronchus,"effector CD4-positive, alpha-beta T cell",http://purl.obolibrary.org/obo/CL_0001044,25,200
VHMLung,Left anterior segmental bronchus,"effector CD8-positive, alpha-beta T cell",http://purl.obolibrary.org/obo/CL_0001050,205.5,1644
VHMLung,Left anterior segmental bronchus,endothelial cell of artery,http://purl.obolibrary.org/obo/CL_1000413,38.125,305
VHMLung,Left anterior segmental bronchus,endothelial cell of lymphatic vessel,http://purl.obolibrary.org/obo/CL_0002138,10.75,86
VHMLung,Left anterior segmental bronchus,fibroblast,http://purl.obolibrary.org/obo/CL_0000057,532.875,4263
VHMLung,Left anterior segmental bronchus,intermediate monocyte,http://purl.obolibrary.org/obo/CL_0002393,5.14285714285714285714,36
VHMLung,Left anterior segmental bronchus,lung ciliated cell,http://purl.obolibrary.org/obo/CL_1000271,270.125,2161
VHMLung,Left anterior segmental bronchus,lung microvascular endothelial cell,http://purl.obolibrary.org/obo/CL_2000016,8.625,69
VHMLung,Left anterior segmental bronchus,macrophage,http://purl.obolibrary.org/obo/CL_0000235,385,3080
VHMLung,Left anterior segmental bronchus,mature NK T cell,http://purl.obolibrary.org/obo/CL_0000814,54.125,433
VHMLung,Left anterior segmental bronchus,neutrophil,http://purl.obolibrary.org/obo/CL_0000775,42.5,255
VHMLung,Left anterior segmental bronchus,non-classical monocyte,http://purl.obolibrary.org/obo/CL_0000875,103,824
VHMLung,Left anterior segmental bronchus,pericyte,http://purl.obolibrary.org/obo/CL_0000669,37,296
VHMLung,Left anterior segmental bronchus,plasma cell,http://purl.obolibrary.org/obo/CL_0000786,36.75,294
VHMLung,Left anterior segmental bronchus,plasmacytoid dendritic cell,http://purl.obolibrary.org/obo/CL_0000784,2.25,9
VHMLung,Left anterior segmental bronchus,pre-TB secretory,http://purl.obolibrary.org/obo/CL_0019001,152.125,1217
VHMLung,Left anterior segmental bronchus,pulmonary ionocyte,http://purl.obolibrary.org/obo/CL_0017000,6,6
VHMLung,Left anterior segmental bronchus,respiratory goblet cell,http://purl.obolibrary.org/obo/CL_0002370,47.71428571428571428571,334
VHMLung,Left anterior segmental bronchus,serous cell of epithelium of bronchus,http://purl.obolibrary.org/obo/CL_1000331,8.33333333333333333333,50
VHMLung,Left anterior segmental bronchus,smooth muscle cell,http://purl.obolibrary.org/obo/CL_0000192,1,4
VHMLung,Left anterior segmental bronchus,type I pneumocyte,http://purl.obolibrary.org/obo/CL_0002062,423.75,3390
VHMLung,Left anterior segmental bronchus,type II pneumocyte,http://purl.obolibrary.org/obo/CL_0002063,1306.75,10454
VHMLung,Left anterior segmental bronchus,vascular associated smooth muscle cell,http://purl.obolibrary.org/obo/CL_0000359,6.5,39
VHMLung,Left anterior segmental bronchus,vein endothelial cell,http://purl.obolibrary.org/obo/CL_0002543,168.875,1351
VHMLung,Left apical bronchopulmonary segment,AT0,http://purl.obolibrary.org/obo/CL_0010003,8.44444444444444444444,76
VHMLung,Left apical bronchopulmonary segment,AT1,http://purl.obolibrary.org/obo/CL_0002062,848.47058823529411764706,14424
VHMLung,Left apical bronchopulmonary segment,AT2,http://purl.obolibrary.org/obo/CL_0002063,943.05882352941176470588,16032
VHMLung,Left apical bronchopulmonary segment,Adventitial fibroblasts,http://purl.obolibrary.org/obo/CL_4028006,68,1156
VHMLung,Left apical bronchopulmonary segment,Alveolar Mph CCL3+,http://purl.obolibrary.org/obo/CL_4033041,10.77777777777777777778,97
VHMLung,Left apical bronchopulmonary segment,Alveolar Mph MT-positive,http://purl.obolibrary.org/obo/CL_4033042,2.57142857142857142857,18
VHMLung,Left apical bronchopulmonary segment,Alveolar Mph proliferating,http://purl.obolibrary.org/obo/CL_0000583,7,14
VHMLung,Left apical bronchopulmonary segment,Alveolar fibroblasts,http://purl.obolibrary.org/obo/CL_4028004,568.17647058823529411765,9659
VHMLung,Left apical bronchopulmonary segment,Alveolar macrophages,http://purl.obolibrary.org/obo/CL_0000583,147.63636363636363636364,1624
VHMLung,Left apical bronchopulmonary segment,B cell,http://purl.obolibrary.org/obo/CL_0000236,27.25,436
VHMLung,Left apical bronchopulmonary segment,B cells,http://purl.obolibrary.org/obo/CL_0000236,60,1020
VHMLung,Left apical bronchopulmonary segment,Basal resting,http://purl.obolibrary.org/obo/CL_0002633,233.53846153846153846154,3036
VHMLung,Left apical bronchopulmonary segment,CD4 T cells,http://purl.obolibrary.org/obo/CL_0000492,439.88235294117647058824,7478
VHMLung,Left apical bronchopulmonary segment,"CD4-positive, alpha-beta T cell",http://purl.obolibrary.org/obo/CL_0000624,626.16666666666666666667,11271
VHMLung,Left apical bronchopulmonary segment,CD8 T cells,http://purl.obolibrary.org/obo/CL_0000913,380,6460
VHMLung,Left apical bronchopulmonary segment,"CD8-positive, alpha-beta T cell",http://purl.obolibrary.org/obo/CL_0000625,242.16666666666666666667,4359
VHMLung,Left apical bronchopulmonary segment,Classical monocytes,http://purl.obolibrary.org/obo/CL_0000576,51.18181818181818181818,563
VHMLung,Left apical bronchopulmonary segment,Club (nasal),http://purl.obolibrary.org/obo/CL_0000158,177.5,710
VHMLung,Left apical bronchopulmonary segment,Club (non-nasal),http://purl.obolibrary.org/obo/CL_0000158,24.33333333333333333333,219
VHMLung,Left apical bronchopulmonary segment,DC1,http://purl.obolibrary.org/obo/CL_0002394,20,140
VHMLung,Left apical bronchopulmonary segment,DC2,http://purl.obolibrary.org/obo/CL_0002399,65.64705882352941176471,1116
VHMLung,Left apical bronchopulmonary segment,Deuterosomal,http://purl.obolibrary.org/obo/CL_4033044,8.90909090909090909091,98
VHMLung,Left apical bronchopulmonary segment,EC aerocyte capillary,http://purl.obolibrary.org/obo/CL_4028003,180.23529411764705882353,3064
VHMLung,Left apical bronchopulmonary segment,EC arterial,http://purl.obolibrary.org/obo/CL_1000413,628.11764705882352941176,10678
VHMLung,Left apical bronchopulmonary segment,EC general capillary,http://purl.obolibrary.org/obo/CL_0002144,1492.88235294117647058824,25379
VHMLung,Left apical bronchopulmonary segment,EC venous pulmonary,http://purl.obolibrary.org/obo/CL_1000414,489.5,1958
VHMLung,Left apical bronchopulmonary segment,EC venous systemic,http://purl.obolibrary.org/obo/CL_1000414,297.46153846153846153846,3867
VHMLung,Left apical bronchopulmonary segment,Goblet (bronchial),http://purl.obolibrary.org/obo/CL_0019003,2,12
VHMLung,Left apical bronchopulmonary segment,Goblet (nasal),http://purl.obolibrary.org/obo/CL_0002480,10.11111111111111111111,91
VHMLung,Left apical bronchopulmonary segment,Goblet (subsegmental),http://purl.obolibrary.org/obo/CL_1000312,135.44444444444444444444,1219
VHMLung,Left apical bronchopulmonary segment,Hematopoietic stem cells,http://purl.obolibrary.org/obo/CL_0000037,2.33333333333333333333,14
VHMLung,Left apical bronchopulmonary segment,Hillock-like,http://purl.obolibrary.org/obo/CL_0000158,234.5,938
VHMLung,Left apical bronchopulmonary segment,Interstitial Mph perivascular,http://purl.obolibrary.org/obo/CL_4033043,63.44444444444444444444,571
VHMLung,Left apical bronchopulmonary segment,Interstitial Mφ perivascular,https://purl.org/ccf/ASCTB-TEMP_interstitial-m-perivascular,33.5,67
VHMLung,Left apical bronchopulmonary segment,Ionocyte,http://purl.obolibrary.org/obo/CL_0005006,14.14285714285714285714,198
VHMLung,Left apical bronchopulmonary segment,Lymphatic EC differentiating,http://purl.obolibrary.org/obo/CL_0002138,341.57142857142857142857,4782
VHMLung,Left apical bronchopulmonary segment,Lymphatic EC mature,http://purl.obolibrary.org/obo/CL_0002138,4.33333333333333333333,13
VHMLung,Left apical bronchopulmonary segment,Mast cells,http://purl.obolibrary.org/obo/CL_0000097,64,1088
VHMLung,Left apical bronchopulmonary segment,Mesothelium,http://purl.obolibrary.org/obo/CL_1000491,10.5,84
VHMLung,Left apical bronchopulmonary segment,Migratory DCs,http://purl.obolibrary.org/obo/CL_0001056,4.71428571428571428571,33
VHMLung,Left apical bronchopulmonary segment,Monocyte-derived Mph,http://purl.obolibrary.org/obo/CL_1001603,255.88888888888888888889,2303
VHMLung,Left apical bronchopulmonary segment,Monocyte-derived Mφ,https://purl.org/ccf/ASCTB-TEMP_monocyte-derived-m,25.5,153
VHMLung,Left apical bronchopulmonary segment,Multiciliated (non-nasal),http://purl.obolibrary.org/obo/CL_0005012,377.70588235294117647059,6421
VHMLung,Left apical bronchopulmonary segment,Myofibroblasts,http://purl.obolibrary.org/obo/CL_0000186,78.23529411764705882353,1330
VHMLung,Left apical bronchopulmonary segment,NK cells,http://purl.obolibrary.org/obo/CL_0000623,94.07692307692307692308,1223
VHMLung,Left apical bronchopulmonary segment,Neuroendocrine,http://purl.obolibrary.org/obo/CL_0000165,31.5,252
VHMLung,Left apical bronchopulmonary segment,Non-classical monocytes,http://purl.obolibrary.org/obo/CL_0000875,309.35294117647058823529,5259
VHMLung,Left apical bronchopulmonary segment,Peribronchial fibroblasts,http://purl.obolibrary.org/obo/CL_0002241,40.90909090909090909091,450
VHMLung,Left apical bronchopulmonary segment,Pericytes,http://purl.obolibrary.org/obo/CL_0009089,185.125,2962
VHMLung,Left apical bronchopulmonary segment,Plasma cells,http://purl.obolibrary.org/obo/CL_0000786,59.13333333333333333333,887
VHMLung,Left apical bronchopulmonary segment,Plasmacytoid DCs,http://purl.obolibrary.org/obo/CL_0000784,10,110
VHMLung,Left apical bronchopulmonary segment,SM activated stress response,http://purl.obolibrary.org/obo/CL_0000313,9.16666666666666666667,55
VHMLung,Left apical bronchopulmonary segment,SMG duct,http://purl.obolibrary.org/obo/CL_4033023,7,70
VHMLung,Left apical bronchopulmonary segment,SMG mucous,http://purl.obolibrary.org/obo/CL_4033022,22.66666666666666666667,136
VHMLung,Left apical bronchopulmonary segment,SMG serous (bronchial),http://purl.obolibrary.org/obo/CL_4033005,25.75,206
VHMLung,Left apical bronchopulmonary segment,SMG serous (nasal),http://purl.obolibrary.org/obo/CL_0000313,13.33333333333333333333,80
VHMLung,Left apical bronchopulmonary segment,Smooth muscle,http://purl.obolibrary.org/obo/CL_0000192,130.70588235294117647059,2222
VHMLung,Left apical bronchopulmonary segment,Subpleural fibroblasts,http://purl.obolibrary.org/obo/CL_4023054,2,12
VHMLung,Left apical bronchopulmonary segment,T cells proliferating,http://purl.obolibrary.org/obo/CL_0000084,4.72727272727272727273,52
VHMLung,Left apical bronchopulmonary segment,Transitional Club-AT2,https://purl.org/ccf/ASCTB-TEMP_transitional-club-at2,27.875,223
VHMLung,Left apical bronchopulmonary segment,Tuft,http://purl.obolibrary.org/obo/CL_0002075,11,66
VHMLung,Left apical bronchopulmonary segment,adventitial cell,http://purl.obolibrary.org/obo/CL_4028006,1.45454545454545454545,16
VHMLung,Left apical bronchopulmonary segment,basal cell,http://purl.obolibrary.org/obo/CL_0000646,298,5364
VHMLung,Left apical bronchopulmonary segment,basophil,http://purl.obolibrary.org/obo/CL_0000767,113.33333333333333333333,2040
VHMLung,Left apical bronchopulmonary segment,blood vessel endothelial cell,http://purl.obolibrary.org/obo/CL_0000071,1,2
VHMLung,Left apical bronchopulmonary segment,bronchial smooth muscle cell,http://purl.obolibrary.org/obo/CL_0002598,37.11111111111111111111,668
VHMLung,Left apical bronchopulmonary segment,capillary endothelial cell,http://purl.obolibrary.org/obo/CL_0002144,1059.66666666666666666667,19074
VHMLung,Left apical bronchopulmonary segment,classical monocyte,http://purl.obolibrary.org/obo/CL_0000860,65.5,1179
VHMLung,Left apical bronchopulmonary segment,club cell,http://purl.obolibrary.org/obo/CL_0000158,184.33333333333333333333,3318
VHMLung,Left apical bronchopulmonary segment,dendritic cell,http://purl.obolibrary.org/obo/CL_0000451,46.6,466
VHMLung,Left apical bronchopulmonary segment,"effector CD4-positive, alpha-beta T cell",http://purl.obolibrary.org/obo/CL_0001044,20.66666666666666666667,372
VHMLung,Left apical bronchopulmonary segment,"effector CD8-positive, alpha-beta T cell",http://purl.obolibrary.org/obo/CL_0001050,147.16666666666666666667,2649
VHMLung,Left apical bronchopulmonary segment,endothelial cell of artery,http://purl.obolibrary.org/obo/CL_1000413,59.83333333333333333333,1077
VHMLung,Left apical bronchopulmonary segment,endothelial cell of lymphatic vessel,http://purl.obolibrary.org/obo/CL_0002138,64.61111111111111111111,1163
VHMLung,Left apical bronchopulmonary segment,fibroblast,http://purl.obolibrary.org/obo/CL_0000057,647.27777777777777777778,11651
VHMLung,Left apical bronchopulmonary segment,intermediate monocyte,http://purl.obolibrary.org/obo/CL_0002393,3.53846153846153846154,46
VHMLung,Left apical bronchopulmonary segment,lung ciliated cell,http://purl.obolibrary.org/obo/CL_1000271,278,5004
VHMLung,Left apical bronchopulmonary segment,lung microvascular endothelial cell,http://purl.obolibrary.org/obo/CL_2000016,10.33333333333333333333,155
VHMLung,Left apical bronchopulmonary segment,macrophage,http://purl.obolibrary.org/obo/CL_0000235,825.11111111111111111111,14852
VHMLung,Left apical bronchopulmonary segment,mature NK T cell,http://purl.obolibrary.org/obo/CL_0000814,76.61111111111111111111,1379
VHMLung,Left apical bronchopulmonary segment,neutrophil,http://purl.obolibrary.org/obo/CL_0000775,24.66666666666666666667,370
VHMLung,Left apical bronchopulmonary segment,non-classical monocyte,http://purl.obolibrary.org/obo/CL_0000875,138.66666666666666666667,2496
VHMLung,Left apical bronchopulmonary segment,pericyte,http://purl.obolibrary.org/obo/CL_0000669,62.66666666666666666667,1128
VHMLung,Left apical bronchopulmonary segment,plasma cell,http://purl.obolibrary.org/obo/CL_0000786,19.61111111111111111111,353
VHMLung,Left apical bronchopulmonary segment,plasmacytoid dendritic cell,http://purl.obolibrary.org/obo/CL_0000784,2.33333333333333333333,14
VHMLung,Left apical bronchopulmonary segment,pre-TB secretory,http://purl.obolibrary.org/obo/CL_0019001,92.11111111111111111111,829
VHMLung,Left apical bronchopulmonary segment,pulmonary ionocyte,http://purl.obolibrary.org/obo/CL_0017000,1,8
VHMLung,Left apical bronchopulmonary segment,respiratory goblet cell,http://purl.obolibrary.org/obo/CL_0002370,24.44444444444444444444,440
VHMLung,Left apical bronchopulmonary segment,serous cell of epithelium of bronchus,http://purl.obolibrary.org/obo/CL_1000331,17.5,70
VHMLung,Left apical bronchopulmonary segment,type I pneumocyte,http://purl.obolibrary.org/obo/CL_0002062,1253.05555555555555555556,22555
VHMLung,Left apical bronchopulmonary segment,type II pneumocyte,http://purl.obolibrary.org/obo/CL_0002063,3031.5,54567
VHMLung,Left apical bronchopulmonary segment,vascular associated smooth muscle cell,http://purl.obolibrary.org/obo/CL_0000359,14.55555555555555555556,262
VHMLung,Left apical bronchopulmonary segment,vein endothelial cell,http://purl.obolibrary.org/obo/CL_0002543,400.22222222222222222222,7204
VHMLung,Left apical segmental bronchus,AT0,http://purl.obolibrary.org/obo/CL_0010003,4.875,39
VHMLung,Left apical segmental bronchus,AT1,http://purl.obolibrary.org/obo/CL_0002062,1848.36842105263157894737,35119
VHMLung,Left apical segmental bronchus,AT2,http://purl.obolibrary.org/obo/CL_0002063,1043.31578947368421052632,19823
VHMLung,Left apical segmental bronchus,Adventitial fibroblasts,http://purl.obolibrary.org/obo/CL_4028006,146.73684210526315789474,2788
VHMLung,Left apical segmental bronchus,Alveolar Mph CCL3+,http://purl.obolibrary.org/obo/CL_4033041,14.25,114
VHMLung,Left apical segmental bronchus,Alveolar Mph MT-positive,http://purl.obolibrary.org/obo/CL_4033042,5.75,46
VHMLung,Left apical segmental bronchus,Alveolar Mph proliferating,http://purl.obolibrary.org/obo/CL_0000583,20.33333333333333333333,61
VHMLung,Left apical segmental bronchus,Alveolar fibroblasts,http://purl.obolibrary.org/obo/CL_4028004,577.89473684210526315789,10980
VHMLung,Left apical segmental bronchus,Alveolar macrophages,http://purl.obolibrary.org/obo/CL_0000583,125,1500
VHMLung,Left apical segmental bronchus,B cell,http://purl.obolibrary.org/obo/CL_0000236,42.875,343
VHMLung,Left apical segmental bronchus,B cells,http://purl.obolibrary.org/obo/CL_0000236,90.15789473684210526316,1713
VHMLung,Left apical segmental bronchus,Basal resting,http://purl.obolibrary.org/obo/CL_0002633,3492.06666666666666666667,52381
VHMLung,Left apical segmental bronchus,CD4 T cells,http://purl.obolibrary.org/obo/CL_0000492,2875.57894736842105263158,54636
VHMLung,Left apical segmental bronchus,"CD4-positive, alpha-beta T cell",http://purl.obolibrary.org/obo/CL_0000624,1197.8,11978
VHMLung,Left apical segmental bronchus,CD8 T cells,http://purl.obolibrary.org/obo/CL_0000913,876.52631578947368421053,16654
VHMLung,Left apical segmental bronchus,"CD8-positive, alpha-beta T cell",http://purl.obolibrary.org/obo/CL_0000625,224.5,2245
VHMLung,Left apical segmental bronchus,Classical monocytes,http://purl.obolibrary.org/obo/CL_0000576,53.92307692307692307692,701
VHMLung,Left apical segmental bronchus,Club (nasal),http://purl.obolibrary.org/obo/CL_0000158,2028.66666666666666666667,12172
VHMLung,Left apical segmental bronchus,Club (non-nasal),http://purl.obolibrary.org/obo/CL_0000158,108.66666666666666666667,978
VHMLung,Left apical segmental bronchus,DC1,http://purl.obolibrary.org/obo/CL_0002394,20.625,165
VHMLung,Left apical segmental bronchus,DC2,http://purl.obolibrary.org/obo/CL_0002399,99.15789473684210526316,1884
VHMLung,Left apical segmental bronchus,Deuterosomal,http://purl.obolibrary.org/obo/CL_4033044,9.85714285714285714286,138
VHMLung,Left apical segmental bronchus,EC aerocyte capillary,http://purl.obolibrary.org/obo/CL_4028003,161.47368421052631578947,3068
VHMLung,Left apical segmental bronchus,EC arterial,http://purl.obolibrary.org/obo/CL_1000413,361.36842105263157894737,6866
VHMLung,Left apical segmental bronchus,EC general capillary,http://purl.obolibrary.org/obo/CL_0002144,3019.89473684210526315789,57378
VHMLung,Left apical segmental bronchus,EC venous pulmonary,http://purl.obolibrary.org/obo/CL_1000414,228.75,1830
VHMLung,Left apical segmental bronchus,EC venous systemic,http://purl.obolibrary.org/obo/CL_1000414,804,8844
VHMLung,Left apical segmental bronchus,Goblet (bronchial),http://purl.obolibrary.org/obo/CL_0019003,2.66666666666666666667,24
VHMLung,Left apical segmental bronchus,Goblet (nasal),http://purl.obolibrary.org/obo/CL_0002480,13.30769230769230769231,173
VHMLung,Left apical segmental bronchus,Goblet (subsegmental),http://purl.obolibrary.org/obo/CL_1000312,410.6,4106
VHMLung,Left apical segmental bronchus,Hematopoietic stem cells,http://purl.obolibrary.org/obo/CL_0000037,5.42857142857142857143,38
VHMLung,Left apical segmental bronchus,Hillock-like,http://purl.obolibrary.org/obo/CL_0000158,282,564
VHMLung,Left apical segmental bronchus,Interstitial Mph perivascular,http://purl.obolibrary.org/obo/CL_4033043,55.8,558
VHMLung,Left apical segmental bronchus,Interstitial Mφ perivascular,https://purl.org/ccf/ASCTB-TEMP_interstitial-m-perivascular,9,18
VHMLung,Left apical segmental bronchus,Ionocyte,http://purl.obolibrary.org/obo/CL_0005006,153.8125,2461
VHMLung,Left apical segmental bronchus,Lymphatic EC differentiating,http://purl.obolibrary.org/obo/CL_0002138,257.15384615384615384615,3343
VHMLung,Left apical segmental bronchus,Lymphatic EC mature,http://purl.obolibrary.org/obo/CL_0002138,107.75,431
VHMLung,Left apical segmental bronchus,Mast cells,http://purl.obolibrary.org/obo/CL_0000097,69.78947368421052631579,1326
VHMLung,Left apical segmental bronchus,Mesothelium,http://purl.obolibrary.org/obo/CL_1000491,13.14285714285714285714,92
VHMLung,Left apical segmental bronchus,Migratory DCs,http://purl.obolibrary.org/obo/CL_0001056,4,32
VHMLung,Left apical segmental bronchus,Monocyte-derived Mph,http://purl.obolibrary.org/obo/CL_1001603,277.8,2778
VHMLung,Left apical segmental bronchus,Monocyte-derived Mφ,https://purl.org/ccf/ASCTB-TEMP_monocyte-derived-m,19.85714285714285714286,139
VHMLung,Left apical segmental bronchus,Multiciliated (non-nasal),http://purl.obolibrary.org/obo/CL_0005012,876.31578947368421052632,16650
VHMLung,Left apical segmental bronchus,Myofibroblasts,http://purl.obolibrary.org/obo/CL_0000186,101.58823529411764705882,1727
VHMLung,Left apical segmental bronchus,NK cells,http://purl.obolibrary.org/obo/CL_0000623,96.25,1155
VHMLung,Left apical segmental bronchus,Neuroendocrine,http://purl.obolibrary.org/obo/CL_0000165,90.57142857142857142857,634
VHMLung,Left apical segmental bronchus,Non-classical monocytes,http://purl.obolibrary.org/obo/CL_0000875,385.625,6170
VHMLung,Left apical segmental bronchus,Peribronchial fibroblasts,http://purl.obolibrary.org/obo/CL_0002241,50.75,609
VHMLung,Left apical segmental bronchus,Pericytes,http://purl.obolibrary.org/obo/CL_0009089,162.83333333333333333333,2931
VHMLung,Left apical segmental bronchus,Plasma cells,http://purl.obolibrary.org/obo/CL_0000786,138.82352941176470588235,2360
VHMLung,Left apical segmental bronchus,Plasmacytoid DCs,http://purl.obolibrary.org/obo/CL_0000784,10.69230769230769230769,139
VHMLung,Left apical segmental bronchus,SM activated stress response,http://purl.obolibrary.org/obo/CL_0000313,42.25,169
VHMLung,Left apical segmental bronchus,SMG duct,http://purl.obolibrary.org/obo/CL_4033023,22.6,226
VHMLung,Left apical segmental bronchus,SMG mucous,http://purl.obolibrary.org/obo/CL_4033022,36.85714285714285714286,258
VHMLung,Left apical segmental bronchus,SMG serous (bronchial),http://purl.obolibrary.org/obo/CL_4033005,51.53846153846153846154,670
VHMLung,Left apical segmental bronchus,SMG serous (nasal),http://purl.obolibrary.org/obo/CL_0000313,20,200
VHMLung,Left apical segmental bronchus,Smooth muscle,http://purl.obolibrary.org/obo/CL_0000192,167.94117647058823529412,2855
VHMLung,Left apical segmental bronchus,Smooth muscle FAM83D+,http://purl.obolibrary.org/obo/CL_0000192,562.5,1125
VHMLung,Left apical segmental bronchus,Subpleural fibroblasts,http://purl.obolibrary.org/obo/CL_4023054,2.4,12
VHMLung,Left apical segmental bronchus,Suprabasal,http://purl.obolibrary.org/obo/CL_0002633,3,6
VHMLung,Left apical segmental bronchus,T cells proliferating,http://purl.obolibrary.org/obo/CL_0000084,5.28571428571428571429,74
VHMLung,Left apical segmental bronchus,Transitional Club-AT2,https://purl.org/ccf/ASCTB-TEMP_transitional-club-at2,12,60
VHMLung,Left apical segmental bronchus,Tuft,http://purl.obolibrary.org/obo/CL_0002075,6.5,39
VHMLung,Left apical segmental bronchus,adventitial cell,http://purl.obolibrary.org/obo/CL_4028006,2.66666666666666666667,8
VHMLung,Left apical segmental bronchus,basal cell,http://purl.obolibrary.org/obo/CL_0000646,229.7,2297
VHMLung,Left apical segmental bronchus,basophil,http://purl.obolibrary.org/obo/CL_0000767,253.1,2531
VHMLung,Left apical segmental bronchus,blood vessel endothelial cell,http://purl.obolibrary.org/obo/CL_0000071,1.5,6
VHMLung,Left apical segmental bronchus,bronchial smooth muscle cell,http://purl.obolibrary.org/obo/CL_0002598,57.875,463
VHMLung,Left apical segmental bronchus,capillary endothelial cell,http://purl.obolibrary.org/obo/CL_0002144,1094.6,10946
VHMLung,Left apical segmental bronchus,classical monocyte,http://purl.obolibrary.org/obo/CL_0000860,70.6,706
VHMLung,Left apical segmental bronchus,club cell,http://purl.obolibrary.org/obo/CL_0000158,173.3,1733
VHMLung,Left apical segmental bronchus,dendritic cell,http://purl.obolibrary.org/obo/CL_0000451,58.4,292
VHMLung,Left apical segmental bronchus,"effector CD4-positive, alpha-beta T cell",http://purl.obolibrary.org/obo/CL_0001044,32.8,328
VHMLung,Left apical segmental bronchus,"effector CD8-positive, alpha-beta T cell",http://purl.obolibrary.org/obo/CL_0001050,270.6,2706
VHMLung,Left apical segmental bronchus,endothelial cell of artery,http://purl.obolibrary.org/obo/CL_1000413,35.7,357
VHMLung,Left apical segmental bronchus,endothelial cell of lymphatic vessel,http://purl.obolibrary.org/obo/CL_0002138,25.2,252
VHMLung,Left apical segmental bronchus,fibroblast,http://purl.obolibrary.org/obo/CL_0000057,768.3,7683
VHMLung,Left apical segmental bronchus,intermediate monocyte,http://purl.obolibrary.org/obo/CL_0002393,4.22222222222222222222,38
VHMLung,Left apical segmental bronchus,lung ciliated cell,http://purl.obolibrary.org/obo/CL_1000271,226,2260
VHMLung,Left apical segmental bronchus,lung microvascular endothelial cell,http://purl.obolibrary.org/obo/CL_2000016,12.3,123
VHMLung,Left apical segmental bronchus,macrophage,http://purl.obolibrary.org/obo/CL_0000235,420.4,4204
VHMLung,Left apical segmental bronchus,mature NK T cell,http://purl.obolibrary.org/obo/CL_0000814,53.9,539
VHMLung,Left apical segmental bronchus,neutrophil,http://purl.obolibrary.org/obo/CL_0000775,26.875,215
VHMLung,Left apical segmental bronchus,non-classical monocyte,http://purl.obolibrary.org/obo/CL_0000875,125.4,1254
VHMLung,Left apical segmental bronchus,pericyte,http://purl.obolibrary.org/obo/CL_0000669,57,570
VHMLung,Left apical segmental bronchus,plasma cell,http://purl.obolibrary.org/obo/CL_0000786,43.6,436
VHMLung,Left apical segmental bronchus,plasmacytoid dendritic cell,http://purl.obolibrary.org/obo/CL_0000784,3.5,7
VHMLung,Left apical segmental bronchus,pre-TB secretory,http://purl.obolibrary.org/obo/CL_0019001,115.7,1157
VHMLung,Left apical segmental bronchus,pulmonary ionocyte,http://purl.obolibrary.org/obo/CL_0017000,2.66666666666666666667,8
VHMLung,Left apical segmental bronchus,respiratory goblet cell,http://purl.obolibrary.org/obo/CL_0002370,67.11111111111111111111,604
VHMLung,Left apical segmental bronchus,serous cell of epithelium of bronchus,http://purl.obolibrary.org/obo/CL_1000331,22.66666666666666666667,136
VHMLung,Left apical segmental bronchus,smooth muscle cell,http://purl.obolibrary.org/obo/CL_0000192,1,2
VHMLung,Left apical segmental bronchus,type I pneumocyte,http://purl.obolibrary.org/obo/CL_0002062,394.2,3942
VHMLung,Left apical segmental bronchus,type II pneumocyte,http://purl.obolibrary.org/obo/CL_0002063,1147.3,11473
VHMLung,Left apical segmental bronchus,vascular associated smooth muscle cell,http://purl.obolibrary.org/obo/CL_0000359,18.875,151
VHMLung,Left apical segmental bronchus,vein endothelial cell,http://purl.obolibrary.org/obo/CL_0002543,363.1,3631
VHMLung,Left medial basal segmental bronchus,AT0,http://purl.obolibrary.org/obo/CL_0010003,6,6
VHMLung,Left medial basal segmental bronchus,AT1,http://purl.obolibrary.org/obo/CL_0002062,6,6
VHMLung,Left medial basal segmental bronchus,AT2,http://purl.obolibrary.org/obo/CL_0002063,28,28
VHMLung,Left medial basal segmental bronchus,Adventitial fibroblasts,http://purl.obolibrary.org/obo/CL_4028006,5,5
VHMLung,Left medial basal segmental bronchus,Alveolar Mph CCL3+,http://purl.obolibrary.org/obo/CL_4033041,6,6
VHMLung,Left medial basal segmental bronchus,Alveolar Mph MT-positive,http://purl.obolibrary.org/obo/CL_4033042,16,16
VHMLung,Left medial basal segmental bronchus,Alveolar fibroblasts,http://purl.obolibrary.org/obo/CL_4028004,14,14
VHMLung,Left medial basal segmental bronchus,Alveolar macrophages,http://purl.obolibrary.org/obo/CL_0000583,965,965
VHMLung,Left medial basal segmental bronchus,B cell,http://purl.obolibrary.org/obo/CL_0000236,22,22
VHMLung,Left medial basal segmental bronchus,B cells,http://purl.obolibrary.org/obo/CL_0000236,21,21
VHMLung,Left medial basal segmental bronchus,Basal resting,http://purl.obolibrary.org/obo/CL_0002633,37,37
VHMLung,Left medial basal segmental bronchus,CD4 T cells,http://purl.obolibrary.org/obo/CL_0000492,117,117
VHMLung,Left medial basal segmental bronchus,"CD4-positive, alpha-beta T cell",http://purl.obolibrary.org/obo/CL_0000624,138,138
VHMLung,Left medial basal segmental bronchus,CD8 T cells,http://purl.obolibrary.org/obo/CL_0000913,55,55
VHMLung,Left medial basal segmental bronchus,"CD8-positive, alpha-beta T cell",http://purl.obolibrary.org/obo/CL_0000625,55,55
VHMLung,Left medial basal segmental bronchus,Classical monocytes,http://purl.obolibrary.org/obo/CL_0000576,22,22
VHMLung,Left medial basal segmental bronchus,Club (non-nasal),http://purl.obolibrary.org/obo/CL_0000158,7,7
VHMLung,Left medial basal segmental bronchus,DC1,http://purl.obolibrary.org/obo/CL_0002394,11,11
VHMLung,Left medial basal segmental bronchus,DC2,http://purl.obolibrary.org/obo/CL_0002399,157,157
VHMLung,Left medial basal segmental bronchus,Deuterosomal,http://purl.obolibrary.org/obo/CL_4033044,2,2
VHMLung,Left medial basal segmental bronchus,EC arterial,http://purl.obolibrary.org/obo/CL_1000413,2,2
VHMLung,Left medial basal segmental bronchus,EC general capillary,http://purl.obolibrary.org/obo/CL_0002144,6,6
VHMLung,Left medial basal segmental bronchus,EC venous systemic,http://purl.obolibrary.org/obo/CL_1000414,13,13
VHMLung,Left medial basal segmental bronchus,Goblet (nasal),http://purl.obolibrary.org/obo/CL_0002480,5,5
VHMLung,Left medial basal segmental bronchus,Hematopoietic stem cells,http://purl.obolibrary.org/obo/CL_0000037,1,1
VHMLung,Left medial basal segmental bronchus,Interstitial Mph perivascular,http://purl.obolibrary.org/obo/CL_4033043,61,61
VHMLung,Left medial basal segmental bronchus,Lymphatic EC differentiating,http://purl.obolibrary.org/obo/CL_0002138,4,4
VHMLung,Left medial basal segmental bronchus,Mast cells,http://purl.obolibrary.org/obo/CL_0000097,3,3
VHMLung,Left medial basal segmental bronchus,Migratory DCs,http://purl.obolibrary.org/obo/CL_0001056,3,3
VHMLung,Left medial basal segmental bronchus,Monocyte-derived Mph,http://purl.obolibrary.org/obo/CL_1001603,1250,1250
VHMLung,Left medial basal segmental bronchus,Multiciliated (non-nasal),http://purl.obolibrary.org/obo/CL_0005012,196,196
VHMLung,Left medial basal segmental bronchus,Myofibroblasts,http://purl.obolibrary.org/obo/CL_0000186,1,1
VHMLung,Left medial basal segmental bronchus,NK cells,http://purl.obolibrary.org/obo/CL_0000623,30,30
VHMLung,Left medial basal segmental bronchus,Non-classical monocytes,http://purl.obolibrary.org/obo/CL_0000875,18,18
VHMLung,Left medial basal segmental bronchus,Peribronchial fibroblasts,http://purl.obolibrary.org/obo/CL_0002241,8,8
VHMLung,Left medial basal segmental bronchus,Pericytes,http://purl.obolibrary.org/obo/CL_0000669,1,1
VHMLung,Left medial basal segmental bronchus,Plasma cells,http://purl.obolibrary.org/obo/CL_0000786,5,5
VHMLung,Left medial basal segmental bronchus,Plasmacytoid DCs,http://purl.obolibrary.org/obo/CL_0000784,2,2
VHMLung,Left medial basal segmental bronchus,Smooth muscle,http://purl.obolibrary.org/obo/CL_0000192,4,4
VHMLung,Left medial basal segmental bronchus,T cells proliferating,http://purl.obolibrary.org/obo/CL_0000084,6,6
VHMLung,Left medial basal segmental bronchus,basal cell,http://purl.obolibrary.org/obo/CL_0000646,33,33
VHMLung,Left medial basal segmental bronchus,basophil,http://purl.obolibrary.org/obo/CL_0000767,7,7
VHMLung,Left medial basal segmental bronchus,bronchial smooth muscle cell,http://purl.obolibrary.org/obo/CL_0002598,3,3
VHMLung,Left medial basal segmental bronchus,capillary endothelial cell,http://purl.obolibrary.org/obo/CL_0002144,10,10
VHMLung,Left medial basal segmental bronchus,classical monocyte,http://purl.obolibrary.org/obo/CL_0000860,27,27
VHMLung,Left medial basal segmental bronchus,club cell,http://purl.obolibrary.org/obo/CL_0000158,42,42
VHMLung,Left medial basal segmental bronchus,dendritic cell,http://purl.obolibrary.org/obo/CL_0000451,129,129
VHMLung,Left medial basal segmental bronchus,"effector CD4-positive, alpha-beta T cell",http://purl.obolibrary.org/obo/CL_0001044,2,2
VHMLung,Left medial basal segmental bronchus,"effector CD8-positive, alpha-beta T cell",http://purl.obolibrary.org/obo/CL_0001050,10,10
VHMLung,Left medial basal segmental bronchus,endothelial cell of lymphatic vessel,http://purl.obolibrary.org/obo/CL_0002138,4,4
VHMLung,Left medial basal segmental bronchus,fibroblast,http://purl.obolibrary.org/obo/CL_0000057,27,27
VHMLung,Left medial basal segmental bronchus,intermediate monocyte,http://purl.obolibrary.org/obo/CL_0002393,9,9
VHMLung,Left medial basal segmental bronchus,lung ciliated cell,http://purl.obolibrary.org/obo/CL_1000271,179,179
VHMLung,Left medial basal segmental bronchus,lung microvascular endothelial cell,http://purl.obolibrary.org/obo/CL_2000016,1,1
VHMLung,Left medial basal segmental bronchus,macrophage,http://purl.obolibrary.org/obo/CL_0000235,2089,2089
VHMLung,Left medial basal segmental bronchus,mature NK T cell,http://purl.obolibrary.org/obo/CL_0000814,12,12
VHMLung,Left medial basal segmental bronchus,neutrophil,http://purl.obolibrary.org/obo/CL_0000775,13,13
VHMLung,Left medial basal segmental bronchus,non-classical monocyte,http://purl.obolibrary.org/obo/CL_0000875,246,246
VHMLung,Left medial basal segmental bronchus,pericyte,http://purl.obolibrary.org/obo/CL_0000669,2,2
VHMLung,Left medial basal segmental bronchus,plasma cell,http://purl.obolibrary.org/obo/CL_0000786,5,5
VHMLung,Left medial basal segmental bronchus,pre-TB secretory,http://purl.obolibrary.org/obo/CL_0019001,46,46
VHMLung,Left medial basal segmental bronchus,respiratory goblet cell,http://purl.obolibrary.org/obo/CL_0002370,36,36
VHMLung,Left medial basal segmental bronchus,type I pneumocyte,http://purl.obolibrary.org/obo/CL_0002062,8,8
VHMLung,Left medial basal segmental bronchus,type II pneumocyte,http://purl.obolibrary.org/obo/CL_0002063,17,17
VHMLung,Left medial basal segmental bronchus,vein endothelial cell,http://purl.obolibrary.org/obo/CL_0002543,9,9
VHMLung,Left posterior basal segmental bronchus,AT0,http://purl.obolibrary.org/obo/CL_0010003,6,6
VHMLung,Left posterior basal segmental bronchus,AT1,http://purl.obolibrary.org/obo/CL_0002062,6,6
VHMLung,Left posterior basal segmental bronchus,AT2,http://purl.obolibrary.org/obo/CL_0002063,28,28
VHMLung,Left posterior basal segmental bronchus,Adventitial fibroblasts,http://purl.obolibrary.org/obo/CL_4028006,5,5
VHMLung,Left posterior basal segmental bronchus,Alveolar Mph CCL3+,http://purl.obolibrary.org/obo/CL_4033041,6,6
VHMLung,Left posterior basal segmental bronchus,Alveolar Mph MT-positive,http://purl.obolibrary.org/obo/CL_4033042,16,16
VHMLung,Left posterior basal segmental bronchus,Alveolar fibroblasts,http://purl.obolibrary.org/obo/CL_4028004,14,14
VHMLung,Left posterior basal segmental bronchus,Alveolar macrophages,http://purl.obolibrary.org/obo/CL_0000583,965,965
VHMLung,Left posterior basal segmental bronchus,B cell,http://purl.obolibrary.org/obo/CL_0000236,22,22
VHMLung,Left posterior basal segmental bronchus,B cells,http://purl.obolibrary.org/obo/CL_0000236,21,21
VHMLung,Left posterior basal segmental bronchus,Basal resting,http://purl.obolibrary.org/obo/CL_0002633,37,37
VHMLung,Left posterior basal segmental bronchus,CD4 T cells,http://purl.obolibrary.org/obo/CL_0000492,117,117
VHMLung,Left posterior basal segmental bronchus,"CD4-positive, alpha-beta T cell",http://purl.obolibrary.org/obo/CL_0000624,138,138
VHMLung,Left posterior basal segmental bronchus,CD8 T cells,http://purl.obolibrary.org/obo/CL_0000913,55,55
VHMLung,Left posterior basal segmental bronchus,"CD8-positive, alpha-beta T cell",http://purl.obolibrary.org/obo/CL_0000625,55,55
VHMLung,Left posterior basal segmental bronchus,Classical monocytes,http://purl.obolibrary.org/obo/CL_0000576,22,22
VHMLung,Left posterior basal segmental bronchus,Club (non-nasal),http://purl.obolibrary.org/obo/CL_0000158,7,7
VHMLung,Left posterior basal segmental bronchus,DC1,http://purl.obolibrary.org/obo/CL_0002394,11,11
VHMLung,Left posterior basal segmental bronchus,DC2,http://purl.obolibrary.org/obo/CL_0002399,157,157
VHMLung,Left posterior basal segmental bronchus,Deuterosomal,http://purl.obolibrary.org/obo/CL_4033044,2,2
VHMLung,Left posterior basal segmental bronchus,EC arterial,http://purl.obolibrary.org/obo/CL_1000413,2,2
VHMLung,Left posterior basal segmental bronchus,EC general capillary,http://purl.obolibrary.org/obo/CL_0002144,6,6
VHMLung,Left posterior basal segmental bronchus,EC venous systemic,http://purl.obolibrary.org/obo/CL_1000414,13,13
VHMLung,Left posterior basal segmental bronchus,Goblet (nasal),http://purl.obolibrary.org/obo/CL_0002480,5,5
VHMLung,Left posterior basal segmental bronchus,Hematopoietic stem cells,http://purl.obolibrary.org/obo/CL_0000037,1,1
VHMLung,Left posterior basal segmental bronchus,Interstitial Mph perivascular,http://purl.obolibrary.org/obo/CL_4033043,61,61
VHMLung,Left posterior basal segmental bronchus,Lymphatic EC differentiating,http://purl.obolibrary.org/obo/CL_0002138,4,4
VHMLung,Left posterior basal segmental bronchus,Mast cells,http://purl.obolibrary.org/obo/CL_0000097,3,3
VHMLung,Left posterior basal segmental bronchus,Migratory DCs,http://purl.obolibrary.org/obo/CL_0001056,3,3
VHMLung,Left posterior basal segmental bronchus,Monocyte-derived Mph,http://purl.obolibrary.org/obo/CL_1001603,1250,1250
VHMLung,Left posterior basal segmental bronchus,Multiciliated (non-nasal),http://purl.obolibrary.org/obo/CL_0005012,196,196
VHMLung,Left posterior basal segmental bronchus,Myofibroblasts,http://purl.obolibrary.org/obo/CL_0000186,1,1
VHMLung,Left posterior basal segmental bronchus,NK cells,http://purl.obolibrary.org/obo/CL_0000623,30,30
VHMLung,Left posterior basal segmental bronchus,Non-classical monocytes,http://purl.obolibrary.org/obo/CL_0000875,18,18
VHMLung,Left posterior basal segmental bronchus,Peribronchial fibroblasts,http://purl.obolibrary.org/obo/CL_0002241,8,8
VHMLung,Left posterior basal segmental bronchus,Pericytes,http://purl.obolibrary.org/obo/CL_0000669,1,1
VHMLung,Left posterior basal segmental bronchus,Plasma cells,http://purl.obolibrary.org/obo/CL_0000786,5,5
VHMLung,Left posterior basal segmental bronchus,Plasmacytoid DCs,http://purl.obolibrary.org/obo/CL_0000784,2,2
VHMLung,Left posterior basal segmental bronchus,Smooth muscle,http://purl.obolibrary.org/obo/CL_0000192,4,4
VHMLung,Left posterior basal segmental bronchus,T cells proliferating,http://purl.obolibrary.org/obo/CL_0000084,6,6
VHMLung,Left posterior basal segmental bronchus,basal cell,http://purl.obolibrary.org/obo/CL_0000646,33,33
VHMLung,Left posterior basal segmental bronchus,basophil,http://purl.obolibrary.org/obo/CL_0000767,7,7
VHMLung,Left posterior basal segmental bronchus,bronchial smooth muscle cell,http://purl.obolibrary.org/obo/CL_0002598,3,3
VHMLung,Left posterior basal segmental bronchus,capillary endothelial cell,http://purl.obolibrary.org/obo/CL_0002144,10,10
VHMLung,Left posterior basal segmental bronchus,classical monocyte,http://purl.obolibrary.org/obo/CL_0000860,27,27
VHMLung,Left posterior basal segmental bronchus,club cell,http://purl.obolibrary.org/obo/CL_0000158,42,42
VHMLung,Left posterior basal segmental bronchus,dendritic cell,http://purl.obolibrary.org/obo/CL_0000451,129,129
VHMLung,Left posterior basal segmental bronchus,"effector CD4-positive, alpha-beta T cell",http://purl.obolibrary.org/obo/CL_0001044,2,2
VHMLung,Left posterior basal segmental bronchus,"effector CD8-positive, alpha-beta T cell",http://purl.obolibrary.org/obo/CL_0001050,10,10
VHMLung,Left posterior basal segmental bronchus,endothelial cell of lymphatic vessel,http://purl.obolibrary.org/obo/CL_0002138,4,4
VHMLung,Left posterior basal segmental bronchus,fibroblast,http://purl.obolibrary.org/obo/CL_0000057,27,27
VHMLung,Left posterior basal segmental bronchus,intermediate monocyte,http://purl.obolibrary.org/obo/CL_0002393,9,9
VHMLung,Left posterior basal segmental bronchus,lung ciliated cell,http://purl.obolibrary.org/obo/CL_1000271,179,179
VHMLung,Left posterior basal segmental bronchus,lung microvascular endothelial cell,http://purl.obolibrary.org/obo/CL_2000016,1,1
VHMLung,Left posterior basal segmental bronchus,macrophage,http://purl.obolibrary.org/obo/CL_0000235,2089,2089
VHMLung,Left posterior basal segmental bronchus,mature NK T cell,http://purl.obolibrary.org/obo/CL_0000814,12,12
VHMLung,Left posterior basal segmental bronchus,neutrophil,http://purl.obolibrary.org/obo/CL_0000775,13,13
VHMLung,Left posterior basal segmental bronchus,non-classical monocyte,http://purl.obolibrary.org/obo/CL_0000875,246,246
VHMLung,Left posterior basal segmental bronchus,pericyte,http://purl.obolibrary.org/obo/CL_0000669,2,2
VHMLung,Left posterior basal segmental bronchus,plasma cell,http://purl.obolibrary.org/obo/CL_0000786,5,5
VHMLung,Left posterior basal segmental bronchus,pre-TB secretory,http://purl.obolibrary.org/obo/CL_0019001,46,46
VHMLung,Left posterior basal segmental bronchus,respiratory goblet cell,http://purl.obolibrary.org/obo/CL_0002370,36,36
VHMLung,Left posterior basal segmental bronchus,type I pneumocyte,http://purl.obolibrary.org/obo/CL_0002062,8,8
VHMLung,Left posterior basal segmental bronchus,type II pneumocyte,http://purl.obolibrary.org/obo/CL_0002063,17,17
VHMLung,Left posterior basal segmental bronchus,vein endothelial cell,http://purl.obolibrary.org/obo/CL_0002543,9,9
VHMLung,Left posterior bronchopulmonary segment,AT0,http://purl.obolibrary.org/obo/CL_0010003,6.88888888888888888889,62
VHMLung,Left posterior bronchopulmonary segment,AT1,http://purl.obolibrary.org/obo/CL_0002062,804.17647058823529411765,13671
VHMLung,Left posterior bronchopulmonary segment,AT2,http://purl.obolibrary.org/obo/CL_0002063,799.17647058823529411765,13586
VHMLung,Left posterior bronchopulmonary segment,Adventitial fibroblasts,http://purl.obolibrary.org/obo/CL_4028006,103,1751
VHMLung,Left posterior bronchopulmonary segment,Alveolar Mph CCL3+,http://purl.obolibrary.org/obo/CL_4033041,12.33333333333333333333,111
VHMLung,Left posterior bronchopulmonary segment,Alveolar Mph MT-positive,http://purl.obolibrary.org/obo/CL_4033042,4.85714285714285714286,34
VHMLung,Left posterior bronchopulmonary segment,Alveolar Mph proliferating,http://purl.obolibrary.org/obo/CL_0000583,7,14
VHMLung,Left posterior bronchopulmonary segment,Alveolar fibroblasts,http://purl.obolibrary.org/obo/CL_4028004,555.05882352941176470588,9436
VHMLung,Left posterior bronchopulmonary segment,Alveolar macrophages,http://purl.obolibrary.org/obo/CL_0000583,172.90909090909090909091,1902
VHMLung,Left posterior bronchopulmonary segment,B cell,http://purl.obolibrary.org/obo/CL_0000236,56.14285714285714285714,393
VHMLung,Left posterior bronchopulmonary segment,B cells,http://purl.obolibrary.org/obo/CL_0000236,87.17647058823529411765,1482
VHMLung,Left posterior bronchopulmonary segment,Basal resting,http://purl.obolibrary.org/obo/CL_0002633,254.73333333333333333333,3821
VHMLung,Left posterior bronchopulmonary segment,CD4 T cells,http://purl.obolibrary.org/obo/CL_0000492,512.35294117647058823529,8710
VHMLung,Left posterior bronchopulmonary segment,"CD4-positive, alpha-beta T cell",http://purl.obolibrary.org/obo/CL_0000624,947.55555555555555555556,8528
VHMLung,Left posterior bronchopulmonary segment,CD8 T cells,http://purl.obolibrary.org/obo/CL_0000913,396.05882352941176470588,6733
VHMLung,Left posterior bronchopulmonary segment,"CD8-positive, alpha-beta T cell",http://purl.obolibrary.org/obo/CL_0000625,256.44444444444444444444,2308
VHMLung,Left posterior bronchopulmonary segment,Classical monocytes,http://purl.obolibrary.org/obo/CL_0000576,68.46153846153846153846,890
VHMLung,Left posterior bronchopulmonary segment,Club (nasal),http://purl.obolibrary.org/obo/CL_0000158,185,370
VHMLung,Left posterior bronchopulmonary segment,Club (non-nasal),http://purl.obolibrary.org/obo/CL_0000158,99.27272727272727272727,1092
VHMLung,Left posterior bronchopulmonary segment,DC1,http://purl.obolibrary.org/obo/CL_0002394,22.28571428571428571429,156
VHMLung,Left posterior bronchopulmonary segment,DC2,http://purl.obolibrary.org/obo/CL_0002399,82.47058823529411764706,1402
VHMLung,Left posterior bronchopulmonary segment,Deuterosomal,http://purl.obolibrary.org/obo/CL_4033044,9.45454545454545454545,104
VHMLung,Left posterior bronchopulmonary segment,EC aerocyte capillary,http://purl.obolibrary.org/obo/CL_4028003,165.76470588235294117647,2818
VHMLung,Left posterior bronchopulmonary segment,EC arterial,http://purl.obolibrary.org/obo/CL_1000413,468,7956
VHMLung,Left posterior bronchopulmonary segment,EC general capillary,http://purl.obolibrary.org/obo/CL_0002144,1437.23529411764705882353,24433
VHMLung,Left posterior bronchopulmonary segment,EC venous pulmonary,http://purl.obolibrary.org/obo/CL_1000414,431.5,1726
VHMLung,Left posterior bronchopulmonary segment,EC venous systemic,http://purl.obolibrary.org/obo/CL_1000414,289.38461538461538461538,3762
VHMLung,Left posterior bronchopulmonary segment,Goblet (bronchial),http://purl.obolibrary.org/obo/CL_0019003,2.33333333333333333333,14
VHMLung,Left posterior bronchopulmonary segment,Goblet (nasal),http://purl.obolibrary.org/obo/CL_0002480,16.18181818181818181818,178
VHMLung,Left posterior bronchopulmonary segment,Goblet (subsegmental),http://purl.obolibrary.org/obo/CL_1000312,189.22222222222222222222,1703
VHMLung,Left posterior bronchopulmonary segment,Hematopoietic stem cells,http://purl.obolibrary.org/obo/CL_0000037,4,24
VHMLung,Left posterior bronchopulmonary segment,Hillock-like,http://purl.obolibrary.org/obo/CL_0000158,229,916
VHMLung,Left posterior bronchopulmonary segment,Interstitial Mph perivascular,http://purl.obolibrary.org/obo/CL_4033043,72.55555555555555555556,653
VHMLung,Left posterior bronchopulmonary segment,Interstitial Mφ perivascular,https://purl.org/ccf/ASCTB-TEMP_interstitial-m-perivascular,7.5,30
VHMLung,Left posterior bronchopulmonary segment,Ionocyte,http://purl.obolibrary.org/obo/CL_0005006,18.64285714285714285714,261
VHMLung,Left posterior bronchopulmonary segment,Lymphatic EC differentiating,http://purl.obolibrary.org/obo/CL_0002138,320,4480
VHMLung,Left posterior bronchopulmonary segment,Lymphatic EC mature,http://purl.obolibrary.org/obo/CL_0002138,4.33333333333333333333,13
VHMLung,Left posterior bronchopulmonary segment,Mast cells,http://purl.obolibrary.org/obo/CL_0000097,61.88235294117647058824,1052
VHMLung,Left posterior bronchopulmonary segment,Mesothelium,http://purl.obolibrary.org/obo/CL_1000491,10.25,82
VHMLung,Left posterior bronchopulmonary segment,Migratory DCs,http://purl.obolibrary.org/obo/CL_0001056,6.42857142857142857143,45
VHMLung,Left posterior bronchopulmonary segment,Monocyte-derived Mph,http://purl.obolibrary.org/obo/CL_1001603,277,2493
VHMLung,Left posterior bronchopulmonary segment,Monocyte-derived Mφ,https://purl.org/ccf/ASCTB-TEMP_monocyte-derived-m,56.33333333333333333333,338
VHMLung,Left posterior bronchopulmonary segment,Multiciliated (non-nasal),http://purl.obolibrary.org/obo/CL_0005012,432.17647058823529411765,7347
VHMLung,Left posterior bronchopulmonary segment,Myofibroblasts,http://purl.obolibrary.org/obo/CL_0000186,110.47058823529411764706,1878
VHMLung,Left posterior bronchopulmonary segment,NK cells,http://purl.obolibrary.org/obo/CL_0000623,79.53333333333333333333,1193
VHMLung,Left posterior bronchopulmonary segment,Neuroendocrine,http://purl.obolibrary.org/obo/CL_0000165,48.25,386
VHMLung,Left posterior bronchopulmonary segment,Non-classical monocytes,http://purl.obolibrary.org/obo/CL_0000875,368.76470588235294117647,6269
VHMLung,Left posterior bronchopulmonary segment,Peribronchial fibroblasts,http://purl.obolibrary.org/obo/CL_0002241,64.72727272727272727273,712
VHMLung,Left posterior bronchopulmonary segment,Pericytes,http://purl.obolibrary.org/obo/CL_0000669,157.5625,2521
VHMLung,Left posterior bronchopulmonary segment,Plasma cells,http://purl.obolibrary.org/obo/CL_0000786,113.6,1704
VHMLung,Left posterior bronchopulmonary segment,Plasmacytoid DCs,http://purl.obolibrary.org/obo/CL_0000784,15.33333333333333333333,138
VHMLung,Left posterior bronchopulmonary segment,SM activated stress response,http://purl.obolibrary.org/obo/CL_0000313,31.375,251
VHMLung,Left posterior bronchopulmonary segment,SMG duct,http://purl.obolibrary.org/obo/CL_4033023,22,264
VHMLung,Left posterior bronchopulmonary segment,SMG mucous,http://purl.obolibrary.org/obo/CL_4033022,27.66666666666666666667,166
VHMLung,Left posterior bronchopulmonary segment,SMG serous (bronchial),http://purl.obolibrary.org/obo/CL_4033005,74.6,746
VHMLung,Left posterior bronchopulmonary segment,SMG serous (nasal),http://purl.obolibrary.org/obo/CL_0000313,19,114
VHMLung,Left posterior bronchopulmonary segment,Smooth muscle,http://purl.obolibrary.org/obo/CL_0000192,105.53846153846153846154,1372
VHMLung,Left posterior bronchopulmonary segment,Smooth muscle FAM83D+,http://purl.obolibrary.org/obo/CL_0000192,444.75,1779
VHMLung,Left posterior bronchopulmonary segment,Subpleural fibroblasts,http://purl.obolibrary.org/obo/CL_4023054,2,12
VHMLung,Left posterior bronchopulmonary segment,T cells proliferating,http://purl.obolibrary.org/obo/CL_0000084,4.92307692307692307692,64
VHMLung,Left posterior bronchopulmonary segment,Transitional Club-AT2,https://purl.org/ccf/ASCTB-TEMP_transitional-club-at2,73.66666666666666666667,442
VHMLung,Left posterior bronchopulmonary segment,Tuft,http://purl.obolibrary.org/obo/CL_0002075,8.5,68
VHMLung,Left posterior bronchopulmonary segment,adventitial cell,http://purl.obolibrary.org/obo/CL_4028006,2.4,12
VHMLung,Left posterior bronchopulmonary segment,basal cell,http://purl.obolibrary.org/obo/CL_0000646,209.22222222222222222222,1883
VHMLung,Left posterior bronchopulmonary segment,basophil,http://purl.obolibrary.org/obo/CL_0000767,176.11111111111111111111,1585
VHMLung,Left posterior bronchopulmonary segment,blood vessel endothelial cell,http://purl.obolibrary.org/obo/CL_0000071,2,4
VHMLung,Left posterior bronchopulmonary segment,bronchial smooth muscle cell,http://purl.obolibrary.org/obo/CL_0002598,62.11111111111111111111,559
VHMLung,Left posterior bronchopulmonary segment,capillary endothelial cell,http://purl.obolibrary.org/obo/CL_0002144,1430,12870
VHMLung,Left posterior bronchopulmonary segment,classical monocyte,http://purl.obolibrary.org/obo/CL_0000860,123.33333333333333333333,1110
VHMLung,Left posterior bronchopulmonary segment,club cell,http://purl.obolibrary.org/obo/CL_0000158,236.22222222222222222222,2126
VHMLung,Left posterior bronchopulmonary segment,dendritic cell,http://purl.obolibrary.org/obo/CL_0000451,45.14285714285714285714,316
VHMLung,Left posterior bronchopulmonary segment,"effector CD4-positive, alpha-beta T cell",http://purl.obolibrary.org/obo/CL_0001044,35.33333333333333333333,318
VHMLung,Left posterior bronchopulmonary segment,"effector CD8-positive, alpha-beta T cell",http://purl.obolibrary.org/obo/CL_0001050,296.55555555555555555556,2669
VHMLung,Left posterior bronchopulmonary segment,endothelial cell of artery,http://purl.obolibrary.org/obo/CL_1000413,32.55555555555555555556,293
VHMLung,Left posterior bronchopulmonary segment,endothelial cell of lymphatic vessel,http://purl.obolibrary.org/obo/CL_0002138,34.22222222222222222222,308
VHMLung,Left posterior bronchopulmonary segment,fibroblast,http://purl.obolibrary.org/obo/CL_0000057,913.77777777777777777778,8224
VHMLung,Left posterior bronchopulmonary segment,intermediate monocyte,http://purl.obolibrary.org/obo/CL_0002393,5.14285714285714285714,36
VHMLung,Left posterior bronchopulmonary segment,lung ciliated cell,http://purl.obolibrary.org/obo/CL_1000271,393.77777777777777777778,3544
VHMLung,Left posterior bronchopulmonary segment,lung microvascular endothelial cell,http://purl.obolibrary.org/obo/CL_2000016,14.55555555555555555556,131
VHMLung,Left posterior bronchopulmonary segment,macrophage,http://purl.obolibrary.org/obo/CL_0000235,557.44444444444444444444,5017
VHMLung,Left posterior bronchopulmonary segment,mature NK T cell,http://purl.obolibrary.org/obo/CL_0000814,50.55555555555555555556,455
VHMLung,Left posterior bronchopulmonary segment,neutrophil,http://purl.obolibrary.org/obo/CL_0000775,34.77777777777777777778,313
VHMLung,Left posterior bronchopulmonary segment,non-classical monocyte,http://purl.obolibrary.org/obo/CL_0000875,171,1539
VHMLung,Left posterior bronchopulmonary segment,pericyte,http://purl.obolibrary.org/obo/CL_0000669,79.66666666666666666667,717
VHMLung,Left posterior bronchopulmonary segment,plasma cell,http://purl.obolibrary.org/obo/CL_0000786,54.55555555555555555556,491
VHMLung,Left posterior bronchopulmonary segment,plasmacytoid dendritic cell,http://purl.obolibrary.org/obo/CL_0000784,6,6
VHMLung,Left posterior bronchopulmonary segment,pre-TB secretory,http://purl.obolibrary.org/obo/CL_0019001,174.55555555555555555556,1571
VHMLung,Left posterior bronchopulmonary segment,respiratory goblet cell,http://purl.obolibrary.org/obo/CL_0002370,83.33333333333333333333,750
VHMLung,Left posterior bronchopulmonary segment,serous cell of epithelium of bronchus,http://purl.obolibrary.org/obo/CL_1000331,33.33333333333333333333,200
VHMLung,Left posterior bronchopulmonary segment,type I pneumocyte,http://purl.obolibrary.org/obo/CL_0002062,475.55555555555555555556,4280
VHMLung,Left posterior bronchopulmonary segment,type II pneumocyte,http://purl.obolibrary.org/obo/CL_0002063,825.11111111111111111111,7426
VHMLung,Left posterior bronchopulmonary segment,vascular associated smooth muscle cell,http://purl.obolibrary.org/obo/CL_0000359,18.33333333333333333333,165
VHMLung,Left posterior bronchopulmonary segment,vein endothelial cell,http://purl.obolibrary.org/obo/CL_0002543,526.88888888888888888889,4742
VHMLung,Right Anterior Bronchopulmonary Segment,AT0,http://purl.obolibrary.org/obo/CL_0010003,9.72727272727272727273,107
VHMLung,Right Anterior Bronchopulmonary Segment,AT1,http://purl.obolibrary.org/obo/CL_0002062,876.42105263157894736842,16652
VHMLung,Right Anterior Bronchopulmonary Segment,AT2,http://purl.obolibrary.org/obo/CL_0002063,910.57894736842105263158,17301
VHMLung,Right Anterior Bronchopulmonary Segment,Adventitial fibroblasts,http://purl.obolibrary.org/obo/CL_4028006,72.52631578947368421053,1378
VHMLung,Right Anterior Bronchopulmonary Segment,Alveolar Mph CCL3+,http://purl.obolibrary.org/obo/CL_4033041,5.66666666666666666667,51
VHMLung,Right Anterior Bronchopulmonary Segment,Alveolar Mph MT-positive,http://purl.obolibrary.org/obo/CL_4033042,1.66666666666666666667,5
VHMLung,Right Anterior Bronchopulmonary Segment,Alveolar fibroblasts,http://purl.obolibrary.org/obo/CL_4028004,719.21052631578947368421,13665
VHMLung,Right Anterior Bronchopulmonary Segment,Alveolar macrophages,http://purl.obolibrary.org/obo/CL_0000583,1040,13520
VHMLung,Right Anterior Bronchopulmonary Segment,B cell,http://purl.obolibrary.org/obo/CL_0000236,28.27272727272727272727,311
VHMLung,Right Anterior Bronchopulmonary Segment,B cells,http://purl.obolibrary.org/obo/CL_0000236,55.68421052631578947368,1058
VHMLung,Right Anterior Bronchopulmonary Segment,Basal resting,http://purl.obolibrary.org/obo/CL_0002633,170.83333333333333333333,2050
VHMLung,Right Anterior Bronchopulmonary Segment,CD4 T cells,http://purl.obolibrary.org/obo/CL_0000492,410.94736842105263157895,7808
VHMLung,Right Anterior Bronchopulmonary Segment,"CD4-positive, alpha-beta T cell",http://purl.obolibrary.org/obo/CL_0000624,764.72727272727272727273,8412
VHMLung,Right Anterior Bronchopulmonary Segment,CD8 T cells,http://purl.obolibrary.org/obo/CL_0000913,191.10526315789473684211,3631
VHMLung,Right Anterior Bronchopulmonary Segment,"CD8-positive, alpha-beta T cell",http://purl.obolibrary.org/obo/CL_0000625,90.09090909090909090909,991
VHMLung,Right Anterior Bronchopulmonary Segment,Classical monocytes,http://purl.obolibrary.org/obo/CL_0000576,39.73684210526315789474,755
VHMLung,Right Anterior Bronchopulmonary Segment,Club (nasal),http://purl.obolibrary.org/obo/CL_0000158,88.4,442
VHMLung,Right Anterior Bronchopulmonary Segment,Club (non-nasal),http://purl.obolibrary.org/obo/CL_0000158,73,438
VHMLung,Right Anterior Bronchopulmonary Segment,DC1,http://purl.obolibrary.org/obo/CL_0002394,11.36363636363636363636,125
VHMLung,Right Anterior Bronchopulmonary Segment,DC2,http://purl.obolibrary.org/obo/CL_0002399,84.31578947368421052632,1602
VHMLung,Right Anterior Bronchopulmonary Segment,Deuterosomal,http://purl.obolibrary.org/obo/CL_4033044,8.25,66
VHMLung,Right Anterior Bronchopulmonary Segment,EC aerocyte capillary,http://purl.obolibrary.org/obo/CL_4028003,504.42105263157894736842,9584
VHMLung,Right Anterior Bronchopulmonary Segment,EC arterial,http://purl.obolibrary.org/obo/CL_1000413,294.15789473684210526316,5589
VHMLung,Right Anterior Bronchopulmonary Segment,EC general capillary,http://purl.obolibrary.org/obo/CL_0002144,1420.63157894736842105263,26992
VHMLung,Right Anterior Bronchopulmonary Segment,EC venous pulmonary,http://purl.obolibrary.org/obo/CL_1000414,304.16666666666666666667,5475
VHMLung,Right Anterior Bronchopulmonary Segment,EC venous systemic,http://purl.obolibrary.org/obo/CL_1000414,70,70
VHMLung,Right Anterior Bronchopulmonary Segment,Goblet (bronchial),http://purl.obolibrary.org/obo/CL_0019003,1,5
VHMLung,Right Anterior Bronchopulmonary Segment,Goblet (nasal),http://purl.obolibrary.org/obo/CL_0002480,11.66666666666666666667,105
VHMLung,Right Anterior Bronchopulmonary Segment,Goblet (subsegmental),http://purl.obolibrary.org/obo/CL_1000312,196,1568
VHMLung,Right Anterior Bronchopulmonary Segment,Hematopoietic stem cells,http://purl.obolibrary.org/obo/CL_0000037,1,4
VHMLung,Right Anterior Bronchopulmonary Segment,Hillock-like,http://purl.obolibrary.org/obo/CL_0000158,246.5,986
VHMLung,Right Anterior Bronchopulmonary Segment,Interstitial Mph perivascular,http://purl.obolibrary.org/obo/CL_4033043,113.90909090909090909091,1253
VHMLung,Right Anterior Bronchopulmonary Segment,Interstitial Mφ perivascular,https://purl.org/ccf/ASCTB-TEMP_interstitial-m-perivascular,5,10
VHMLung,Right Anterior Bronchopulmonary Segment,Ionocyte,http://purl.obolibrary.org/obo/CL_0005006,12.29411764705882352941,209
VHMLung,Right Anterior Bronchopulmonary Segment,Lymphatic EC differentiating,http://purl.obolibrary.org/obo/CL_0002138,225.42857142857142857143,3156
VHMLung,Right Anterior Bronchopulmonary Segment,Lymphatic EC mature,http://purl.obolibrary.org/obo/CL_0002138,66.4,332
VHMLung,Right Anterior Bronchopulmonary Segment,Mast cells,http://purl.obolibrary.org/obo/CL_0000097,123.10526315789473684211,2339
VHMLung,Right Anterior Bronchopulmonary Segment,Mesothelium,http://purl.obolibrary.org/obo/CL_1000491,5,55
VHMLung,Right Anterior Bronchopulmonary Segment,Migratory DCs,http://purl.obolibrary.org/obo/CL_0001056,10.27272727272727272727,113
VHMLung,Right Anterior Bronchopulmonary Segment,Monocyte-derived Mph,http://purl.obolibrary.org/obo/CL_1001603,202.90909090909090909091,2232
VHMLung,Right Anterior Bronchopulmonary Segment,Monocyte-derived Mφ,https://purl.org/ccf/ASCTB-TEMP_monocyte-derived-m,33.25,266
VHMLung,Right Anterior Bronchopulmonary Segment,Multiciliated (non-nasal),http://purl.obolibrary.org/obo/CL_0005012,462.52631578947368421053,8788
VHMLung,Right Anterior Bronchopulmonary Segment,Myofibroblasts,http://purl.obolibrary.org/obo/CL_0000186,122.47368421052631578947,2327
VHMLung,Right Anterior Bronchopulmonary Segment,NK cells,http://purl.obolibrary.org/obo/CL_0000623,59.84615384615384615385,778
VHMLung,Right Anterior Bronchopulmonary Segment,Neuroendocrine,http://purl.obolibrary.org/obo/CL_0000165,28,224
VHMLung,Right Anterior Bronchopulmonary Segment,Non-classical monocytes,https://purl.org/ccf/ASCTB-TEMP_non-classical-monocytes,189.36842105263157894737,3598
VHMLung,Right Anterior Bronchopulmonary Segment,Peribronchial fibroblasts,http://purl.obolibrary.org/obo/CL_0002241,35.92307692307692307692,467
VHMLung,Right Anterior Bronchopulmonary Segment,Pericytes,http://purl.obolibrary.org/obo/CL_0009089,181.35294117647058823529,3083
VHMLung,Right Anterior Bronchopulmonary Segment,Plasma cells,http://purl.obolibrary.org/obo/CL_0000786,38.47368421052631578947,731
VHMLung,Right Anterior Bronchopulmonary Segment,Plasmacytoid DCs,http://purl.obolibrary.org/obo/CL_0000784,6.76923076923076923077,88
VHMLung,Right Anterior Bronchopulmonary Segment,SM activated stress response,http://purl.obolibrary.org/obo/CL_0000313,18.375,147
VHMLung,Right Anterior Bronchopulmonary Segment,SMG duct,http://purl.obolibrary.org/obo/CL_4033023,10.55555555555555555556,95
VHMLung,Right Anterior Bronchopulmonary Segment,SMG mucous,http://purl.obolibrary.org/obo/CL_4033022,9.5,76
VHMLung,Right Anterior Bronchopulmonary Segment,SMG serous (bronchial),http://purl.obolibrary.org/obo/CL_4033005,39,390
VHMLung,Right Anterior Bronchopulmonary Segment,SMG serous (nasal),http://purl.obolibrary.org/obo/CL_0000313,13.75,110
VHMLung,Right Anterior Bronchopulmonary Segment,Smooth muscle,http://purl.obolibrary.org/obo/CL_0000192,98.33333333333333333333,1475
VHMLung,Right Anterior Bronchopulmonary Segment,Smooth muscle FAM83D+,http://purl.obolibrary.org/obo/CL_0000192,151,604
VHMLung,Right Anterior Bronchopulmonary Segment,Subpleural fibroblasts,http://purl.obolibrary.org/obo/CL_4023054,2,8
VHMLung,Right Anterior Bronchopulmonary Segment,Suprabasal,http://purl.obolibrary.org/obo/CL_0002633,91,91
VHMLung,Right Anterior Bronchopulmonary Segment,T cells proliferating,http://purl.obolibrary.org/obo/CL_0000084,2.8,42
VHMLung,Right Anterior Bronchopulmonary Segment,Transitional Club-AT2,https://purl.org/ccf/ASCTB-TEMP_transitional-club-at2,62,496
VHMLung,Right Anterior Bronchopulmonary Segment,Tuft,http://purl.obolibrary.org/obo/CL_0002075,3.2,32
VHMLung,Right Anterior Bronchopulmonary Segment,adventitial cell,http://purl.obolibrary.org/obo/CL_4028006,17.28571428571428571429,121
VHMLung,Right Anterior Bronchopulmonary Segment,basal cell,http://purl.obolibrary.org/obo/CL_0000646,116.45454545454545454545,1281
VHMLung,Right Anterior Bronchopulmonary Segment,basophil,http://purl.obolibrary.org/obo/CL_0000767,250.72727272727272727273,2758
VHMLung,Right Anterior Bronchopulmonary Segment,blood vessel endothelial cell,http://purl.obolibrary.org/obo/CL_0000071,1.66666666666666666667,5
VHMLung,Right Anterior Bronchopulmonary Segment,bronchial smooth muscle cell,http://purl.obolibrary.org/obo/CL_0002598,32.09090909090909090909,353
VHMLung,Right Anterior Bronchopulmonary Segment,capillary endothelial cell,http://purl.obolibrary.org/obo/CL_0002144,1526.63636363636363636364,16793
VHMLung,Right Anterior Bronchopulmonary Segment,classical monocyte,http://purl.obolibrary.org/obo/CL_0000860,52.18181818181818181818,574
VHMLung,Right Anterior Bronchopulmonary Segment,club cell,http://purl.obolibrary.org/obo/CL_0000158,215.09090909090909090909,2366
VHMLung,Right Anterior Bronchopulmonary Segment,dendritic cell,http://purl.obolibrary.org/obo/CL_0000451,68,612
VHMLung,Right Anterior Bronchopulmonary Segment,"effector CD4-positive, alpha-beta T cell",http://purl.obolibrary.org/obo/CL_0001044,26.63636363636363636364,293
VHMLung,Right Anterior Bronchopulmonary Segment,"effector CD8-positive, alpha-beta T cell",http://purl.obolibrary.org/obo/CL_0001050,178.72727272727272727273,1966
VHMLung,Right Anterior Bronchopulmonary Segment,endothelial cell of artery,http://purl.obolibrary.org/obo/CL_1000413,62.54545454545454545455,688
VHMLung,Right Anterior Bronchopulmonary Segment,endothelial cell of lymphatic vessel,http://purl.obolibrary.org/obo/CL_0002138,33.27272727272727272727,366
VHMLung,Right Anterior Bronchopulmonary Segment,fibroblast,http://purl.obolibrary.org/obo/CL_0000057,898,9878
VHMLung,Right Anterior Bronchopulmonary Segment,intermediate monocyte,http://purl.obolibrary.org/obo/CL_0002393,2.4,12
VHMLung,Right Anterior Bronchopulmonary Segment,lung ciliated cell,http://purl.obolibrary.org/obo/CL_1000271,260,2860
VHMLung,Right Anterior Bronchopulmonary Segment,lung microvascular endothelial cell,http://purl.obolibrary.org/obo/CL_2000016,8.77777777777777777778,79
VHMLung,Right Anterior Bronchopulmonary Segment,macrophage,http://purl.obolibrary.org/obo/CL_0000235,1452.54545454545454545455,15978
VHMLung,Right Anterior Bronchopulmonary Segment,mature NK T cell,http://purl.obolibrary.org/obo/CL_0000814,34.36363636363636363636,378
VHMLung,Right Anterior Bronchopulmonary Segment,mesothelial cell,http://purl.obolibrary.org/obo/CL_0000077,2.33333333333333333333,7
VHMLung,Right Anterior Bronchopulmonary Segment,neutrophil,http://purl.obolibrary.org/obo/CL_0000775,49,539
VHMLung,Right Anterior Bronchopulmonary Segment,non-classical monocyte,http://purl.obolibrary.org/obo/CL_0000875,200.63636363636363636364,2207
VHMLung,Right Anterior Bronchopulmonary Segment,pericyte,http://purl.obolibrary.org/obo/CL_0000669,103.88888888888888888889,935
VHMLung,Right Anterior Bronchopulmonary Segment,plasma cell,http://purl.obolibrary.org/obo/CL_0000786,21.54545454545454545455,237
VHMLung,Right Anterior Bronchopulmonary Segment,plasmacytoid dendritic cell,http://purl.obolibrary.org/obo/CL_0000784,3,9
VHMLung,Right Anterior Bronchopulmonary Segment,pre-TB secretory,http://purl.obolibrary.org/obo/CL_0019001,115.18181818181818181818,1267
VHMLung,Right Anterior Bronchopulmonary Segment,pulmonary ionocyte,http://purl.obolibrary.org/obo/CL_0017000,1,3
VHMLung,Right Anterior Bronchopulmonary Segment,respiratory goblet cell,http://purl.obolibrary.org/obo/CL_0002370,29.22222222222222222222,263
VHMLung,Right Anterior Bronchopulmonary Segment,serous cell of epithelium of bronchus,http://purl.obolibrary.org/obo/CL_1000331,68,136
VHMLung,Right Anterior Bronchopulmonary Segment,smooth muscle cell,http://purl.obolibrary.org/obo/CL_0000192,1,2
VHMLung,Right Anterior Bronchopulmonary Segment,type I pneumocyte,http://purl.obolibrary.org/obo/CL_0002062,539.81818181818181818182,5938
VHMLung,Right Anterior Bronchopulmonary Segment,type II pneumocyte,http://purl.obolibrary.org/obo/CL_0002063,859,9449
VHMLung,Right Anterior Bronchopulmonary Segment,vascular associated smooth muscle cell,http://purl.obolibrary.org/obo/CL_0000359,7.27272727272727272727,80
VHMLung,Right Anterior Bronchopulmonary Segment,vein endothelial cell,http://purl.obolibrary.org/obo/CL_0002543,391.90909090909090909091,4311
VHMLung,Right Lateral Bronchopulmonary Segment,AT0,http://purl.obolibrary.org/obo/CL_0010003,37.79166666666666666667,1814
VHMLung,Right Lateral Bronchopulmonary Segment,AT1,http://purl.obolibrary.org/obo/CL_0002062,2219.08333333333333333333,213032
VHMLung,Right Lateral Bronchopulmonary Segment,AT2,http://purl.obolibrary.org/obo/CL_0002063,2368.48958333333333333333,227375
VHMLung,Right Lateral Bronchopulmonary Segment,Adventitial fibroblasts,http://purl.obolibrary.org/obo/CL_4028006,213.86458333333333333333,20531
VHMLung,Right Lateral Bronchopulmonary Segment,Alveolar Mph CCL3+,http://purl.obolibrary.org/obo/CL_4033041,25.10869565217391304348,1155
VHMLung,Right Lateral Bronchopulmonary Segment,Alveolar Mph MT-positive,http://purl.obolibrary.org/obo/CL_4033042,13.82758620689655172414,401
VHMLung,Right Lateral Bronchopulmonary Segment,Alveolar Mph proliferating,http://purl.obolibrary.org/obo/CL_0000583,190,380
VHMLung,Right Lateral Bronchopulmonary Segment,Alveolar Mφ proliferating,https://purl.org/ccf/ASCTB-TEMP_alveolar-m-proliferating,2,12
VHMLung,Right Lateral Bronchopulmonary Segment,Alveolar fibroblasts,http://purl.obolibrary.org/obo/CL_4028004,1120.94791666666666666667,107611
VHMLung,Right Lateral Bronchopulmonary Segment,Alveolar macrophages,http://purl.obolibrary.org/obo/CL_0000583,346.51136363636363636364,30493
VHMLung,Right Lateral Bronchopulmonary Segment,B cell,http://purl.obolibrary.org/obo/CL_0000236,37.04166666666666666667,1778
VHMLung,Right Lateral Bronchopulmonary Segment,B cells,http://purl.obolibrary.org/obo/CL_0000236,95.63541666666666666667,9181
VHMLung,Right Lateral Bronchopulmonary Segment,Basal resting,http://purl.obolibrary.org/obo/CL_0002633,728.90243902439024390244,59770
VHMLung,Right Lateral Bronchopulmonary Segment,CD4 T cells,http://purl.obolibrary.org/obo/CL_0000492,1175.02083333333333333333,112802
VHMLung,Right Lateral Bronchopulmonary Segment,"CD4-positive, alpha-beta T cell",http://purl.obolibrary.org/obo/CL_0000624,2834.66666666666666666667,136064
VHMLung,Right Lateral Bronchopulmonary Segment,CD8 T cells,http://purl.obolibrary.org/obo/CL_0000913,709.48958333333333333333,68111
VHMLung,Right Lateral Bronchopulmonary Segment,"CD8-positive, alpha-beta T cell",http://purl.obolibrary.org/obo/CL_0000625,179.8125,8631
VHMLung,Right Lateral Bronchopulmonary Segment,Classical monocytes,http://purl.obolibrary.org/obo/CL_0000576,69.93333333333333333333,6294
VHMLung,Right Lateral Bronchopulmonary Segment,Club (nasal),http://purl.obolibrary.org/obo/CL_0000158,516.42857142857142857143,28920
VHMLung,Right Lateral Bronchopulmonary Segment,Club (non-nasal),http://purl.obolibrary.org/obo/CL_0000158,29.85714285714285714286,418
VHMLung,Right Lateral Bronchopulmonary Segment,DC1,http://purl.obolibrary.org/obo/CL_0002394,26.27083333333333333333,1261
VHMLung,Right Lateral Bronchopulmonary Segment,DC2,http://purl.obolibrary.org/obo/CL_0002399,158.44791666666666666667,15211
VHMLung,Right Lateral Bronchopulmonary Segment,Deuterosomal,http://purl.obolibrary.org/obo/CL_4033044,18.96610169491525423729,1119
VHMLung,Right Lateral Bronchopulmonary Segment,EC aerocyte capillary,http://purl.obolibrary.org/obo/CL_4028003,327.10416666666666666667,31402
VHMLung,Right Lateral Bronchopulmonary Segment,EC arterial,http://purl.obolibrary.org/obo/CL_1000413,247.30208333333333333333,23741
VHMLung,Right Lateral Bronchopulmonary Segment,EC general capillary,http://purl.obolibrary.org/obo/CL_0002144,2837.54166666666666666667,272404
VHMLung,Right Lateral Bronchopulmonary Segment,EC venous pulmonary,http://purl.obolibrary.org/obo/CL_1000414,167.47619047619047619048,7034
VHMLung,Right Lateral Bronchopulmonary Segment,EC venous systemic,http://purl.obolibrary.org/obo/CL_1000414,387.24074074074074074074,20911
VHMLung,Right Lateral Bronchopulmonary Segment,Goblet (bronchial),http://purl.obolibrary.org/obo/CL_0019003,13.16,329
VHMLung,Right Lateral Bronchopulmonary Segment,Goblet (nasal),http://purl.obolibrary.org/obo/CL_0002480,43.375,2429
VHMLung,Right Lateral Bronchopulmonary Segment,Goblet (subsegmental),http://purl.obolibrary.org/obo/CL_1000312,381.41666666666666666667,18308
VHMLung,Right Lateral Bronchopulmonary Segment,Hematopoietic stem cells,http://purl.obolibrary.org/obo/CL_0000037,8.11111111111111111111,219
VHMLung,Right Lateral Bronchopulmonary Segment,Hillock-like,http://purl.obolibrary.org/obo/CL_0000158,50.78571428571428571429,711
VHMLung,Right Lateral Bronchopulmonary Segment,Interstitial Mph perivascular,http://purl.obolibrary.org/obo/CL_4033043,132.77083333333333333333,6373
VHMLung,Right Lateral Bronchopulmonary Segment,Interstitial Mφ perivascular,https://purl.org/ccf/ASCTB-TEMP_interstitial-m-perivascular,54.28571428571428571429,2280
VHMLung,Right Lateral Bronchopulmonary Segment,Ionocyte,http://purl.obolibrary.org/obo/CL_0005006,453.64516129032258064516,28126
VHMLung,Right Lateral Bronchopulmonary Segment,Lymphatic EC differentiating,http://purl.obolibrary.org/obo/CL_0002138,244.14473684210526315789,18555
VHMLung,Right Lateral Bronchopulmonary Segment,Lymphatic EC mature,http://purl.obolibrary.org/obo/CL_0002138,273,4914
VHMLung,Right Lateral Bronchopulmonary Segment,Lymphatic EC proliferating,http://purl.obolibrary.org/obo/CL_0002138,45,90
VHMLung,Right Lateral Bronchopulmonary Segment,Mast cells,http://purl.obolibrary.org/obo/CL_0000097,101.33333333333333333333,9120
VHMLung,Right Lateral Bronchopulmonary Segment,Mesothelium,http://purl.obolibrary.org/obo/CL_1000491,24,696
VHMLung,Right Lateral Bronchopulmonary Segment,Migratory DCs,http://purl.obolibrary.org/obo/CL_0001056,8.5,391
VHMLung,Right Lateral Bronchopulmonary Segment,Monocyte-derived Mph,http://purl.obolibrary.org/obo/CL_1001603,558.70833333333333333333,26818
VHMLung,Right Lateral Bronchopulmonary Segment,Monocyte-derived Mφ,https://purl.org/ccf/ASCTB-TEMP_monocyte-derived-m,107.66666666666666666667,5168
VHMLung,Right Lateral Bronchopulmonary Segment,Multiciliated (nasal),http://purl.obolibrary.org/obo/CL_0005012,77.82222222222222222222,3502
VHMLung,Right Lateral Bronchopulmonary Segment,Multiciliated (non-nasal),http://purl.obolibrary.org/obo/CL_0005012,1579.43137254901960784314,80551
VHMLung,Right Lateral Bronchopulmonary Segment,Myofibroblasts,http://purl.obolibrary.org/obo/CL_0000186,88.03125,8451
VHMLung,Right Lateral Bronchopulmonary Segment,NK cells,http://purl.obolibrary.org/obo/CL_0000623,67.70731707317073170732,5552
VHMLung,Right Lateral Bronchopulmonary Segment,Neuroendocrine,http://purl.obolibrary.org/obo/CL_0000165,207.76190476190476190476,8726
VHMLung,Right Lateral Bronchopulmonary Segment,Non-classical monocytes,https://purl.org/ccf/ASCTB-TEMP_non-classical-monocytes,602.15625,57807
VHMLung,Right Lateral Bronchopulmonary Segment,Peribronchial fibroblasts,http://purl.obolibrary.org/obo/CL_0002241,154,10164
VHMLung,Right Lateral Bronchopulmonary Segment,Pericytes,http://purl.obolibrary.org/obo/CL_0009089,303.26041666666666666667,29113
VHMLung,Right Lateral Bronchopulmonary Segment,Plasma cells,http://purl.obolibrary.org/obo/CL_0000786,88.84615384615384615385,6930
VHMLung,Right Lateral Bronchopulmonary Segment,Plasmacytoid DCs,http://purl.obolibrary.org/obo/CL_0000784,19.81818181818181818182,1090
VHMLung,Right Lateral Bronchopulmonary Segment,SM activated stress response,http://purl.obolibrary.org/obo/CL_0000313,31.2,312
VHMLung,Right Lateral Bronchopulmonary Segment,SMG duct,http://purl.obolibrary.org/obo/CL_4033023,8.61702127659574468085,405
VHMLung,Right Lateral Bronchopulmonary Segment,SMG mucous,http://purl.obolibrary.org/obo/CL_4033022,56.95348837209302325581,2449
VHMLung,Right Lateral Bronchopulmonary Segment,SMG serous (bronchial),http://purl.obolibrary.org/obo/CL_4033005,67.72727272727272727273,2235
VHMLung,Right Lateral Bronchopulmonary Segment,SMG serous (nasal),http://purl.obolibrary.org/obo/CL_0000313,27.97619047619047619048,1175
VHMLung,Right Lateral Bronchopulmonary Segment,Smooth muscle,http://purl.obolibrary.org/obo/CL_0000192,183.41111111111111111111,16507
VHMLung,Right Lateral Bronchopulmonary Segment,Subpleural fibroblasts,http://purl.obolibrary.org/obo/CL_4023054,3.21428571428571428571,90
VHMLung,Right Lateral Bronchopulmonary Segment,T cells proliferating,http://purl.obolibrary.org/obo/CL_0000084,6.97959183673469387755,342
VHMLung,Right Lateral Bronchopulmonary Segment,Transitional Club-AT2,https://purl.org/ccf/ASCTB-TEMP_transitional-club-at2,69.05555555555555555556,2486
VHMLung,Right Lateral Bronchopulmonary Segment,Tuft,http://purl.obolibrary.org/obo/CL_0002075,15.48571428571428571429,542
VHMLung,Right Lateral Bronchopulmonary Segment,adventitial cell,http://purl.obolibrary.org/obo/CL_4028006,3.76470588235294117647,128
VHMLung,Right Lateral Bronchopulmonary Segment,basal cell,http://purl.obolibrary.org/obo/CL_0000646,208.72916666666666666667,10019
VHMLung,Right Lateral Bronchopulmonary Segment,basophil,http://purl.obolibrary.org/obo/CL_0000767,208.58333333333333333333,10012
VHMLung,Right Lateral Bronchopulmonary Segment,blood vessel endothelial cell,http://purl.obolibrary.org/obo/CL_0000071,1,4
VHMLung,Right Lateral Bronchopulmonary Segment,bronchial smooth muscle cell,http://purl.obolibrary.org/obo/CL_0002598,33.30952380952380952381,1399
VHMLung,Right Lateral Bronchopulmonary Segment,capillary endothelial cell,http://purl.obolibrary.org/obo/CL_0002144,1556.58333333333333333333,74716
VHMLung,Right Lateral Bronchopulmonary Segment,classical monocyte,http://purl.obolibrary.org/obo/CL_0000860,61.47916666666666666667,2951
VHMLung,Right Lateral Bronchopulmonary Segment,club cell,http://purl.obolibrary.org/obo/CL_0000158,597.66666666666666666667,28688
VHMLung,Right Lateral Bronchopulmonary Segment,dendritic cell,http://purl.obolibrary.org/obo/CL_0000451,14.11764705882352941176,480
VHMLung,Right Lateral Bronchopulmonary Segment,"effector CD4-positive, alpha-beta T cell",http://purl.obolibrary.org/obo/CL_0001044,20.08333333333333333333,964
VHMLung,Right Lateral Bronchopulmonary Segment,"effector CD8-positive, alpha-beta T cell",http://purl.obolibrary.org/obo/CL_0001050,383.6875,18417
VHMLung,Right Lateral Bronchopulmonary Segment,endothelial cell of artery,http://purl.obolibrary.org/obo/CL_1000413,37.1875,1785
VHMLung,Right Lateral Bronchopulmonary Segment,endothelial cell of lymphatic vessel,http://purl.obolibrary.org/obo/CL_0002138,73.58333333333333333333,3532
VHMLung,Right Lateral Bronchopulmonary Segment,fibroblast,http://purl.obolibrary.org/obo/CL_0000057,1421.10416666666666666667,68213
VHMLung,Right Lateral Bronchopulmonary Segment,intermediate monocyte,http://purl.obolibrary.org/obo/CL_0002393,2.64705882352941176471,90
VHMLung,Right Lateral Bronchopulmonary Segment,lung ciliated cell,http://purl.obolibrary.org/obo/CL_1000271,369.3125,17727
VHMLung,Right Lateral Bronchopulmonary Segment,lung microvascular endothelial cell,http://purl.obolibrary.org/obo/CL_2000016,3.54545454545454545455,78
VHMLung,Right Lateral Bronchopulmonary Segment,macrophage,http://purl.obolibrary.org/obo/CL_0000235,976.79166666666666666667,46886
VHMLung,Right Lateral Bronchopulmonary Segment,mature NK T cell,http://purl.obolibrary.org/obo/CL_0000814,43.97916666666666666667,2111
VHMLung,Right Lateral Bronchopulmonary Segment,neutrophil,http://purl.obolibrary.org/obo/CL_0000775,80.72916666666666666667,3875
VHMLung,Right Lateral Bronchopulmonary Segment,non-classical monocyte,http://purl.obolibrary.org/obo/CL_0000875,168.27083333333333333333,8077
VHMLung,Right Lateral Bronchopulmonary Segment,pericyte,http://purl.obolibrary.org/obo/CL_0000669,88.33333333333333333333,4240
VHMLung,Right Lateral Bronchopulmonary Segment,plasma cell,http://purl.obolibrary.org/obo/CL_0000786,36.16666666666666666667,1736
VHMLung,Right Lateral Bronchopulmonary Segment,plasmacytoid dendritic cell,http://purl.obolibrary.org/obo/CL_0000784,2.5,30
VHMLung,Right Lateral Bronchopulmonary Segment,pre-TB secretory,http://purl.obolibrary.org/obo/CL_0019001,436.10416666666666666667,20933
VHMLung,Right Lateral Bronchopulmonary Segment,pulmonary ionocyte,http://purl.obolibrary.org/obo/CL_0017000,3.5,14
VHMLung,Right Lateral Bronchopulmonary Segment,respiratory goblet cell,http://purl.obolibrary.org/obo/CL_0002370,66.54761904761904761905,2795
VHMLung,Right Lateral Bronchopulmonary Segment,serous cell of epithelium of bronchus,http://purl.obolibrary.org/obo/CL_1000331,44.25,354
VHMLung,Right Lateral Bronchopulmonary Segment,smooth muscle cell,http://purl.obolibrary.org/obo/CL_0000192,1.5,3
VHMLung,Right Lateral Bronchopulmonary Segment,type I pneumocyte,http://purl.obolibrary.org/obo/CL_0002062,786.83333333333333333333,37768
VHMLung,Right Lateral Bronchopulmonary Segment,type II pneumocyte,http://purl.obolibrary.org/obo/CL_0002063,2630.64583333333333333333,126271
VHMLung,Right Lateral Bronchopulmonary Segment,vascular associated smooth muscle cell,http://purl.obolibrary.org/obo/CL_0000359,12.11904761904761904762,509
VHMLung,Right Lateral Bronchopulmonary Segment,vein endothelial cell,http://purl.obolibrary.org/obo/CL_0002543,242.6875,11649
VHMLung,Right Medial Bronchopulmonary Segment,AT0,http://purl.obolibrary.org/obo/CL_0010003,33.86486486486486486486,1253
VHMLung,Right Medial Bronchopulmonary Segment,AT1,http://purl.obolibrary.org/obo/CL_0002062,8965.24324324324324324324,663428
VHMLung,Right Medial Bronchopulmonary Segment,AT2,http://purl.obolibrary.org/obo/CL_0002063,7936.35135135135135135135,587290
VHMLung,Right Medial Bronchopulmonary Segment,Adventitial fibroblasts,http://purl.obolibrary.org/obo/CL_4028006,356.41891891891891891892,26375
VHMLung,Right Medial Bronchopulmonary Segment,Alveolar Mph CCL3+,http://purl.obolibrary.org/obo/CL_4033041,35.40540540540540540541,1310
VHMLung,Right Medial Bronchopulmonary Segment,Alveolar Mph MT-positive,http://purl.obolibrary.org/obo/CL_4033042,12.68571428571428571429,444
VHMLung,Right Medial Bronchopulmonary Segment,Alveolar Mph proliferating,http://purl.obolibrary.org/obo/CL_0000583,135,945
VHMLung,Right Medial Bronchopulmonary Segment,Alveolar Mφ proliferating,https://purl.org/ccf/ASCTB-TEMP_alveolar-m-proliferating,2,4
VHMLung,Right Medial Bronchopulmonary Segment,Alveolar fibroblasts,http://purl.obolibrary.org/obo/CL_4028004,2317.58108108108108108108,171501
VHMLung,Right Medial Bronchopulmonary Segment,Alveolar macrophages,http://purl.obolibrary.org/obo/CL_0000583,196.828125,12597
VHMLung,Right Medial Bronchopulmonary Segment,B cell,http://purl.obolibrary.org/obo/CL_0000236,14.13513513513513513514,523
VHMLung,Right Medial Bronchopulmonary Segment,B cells,http://purl.obolibrary.org/obo/CL_0000236,168.31081081081081081081,12455
VHMLung,Right Medial Bronchopulmonary Segment,Basal resting,http://purl.obolibrary.org/obo/CL_0002633,4263.34722222222222222222,306961
VHMLung,Right Medial Bronchopulmonary Segment,CD4 T cells,http://purl.obolibrary.org/obo/CL_0000492,4564.71621621621621621622,337789
VHMLung,Right Medial Bronchopulmonary Segment,"CD4-positive, alpha-beta T cell",http://purl.obolibrary.org/obo/CL_0000624,6133.83783783783783783784,226952
VHMLung,Right Medial Bronchopulmonary Segment,CD8 T cells,http://purl.obolibrary.org/obo/CL_0000913,1805.56756756756756756757,133612
VHMLung,Right Medial Bronchopulmonary Segment,"CD8-positive, alpha-beta T cell",http://purl.obolibrary.org/obo/CL_0000625,278.16216216216216216216,10292
VHMLung,Right Medial Bronchopulmonary Segment,Classical monocytes,http://purl.obolibrary.org/obo/CL_0000576,132.2,9254
VHMLung,Right Medial Bronchopulmonary Segment,Club (nasal),http://purl.obolibrary.org/obo/CL_0000158,2911.15151515151515151515,96068
VHMLung,Right Medial Bronchopulmonary Segment,Club (non-nasal),http://purl.obolibrary.org/obo/CL_0000158,35.19047619047619047619,739
VHMLung,Right Medial Bronchopulmonary Segment,DC1,http://purl.obolibrary.org/obo/CL_0002394,43.70270270270270270270,1617
VHMLung,Right Medial Bronchopulmonary Segment,DC2,http://purl.obolibrary.org/obo/CL_0002399,277.91891891891891891892,20566
VHMLung,Right Medial Bronchopulmonary Segment,Deuterosomal,http://purl.obolibrary.org/obo/CL_4033044,36.89130434782608695652,1697
VHMLung,Right Medial Bronchopulmonary Segment,EC aerocyte capillary,http://purl.obolibrary.org/obo/CL_4028003,645.36486486486486486486,47757
VHMLung,Right Medial Bronchopulmonary Segment,EC arterial,http://purl.obolibrary.org/obo/CL_1000413,788.51351351351351351351,58350
VHMLung,Right Medial Bronchopulmonary Segment,EC general capillary,http://purl.obolibrary.org/obo/CL_0002144,9994.31081081081081081081,739579
VHMLung,Right Medial Bronchopulmonary Segment,EC venous pulmonary,http://purl.obolibrary.org/obo/CL_1000414,246.75555555555555555556,11104
VHMLung,Right Medial Bronchopulmonary Segment,EC venous systemic,http://purl.obolibrary.org/obo/CL_1000414,2746.58620689655172413793,79651
VHMLung,Right Medial Bronchopulmonary Segment,Goblet (bronchial),http://purl.obolibrary.org/obo/CL_0019003,13.42857142857142857143,376
VHMLung,Right Medial Bronchopulmonary Segment,Goblet (nasal),http://purl.obolibrary.org/obo/CL_0002480,52.89655172413793103448,3068
VHMLung,Right Medial Bronchopulmonary Segment,Goblet (subsegmental),http://purl.obolibrary.org/obo/CL_1000312,1008.64864864864864864865,37320
VHMLung,Right Medial Bronchopulmonary Segment,Hematopoietic stem cells,http://purl.obolibrary.org/obo/CL_0000037,10.28571428571428571429,288
VHMLung,Right Medial Bronchopulmonary Segment,Hillock-like,http://purl.obolibrary.org/obo/CL_0000158,1005.75,16092
VHMLung,Right Medial Bronchopulmonary Segment,Interstitial Mph perivascular,http://purl.obolibrary.org/obo/CL_4033043,80.70270270270270270270,2986
VHMLung,Right Medial Bronchopulmonary Segment,Interstitial Mφ perivascular,https://purl.org/ccf/ASCTB-TEMP_interstitial-m-perivascular,11.26315789473684210526,214
VHMLung,Right Medial Bronchopulmonary Segment,Ionocyte,http://purl.obolibrary.org/obo/CL_0005006,718.18840579710144927536,49555
VHMLung,Right Medial Bronchopulmonary Segment,Lymphatic EC differentiating,http://purl.obolibrary.org/obo/CL_0002138,557.83928571428571428571,31239
VHMLung,Right Medial Bronchopulmonary Segment,Lymphatic EC mature,http://purl.obolibrary.org/obo/CL_0002138,550.625,8810
VHMLung,Right Medial Bronchopulmonary Segment,Lymphatic EC proliferating,http://purl.obolibrary.org/obo/CL_0002138,45,90
VHMLung,Right Medial Bronchopulmonary Segment,Mast cells,http://purl.obolibrary.org/obo/CL_0000097,222.89041095890410958904,16271
VHMLung,Right Medial Bronchopulmonary Segment,Mesothelium,http://purl.obolibrary.org/obo/CL_1000491,33,1221
VHMLung,Right Medial Bronchopulmonary Segment,Migratory DCs,http://purl.obolibrary.org/obo/CL_0001056,9.74285714285714285714,341
VHMLung,Right Medial Bronchopulmonary Segment,Monocyte-derived Mph,http://purl.obolibrary.org/obo/CL_1001603,649.35135135135135135135,24026
VHMLung,Right Medial Bronchopulmonary Segment,Monocyte-derived Mφ,https://purl.org/ccf/ASCTB-TEMP_monocyte-derived-m,91.13513513513513513514,3372
VHMLung,Right Medial Bronchopulmonary Segment,Multiciliated (nasal),http://purl.obolibrary.org/obo/CL_0005012,2879,14395
VHMLung,Right Medial Bronchopulmonary Segment,Multiciliated (non-nasal),http://purl.obolibrary.org/obo/CL_0005012,4898.76811594202898550725,338015
VHMLung,Right Medial Bronchopulmonary Segment,Myofibroblasts,http://purl.obolibrary.org/obo/CL_0000186,133.77027027027027027027,9899
VHMLung,Right Medial Bronchopulmonary Segment,NK cells,http://purl.obolibrary.org/obo/CL_0000623,126.27419354838709677419,7829
VHMLung,Right Medial Bronchopulmonary Segment,Neuroendocrine,http://purl.obolibrary.org/obo/CL_0000165,363.97297297297297297297,13467
VHMLung,Right Medial Bronchopulmonary Segment,Non-classical monocytes,https://purl.org/ccf/ASCTB-TEMP_non-classical-monocytes,1007.375,72531
VHMLung,Right Medial Bronchopulmonary Segment,Peribronchial fibroblasts,http://purl.obolibrary.org/obo/CL_0002241,126.85365853658536585366,5201
VHMLung,Right Medial Bronchopulmonary Segment,Pericytes,http://purl.obolibrary.org/obo/CL_0009089,624.86486486486486486486,46240
VHMLung,Right Medial Bronchopulmonary Segment,Plasma cells,http://purl.obolibrary.org/obo/CL_0000786,179.28378378378378378378,13267
VHMLung,Right Medial Bronchopulmonary Segment,Plasmacytoid DCs,http://purl.obolibrary.org/obo/CL_0000784,28.92982456140350877193,1649
VHMLung,Right Medial Bronchopulmonary Segment,SM activated stress response,http://purl.obolibrary.org/obo/CL_0000313,25.75757575757575757576,850
VHMLung,Right Medial Bronchopulmonary Segment,SMG duct,http://purl.obolibrary.org/obo/CL_4033023,10.52941176470588235294,358
VHMLung,Right Medial Bronchopulmonary Segment,SMG mucous,http://purl.obolibrary.org/obo/CL_4033022,99.83333333333333333333,4193
VHMLung,Right Medial Bronchopulmonary Segment,SMG serous (bronchial),http://purl.obolibrary.org/obo/CL_4033005,71.73809523809523809524,3013
VHMLung,Right Medial Bronchopulmonary Segment,SMG serous (nasal),http://purl.obolibrary.org/obo/CL_0000313,53.25714285714285714286,1864
VHMLung,Right Medial Bronchopulmonary Segment,Smooth muscle,http://purl.obolibrary.org/obo/CL_0000192,382.20270270270270270270,28283
VHMLung,Right Medial Bronchopulmonary Segment,Subpleural fibroblasts,http://purl.obolibrary.org/obo/CL_4023054,4.41666666666666666667,159
VHMLung,Right Medial Bronchopulmonary Segment,T cells proliferating,http://purl.obolibrary.org/obo/CL_0000084,13.34146341463414634146,547
VHMLung,Right Medial Bronchopulmonary Segment,Transitional Club-AT2,https://purl.org/ccf/ASCTB-TEMP_transitional-club-at2,133.62162162162162162162,4944
VHMLung,Right Medial Bronchopulmonary Segment,Tuft,http://purl.obolibrary.org/obo/CL_0002075,15.59183673469387755102,764
VHMLung,Right Medial Bronchopulmonary Segment,adventitial cell,http://purl.obolibrary.org/obo/CL_4028006,3.86666666666666666667,116
VHMLung,Right Medial Bronchopulmonary Segment,basal cell,http://purl.obolibrary.org/obo/CL_0000646,478.37837837837837837838,17700
VHMLung,Right Medial Bronchopulmonary Segment,basophil,http://purl.obolibrary.org/obo/CL_0000767,543.97297297297297297297,20127
VHMLung,Right Medial Bronchopulmonary Segment,blood vessel endothelial cell,http://purl.obolibrary.org/obo/CL_0000071,1,11
VHMLung,Right Medial Bronchopulmonary Segment,bronchial smooth muscle cell,http://purl.obolibrary.org/obo/CL_0002598,58,2146
VHMLung,Right Medial Bronchopulmonary Segment,capillary endothelial cell,http://purl.obolibrary.org/obo/CL_0002144,3331.16216216216216216216,123253
VHMLung,Right Medial Bronchopulmonary Segment,classical monocyte,http://purl.obolibrary.org/obo/CL_0000860,39.40540540540540540541,1458
VHMLung,Right Medial Bronchopulmonary Segment,club cell,http://purl.obolibrary.org/obo/CL_0000158,1891.62162162162162162162,69990
VHMLung,Right Medial Bronchopulmonary Segment,dendritic cell,http://purl.obolibrary.org/obo/CL_0000451,3.13043478260869565217,72
VHMLung,Right Medial Bronchopulmonary Segment,"effector CD4-positive, alpha-beta T cell",http://purl.obolibrary.org/obo/CL_0001044,33.18918918918918918919,1228
VHMLung,Right Medial Bronchopulmonary Segment,"effector CD8-positive, alpha-beta T cell",http://purl.obolibrary.org/obo/CL_0001050,636.94594594594594594595,23567
VHMLung,Right Medial Bronchopulmonary Segment,endothelial cell of artery,http://purl.obolibrary.org/obo/CL_1000413,91.91891891891891891892,3401
VHMLung,Right Medial Bronchopulmonary Segment,endothelial cell of lymphatic vessel,http://purl.obolibrary.org/obo/CL_0002138,51.64864864864864864865,1911
VHMLung,Right Medial Bronchopulmonary Segment,fibroblast,http://purl.obolibrary.org/obo/CL_0000057,2265.64864864864864864865,83829
VHMLung,Right Medial Bronchopulmonary Segment,intermediate monocyte,http://purl.obolibrary.org/obo/CL_0002393,3.05555555555555555556,55
VHMLung,Right Medial Bronchopulmonary Segment,lung ciliated cell,http://purl.obolibrary.org/obo/CL_1000271,1065.18918918918918918919,39412
VHMLung,Right Medial Bronchopulmonary Segment,lung microvascular endothelial cell,http://purl.obolibrary.org/obo/CL_2000016,5.37931034482758620690,156
VHMLung,Right Medial Bronchopulmonary Segment,macrophage,http://purl.obolibrary.org/obo/CL_0000235,1322.37837837837837837838,48928
VHMLung,Right Medial Bronchopulmonary Segment,mature NK T cell,http://purl.obolibrary.org/obo/CL_0000814,71.59459459459459459459,2649
VHMLung,Right Medial Bronchopulmonary Segment,neutrophil,http://purl.obolibrary.org/obo/CL_0000775,168.51351351351351351351,6235
VHMLung,Right Medial Bronchopulmonary Segment,non-classical monocyte,http://purl.obolibrary.org/obo/CL_0000875,92.89189189189189189189,3437
VHMLung,Right Medial Bronchopulmonary Segment,pericyte,http://purl.obolibrary.org/obo/CL_0000669,130.89189189189189189189,4843
VHMLung,Right Medial Bronchopulmonary Segment,plasma cell,http://purl.obolibrary.org/obo/CL_0000786,51.45945945945945945946,1904
VHMLung,Right Medial Bronchopulmonary Segment,plasmacytoid dendritic cell,http://purl.obolibrary.org/obo/CL_0000784,1,2
VHMLung,Right Medial Bronchopulmonary Segment,pre-TB secretory,http://purl.obolibrary.org/obo/CL_0019001,1231.21621621621621621622,45555
VHMLung,Right Medial Bronchopulmonary Segment,pulmonary ionocyte,http://purl.obolibrary.org/obo/CL_0017000,2.18181818181818181818,24
VHMLung,Right Medial Bronchopulmonary Segment,respiratory goblet cell,http://purl.obolibrary.org/obo/CL_0002370,97.37837837837837837838,3603
VHMLung,Right Medial Bronchopulmonary Segment,serous cell of epithelium of bronchus,http://purl.obolibrary.org/obo/CL_1000331,22.875,366
VHMLung,Right Medial Bronchopulmonary Segment,smooth muscle cell,http://purl.obolibrary.org/obo/CL_0000192,1,2
VHMLung,Right Medial Bronchopulmonary Segment,type I pneumocyte,http://purl.obolibrary.org/obo/CL_0002062,2356.37837837837837837838,87186
VHMLung,Right Medial Bronchopulmonary Segment,type II pneumocyte,http://purl.obolibrary.org/obo/CL_0002063,8187.48648648648648648649,302937
VHMLung,Right Medial Bronchopulmonary Segment,vascular associated smooth muscle cell,http://purl.obolibrary.org/obo/CL_0000359,13.28571428571428571429,465
VHMLung,Right Medial Bronchopulmonary Segment,vein endothelial cell,http://purl.obolibrary.org/obo/CL_0002543,502.59459459459459459459,18596
VHMLung,Right Posterior Bronchopulmonary Segment,AT0,http://purl.obolibrary.org/obo/CL_0010003,5.4,27
VHMLung,Right Posterior Bronchopulmonary Segment,AT1,http://purl.obolibrary.org/obo/CL_0002062,345.57142857142857142857,2419
VHMLung,Right Posterior Bronchopulmonary Segment,AT2,http://purl.obolibrary.org/obo/CL_0002063,475.42857142857142857143,3328
VHMLung,Right Posterior Bronchopulmonary Segment,Adventitial fibroblasts,http://purl.obolibrary.org/obo/CL_4028006,105.71428571428571428571,740
VHMLung,Right Posterior Bronchopulmonary Segment,Alveolar Mph CCL3+,http://purl.obolibrary.org/obo/CL_4033041,2.33333333333333333333,7
VHMLung,Right Posterior Bronchopulmonary Segment,Alveolar Mph MT-positive,http://purl.obolibrary.org/obo/CL_4033042,1,1
VHMLung,Right Posterior Bronchopulmonary Segment,Alveolar fibroblasts,http://purl.obolibrary.org/obo/CL_4028004,299.71428571428571428571,2098
VHMLung,Right Posterior Bronchopulmonary Segment,Alveolar macrophages,http://purl.obolibrary.org/obo/CL_0000583,2563.2,12816
VHMLung,Right Posterior Bronchopulmonary Segment,B cell,http://purl.obolibrary.org/obo/CL_0000236,50.6,253
VHMLung,Right Posterior Bronchopulmonary Segment,B cells,http://purl.obolibrary.org/obo/CL_0000236,83.14285714285714285714,582
VHMLung,Right Posterior Bronchopulmonary Segment,Basal resting,http://purl.obolibrary.org/obo/CL_0002633,181,1086
VHMLung,Right Posterior Bronchopulmonary Segment,CD4 T cells,http://purl.obolibrary.org/obo/CL_0000492,364.57142857142857142857,2552
VHMLung,Right Posterior Bronchopulmonary Segment,"CD4-positive, alpha-beta T cell",http://purl.obolibrary.org/obo/CL_0000624,631.2,3156
VHMLung,Right Posterior Bronchopulmonary Segment,CD8 T cells,http://purl.obolibrary.org/obo/CL_0000913,144.14285714285714285714,1009
VHMLung,Right Posterior Bronchopulmonary Segment,"CD8-positive, alpha-beta T cell",http://purl.obolibrary.org/obo/CL_0000625,74.6,373
VHMLung,Right Posterior Bronchopulmonary Segment,Classical monocytes,http://purl.obolibrary.org/obo/CL_0000576,57.71428571428571428571,404
VHMLung,Right Posterior Bronchopulmonary Segment,Club (nasal),http://purl.obolibrary.org/obo/CL_0000158,14,42
VHMLung,Right Posterior Bronchopulmonary Segment,Club (non-nasal),http://purl.obolibrary.org/obo/CL_0000158,106,424
VHMLung,Right Posterior Bronchopulmonary Segment,DC1,http://purl.obolibrary.org/obo/CL_0002394,5.8,29
VHMLung,Right Posterior Bronchopulmonary Segment,DC2,http://purl.obolibrary.org/obo/CL_0002399,102.42857142857142857143,717
VHMLung,Right Posterior Bronchopulmonary Segment,Deuterosomal,http://purl.obolibrary.org/obo/CL_4033044,10,20
VHMLung,Right Posterior Bronchopulmonary Segment,EC aerocyte capillary,http://purl.obolibrary.org/obo/CL_4028003,158.85714285714285714286,1112
VHMLung,Right Posterior Bronchopulmonary Segment,EC arterial,http://purl.obolibrary.org/obo/CL_1000413,117.71428571428571428571,824
VHMLung,Right Posterior Bronchopulmonary Segment,EC general capillary,http://purl.obolibrary.org/obo/CL_0002144,697.71428571428571428571,4884
VHMLung,Right Posterior Bronchopulmonary Segment,EC venous pulmonary,http://purl.obolibrary.org/obo/CL_1000414,149.66666666666666666667,898
VHMLung,Right Posterior Bronchopulmonary Segment,EC venous systemic,http://purl.obolibrary.org/obo/CL_1000414,70,70
VHMLung,Right Posterior Bronchopulmonary Segment,Goblet (bronchial),http://purl.obolibrary.org/obo/CL_0019003,1,1
VHMLung,Right Posterior Bronchopulmonary Segment,Goblet (nasal),http://purl.obolibrary.org/obo/CL_0002480,15.66666666666666666667,47
VHMLung,Right Posterior Bronchopulmonary Segment,Goblet (subsegmental),http://purl.obolibrary.org/obo/CL_1000312,140,280
VHMLung,Right Posterior Bronchopulmonary Segment,Interstitial Mph perivascular,http://purl.obolibrary.org/obo/CL_4033043,171.4,857
VHMLung,Right Posterior Bronchopulmonary Segment,Ionocyte,http://purl.obolibrary.org/obo/CL_0005006,11,55
VHMLung,Right Posterior Bronchopulmonary Segment,Lymphatic EC differentiating,http://purl.obolibrary.org/obo/CL_0002138,112,448
VHMLung,Right Posterior Bronchopulmonary Segment,Lymphatic EC mature,http://purl.obolibrary.org/obo/CL_0002138,61.33333333333333333333,184
VHMLung,Right Posterior Bronchopulmonary Segment,Mast cells,http://purl.obolibrary.org/obo/CL_0000097,53.14285714285714285714,372
VHMLung,Right Posterior Bronchopulmonary Segment,Mesothelium,http://purl.obolibrary.org/obo/CL_1000491,2.2,11
VHMLung,Right Posterior Bronchopulmonary Segment,Migratory DCs,http://purl.obolibrary.org/obo/CL_0001056,9,45
VHMLung,Right Posterior Bronchopulmonary Segment,Monocyte-derived Mph,http://purl.obolibrary.org/obo/CL_1001603,342.4,1712
VHMLung,Right Posterior Bronchopulmonary Segment,Monocyte-derived Mφ,https://purl.org/ccf/ASCTB-TEMP_monocyte-derived-m,30,60
VHMLung,Right Posterior Bronchopulmonary Segment,Multiciliated (non-nasal),http://purl.obolibrary.org/obo/CL_0005012,768.57142857142857142857,5380
VHMLung,Right Posterior Bronchopulmonary Segment,Myofibroblasts,http://purl.obolibrary.org/obo/CL_0000186,43.57142857142857142857,305
VHMLung,Right Posterior Bronchopulmonary Segment,NK cells,http://purl.obolibrary.org/obo/CL_0000623,81.6,408
VHMLung,Right Posterior Bronchopulmonary Segment,Neuroendocrine,http://purl.obolibrary.org/obo/CL_0000165,8,16
VHMLung,Right Posterior Bronchopulmonary Segment,Non-classical monocytes,https://purl.org/ccf/ASCTB-TEMP_non-classical-monocytes,146.71428571428571428571,1027
VHMLung,Right Posterior Bronchopulmonary Segment,Peribronchial fibroblasts,http://purl.obolibrary.org/obo/CL_0002241,27.4,137
VHMLung,Right Posterior Bronchopulmonary Segment,Pericytes,http://purl.obolibrary.org/obo/CL_0009089,110.4,552
VHMLung,Right Posterior Bronchopulmonary Segment,Plasma cells,http://purl.obolibrary.org/obo/CL_0000786,34.42857142857142857143,241
VHMLung,Right Posterior Bronchopulmonary Segment,Plasmacytoid DCs,http://purl.obolibrary.org/obo/CL_0000784,3.6,18
VHMLung,Right Posterior Bronchopulmonary Segment,SM activated stress response,http://purl.obolibrary.org/obo/CL_0000313,8,16
VHMLung,Right Posterior Bronchopulmonary Segment,SMG duct,http://purl.obolibrary.org/obo/CL_4033023,17.4,87
VHMLung,Right Posterior Bronchopulmonary Segment,SMG mucous,http://purl.obolibrary.org/obo/CL_4033022,1,2
VHMLung,Right Posterior Bronchopulmonary Segment,SMG serous (bronchial),http://purl.obolibrary.org/obo/CL_4033005,92.5,370
VHMLung,Right Posterior Bronchopulmonary Segment,SMG serous (nasal),http://purl.obolibrary.org/obo/CL_0000313,10,20
VHMLung,Right Posterior Bronchopulmonary Segment,Smooth muscle,http://purl.obolibrary.org/obo/CL_0000192,63.4,317
VHMLung,Right Posterior Bronchopulmonary Segment,Smooth muscle FAM83D+,http://purl.obolibrary.org/obo/CL_0000192,171,342
VHMLung,Right Posterior Bronchopulmonary Segment,Suprabasal,http://purl.obolibrary.org/obo/CL_0002633,91,91
VHMLung,Right Posterior Bronchopulmonary Segment,T cells proliferating,http://purl.obolibrary.org/obo/CL_0000084,5,25
VHMLung,Right Posterior Bronchopulmonary Segment,Transitional Club-AT2,https://purl.org/ccf/ASCTB-TEMP_transitional-club-at2,23,46
VHMLung,Right Posterior Bronchopulmonary Segment,Tuft,http://purl.obolibrary.org/obo/CL_0002075,1,2
VHMLung,Right Posterior Bronchopulmonary Segment,adventitial cell,http://purl.obolibrary.org/obo/CL_4028006,23.8,119
VHMLung,Right Posterior Bronchopulmonary Segment,basal cell,http://purl.obolibrary.org/obo/CL_0000646,165.8,829
VHMLung,Right Posterior Bronchopulmonary Segment,basophil,http://purl.obolibrary.org/obo/CL_0000767,150.4,752
VHMLung,Right Posterior Bronchopulmonary Segment,blood vessel endothelial cell,http://purl.obolibrary.org/obo/CL_0000071,1.66666666666666666667,5
VHMLung,Right Posterior Bronchopulmonary Segment,bronchial smooth muscle cell,http://purl.obolibrary.org/obo/CL_0002598,16.6,83
VHMLung,Right Posterior Bronchopulmonary Segment,capillary endothelial cell,http://purl.obolibrary.org/obo/CL_0002144,490.6,2453
VHMLung,Right Posterior Bronchopulmonary Segment,classical monocyte,http://purl.obolibrary.org/obo/CL_0000860,70.8,354
VHMLung,Right Posterior Bronchopulmonary Segment,club cell,http://purl.obolibrary.org/obo/CL_0000158,138.4,692
VHMLung,Right Posterior Bronchopulmonary Segment,dendritic cell,http://purl.obolibrary.org/obo/CL_0000451,120.8,604
VHMLung,Right Posterior Bronchopulmonary Segment,"effector CD4-positive, alpha-beta T cell",http://purl.obolibrary.org/obo/CL_0001044,20.6,103
VHMLung,Right Posterior Bronchopulmonary Segment,"effector CD8-positive, alpha-beta T cell",http://purl.obolibrary.org/obo/CL_0001050,139.2,696
VHMLung,Right Posterior Bronchopulmonary Segment,endothelial cell of artery,http://purl.obolibrary.org/obo/CL_1000413,21.2,106
VHMLung,Right Posterior Bronchopulmonary Segment,endothelial cell of lymphatic vessel,http://purl.obolibrary.org/obo/CL_0002138,41.2,206
VHMLung,Right Posterior Bronchopulmonary Segment,fibroblast,http://purl.obolibrary.org/obo/CL_0000057,341.2,1706
VHMLung,Right Posterior Bronchopulmonary Segment,intermediate monocyte,http://purl.obolibrary.org/obo/CL_0002393,3.33333333333333333333,10
VHMLung,Right Posterior Bronchopulmonary Segment,lung ciliated cell,http://purl.obolibrary.org/obo/CL_1000271,382,1910
VHMLung,Right Posterior Bronchopulmonary Segment,lung microvascular endothelial cell,http://purl.obolibrary.org/obo/CL_2000016,14.6,73
VHMLung,Right Posterior Bronchopulmonary Segment,macrophage,http://purl.obolibrary.org/obo/CL_0000235,2820.4,14102
VHMLung,Right Posterior Bronchopulmonary Segment,mature NK T cell,http://purl.obolibrary.org/obo/CL_0000814,36.4,182
VHMLung,Right Posterior Bronchopulmonary Segment,mesothelial cell,http://purl.obolibrary.org/obo/CL_0000077,2.33333333333333333333,7
VHMLung,Right Posterior Bronchopulmonary Segment,neutrophil,http://purl.obolibrary.org/obo/CL_0000775,33,165
VHMLung,Right Posterior Bronchopulmonary Segment,non-classical monocyte,http://purl.obolibrary.org/obo/CL_0000875,292.2,1461
VHMLung,Right Posterior Bronchopulmonary Segment,pericyte,http://purl.obolibrary.org/obo/CL_0000669,43.66666666666666666667,131
VHMLung,Right Posterior Bronchopulmonary Segment,plasma cell,http://purl.obolibrary.org/obo/CL_0000786,26.2,131
VHMLung,Right Posterior Bronchopulmonary Segment,plasmacytoid dendritic cell,http://purl.obolibrary.org/obo/CL_0000784,3,9
VHMLung,Right Posterior Bronchopulmonary Segment,pre-TB secretory,http://purl.obolibrary.org/obo/CL_0019001,71.8,359
VHMLung,Right Posterior Bronchopulmonary Segment,pulmonary ionocyte,http://purl.obolibrary.org/obo/CL_0017000,1,3
VHMLung,Right Posterior Bronchopulmonary Segment,respiratory goblet cell,http://purl.obolibrary.org/obo/CL_0002370,50.6,253
VHMLung,Right Posterior Bronchopulmonary Segment,serous cell of epithelium of bronchus,http://purl.obolibrary.org/obo/CL_1000331,68,136
VHMLung,Right Posterior Bronchopulmonary Segment,type I pneumocyte,http://purl.obolibrary.org/obo/CL_0002062,156.4,782
VHMLung,Right Posterior Bronchopulmonary Segment,type II pneumocyte,http://purl.obolibrary.org/obo/CL_0002063,405,2025
VHMLung,Right Posterior Bronchopulmonary Segment,vascular associated smooth muscle cell,http://purl.obolibrary.org/obo/CL_0000359,2,10
VHMLung,Right Posterior Bronchopulmonary Segment,vein endothelial cell,http://purl.obolibrary.org/obo/CL_0002543,162.2,811
VHMLung,Right superior segmental bronchus,AT0,http://purl.obolibrary.org/obo/CL_0010003,5.4,27
VHMLung,Right superior segmental bronchus,AT1,http://purl.obolibrary.org/obo/CL_0002062,345.57142857142857142857,2419
VHMLung,Right superior segmental bronchus,AT2,http://purl.obolibrary.org/obo/CL_0002063,475.42857142857142857143,3328
VHMLung,Right superior segmental bronchus,Adventitial fibroblasts,http://purl.obolibrary.org/obo/CL_4028006,105.71428571428571428571,740
VHMLung,Right superior segmental bronchus,Alveolar Mph CCL3+,http://purl.obolibrary.org/obo/CL_4033041,2.33333333333333333333,7
VHMLung,Right superior segmental bronchus,Alveolar Mph MT-positive,http://purl.obolibrary.org/obo/CL_4033042,1,1
VHMLung,Right superior segmental bronchus,Alveolar fibroblasts,http://purl.obolibrary.org/obo/CL_4028004,299.71428571428571428571,2098
VHMLung,Right superior segmental bronchus,Alveolar macrophages,http://purl.obolibrary.org/obo/CL_0000583,2563.2,12816
VHMLung,Right superior segmental bronchus,B cell,http://purl.obolibrary.org/obo/CL_0000236,50.6,253
VHMLung,Right superior segmental bronchus,B cells,http://purl.obolibrary.org/obo/CL_0000236,83.14285714285714285714,582
VHMLung,Right superior segmental bronchus,Basal resting,http://purl.obolibrary.org/obo/CL_0002633,181,1086
VHMLung,Right superior segmental bronchus,CD4 T cells,http://purl.obolibrary.org/obo/CL_0000492,364.57142857142857142857,2552
VHMLung,Right superior segmental bronchus,"CD4-positive, alpha-beta T cell",http://purl.obolibrary.org/obo/CL_0000624,631.2,3156
VHMLung,Right superior segmental bronchus,CD8 T cells,http://purl.obolibrary.org/obo/CL_0000913,144.14285714285714285714,1009
VHMLung,Right superior segmental bronchus,"CD8-positive, alpha-beta T cell",http://purl.obolibrary.org/obo/CL_0000625,74.6,373
VHMLung,Right superior segmental bronchus,Classical monocytes,http://purl.obolibrary.org/obo/CL_0000576,57.71428571428571428571,404
VHMLung,Right superior segmental bronchus,Club (nasal),http://purl.obolibrary.org/obo/CL_0000158,14,42
VHMLung,Right superior segmental bronchus,Club (non-nasal),http://purl.obolibrary.org/obo/CL_0000158,106,424
VHMLung,Right superior segmental bronchus,DC1,http://purl.obolibrary.org/obo/CL_0002394,5.8,29
VHMLung,Right superior segmental bronchus,DC2,http://purl.obolibrary.org/obo/CL_0002399,102.42857142857142857143,717
VHMLung,Right superior segmental bronchus,Deuterosomal,http://purl.obolibrary.org/obo/CL_4033044,10,20
VHMLung,Right superior segmental bronchus,EC aerocyte capillary,http://purl.obolibrary.org/obo/CL_4028003,158.85714285714285714286,1112
VHMLung,Right superior segmental bronchus,EC arterial,http://purl.obolibrary.org/obo/CL_1000413,117.71428571428571428571,824
VHMLung,Right superior segmental bronchus,EC general capillary,http://purl.obolibrary.org/obo/CL_0002144,697.71428571428571428571,4884
VHMLung,Right superior segmental bronchus,EC venous pulmonary,http://purl.obolibrary.org/obo/CL_1000414,149.66666666666666666667,898
VHMLung,Right superior segmental bronchus,EC venous systemic,http://purl.obolibrary.org/obo/CL_1000414,70,70
VHMLung,Right superior segmental bronchus,Goblet (bronchial),http://purl.obolibrary.org/obo/CL_0019003,1,1
VHMLung,Right superior segmental bronchus,Goblet (nasal),http://purl.obolibrary.org/obo/CL_0002480,15.66666666666666666667,47
VHMLung,Right superior segmental bronchus,Goblet (subsegmental),http://purl.obolibrary.org/obo/CL_1000312,140,280
VHMLung,Right superior segmental bronchus,Interstitial Mph perivascular,http://purl.obolibrary.org/obo/CL_4033043,171.4,857
VHMLung,Right superior segmental bronchus,Ionocyte,http://purl.obolibrary.org/obo/CL_0005006,11,55
VHMLung,Right superior segmental bronchus,Lymphatic EC differentiating,http://purl.obolibrary.org/obo/CL_0002138,112,448
VHMLung,Right superior segmental bronchus,Lymphatic EC mature,http://purl.obolibrary.org/obo/CL_0002138,61.33333333333333333333,184
VHMLung,Right superior segmental bronchus,Mast cells,http://purl.obolibrary.org/obo/CL_0000097,53.14285714285714285714,372
VHMLung,Right superior segmental bronchus,Mesothelium,http://purl.obolibrary.org/obo/CL_1000491,2.2,11
VHMLung,Right superior segmental bronchus,Migratory DCs,http://purl.obolibrary.org/obo/CL_0001056,9,45
VHMLung,Right superior segmental bronchus,Monocyte-derived Mph,http://purl.obolibrary.org/obo/CL_1001603,342.4,1712
VHMLung,Right superior segmental bronchus,Monocyte-derived Mφ,https://purl.org/ccf/ASCTB-TEMP_monocyte-derived-m,30,60
VHMLung,Right superior segmental bronchus,Multiciliated (non-nasal),http://purl.obolibrary.org/obo/CL_0005012,768.57142857142857142857,5380
VHMLung,Right superior segmental bronchus,Myofibroblasts,http://purl.obolibrary.org/obo/CL_0000186,43.57142857142857142857,305
VHMLung,Right superior segmental bronchus,NK cells,http://purl.obolibrary.org/obo/CL_0000623,81.6,408
VHMLung,Right superior segmental bronchus,Neuroendocrine,http://purl.obolibrary.org/obo/CL_0000165,8,16
VHMLung,Right superior segmental bronchus,Non-classical monocytes,https://purl.org/ccf/ASCTB-TEMP_non-classical-monocytes,146.71428571428571428571,1027
VHMLung,Right superior segmental bronchus,Peribronchial fibroblasts,http://purl.obolibrary.org/obo/CL_0002241,27.4,137
VHMLung,Right superior segmental bronchus,Pericytes,http://purl.obolibrary.org/obo/CL_0009089,110.4,552
VHMLung,Right superior segmental bronchus,Plasma cells,http://purl.obolibrary.org/obo/CL_0000786,34.42857142857142857143,241
VHMLung,Right superior segmental bronchus,Plasmacytoid DCs,http://purl.obolibrary.org/obo/CL_0000784,3.6,18
VHMLung,Right superior segmental bronchus,SM activated stress response,http://purl.obolibrary.org/obo/CL_0000313,8,16
VHMLung,Right superior segmental bronchus,SMG duct,http://purl.obolibrary.org/obo/CL_4033023,17.4,87
VHMLung,Right superior segmental bronchus,SMG mucous,http://purl.obolibrary.org/obo/CL_4033022,1,2
VHMLung,Right superior segmental bronchus,SMG serous (bronchial),http://purl.obolibrary.org/obo/CL_4033005,92.5,370
VHMLung,Right superior segmental bronchus,SMG serous (nasal),http://purl.obolibrary.org/obo/CL_0000313,10,20
VHMLung,Right superior segmental bronchus,Smooth muscle,http://purl.obolibrary.org/obo/CL_0000192,63.4,317
VHMLung,Right superior segmental bronchus,Smooth muscle FAM83D+,http://purl.obolibrary.org/obo/CL_0000192,171,342
VHMLung,Right superior segmental bronchus,Suprabasal,http://purl.obolibrary.org/obo/CL_0002633,91,91
VHMLung,Right superior segmental bronchus,T cells proliferating,http://purl.obolibrary.org/obo/CL_0000084,5,25
VHMLung,Right superior segmental bronchus,Transitional Club-AT2,https://purl.org/ccf/ASCTB-TEMP_transitional-club-at2,23,46
VHMLung,Right superior segmental bronchus,Tuft,http://purl.obolibrary.org/obo/CL_0002075,1,2
VHMLung,Right superior segmental bronchus,adventitial cell,http://purl.obolibrary.org/obo/CL_4028006,23.8,119
VHMLung,Right superior segmental bronchus,basal cell,http://purl.obolibrary.org/obo/CL_0000646,165.8,829
VHMLung,Right superior segmental bronchus,basophil,http://purl.obolibrary.org/obo/CL_0000767,150.4,752
VHMLung,Right superior segmental bronchus,blood vessel endothelial cell,http://purl.obolibrary.org/obo/CL_0000071,1.66666666666666666667,5
VHMLung,Right superior segmental bronchus,bronchial smooth muscle cell,http://purl.obolibrary.org/obo/CL_0002598,16.6,83
VHMLung,Right superior segmental bronchus,capillary endothelial cell,http://purl.obolibrary.org/obo/CL_0002144,490.6,2453
VHMLung,Right superior segmental bronchus,classical monocyte,http://purl.obolibrary.org/obo/CL_0000860,70.8,354
VHMLung,Right superior segmental bronchus,club cell,http://purl.obolibrary.org/obo/CL_0000158,138.4,692
VHMLung,Right superior segmental bronchus,dendritic cell,http://purl.obolibrary.org/obo/CL_0000451,120.8,604
VHMLung,Right superior segmental bronchus,"effector CD4-positive, alpha-beta T cell",http://purl.obolibrary.org/obo/CL_0001044,20.6,103
VHMLung,Right superior segmental bronchus,"effector CD8-positive, alpha-beta T cell",http://purl.obolibrary.org/obo/CL_0001050,139.2,696
VHMLung,Right superior segmental bronchus,endothelial cell of artery,http://purl.obolibrary.org/obo/CL_1000413,21.2,106
VHMLung,Right superior segmental bronchus,endothelial cell of lymphatic vessel,http://purl.obolibrary.org/obo/CL_0002138,41.2,206
VHMLung,Right superior segmental bronchus,fibroblast,http://purl.obolibrary.org/obo/CL_0000057,341.2,1706
VHMLung,Right superior segmental bronchus,intermediate monocyte,http://purl.obolibrary.org/obo/CL_0002393,3.33333333333333333333,10
VHMLung,Right superior segmental bronchus,lung ciliated cell,http://purl.obolibrary.org/obo/CL_1000271,382,1910
VHMLung,Right superior segmental bronchus,lung microvascular endothelial cell,http://purl.obolibrary.org/obo/CL_2000016,14.6,73
VHMLung,Right superior segmental bronchus,macrophage,http://purl.obolibrary.org/obo/CL_0000235,2820.4,14102
VHMLung,Right superior segmental bronchus,mature NK T cell,http://purl.obolibrary.org/obo/CL_0000814,36.4,182
VHMLung,Right superior segmental bronchus,mesothelial cell,http://purl.obolibrary.org/obo/CL_0000077,2.33333333333333333333,7
VHMLung,Right superior segmental bronchus,neutrophil,http://purl.obolibrary.org/obo/CL_0000775,33,165
VHMLung,Right superior segmental bronchus,non-classical monocyte,http://purl.obolibrary.org/obo/CL_0000875,292.2,1461
VHMLung,Right superior segmental bronchus,pericyte,http://purl.obolibrary.org/obo/CL_0000669,43.66666666666666666667,131
VHMLung,Right superior segmental bronchus,plasma cell,http://purl.obolibrary.org/obo/CL_0000786,26.2,131
VHMLung,Right superior segmental bronchus,plasmacytoid dendritic cell,http://purl.obolibrary.org/obo/CL_0000784,3,9
VHMLung,Right superior segmental bronchus,pre-TB secretory,http://purl.obolibrary.org/obo/CL_0019001,71.8,359
VHMLung,Right superior segmental bronchus,pulmonary ionocyte,http://purl.obolibrary.org/obo/CL_0017000,1,3
VHMLung,Right superior segmental bronchus,respiratory goblet cell,http://purl.obolibrary.org/obo/CL_0002370,50.6,253
VHMLung,Right superior segmental bronchus,serous cell of epithelium of bronchus,http://purl.obolibrary.org/obo/CL_1000331,68,136
VHMLung,Right superior segmental bronchus,type I pneumocyte,http://purl.obolibrary.org/obo/CL_0002062,156.4,782
VHMLung,Right superior segmental bronchus,type II pneumocyte,http://purl.obolibrary.org/obo/CL_0002063,405,2025
VHMLung,Right superior segmental bronchus,vascular associated smooth muscle cell,http://purl.obolibrary.org/obo/CL_0000359,2,10
VHMLung,Right superior segmental bronchus,vein endothelial cell,http://purl.obolibrary.org/obo/CL_0002543,162.2,811
VHMLung,Superior lingular bronchopulmonary segment,AT0,http://purl.obolibrary.org/obo/CL_0010003,7,63
VHMLung,Superior lingular bronchopulmonary segment,AT1,http://purl.obolibrary.org/obo/CL_0002062,1978.22222222222222222222,35608
VHMLung,Superior lingular bronchopulmonary segment,AT2,http://purl.obolibrary.org/obo/CL_0002063,1400.5,25209
VHMLung,Superior lingular bronchopulmonary segment,Adventitial fibroblasts,http://purl.obolibrary.org/obo/CL_4028006,172.94444444444444444444,3113
VHMLung,Superior lingular bronchopulmonary segment,Alveolar Mph CCL3+,http://purl.obolibrary.org/obo/CL_4033041,6.77777777777777777778,61
VHMLung,Superior lingular bronchopulmonary segment,Alveolar Mph MT-positive,http://purl.obolibrary.org/obo/CL_4033042,4.66666666666666666667,42
VHMLung,Superior lingular bronchopulmonary segment,Alveolar Mph proliferating,http://purl.obolibrary.org/obo/CL_0000583,20.33333333333333333333,61
VHMLung,Superior lingular bronchopulmonary segment,Alveolar fibroblasts,http://purl.obolibrary.org/obo/CL_4028004,734.33333333333333333333,13218
VHMLung,Superior lingular bronchopulmonary segment,Alveolar macrophages,http://purl.obolibrary.org/obo/CL_0000583,47.63636363636363636364,524
VHMLung,Superior lingular bronchopulmonary segment,B cell,http://purl.obolibrary.org/obo/CL_0000236,24.66666666666666666667,222
VHMLung,Superior lingular bronchopulmonary segment,B cells,http://purl.obolibrary.org/obo/CL_0000236,131.16666666666666666667,2361
VHMLung,Superior lingular bronchopulmonary segment,Basal resting,http://purl.obolibrary.org/obo/CL_0002633,3146,50336
VHMLung,Superior lingular bronchopulmonary segment,CD4 T cells,http://purl.obolibrary.org/obo/CL_0000492,2992.88888888888888888889,53872
VHMLung,Superior lingular bronchopulmonary segment,"CD4-positive, alpha-beta T cell",http://purl.obolibrary.org/obo/CL_0000624,1568.66666666666666666667,14118
VHMLung,Superior lingular bronchopulmonary segment,CD8 T cells,http://purl.obolibrary.org/obo/CL_0000913,826.38888888888888888889,14875
VHMLung,Superior lingular bronchopulmonary segment,"CD8-positive, alpha-beta T cell",http://purl.obolibrary.org/obo/CL_0000625,229.22222222222222222222,2063
VHMLung,Superior lingular bronchopulmonary segment,Classical monocytes,http://purl.obolibrary.org/obo/CL_0000576,63.05555555555555555556,1135
VHMLung,Superior lingular bronchopulmonary segment,Club (nasal),http://purl.obolibrary.org/obo/CL_0000158,2863,11452
VHMLung,Superior lingular bronchopulmonary segment,Club (non-nasal),http://purl.obolibrary.org/obo/CL_0000158,54.6,546
VHMLung,Superior lingular bronchopulmonary segment,DC1,http://purl.obolibrary.org/obo/CL_0002394,10.33333333333333333333,93
VHMLung,Superior lingular bronchopulmonary segment,DC2,http://purl.obolibrary.org/obo/CL_0002399,97.44444444444444444444,1754
VHMLung,Superior lingular bronchopulmonary segment,Deuterosomal,http://purl.obolibrary.org/obo/CL_4033044,11.77777777777777777778,106
VHMLung,Superior lingular bronchopulmonary segment,EC aerocyte capillary,http://purl.obolibrary.org/obo/CL_4028003,259.55555555555555555556,4672
VHMLung,Superior lingular bronchopulmonary segment,EC arterial,http://purl.obolibrary.org/obo/CL_1000413,270.66666666666666666667,4872
VHMLung,Superior lingular bronchopulmonary segment,EC general capillary,http://purl.obolibrary.org/obo/CL_0002144,3481.61111111111111111111,62669
VHMLung,Superior lingular bronchopulmonary segment,EC venous pulmonary,http://purl.obolibrary.org/obo/CL_1000414,186.5,1492
VHMLung,Superior lingular bronchopulmonary segment,EC venous systemic,http://purl.obolibrary.org/obo/CL_1000414,796.6,7966
VHMLung,Superior lingular bronchopulmonary segment,Goblet (bronchial),http://purl.obolibrary.org/obo/CL_0019003,3.77777777777777777778,34
VHMLung,Superior lingular bronchopulmonary segment,Goblet (nasal),http://purl.obolibrary.org/obo/CL_0002480,11.92857142857142857143,167
VHMLung,Superior lingular bronchopulmonary segment,Goblet (subsegmental),http://purl.obolibrary.org/obo/CL_1000312,394.77777777777777777778,3553
VHMLung,Superior lingular bronchopulmonary segment,Hematopoietic stem cells,http://purl.obolibrary.org/obo/CL_0000037,4.44444444444444444444,40
VHMLung,Superior lingular bronchopulmonary segment,Hillock-like,http://purl.obolibrary.org/obo/CL_0000158,234,936
VHMLung,Superior lingular bronchopulmonary segment,Interstitial Mph perivascular,http://purl.obolibrary.org/obo/CL_4033043,33.88888888888888888889,305
VHMLung,Superior lingular bronchopulmonary segment,Interstitial Mφ perivascular,https://purl.org/ccf/ASCTB-TEMP_interstitial-m-perivascular,2,4
VHMLung,Superior lingular bronchopulmonary segment,Ionocyte,http://purl.obolibrary.org/obo/CL_0005006,143.66666666666666666667,2586
VHMLung,Superior lingular bronchopulmonary segment,Lymphatic EC differentiating,http://purl.obolibrary.org/obo/CL_0002138,151.76923076923076923077,1973
VHMLung,Superior lingular bronchopulmonary segment,Lymphatic EC mature,http://purl.obolibrary.org/obo/CL_0002138,122.4,612
VHMLung,Superior lingular bronchopulmonary segment,Mast cells,http://purl.obolibrary.org/obo/CL_0000097,54.22222222222222222222,976
VHMLung,Superior lingular bronchopulmonary segment,Mesothelium,http://purl.obolibrary.org/obo/CL_1000491,4.88888888888888888889,44
VHMLung,Superior lingular bronchopulmonary segment,Migratory DCs,http://purl.obolibrary.org/obo/CL_0001056,3.88888888888888888889,35
VHMLung,Superior lingular bronchopulmonary segment,Monocyte-derived Mph,http://purl.obolibrary.org/obo/CL_1001603,183.22222222222222222222,1649
VHMLung,Superior lingular bronchopulmonary segment,Monocyte-derived Mφ,https://purl.org/ccf/ASCTB-TEMP_monocyte-derived-m,25.88888888888888888889,233
VHMLung,Superior lingular bronchopulmonary segment,Multiciliated (non-nasal),http://purl.obolibrary.org/obo/CL_0005012,1045.27777777777777777778,18815
VHMLung,Superior lingular bronchopulmonary segment,Myofibroblasts,http://purl.obolibrary.org/obo/CL_0000186,35.05555555555555555556,631
VHMLung,Superior lingular bronchopulmonary segment,NK cells,http://purl.obolibrary.org/obo/CL_0000623,60,900
VHMLung,Superior lingular bronchopulmonary segment,Neuroendocrine,http://purl.obolibrary.org/obo/CL_0000165,52.66666666666666666667,474
VHMLung,Superior lingular bronchopulmonary segment,Non-classical monocytes,https://purl.org/ccf/ASCTB-TEMP_non-classical-monocytes,387.23529411764705882353,6583
VHMLung,Superior lingular bronchopulmonary segment,Peribronchial fibroblasts,http://purl.obolibrary.org/obo/CL_0002241,58.63636363636363636364,645
VHMLung,Superior lingular bronchopulmonary segment,Pericytes,http://purl.obolibrary.org/obo/CL_0009089,204.33333333333333333333,3678
VHMLung,Superior lingular bronchopulmonary segment,Plasma cells,http://purl.obolibrary.org/obo/CL_0000786,135.11111111111111111111,2432
VHMLung,Superior lingular bronchopulmonary segment,Plasmacytoid DCs,http://purl.obolibrary.org/obo/CL_0001058,4.8125,77
VHMLung,Superior lingular bronchopulmonary segment,SM activated stress response,http://purl.obolibrary.org/obo/CL_0000313,5.33333333333333333333,32
VHMLung,Superior lingular bronchopulmonary segment,SMG duct,http://purl.obolibrary.org/obo/CL_4033023,5.125,82
VHMLung,Superior lingular bronchopulmonary segment,SMG mucous,http://purl.obolibrary.org/obo/CL_4033022,15.81818181818181818182,174
VHMLung,Superior lingular bronchopulmonary segment,SMG serous (bronchial),http://purl.obolibrary.org/obo/CL_4033005,26.26666666666666666667,394
VHMLung,Superior lingular bronchopulmonary segment,SMG serous (nasal),http://purl.obolibrary.org/obo/CL_0000313,22,220
VHMLung,Superior lingular bronchopulmonary segment,Smooth muscle,http://purl.obolibrary.org/obo/CL_0000192,210.38888888888888888889,3787
VHMLung,Superior lingular bronchopulmonary segment,Subpleural fibroblasts,http://purl.obolibrary.org/obo/CL_4023054,2.8,14
VHMLung,Superior lingular bronchopulmonary segment,T cells proliferating,http://purl.obolibrary.org/obo/CL_0000084,2.46153846153846153846,32
VHMLung,Superior lingular bronchopulmonary segment,Transitional Club-AT2,https://purl.org/ccf/ASCTB-TEMP_transitional-club-at2,15.11111111111111111111,136
VHMLung,Superior lingular bronchopulmonary segment,Tuft,http://purl.obolibrary.org/obo/CL_0002075,4.7,47
VHMLung,Superior lingular bronchopulmonary segment,adventitial cell,http://purl.obolibrary.org/obo/CL_4028006,4.66666666666666666667,28
VHMLung,Superior lingular bronchopulmonary segment,basal cell,http://purl.obolibrary.org/obo/CL_0000646,258.88888888888888888889,2330
VHMLung,Superior lingular bronchopulmonary segment,basophil,http://purl.obolibrary.org/obo/CL_0000767,354.66666666666666666667,3192
VHMLung,Superior lingular bronchopulmonary segment,blood vessel endothelial cell,http://purl.obolibrary.org/obo/CL_0000071,1.5,6
VHMLung,Superior lingular bronchopulmonary segment,bronchial smooth muscle cell,http://purl.obolibrary.org/obo/CL_0002598,52.88888888888888888889,476
VHMLung,Superior lingular bronchopulmonary segment,capillary endothelial cell,http://purl.obolibrary.org/obo/CL_0002144,1544,13896
VHMLung,Superior lingular bronchopulmonary segment,classical monocyte,http://purl.obolibrary.org/obo/CL_0000860,101.11111111111111111111,910
VHMLung,Superior lingular bronchopulmonary segment,club cell,http://purl.obolibrary.org/obo/CL_0000158,253.88888888888888888889,2285
VHMLung,Superior lingular bronchopulmonary segment,dendritic cell,http://purl.obolibrary.org/obo/CL_0000451,4.5,18
VHMLung,Superior lingular bronchopulmonary segment,"effector CD4-positive, alpha-beta T cell",http://purl.obolibrary.org/obo/CL_0001044,35.55555555555555555556,320
VHMLung,Superior lingular bronchopulmonary segment,"effector CD8-positive, alpha-beta T cell",http://purl.obolibrary.org/obo/CL_0001050,343.66666666666666666667,3093
VHMLung,Superior lingular bronchopulmonary segment,endothelial cell of artery,http://purl.obolibrary.org/obo/CL_1000413,52.22222222222222222222,470
VHMLung,Superior lingular bronchopulmonary segment,endothelial cell of lymphatic vessel,http://purl.obolibrary.org/obo/CL_0002138,22.44444444444444444444,202
VHMLung,Superior lingular bronchopulmonary segment,fibroblast,http://purl.obolibrary.org/obo/CL_0000057,927.88888888888888888889,8351
VHMLung,Superior lingular bronchopulmonary segment,intermediate monocyte,http://purl.obolibrary.org/obo/CL_0002393,2.75,22
VHMLung,Superior lingular bronchopulmonary segment,lung ciliated cell,http://purl.obolibrary.org/obo/CL_1000271,312.22222222222222222222,2810
VHMLung,Superior lingular bronchopulmonary segment,lung microvascular endothelial cell,http://purl.obolibrary.org/obo/CL_2000016,10.44444444444444444444,94
VHMLung,Superior lingular bronchopulmonary segment,macrophage,http://purl.obolibrary.org/obo/CL_0000235,281,2529
VHMLung,Superior lingular bronchopulmonary segment,mature NK T cell,http://purl.obolibrary.org/obo/CL_0000814,51.11111111111111111111,460
VHMLung,Superior lingular bronchopulmonary segment,neutrophil,http://purl.obolibrary.org/obo/CL_0000775,76.66666666666666666667,690
VHMLung,Superior lingular bronchopulmonary segment,non-classical monocyte,http://purl.obolibrary.org/obo/CL_0000875,104.55555555555555555556,941
VHMLung,Superior lingular bronchopulmonary segment,pericyte,http://purl.obolibrary.org/obo/CL_0000669,76.77777777777777777778,691
VHMLung,Superior lingular bronchopulmonary segment,plasma cell,http://purl.obolibrary.org/obo/CL_0000786,52.11111111111111111111,469
VHMLung,Superior lingular bronchopulmonary segment,plasmacytoid dendritic cell,http://purl.obolibrary.org/obo/CL_0000784,1,7
VHMLung,Superior lingular bronchopulmonary segment,pre-TB secretory,http://purl.obolibrary.org/obo/CL_0019001,163.33333333333333333333,1470
VHMLung,Superior lingular bronchopulmonary segment,pulmonary ionocyte,http://purl.obolibrary.org/obo/CL_0017000,6,6
VHMLung,Superior lingular bronchopulmonary segment,respiratory goblet cell,http://purl.obolibrary.org/obo/CL_0002370,58.75,470
VHMLung,Superior lingular bronchopulmonary segment,serous cell of epithelium of bronchus,http://purl.obolibrary.org/obo/CL_1000331,12.5,100
VHMLung,Superior lingular bronchopulmonary segment,smooth muscle cell,http://purl.obolibrary.org/obo/CL_0000192,1,4
VHMLung,Superior lingular bronchopulmonary segment,type I pneumocyte,http://purl.obolibrary.org/obo/CL_0002062,623.77777777777777777778,5614
VHMLung,Superior lingular bronchopulmonary segment,type II pneumocyte,http://purl.obolibrary.org/obo/CL_0002063,1558.55555555555555555556,14027
VHMLung,Superior lingular bronchopulmonary segment,vascular associated smooth muscle cell,http://purl.obolibrary.org/obo/CL_0000359,11.77777777777777777778,106
VHMLung,Superior lingular bronchopulmonary segment,vein endothelial cell,http://purl.obolibrary.org/obo/CL_0002543,291.88888888888888888889,2627
VHMLung,Superior lingular bronchus,AT0,http://purl.obolibrary.org/obo/CL_0010003,7,14
VHMLung,Superior lingular bronchus,AT1,http://purl.obolibrary.org/obo/CL_0002062,1435,5740
VHMLung,Superior lingular bronchus,AT2,http://purl.obolibrary.org/obo/CL_0002063,1059,4236
VHMLung,Superior lingular bronchus,Adventitial fibroblasts,http://purl.obolibrary.org/obo/CL_4028006,277.5,1110
VHMLung,Superior lingular bronchus,Alveolar Mph CCL3+,http://purl.obolibrary.org/obo/CL_4033041,5,10
VHMLung,Superior lingular bronchus,Alveolar Mph MT-positive,http://purl.obolibrary.org/obo/CL_4033042,2,4
VHMLung,Superior lingular bronchus,Alveolar fibroblasts,http://purl.obolibrary.org/obo/CL_4028004,743.5,2974
VHMLung,Superior lingular bronchus,Alveolar macrophages,http://purl.obolibrary.org/obo/CL_0000583,21,42
VHMLung,Superior lingular bronchus,B cell,http://purl.obolibrary.org/obo/CL_0000236,7,14
VHMLung,Superior lingular bronchus,B cells,http://purl.obolibrary.org/obo/CL_0000236,85,340
VHMLung,Superior lingular bronchus,Basal resting,http://purl.obolibrary.org/obo/CL_0002633,431,1724
VHMLung,Superior lingular bronchus,CD4 T cells,http://purl.obolibrary.org/obo/CL_0000492,623.5,2494
VHMLung,Superior lingular bronchus,"CD4-positive, alpha-beta T cell",http://purl.obolibrary.org/obo/CL_0000624,2253,4506
VHMLung,Superior lingular bronchus,CD8 T cells,http://purl.obolibrary.org/obo/CL_0000913,663.5,2654
VHMLung,Superior lingular bronchus,"CD8-positive, alpha-beta T cell",http://purl.obolibrary.org/obo/CL_0000625,177,354
VHMLung,Superior lingular bronchus,Classical monocytes,http://purl.obolibrary.org/obo/CL_0000576,13,52
VHMLung,Superior lingular bronchus,Club (nasal),http://purl.obolibrary.org/obo/CL_0000158,391,782
VHMLung,Superior lingular bronchus,Club (non-nasal),http://purl.obolibrary.org/obo/CL_0000158,11,22
VHMLung,Superior lingular bronchus,DC1,http://purl.obolibrary.org/obo/CL_0002394,5,10
VHMLung,Superior lingular bronchus,DC2,http://purl.obolibrary.org/obo/CL_0002399,65,260
VHMLung,Superior lingular bronchus,Deuterosomal,http://purl.obolibrary.org/obo/CL_4033044,10,20
VHMLung,Superior lingular bronchus,EC aerocyte capillary,http://purl.obolibrary.org/obo/CL_4028003,296.5,1186
VHMLung,Superior lingular bronchus,EC arterial,http://purl.obolibrary.org/obo/CL_1000413,144.5,578
VHMLung,Superior lingular bronchus,EC general capillary,http://purl.obolibrary.org/obo/CL_0002144,1687.5,6750
VHMLung,Superior lingular bronchus,EC venous pulmonary,http://purl.obolibrary.org/obo/CL_1000414,206,412
VHMLung,Superior lingular bronchus,EC venous systemic,http://purl.obolibrary.org/obo/CL_1000414,307,614
VHMLung,Superior lingular bronchus,Goblet (bronchial),http://purl.obolibrary.org/obo/CL_0019003,2,4
VHMLung,Superior lingular bronchus,Goblet (nasal),http://purl.obolibrary.org/obo/CL_0002480,11.5,46
VHMLung,Superior lingular bronchus,Goblet (subsegmental),http://purl.obolibrary.org/obo/CL_1000312,202,404
VHMLung,Superior lingular bronchus,Hematopoietic stem cells,http://purl.obolibrary.org/obo/CL_0000037,1,2
VHMLung,Superior lingular bronchus,Interstitial Mph perivascular,http://purl.obolibrary.org/obo/CL_4033043,51,102
VHMLung,Superior lingular bronchus,Ionocyte,http://purl.obolibrary.org/obo/CL_0005006,49,196
VHMLung,Superior lingular bronchus,Lymphatic EC differentiating,http://purl.obolibrary.org/obo/CL_0002138,141,564
VHMLung,Superior lingular bronchus,Mast cells,http://purl.obolibrary.org/obo/CL_0000097,48,192
VHMLung,Superior lingular bronchus,Mesothelium,http://purl.obolibrary.org/obo/CL_1000491,2,4
VHMLung,Superior lingular bronchus,Migratory DCs,http://purl.obolibrary.org/obo/CL_0001056,1,2
VHMLung,Superior lingular bronchus,Monocyte-derived Mph,http://purl.obolibrary.org/obo/CL_1001603,257,514
VHMLung,Superior lingular bronchus,Monocyte-derived Mφ,https://purl.org/ccf/ASCTB-TEMP_monocyte-derived-m,54,108
VHMLung,Superior lingular bronchus,Multiciliated (non-nasal),http://purl.obolibrary.org/obo/CL_0005012,523,2092
VHMLung,Superior lingular bronchus,Myofibroblasts,http://purl.obolibrary.org/obo/CL_0000186,24.5,98
VHMLung,Superior lingular bronchus,NK cells,http://purl.obolibrary.org/obo/CL_0000623,28,112
VHMLung,Superior lingular bronchus,Neuroendocrine,http://purl.obolibrary.org/obo/CL_0000165,7,14
VHMLung,Superior lingular bronchus,Non-classical monocytes,https://purl.org/ccf/ASCTB-TEMP_non-classical-monocytes,298.5,1194
VHMLung,Superior lingular bronchus,Peribronchial fibroblasts,http://purl.obolibrary.org/obo/CL_0002241,67,268
VHMLung,Superior lingular bronchus,Pericytes,http://purl.obolibrary.org/obo/CL_0009089,220,880
VHMLung,Superior lingular bronchus,Plasma cells,http://purl.obolibrary.org/obo/CL_0000786,65.5,262
VHMLung,Superior lingular bronchus,Plasmacytoid DCs,http://purl.obolibrary.org/obo/CL_0001058,3.5,14
VHMLung,Superior lingular bronchus,SMG duct,http://purl.obolibrary.org/obo/CL_4033023,2,8
VHMLung,Superior lingular bronchus,SMG mucous,http://purl.obolibrary.org/obo/CL_4033022,1,2
VHMLung,Superior lingular bronchus,SMG serous (bronchial),http://purl.obolibrary.org/obo/CL_4033005,19,76
VHMLung,Superior lingular bronchus,SMG serous (nasal),http://purl.obolibrary.org/obo/CL_0000313,12,24
VHMLung,Superior lingular bronchus,Smooth muscle,http://purl.obolibrary.org/obo/CL_0000192,127.5,510
VHMLung,Superior lingular bronchus,Subpleural fibroblasts,http://purl.obolibrary.org/obo/CL_4023054,2,4
VHMLung,Superior lingular bronchus,T cells proliferating,http://purl.obolibrary.org/obo/CL_0000084,1,2
VHMLung,Superior lingular bronchus,Transitional Club-AT2,https://purl.org/ccf/ASCTB-TEMP_transitional-club-at2,1,2
VHMLung,Superior lingular bronchus,Tuft,http://purl.obolibrary.org/obo/CL_0002075,3,6
VHMLung,Superior lingular bronchus,adventitial cell,http://purl.obolibrary.org/obo/CL_4028006,1,2
VHMLung,Superior lingular bronchus,basal cell,http://purl.obolibrary.org/obo/CL_0000646,302,604
VHMLung,Superior lingular bronchus,basophil,http://purl.obolibrary.org/obo/CL_0000767,579,1158
VHMLung,Superior lingular bronchus,blood vessel endothelial cell,http://purl.obolibrary.org/obo/CL_0000071,1,2
VHMLung,Superior lingular bronchus,bronchial smooth muscle cell,http://purl.obolibrary.org/obo/CL_0002598,14,28
VHMLung,Superior lingular bronchus,capillary endothelial cell,http://purl.obolibrary.org/obo/CL_0002144,1194,2388
VHMLung,Superior lingular bronchus,classical monocyte,http://purl.obolibrary.org/obo/CL_0000860,46,92
VHMLung,Superior lingular bronchus,club cell,http://purl.obolibrary.org/obo/CL_0000158,215,430
VHMLung,Superior lingular bronchus,"effector CD4-positive, alpha-beta T cell",http://purl.obolibrary.org/obo/CL_0001044,47,94
VHMLung,Superior lingular bronchus,"effector CD8-positive, alpha-beta T cell",http://purl.obolibrary.org/obo/CL_0001050,465,930
VHMLung,Superior lingular bronchus,endothelial cell of artery,http://purl.obolibrary.org/obo/CL_1000413,43,86
VHMLung,Superior lingular bronchus,endothelial cell of lymphatic vessel,http://purl.obolibrary.org/obo/CL_0002138,10,20
VHMLung,Superior lingular bronchus,fibroblast,http://purl.obolibrary.org/obo/CL_0000057,1156,2312
VHMLung,Superior lingular bronchus,intermediate monocyte,http://purl.obolibrary.org/obo/CL_0002393,1,2
VHMLung,Superior lingular bronchus,lung ciliated cell,http://purl.obolibrary.org/obo/CL_1000271,296,592
VHMLung,Superior lingular bronchus,lung microvascular endothelial cell,http://purl.obolibrary.org/obo/CL_2000016,4,8
VHMLung,Superior lingular bronchus,macrophage,http://purl.obolibrary.org/obo/CL_0000235,190,380
VHMLung,Superior lingular bronchus,mature NK T cell,http://purl.obolibrary.org/obo/CL_0000814,26,52
VHMLung,Superior lingular bronchus,neutrophil,http://purl.obolibrary.org/obo/CL_0000775,23,46
VHMLung,Superior lingular bronchus,non-classical monocyte,http://purl.obolibrary.org/obo/CL_0000875,72,144
VHMLung,Superior lingular bronchus,pericyte,http://purl.obolibrary.org/obo/CL_0000669,45,90
VHMLung,Superior lingular bronchus,plasma cell,http://purl.obolibrary.org/obo/CL_0000786,26,52
VHMLung,Superior lingular bronchus,plasmacytoid dendritic cell,http://purl.obolibrary.org/obo/CL_0000784,1,2
VHMLung,Superior lingular bronchus,pre-TB secretory,http://purl.obolibrary.org/obo/CL_0019001,129,258
VHMLung,Superior lingular bronchus,respiratory goblet cell,http://purl.obolibrary.org/obo/CL_0002370,64,128
VHMLung,Superior lingular bronchus,serous cell of epithelium of bronchus,http://purl.obolibrary.org/obo/CL_1000331,8,16
VHMLung,Superior lingular bronchus,type I pneumocyte,http://purl.obolibrary.org/obo/CL_0002062,566,1132
VHMLung,Superior lingular bronchus,type II pneumocyte,http://purl.obolibrary.org/obo/CL_0002063,1089,2178
VHMLung,Superior lingular bronchus,vascular associated smooth muscle cell,http://purl.obolibrary.org/obo/CL_0000359,15,30
VHMLung,Superior lingular bronchus,vein endothelial cell,http://purl.obolibrary.org/obo/CL_0002543,243,486
VHMLung,left anterior basal bronchopulmonary segment,AT0,http://purl.obolibrary.org/obo/CL_0010003,6,6
VHMLung,left anterior basal bronchopulmonary segment,AT1,http://purl.obolibrary.org/obo/CL_0002062,6,6
VHMLung,left anterior basal bronchopulmonary segment,AT2,http://purl.obolibrary.org/obo/CL_0002063,28,28
VHMLung,left anterior basal bronchopulmonary segment,Adventitial fibroblasts,http://purl.obolibrary.org/obo/CL_4028006,5,5
VHMLung,left anterior basal bronchopulmonary segment,Alveolar Mph CCL3+,http://purl.obolibrary.org/obo/CL_4033041,6,6
VHMLung,left anterior basal bronchopulmonary segment,Alveolar Mph MT-positive,http://purl.obolibrary.org/obo/CL_4033042,16,16
VHMLung,left anterior basal bronchopulmonary segment,Alveolar fibroblasts,http://purl.obolibrary.org/obo/CL_4028004,14,14
VHMLung,left anterior basal bronchopulmonary segment,Alveolar macrophages,http://purl.obolibrary.org/obo/CL_0000583,965,965
VHMLung,left anterior basal bronchopulmonary segment,B cell,http://purl.obolibrary.org/obo/CL_0000236,22,22
VHMLung,left anterior basal bronchopulmonary segment,B cells,http://purl.obolibrary.org/obo/CL_0000236,21,21
VHMLung,left anterior basal bronchopulmonary segment,Basal resting,http://purl.obolibrary.org/obo/CL_0002633,37,37
VHMLung,left anterior basal bronchopulmonary segment,CD4 T cells,http://purl.obolibrary.org/obo/CL_0000492,117,117
VHMLung,left anterior basal bronchopulmonary segment,"CD4-positive, alpha-beta T cell",http://purl.obolibrary.org/obo/CL_0000624,138,138
VHMLung,left anterior basal bronchopulmonary segment,CD8 T cells,http://purl.obolibrary.org/obo/CL_0000913,55,55
VHMLung,left anterior basal bronchopulmonary segment,"CD8-positive, alpha-beta T cell",http://purl.obolibrary.org/obo/CL_0000625,55,55
VHMLung,left anterior basal bronchopulmonary segment,Classical monocytes,http://purl.obolibrary.org/obo/CL_0000576,22,22
VHMLung,left anterior basal bronchopulmonary segment,Club (non-nasal),http://purl.obolibrary.org/obo/CL_0000158,7,7
VHMLung,left anterior basal bronchopulmonary segment,DC1,http://purl.obolibrary.org/obo/CL_0002394,11,11
VHMLung,left anterior basal bronchopulmonary segment,DC2,http://purl.obolibrary.org/obo/CL_0002399,157,157
VHMLung,left anterior basal bronchopulmonary segment,Deuterosomal,http://purl.obolibrary.org/obo/CL_4033044,2,2
VHMLung,left anterior basal bronchopulmonary segment,EC arterial,http://purl.obolibrary.org/obo/CL_1000413,2,2
VHMLung,left anterior basal bronchopulmonary segment,EC general capillary,http://purl.obolibrary.org/obo/CL_0002144,6,6
VHMLung,left anterior basal bronchopulmonary segment,EC venous systemic,http://purl.obolibrary.org/obo/CL_1000414,13,13
VHMLung,left anterior basal bronchopulmonary segment,Goblet (nasal),http://purl.obolibrary.org/obo/CL_0002480,5,5
VHMLung,left anterior basal bronchopulmonary segment,Hematopoietic stem cells,http://purl.obolibrary.org/obo/CL_0000037,1,1
VHMLung,left anterior basal bronchopulmonary segment,Interstitial Mph perivascular,http://purl.obolibrary.org/obo/CL_4033043,61,61
VHMLung,left anterior basal bronchopulmonary segment,Lymphatic EC differentiating,http://purl.obolibrary.org/obo/CL_0002138,4,4
VHMLung,left anterior basal bronchopulmonary segment,Mast cells,http://purl.obolibrary.org/obo/CL_0000097,3,3
VHMLung,left anterior basal bronchopulmonary segment,Migratory DCs,http://purl.obolibrary.org/obo/CL_0001056,3,3
VHMLung,left anterior basal bronchopulmonary segment,Monocyte-derived Mph,http://purl.obolibrary.org/obo/CL_1001603,1250,1250
VHMLung,left anterior basal bronchopulmonary segment,Multiciliated (non-nasal),http://purl.obolibrary.org/obo/CL_0005012,196,196
VHMLung,left anterior basal bronchopulmonary segment,Myofibroblasts,http://purl.obolibrary.org/obo/CL_0000186,1,1
VHMLung,left anterior basal bronchopulmonary segment,NK cells,http://purl.obolibrary.org/obo/CL_0000623,30,30
VHMLung,left anterior basal bronchopulmonary segment,Non-classical monocytes,http://purl.obolibrary.org/obo/CL_0000875,18,18
VHMLung,left anterior basal bronchopulmonary segment,Peribronchial fibroblasts,http://purl.obolibrary.org/obo/CL_0002241,8,8
VHMLung,left anterior basal bronchopulmonary segment,Pericytes,http://purl.obolibrary.org/obo/CL_0000669,1,1
VHMLung,left anterior basal bronchopulmonary segment,Plasma cells,http://purl.obolibrary.org/obo/CL_0000786,5,5
VHMLung,left anterior basal bronchopulmonary segment,Plasmacytoid DCs,http://purl.obolibrary.org/obo/CL_0000784,2,2
VHMLung,left anterior basal bronchopulmonary segment,Smooth muscle,http://purl.obolibrary.org/obo/CL_0000192,4,4
VHMLung,left anterior basal bronchopulmonary segment,T cells proliferating,http://purl.obolibrary.org/obo/CL_0000084,6,6
VHMLung,left anterior basal bronchopulmonary segment,basal cell,http://purl.obolibrary.org/obo/CL_0000646,33,33
VHMLung,left anterior basal bronchopulmonary segment,basophil,http://purl.obolibrary.org/obo/CL_0000767,7,7
VHMLung,left anterior basal bronchopulmonary segment,bronchial smooth muscle cell,http://purl.obolibrary.org/obo/CL_0002598,3,3
VHMLung,left anterior basal bronchopulmonary segment,capillary endothelial cell,http://purl.obolibrary.org/obo/CL_0002144,10,10
VHMLung,left anterior basal bronchopulmonary segment,classical monocyte,http://purl.obolibrary.org/obo/CL_0000860,27,27
VHMLung,left anterior basal bronchopulmonary segment,club cell,http://purl.obolibrary.org/obo/CL_0000158,42,42
VHMLung,left anterior basal bronchopulmonary segment,dendritic cell,http://purl.obolibrary.org/obo/CL_0000451,129,129
VHMLung,left anterior basal bronchopulmonary segment,"effector CD4-positive, alpha-beta T cell",http://purl.obolibrary.org/obo/CL_0001044,2,2
VHMLung,left anterior basal bronchopulmonary segment,"effector CD8-positive, alpha-beta T cell",http://purl.obolibrary.org/obo/CL_0001050,10,10
VHMLung,left anterior basal bronchopulmonary segment,endothelial cell of lymphatic vessel,http://purl.obolibrary.org/obo/CL_0002138,4,4
VHMLung,left anterior basal bronchopulmonary segment,fibroblast,http://purl.obolibrary.org/obo/CL_0000057,27,27
VHMLung,left anterior basal bronchopulmonary segment,intermediate monocyte,http://purl.obolibrary.org/obo/CL_0002393,9,9
VHMLung,left anterior basal bronchopulmonary segment,lung ciliated cell,http://purl.obolibrary.org/obo/CL_1000271,179,179
VHMLung,left anterior basal bronchopulmonary segment,lung microvascular endothelial cell,http://purl.obolibrary.org/obo/CL_2000016,1,1
VHMLung,left anterior basal bronchopulmonary segment,macrophage,http://purl.obolibrary.org/obo/CL_0000235,2089,2089
VHMLung,left anterior basal bronchopulmonary segment,mature NK T cell,http://purl.obolibrary.org/obo/CL_0000814,12,12
VHMLung,left anterior basal bronchopulmonary segment,neutrophil,http://purl.obolibrary.org/obo/CL_0000775,13,13
VHMLung,left anterior basal bronchopulmonary segment,non-classical monocyte,http://purl.obolibrary.org/obo/CL_0000875,246,246
VHMLung,left anterior basal bronchopulmonary segment,pericyte,http://purl.obolibrary.org/obo/CL_0000669,2,2
VHMLung,left anterior basal bronchopulmonary segment,plasma cell,http://purl.obolibrary.org/obo/CL_0000786,5,5
VHMLung,left anterior basal bronchopulmonary segment,pre-TB secretory,http://purl.obolibrary.org/obo/CL_0019001,46,46
VHMLung,left anterior basal bronchopulmonary segment,respiratory goblet cell,http://purl.obolibrary.org/obo/CL_0002370,36,36
VHMLung,left anterior basal bronchopulmonary segment,type I pneumocyte,http://purl.obolibrary.org/obo/CL_0002062,8,8
VHMLung,left anterior basal bronchopulmonary segment,type II pneumocyte,http://purl.obolibrary.org/obo/CL_0002063,17,17
VHMLung,left anterior basal bronchopulmonary segment,vein endothelial cell,http://purl.obolibrary.org/obo/CL_0002543,9,9
VHMLung,left lung hilus,AT0,http://purl.obolibrary.org/obo/CL_0010003,7.66666666666666666667,46
VHMLung,left lung hilus,AT1,http://purl.obolibrary.org/obo/CL_0002062,3767.66666666666666666667,45212
VHMLung,left lung hilus,AT2,http://purl.obolibrary.org/obo/CL_0002063,1897.16666666666666666667,22766
VHMLung,left lung hilus,Adventitial fibroblasts,http://purl.obolibrary.org/obo/CL_4028006,201.16666666666666666667,2414
VHMLung,left lung hilus,Alveolar Mph CCL3+,http://purl.obolibrary.org/obo/CL_4033041,9,54
VHMLung,left lung hilus,Alveolar Mph MT-positive,http://purl.obolibrary.org/obo/CL_4033042,7.33333333333333333333,44
VHMLung,left lung hilus,Alveolar Mph proliferating,http://purl.obolibrary.org/obo/CL_0000583,20.33333333333333333333,122
VHMLung,left lung hilus,Alveolar fibroblasts,http://purl.obolibrary.org/obo/CL_4028004,746.33333333333333333333,8956
VHMLung,left lung hilus,Alveolar macrophages,http://purl.obolibrary.org/obo/CL_0000583,40,80
VHMLung,left lung hilus,B cell,http://purl.obolibrary.org/obo/CL_0000236,6,36
VHMLung,left lung hilus,B cells,http://purl.obolibrary.org/obo/CL_0000236,107.5,1290
VHMLung,left lung hilus,Basal resting,http://purl.obolibrary.org/obo/CL_0002633,11708,93664
VHMLung,left lung hilus,CD4 T cells,http://purl.obolibrary.org/obo/CL_0000492,7832.66666666666666666667,93992
VHMLung,left lung hilus,"CD4-positive, alpha-beta T cell",http://purl.obolibrary.org/obo/CL_0000624,1880.66666666666666666667,11284
VHMLung,left lung hilus,CD8 T cells,http://purl.obolibrary.org/obo/CL_0000913,1480.5,17766
VHMLung,left lung hilus,"CD8-positive, alpha-beta T cell",http://purl.obolibrary.org/obo/CL_0000625,169.66666666666666666667,1018
VHMLung,left lung hilus,Classical monocytes,http://purl.obolibrary.org/obo/CL_0000576,45.16666666666666666667,542
VHMLung,left lung hilus,Club (nasal),http://purl.obolibrary.org/obo/CL_0000158,5335,21340
VHMLung,left lung hilus,Club (non-nasal),http://purl.obolibrary.org/obo/CL_0000158,1,4
VHMLung,left lung hilus,DC1,http://purl.obolibrary.org/obo/CL_0002394,15.66666666666666666667,94
VHMLung,left lung hilus,DC2,http://purl.obolibrary.org/obo/CL_0002399,130.66666666666666666667,1568
VHMLung,left lung hilus,Deuterosomal,http://purl.obolibrary.org/obo/CL_4033044,16,96
VHMLung,left lung hilus,EC aerocyte capillary,http://purl.obolibrary.org/obo/CL_4028003,256,3072
VHMLung,left lung hilus,EC arterial,http://purl.obolibrary.org/obo/CL_1000413,398.66666666666666666667,4784
VHMLung,left lung hilus,EC general capillary,http://purl.obolibrary.org/obo/CL_0002144,6917.83333333333333333333,83014
VHMLung,left lung hilus,EC venous pulmonary,http://purl.obolibrary.org/obo/CL_1000414,165,1320
VHMLung,left lung hilus,EC venous systemic,http://purl.obolibrary.org/obo/CL_1000414,2874,11496
VHMLung,left lung hilus,Goblet (bronchial),http://purl.obolibrary.org/obo/CL_0019003,2,12
VHMLung,left lung hilus,Goblet (nasal),http://purl.obolibrary.org/obo/CL_0002480,16.75,134
VHMLung,left lung hilus,Goblet (subsegmental),http://purl.obolibrary.org/obo/CL_1000312,831,4986
VHMLung,left lung hilus,Hematopoietic stem cells,http://purl.obolibrary.org/obo/CL_0000037,9.33333333333333333333,56
VHMLung,left lung hilus,Hillock-like,http://purl.obolibrary.org/obo/CL_0000158,282,1128
VHMLung,left lung hilus,Interstitial Mph perivascular,http://purl.obolibrary.org/obo/CL_4033043,15.66666666666666666667,94
VHMLung,left lung hilus,Ionocyte,http://purl.obolibrary.org/obo/CL_0005006,371.33333333333333333333,4456
VHMLung,left lung hilus,Lymphatic EC differentiating,http://purl.obolibrary.org/obo/CL_0002138,139,834
VHMLung,left lung hilus,Lymphatic EC mature,http://purl.obolibrary.org/obo/CL_0002138,140.66666666666666666667,844
VHMLung,left lung hilus,Mast cells,http://purl.obolibrary.org/obo/CL_0000097,78.33333333333333333333,940
VHMLung,left lung hilus,Mesothelium,http://purl.obolibrary.org/obo/CL_1000491,10.66666666666666666667,64
VHMLung,left lung hilus,Migratory DCs,http://purl.obolibrary.org/obo/CL_0001056,3,18
VHMLung,left lung hilus,Monocyte-derived Mph,http://purl.obolibrary.org/obo/CL_1001603,134.33333333333333333333,806
VHMLung,left lung hilus,Monocyte-derived Mφ,https://purl.org/ccf/ASCTB-TEMP_monocyte-derived-m,3.66666666666666666667,22
VHMLung,left lung hilus,Multiciliated (non-nasal),http://purl.obolibrary.org/obo/CL_0005012,1920.83333333333333333333,23050
VHMLung,left lung hilus,Myofibroblasts,http://purl.obolibrary.org/obo/CL_0000186,17.83333333333333333333,214
VHMLung,left lung hilus,NK cells,http://purl.obolibrary.org/obo/CL_0000623,96.66666666666666666667,580
VHMLung,left lung hilus,Neuroendocrine,http://purl.obolibrary.org/obo/CL_0000165,134,804
VHMLung,left lung hilus,Non-classical monocytes,https://purl.org/ccf/ASCTB-TEMP_non-classical-monocytes,359.8,3598
VHMLung,left lung hilus,Peribronchial fibroblasts,http://purl.obolibrary.org/obo/CL_0002241,46.33333333333333333333,278
VHMLung,left lung hilus,Pericytes,http://purl.obolibrary.org/obo/CL_0009089,217,2604
VHMLung,left lung hilus,Plasma cells,http://purl.obolibrary.org/obo/CL_0000786,202.33333333333333333333,2428
VHMLung,left lung hilus,Plasmacytoid DCs,http://purl.obolibrary.org/obo/CL_0001058,6.5,78
VHMLung,left lung hilus,SM activated stress response,http://purl.obolibrary.org/obo/CL_0000313,5,20
VHMLung,left lung hilus,SMG duct,http://purl.obolibrary.org/obo/CL_4033023,6,48
VHMLung,left lung hilus,SMG mucous,http://purl.obolibrary.org/obo/CL_4033022,46,276
VHMLung,left lung hilus,SMG serous (bronchial),http://purl.obolibrary.org/obo/CL_4033005,27.33333333333333333333,164
VHMLung,left lung hilus,SMG serous (nasal),http://purl.obolibrary.org/obo/CL_0000313,33,264
VHMLung,left lung hilus,Smooth muscle,http://purl.obolibrary.org/obo/CL_0000192,315.16666666666666666667,3782
VHMLung,left lung hilus,Subpleural fibroblasts,http://purl.obolibrary.org/obo/CL_4023054,4,8
VHMLung,left lung hilus,T cells proliferating,http://purl.obolibrary.org/obo/CL_0000084,4.4,44
VHMLung,left lung hilus,Transitional Club-AT2,https://purl.org/ccf/ASCTB-TEMP_transitional-club-at2,10.66666666666666666667,64
VHMLung,left lung hilus,Tuft,http://purl.obolibrary.org/obo/CL_0002075,6.25,50
VHMLung,left lung hilus,basal cell,http://purl.obolibrary.org/obo/CL_0000646,284,1704
VHMLung,left lung hilus,basophil,http://purl.obolibrary.org/obo/CL_0000767,363.33333333333333333333,2180
VHMLung,left lung hilus,bronchial smooth muscle cell,http://purl.obolibrary.org/obo/CL_0002598,34.66666666666666666667,208
VHMLung,left lung hilus,capillary endothelial cell,http://purl.obolibrary.org/obo/CL_0002144,1420.66666666666666666667,8524
VHMLung,left lung hilus,classical monocyte,http://purl.obolibrary.org/obo/CL_0000860,25.33333333333333333333,152
VHMLung,left lung hilus,club cell,http://purl.obolibrary.org/obo/CL_0000158,289,1734
VHMLung,left lung hilus,"effector CD4-positive, alpha-beta T cell",http://purl.obolibrary.org/obo/CL_0001044,36,216
VHMLung,left lung hilus,"effector CD8-positive, alpha-beta T cell",http://purl.obolibrary.org/obo/CL_0001050,337,2022
VHMLung,left lung hilus,endothelial cell of artery,http://purl.obolibrary.org/obo/CL_1000413,62.66666666666666666667,376
VHMLung,left lung hilus,endothelial cell of lymphatic vessel,http://purl.obolibrary.org/obo/CL_0002138,8,48
VHMLung,left lung hilus,fibroblast,http://purl.obolibrary.org/obo/CL_0000057,626.33333333333333333333,3758
VHMLung,left lung hilus,intermediate monocyte,http://purl.obolibrary.org/obo/CL_0002393,5,20
VHMLung,left lung hilus,lung ciliated cell,http://purl.obolibrary.org/obo/CL_1000271,145.33333333333333333333,872
VHMLung,left lung hilus,lung microvascular endothelial cell,http://purl.obolibrary.org/obo/CL_2000016,2.66666666666666666667,16
VHMLung,left lung hilus,macrophage,http://purl.obolibrary.org/obo/CL_0000235,131,786
VHMLung,left lung hilus,mature NK T cell,http://purl.obolibrary.org/obo/CL_0000814,60.66666666666666666667,364
VHMLung,left lung hilus,neutrophil,http://purl.obolibrary.org/obo/CL_0000775,20.66666666666666666667,124
VHMLung,left lung hilus,non-classical monocyte,http://purl.obolibrary.org/obo/CL_0000875,30.33333333333333333333,182
VHMLung,left lung hilus,pericyte,http://purl.obolibrary.org/obo/CL_0000669,43.66666666666666666667,262
VHMLung,left lung hilus,plasma cell,http://purl.obolibrary.org/obo/CL_0000786,39.66666666666666666667,238
VHMLung,left lung hilus,plasmacytoid dendritic cell,http://purl.obolibrary.org/obo/CL_0000784,1,2
VHMLung,left lung hilus,pre-TB secretory,http://purl.obolibrary.org/obo/CL_0019001,214.66666666666666666667,1288
VHMLung,left lung hilus,pulmonary ionocyte,http://purl.obolibrary.org/obo/CL_0017000,6,12
VHMLung,left lung hilus,respiratory goblet cell,http://purl.obolibrary.org/obo/CL_0002370,1,4
VHMLung,left lung hilus,serous cell of epithelium of bronchus,http://purl.obolibrary.org/obo/CL_1000331,1,4
VHMLung,left lung hilus,smooth muscle cell,http://purl.obolibrary.org/obo/CL_0000192,1,4
VHMLung,left lung hilus,type I pneumocyte,http://purl.obolibrary.org/obo/CL_0002062,638,3828
VHMLung,left lung hilus,type II pneumocyte,http://purl.obolibrary.org/obo/CL_0002063,2307,13842
VHMLung,left lung hilus,vascular associated smooth muscle cell,http://purl.obolibrary.org/obo/CL_0000359,8,48
VHMLung,left lung hilus,vein endothelial cell,http://purl.obolibrary.org/obo/CL_0002543,213.66666666666666666667,1282
VHMProstate,central zone of prostate,"CD8-positive, alpha-beta T cell",http://purl.obolibrary.org/obo/CL_0000625,151.75,4856
VHMProstate,central zone of prostate,basal cell of prostate epithelium,http://purl.obolibrary.org/obo/CL_0002341,1181.75,37816
VHMProstate,central zone of prostate,club cell,http://purl.obolibrary.org/obo/CL_0000158,1122.5,35920
VHMProstate,central zone of prostate,endothelial cell,http://purl.obolibrary.org/obo/CL_0000115,711,22752
VHMProstate,central zone of prostate,epithelial cell,http://purl.obolibrary.org/obo/CL_0000066,24.25,776
VHMProstate,central zone of prostate,fibroblast,http://purl.obolibrary.org/obo/CL_0000057,222,7104
VHMProstate,central zone of prostate,luminal cell of prostate epithelium,http://purl.obolibrary.org/obo/CL_0002340,2469.5,79024
VHMProstate,central zone of prostate,macrophage,http://purl.obolibrary.org/obo/CL_0000235,113.5,3632
VHMProstate,central zone of prostate,mature NK T cell,http://purl.obolibrary.org/obo/CL_0000814,35.25,1128
VHMProstate,central zone of prostate,monocyte,http://purl.obolibrary.org/obo/CL_0000576,113.75,3640
VHMProstate,central zone of prostate,smooth muscle cell,http://purl.obolibrary.org/obo/CL_0000192,548.5,17552
VHMProstate,central zone of prostate,stromal cell,http://purl.obolibrary.org/obo/CL_0000499,1071.5,34288
VHMProstate,peripheral zone of prostate,"CD8-positive, alpha-beta T cell",http://purl.obolibrary.org/obo/CL_0000625,151.75,4856
VHMProstate,peripheral zone of prostate,basal cell of prostate epithelium,http://purl.obolibrary.org/obo/CL_0002341,1181.75,37816
VHMProstate,peripheral zone of prostate,club cell,http://purl.obolibrary.org/obo/CL_0000158,1122.5,35920
VHMProstate,peripheral zone of prostate,endothelial cell,http://purl.obolibrary.org/obo/CL_0000115,711,22752
VHMProstate,peripheral zone of prostate,epithelial cell,http://purl.obolibrary.org/obo/CL_0000066,24.25,776
VHMProstate,peripheral zone of prostate,fibroblast,http://purl.obolibrary.org/obo/CL_0000057,222,7104
VHMProstate,peripheral zone of prostate,luminal cell of prostate epithelium,http://purl.obolibrary.org/obo/CL_0002340,2469.5,79024
VHMProstate,peripheral zone of prostate,macrophage,http://purl.obolibrary.org/obo/CL_0000235,113.5,3632
VHMProstate,peripheral zone of prostate,mature NK T cell,http://purl.obolibrary.org/obo/CL_0000814,35.25,1128
VHMProstate,peripheral zone of prostate,monocyte,http://purl.obolibrary.org/obo/CL_0000576,113.75,3640
VHMProstate,peripheral zone of prostate,smooth muscle cell,http://purl.obolibrary.org/obo/CL_0000192,548.5,17552
VHMProstate,peripheral zone of prostate,stromal cell,http://purl.obolibrary.org/obo/CL_0000499,1071.5,34288
VHMRightKidney,outer cortex of kidney,Afferent / Efferent Arteriole Endothelial,http://purl.obolibrary.org/obo/CL_1000412,54.74390243902439024390,4489
VHMRightKidney,outer cortex of kidney,Ascending Thin Limb,http://purl.obolibrary.org/obo/CL_1001107,2029.67857142857142857143,170493
VHMRightKidney,outer cortex of kidney,Ascending Vasa Recta Endothelial,http://purl.obolibrary.org/obo/CL_1001131,222.36585365853658536585,18234
VHMRightKidney,outer cortex of kidney,B,http://purl.obolibrary.org/obo/CL_0000236,42.74025974025974025974,3291
VHMRightKidney,outer cortex of kidney,Classical Dendritic,http://purl.obolibrary.org/obo/CL_0000990,124.30864197530864197531,10069
VHMRightKidney,outer cortex of kidney,Connecting Tubule,http://purl.obolibrary.org/obo/CL_1000768,2344.98809523809523809524,196979
VHMRightKidney,outer cortex of kidney,Connecting Tubule Intercalated Type A,http://purl.obolibrary.org/obo/CL_4030020,8.09722222222222222222,583
VHMRightKidney,outer cortex of kidney,Connecting Tubule Principal,http://purl.obolibrary.org/obo/CL_4030018,142.25,11949
VHMRightKidney,outer cortex of kidney,Cortical Collecting Duct Intercalated Type A,http://purl.obolibrary.org/obo/CL_1000715,286.47619047619047619048,24064
VHMRightKidney,outer cortex of kidney,Cortical Collecting Duct Principal,http://purl.obolibrary.org/obo/CL_1000714,819,68796
VHMRightKidney,outer cortex of kidney,Cortical Thick Ascending Limb,http://purl.obolibrary.org/obo/CL_1001109,6599.40476190476190476190,554350
VHMRightKidney,outer cortex of kidney,Cortical Vascular Smooth Muscle / Pericyte,http://purl.obolibrary.org/obo/CL_1001318,235.42424242424242424242,7769
VHMRightKidney,outer cortex of kidney,Cycling Mononuclear Phagocyte,http://purl.obolibrary.org/obo/CL_0000113,1,6
VHMRightKidney,outer cortex of kidney,Descending Thin Limb Type 1,http://purl.obolibrary.org/obo/CL_4030012,1269.35714285714285714286,106626
VHMRightKidney,outer cortex of kidney,Descending Thin Limb Type 2,http://purl.obolibrary.org/obo/CL_4030013,1240.91666666666666666667,104237
VHMRightKidney,outer cortex of kidney,Descending Thin Limb Type 3,http://purl.obolibrary.org/obo/CL_4030014,485.04761904761904761905,40744
VHMRightKidney,outer cortex of kidney,"Descending Vasa Recta Endothelial ",https://purl.org/ccf/ASCTB-TEMP_descending-vasa-recta-endothelial,400.10714285714285714286,33609
VHMRightKidney,outer cortex of kidney,Distal Convoluted Tubule Type 1,http://purl.obolibrary.org/obo/CL_4030016,2938.38095238095238095238,246824
VHMRightKidney,outer cortex of kidney,Distal Convoluted Tubule Type 2,http://purl.obolibrary.org/obo/CL_4030017,60.04761904761904761905,5044
VHMRightKidney,outer cortex of kidney,Fibroblast,http://purl.obolibrary.org/obo/CL_1000692,1196.10714285714285714286,100473
VHMRightKidney,outer cortex of kidney,Glomerular Capillary Endothelial,http://purl.obolibrary.org/obo/CL_1001005,167.57142857142857142857,14076
VHMRightKidney,outer cortex of kidney,Inner Medullary Collecting Duct,http://purl.obolibrary.org/obo/CL_1000718,6151.13095238095238095238,516695
VHMRightKidney,outer cortex of kidney,Intercalated Type B,http://purl.obolibrary.org/obo/CL_0002201,262.67857142857142857143,22065
VHMRightKidney,outer cortex of kidney,Lymphatic Endothelial,http://purl.obolibrary.org/obo/CL_0002138,14.09459459459459459459,1043
VHMRightKidney,outer cortex of kidney,M2 Macrophage,http://purl.obolibrary.org/obo/CL_0000890,83.28571428571428571429,6996
VHMRightKidney,outer cortex of kidney,Macula Densa,http://purl.obolibrary.org/obo/CL_1000850,868.88095238095238095238,72986
VHMRightKidney,outer cortex of kidney,Mast,http://purl.obolibrary.org/obo/CL_0000097,15.71641791044776119403,1053
VHMRightKidney,outer cortex of kidney,Medullary Fibroblast,http://purl.obolibrary.org/obo/CL_4030022,609,49329
VHMRightKidney,outer cortex of kidney,Medullary Thick Ascending Limb,http://purl.obolibrary.org/obo/CL_1001108,1374.19512195121951219512,112684
VHMRightKidney,outer cortex of kidney,Mesangial,http://purl.obolibrary.org/obo/CL_0000650,104.01190476190476190476,8737
VHMRightKidney,outer cortex of kidney,Monocyte-derived,http://purl.obolibrary.org/obo/CL_0011031,24.02380952380952380952,2018
VHMRightKidney,outer cortex of kidney,Natural Killer T,http://purl.obolibrary.org/obo/CL_0000814,4.42372881355932203390,261
VHMRightKidney,outer cortex of kidney,Neutrophil,http://purl.obolibrary.org/obo/CL_0000775,1,4
VHMRightKidney,outer cortex of kidney,Non-classical monocyte,http://purl.obolibrary.org/obo/CL_0000875,5.90384615384615384615,307
VHMRightKidney,outer cortex of kidney,Outer Medullary Collecting Duct Intercalated Type A,http://purl.obolibrary.org/obo/CL_1000717,201.15476190476190476190,16897
VHMRightKidney,outer cortex of kidney,Outer Medullary Collecting Duct Principal,http://purl.obolibrary.org/obo/CL_1000716,281.74390243902439024390,23103
VHMRightKidney,outer cortex of kidney,Papillary Tip Epithelial,http://purl.obolibrary.org/obo/CL_1000597,9.02857142857142857143,632
VHMRightKidney,outer cortex of kidney,Parietal Epithelial,http://purl.obolibrary.org/obo/CL_1000452,217.38095238095238095238,18260
VHMRightKidney,outer cortex of kidney,"Peritubular Capilary Endothelial ",https://purl.org/ccf/ASCTB-TEMP_peritubular-capilary-endothelial,305.17857142857142857143,25635
VHMRightKidney,outer cortex of kidney,Plasma,http://purl.obolibrary.org/obo/CL_0000786,12.80645161290322580645,794
VHMRightKidney,outer cortex of kidney,Plasmacytoid Dendritic,http://purl.obolibrary.org/obo/CL_0001058,1.86666666666666666667,28
VHMRightKidney,outer cortex of kidney,Podocyte,http://purl.obolibrary.org/obo/CL_0000653,303.72619047619047619048,25513
VHMRightKidney,outer cortex of kidney,Proximal Tubule Epithelial Segment 1,http://purl.obolibrary.org/obo/CL_4030009,3333.89285714285714285714,280047
VHMRightKidney,outer cortex of kidney,Proximal Tubule Epithelial Segment 2,http://purl.obolibrary.org/obo/CL_4030010,33.75641025641025641026,2633
VHMRightKidney,outer cortex of kidney,Proximal Tubule Epithelial Segment 3,http://purl.obolibrary.org/obo/CL_4030011,1988.03571428571428571429,166995
VHMRightKidney,outer cortex of kidney,Renin-positive Juxtaglomerular Granular,http://purl.obolibrary.org/obo/CL_0000648,4.56164383561643835616,333
VHMRightKidney,outer cortex of kidney,Schwann / Neural,http://purl.obolibrary.org/obo/CL_0002573,18.74603174603174603175,1181
VHMRightKidney,outer cortex of kidney,T,http://purl.obolibrary.org/obo/CL_0000084,26.125,2090
VHMRightKidney,outer cortex of kidney,Vascular Smooth Muscle / Pericyte,http://purl.obolibrary.org/obo/CL_1001318,238.19607843137254901961,12148
VHMRightKidney,renal papilla,Ascending Thin Limb,http://purl.obolibrary.org/obo/CL_1001107,40,80
VHMRightKidney,renal papilla,Ascending Vasa Recta Endothelial,http://purl.obolibrary.org/obo/CL_1001131,5,10
VHMRightKidney,renal papilla,B,http://purl.obolibrary.org/obo/CL_0000236,1,2
VHMRightKidney,renal papilla,Connecting Tubule,http://purl.obolibrary.org/obo/CL_1000768,34,68
VHMRightKidney,renal papilla,Cortical Collecting Duct Principal,http://purl.obolibrary.org/obo/CL_1000714,51,102
VHMRightKidney,renal papilla,Descending Thin Limb Type 1,http://purl.obolibrary.org/obo/CL_4030012,81,162
VHMRightKidney,renal papilla,Descending Thin Limb Type 3,http://purl.obolibrary.org/obo/CL_4030014,27,54
VHMRightKidney,renal papilla,"Descending Vasa Recta Endothelial ",https://purl.org/ccf/ASCTB-TEMP_descending-vasa-recta-endothelial,2,4
VHMRightKidney,renal papilla,Distal Convoluted Tubule Type 1,http://purl.obolibrary.org/obo/CL_4030016,3,6
VHMRightKidney,renal papilla,Inner Medullary Collecting Duct,http://purl.obolibrary.org/obo/CL_1000718,139,278
VHMRightKidney,renal papilla,Intercalated Type B,http://purl.obolibrary.org/obo/CL_0002201,17,34
VHMRightKidney,renal papilla,Macula Densa,http://purl.obolibrary.org/obo/CL_1000850,13,26
VHMRightKidney,renal papilla,Medullary Fibroblast,http://purl.obolibrary.org/obo/CL_4030022,39,78
VHMRightKidney,renal papilla,Medullary Thick Ascending Limb,http://purl.obolibrary.org/obo/CL_1001108,1,2
VHMRightKidney,renal papilla,Monocyte-derived,http://purl.obolibrary.org/obo/CL_0011031,3,6
VHMRightKidney,renal papilla,Natural Killer T,http://purl.obolibrary.org/obo/CL_0000814,1,2
VHMRightKidney,renal papilla,Non-classical monocyte,http://purl.obolibrary.org/obo/CL_0000875,2,4
VHMRightKidney,renal papilla,Outer Medullary Collecting Duct Intercalated Type A,http://purl.obolibrary.org/obo/CL_1000717,38,76
VHMRightKidney,renal papilla,Papillary Tip Epithelial,http://purl.obolibrary.org/obo/CL_1000597,1,2
VHMRightKidney,renal papilla,"Peritubular Capilary Endothelial ",https://purl.org/ccf/ASCTB-TEMP_peritubular-capilary-endothelial,2,4
VHMRightKidney,renal papilla,Plasma,http://purl.obolibrary.org/obo/CL_0000786,1,2
VHMRightKidney,renal pyramid,Afferent / Efferent Arteriole Endothelial,http://purl.obolibrary.org/obo/CL_1000412,1,2
VHMRightKidney,renal pyramid,Ascending Thin Limb,http://purl.obolibrary.org/obo/CL_1001107,39,156
VHMRightKidney,renal pyramid,Ascending Vasa Recta Endothelial,http://purl.obolibrary.org/obo/CL_1001131,54.33333333333333333333,326
VHMRightKidney,renal pyramid,B,http://purl.obolibrary.org/obo/CL_0000236,1,2
VHMRightKidney,renal pyramid,Connecting Tubule,http://purl.obolibrary.org/obo/CL_1000768,61.66666666666666666667,370
VHMRightKidney,renal pyramid,Connecting Tubule Intercalated Type A,http://purl.obolibrary.org/obo/CL_4030020,1,2
VHMRightKidney,renal pyramid,Connecting Tubule Principal,http://purl.obolibrary.org/obo/CL_4030018,49,196
VHMRightKidney,renal pyramid,Cortical Collecting Duct Intercalated Type A,http://purl.obolibrary.org/obo/CL_1000715,41,164
VHMRightKidney,renal pyramid,Cortical Collecting Duct Principal,http://purl.obolibrary.org/obo/CL_1000714,341.33333333333333333333,2048
VHMRightKidney,renal pyramid,Cortical Thick Ascending Limb,http://purl.obolibrary.org/obo/CL_1001109,1301,5204
VHMRightKidney,renal pyramid,Descending Thin Limb Type 1,http://purl.obolibrary.org/obo/CL_4030012,103,618
VHMRightKidney,renal pyramid,Descending Thin Limb Type 2,http://purl.obolibrary.org/obo/CL_4030013,118,472
VHMRightKidney,renal pyramid,Descending Thin Limb Type 3,http://purl.obolibrary.org/obo/CL_4030014,32,192
VHMRightKidney,renal pyramid,"Descending Vasa Recta Endothelial ",https://purl.org/ccf/ASCTB-TEMP_descending-vasa-recta-endothelial,76.66666666666666666667,460
VHMRightKidney,renal pyramid,Distal Convoluted Tubule Type 1,http://purl.obolibrary.org/obo/CL_4030016,79,474
VHMRightKidney,renal pyramid,Distal Convoluted Tubule Type 2,http://purl.obolibrary.org/obo/CL_4030017,1,4
VHMRightKidney,renal pyramid,Fibroblast,http://purl.obolibrary.org/obo/CL_1000692,23,92
VHMRightKidney,renal pyramid,Glomerular Capillary Endothelial,http://purl.obolibrary.org/obo/CL_1001005,24,96
VHMRightKidney,renal pyramid,Inner Medullary Collecting Duct,http://purl.obolibrary.org/obo/CL_1000718,153,918
VHMRightKidney,renal pyramid,Intercalated Type B,http://purl.obolibrary.org/obo/CL_0002201,12.33333333333333333333,74
VHMRightKidney,renal pyramid,Lymphatic Endothelial,http://purl.obolibrary.org/obo/CL_0002138,4,16
VHMRightKidney,renal pyramid,M2 Macrophage,http://purl.obolibrary.org/obo/CL_0000890,10,40
VHMRightKidney,renal pyramid,Macula Densa,http://purl.obolibrary.org/obo/CL_1000850,86,516
VHMRightKidney,renal pyramid,Medullary Fibroblast,http://purl.obolibrary.org/obo/CL_4030022,61,366
VHMRightKidney,renal pyramid,Medullary Thick Ascending Limb,http://purl.obolibrary.org/obo/CL_1001108,322.33333333333333333333,1934
VHMRightKidney,renal pyramid,Mesangial,http://purl.obolibrary.org/obo/CL_0000650,4.5,18
VHMRightKidney,renal pyramid,Monocyte-derived,http://purl.obolibrary.org/obo/CL_0011031,2,12
VHMRightKidney,renal pyramid,Natural Killer T,http://purl.obolibrary.org/obo/CL_0000814,1.5,6
VHMRightKidney,renal pyramid,Non-classical monocyte,http://purl.obolibrary.org/obo/CL_0000875,1.33333333333333333333,8
VHMRightKidney,renal pyramid,Outer Medullary Collecting Duct Intercalated Type A,http://purl.obolibrary.org/obo/CL_1000717,75,450
VHMRightKidney,renal pyramid,Outer Medullary Collecting Duct Principal,http://purl.obolibrary.org/obo/CL_1000716,78.5,314
VHMRightKidney,renal pyramid,Papillary Tip Epithelial,http://purl.obolibrary.org/obo/CL_1000597,1,2
VHMRightKidney,renal pyramid,Parietal Epithelial,http://purl.obolibrary.org/obo/CL_1000452,6,24
VHMRightKidney,renal pyramid,"Peritubular Capilary Endothelial ",https://purl.org/ccf/ASCTB-TEMP_peritubular-capilary-endothelial,65,390
VHMRightKidney,renal pyramid,Plasma,http://purl.obolibrary.org/obo/CL_0000786,1,2
VHMRightKidney,renal pyramid,Podocyte,http://purl.obolibrary.org/obo/CL_0000653,62.5,250
VHMRightKidney,renal pyramid,Proximal Tubule Epithelial Segment 1,http://purl.obolibrary.org/obo/CL_4030009,96,384
VHMRightKidney,renal pyramid,Proximal Tubule Epithelial Segment 2,http://purl.obolibrary.org/obo/CL_4030010,29,58
VHMRightKidney,renal pyramid,Proximal Tubule Epithelial Segment 3,http://purl.obolibrary.org/obo/CL_4030011,29.5,118
VHMRightKidney,renal pyramid,T,http://purl.obolibrary.org/obo/CL_0000084,7,28
VHMRightKidney,renal pyramid,Vascular Smooth Muscle / Pericyte,http://purl.obolibrary.org/obo/CL_1001318,40,160
VHMSkin,skin of body,CD141-positive myeloid dendritic cell,http://purl.obolibrary.org/obo/CL_0002394,5,10
VHMSkin,skin of body,CD1c-positive myeloid dendritic cell,http://purl.obolibrary.org/obo/CL_0002399,56,224
VHMSkin,skin of body,"CD4-positive, alpha-beta memory T cell",http://purl.obolibrary.org/obo/CL_0000897,54,108
VHMSkin,skin of body,"CD8-positive, alpha-beta cytotoxic T cell",http://purl.obolibrary.org/obo/CL_0000794,19.5,78
VHMSkin,skin of body,"CD8-positive, alpha-beta memory T cell",http://purl.obolibrary.org/obo/CL_0000909,24.5,98
VHMSkin,skin of body,Langerhans cell,http://purl.obolibrary.org/obo/CL_0000453,11,22
VHMSkin,skin of body,T cell,http://purl.obolibrary.org/obo/CL_0000084,41,82
VHMSkin,skin of body,endothelial cell,http://purl.obolibrary.org/obo/CL_0000115,458.5,1834
VHMSkin,skin of body,epithelial cell,http://purl.obolibrary.org/obo/CL_0000066,492.5,1970
VHMSkin,skin of body,macrophage,http://purl.obolibrary.org/obo/CL_0000235,43,172
VHMSkin,skin of body,mast cell,http://purl.obolibrary.org/obo/CL_0000097,9,18
VHMSkin,skin of body,mature NK T cell,http://purl.obolibrary.org/obo/CL_0000814,57.5,230
VHMSkin,skin of body,melanocyte,http://purl.obolibrary.org/obo/CL_0000148,410,1640
VHMSkin,skin of body,muscle cell,http://purl.obolibrary.org/obo/CL_0000187,45.5,182
VHMSkin,skin of body,"naive thymus-derived CD4-positive, alpha-beta T cell",http://purl.obolibrary.org/obo/CL_0000895,50,100
VHMSkin,skin of body,"naive thymus-derived CD8-positive, alpha-beta T cell",http://purl.obolibrary.org/obo/CL_0000900,20,80
VHMSkin,skin of body,plasma cell,http://purl.obolibrary.org/obo/CL_0000786,61.5,246
VHMSkin,skin of body,regulatory T cell,http://purl.obolibrary.org/obo/CL_0000815,91,182
VHMSkin,skin of body,smooth muscle cell,http://purl.obolibrary.org/obo/CL_0000192,361.5,1446
VHMSkin,skin of body,stromal cell,http://purl.obolibrary.org/obo/CL_0000499,463,1852
VHMSmallIntestine,ascending part of duodenum,Activated CD4 T,https://purl.org/ccf/ASCTB-TEMP_activated-cd4-t,2.33333333333333333333,7
VHMSmallIntestine,ascending part of duodenum,Activated CD8 T,https://purl.org/ccf/ASCTB-TEMP_activated-cd8-t,15.5,31
VHMSmallIntestine,ascending part of duodenum,Activated T,https://purl.org/ccf/ASCTB-TEMP_activated-t,100.14285714285714285714,701
VHMSmallIntestine,ascending part of duodenum,Adult Glia,https://purl.org/ccf/ASCTB-TEMP_adult-glia,18.66666666666666666667,112
VHMSmallIntestine,ascending part of duodenum,B cell,http://purl.obolibrary.org/obo/CL_0000236,2.5,5
VHMSmallIntestine,ascending part of duodenum,BEST2+ Goblet cell,https://purl.org/ccf/ASCTB-TEMP_best2-goblet-cell,2.33333333333333333333,7
VHMSmallIntestine,ascending part of duodenum,BEST4+ epithelial,https://purl.org/ccf/ASCTB-TEMP_best4-epithelial,27.14285714285714285714,190
VHMSmallIntestine,ascending part of duodenum,Branch A1 (iMN),https://purl.org/ccf/ASCTB-TEMP_branch-a1-imn-,2.5,15
VHMSmallIntestine,ascending part of duodenum,Branch A2 (IPAN/IN),https://purl.org/ccf/ASCTB-TEMP_branch-a2-ipan-in-,7.83333333333333333333,47
VHMSmallIntestine,ascending part of duodenum,Branch A3 (IPAN/IN),https://purl.org/ccf/ASCTB-TEMP_branch-a3-ipan-in-,6.4,32
VHMSmallIntestine,ascending part of duodenum,Branch A4 (IN),https://purl.org/ccf/ASCTB-TEMP_branch-a4-in-,8,48
VHMSmallIntestine,ascending part of duodenum,Branch B1 (eMN),https://purl.org/ccf/ASCTB-TEMP_branch-b1-emn-,37,259
VHMSmallIntestine,ascending part of duodenum,Branch B2 (eMN),https://purl.org/ccf/ASCTB-TEMP_branch-b2-emn-,1.33333333333333333333,4
VHMSmallIntestine,ascending part of duodenum,Branch B3 (IPAN),https://purl.org/ccf/ASCTB-TEMP_branch-b3-ipan-,6.66666666666666666667,20
VHMSmallIntestine,ascending part of duodenum,"CD4-positive, alpha-beta T cell",http://purl.obolibrary.org/obo/CL_0000624,35.75,143
VHMSmallIntestine,ascending part of duodenum,CD8 Tmem,https://purl.org/ccf/ASCTB-TEMP_cd8-tmem,7,35
VHMSmallIntestine,ascending part of duodenum,"CD8-positive, alpha-beta T cell",http://purl.obolibrary.org/obo/CL_0000625,33.33333333333333333333,200
VHMSmallIntestine,ascending part of duodenum,CLC+ Mast cell,https://purl.org/ccf/ASCTB-TEMP_clc-mast-cell,5.2,26
VHMSmallIntestine,ascending part of duodenum,CLDN10+ cells,https://purl.org/ccf/ASCTB-TEMP_cldn10-cells,6.25,25
VHMSmallIntestine,ascending part of duodenum,CLP,https://purl.org/ccf/ASCTB-TEMP_clp,5,15
VHMSmallIntestine,ascending part of duodenum,CX3CR1+ CD8 Tmem,https://purl.org/ccf/ASCTB-TEMP_cx3cr1-cd8-tmem,1.33333333333333333333,4
VHMSmallIntestine,ascending part of duodenum,Colonocyte,https://purl.org/ccf/ASCTB-TEMP_colonocyte,1,1
VHMSmallIntestine,ascending part of duodenum,Contractile pericyte (PLN+),https://purl.org/ccf/ASCTB-TEMP_contractile-pericyte-pln-,13.28571428571428571429,93
VHMSmallIntestine,ascending part of duodenum,Cycling B cell,https://purl.org/ccf/ASCTB-TEMP_cycling-b-cell,36.85714285714285714286,258
VHMSmallIntestine,ascending part of duodenum,Cycling plasma cell,https://purl.org/ccf/ASCTB-TEMP_cycling-plasma-cell,168.83333333333333333333,1013
VHMSmallIntestine,ascending part of duodenum,D cells (SST+),https://purl.org/ccf/ASCTB-TEMP_d-cells-sst-,11.33333333333333333333,68
VHMSmallIntestine,ascending part of duodenum,DZ GC cell,https://purl.org/ccf/ASCTB-TEMP_dz-gc-cell,9.16666666666666666667,55
VHMSmallIntestine,ascending part of duodenum,Distal progenitor,https://purl.org/ccf/ASCTB-TEMP_distal-progenitor,1.5,6
VHMSmallIntestine,ascending part of duodenum,EC cells (NPW+),https://purl.org/ccf/ASCTB-TEMP_ec-cells-npw-,3.33333333333333333333,10
VHMSmallIntestine,ascending part of duodenum,EC cells (TAC1+),https://purl.org/ccf/ASCTB-TEMP_ec-cells-tac1-,9.71428571428571428571,68
VHMSmallIntestine,ascending part of duodenum,EECs,https://purl.org/ccf/ASCTB-TEMP_eecs,107.71428571428571428571,754
VHMSmallIntestine,ascending part of duodenum,ENCC/glia Progenitor,https://purl.org/ccf/ASCTB-TEMP_encc-glia-progenitor,1.33333333333333333333,4
VHMSmallIntestine,ascending part of duodenum,Enterocyte,https://purl.org/ccf/ASCTB-TEMP_enterocyte,1232.85714285714285714286,8630
VHMSmallIntestine,ascending part of duodenum,FCRL4+ Memory B,https://purl.org/ccf/ASCTB-TEMP_fcrl4-memory-b,1.8,9
VHMSmallIntestine,ascending part of duodenum,FDC,https://purl.org/ccf/ASCTB-TEMP_fdc,5.33333333333333333333,16
VHMSmallIntestine,ascending part of duodenum,Fetal arterial EC,https://purl.org/ccf/ASCTB-TEMP_fetal-arterial-ec,5.25,21
VHMSmallIntestine,ascending part of duodenum,Fetal venous EC,https://purl.org/ccf/ASCTB-TEMP_fetal-venous-ec,3.25,13
VHMSmallIntestine,ascending part of duodenum,GC B cell,https://purl.org/ccf/ASCTB-TEMP_gc-b-cell,2,8
VHMSmallIntestine,ascending part of duodenum,Germ,https://purl.org/ccf/ASCTB-TEMP_germ,3.66666666666666666667,11
VHMSmallIntestine,ascending part of duodenum,Glia 1 (DHH+),https://purl.org/ccf/ASCTB-TEMP_glia-1-dhh-,2,8
VHMSmallIntestine,ascending part of duodenum,Glia 2 (ELN+),https://purl.org/ccf/ASCTB-TEMP_glia-2-eln-,8,40
VHMSmallIntestine,ascending part of duodenum,Glia 3 (BCAN+),https://purl.org/ccf/ASCTB-TEMP_glia-3-bcan-,4,24
VHMSmallIntestine,ascending part of duodenum,Goblet cell,https://purl.org/ccf/ASCTB-TEMP_goblet-cell,118.71428571428571428571,831
VHMSmallIntestine,ascending part of duodenum,I cells (CCK+),https://purl.org/ccf/ASCTB-TEMP_i-cells-cck-,11,66
VHMSmallIntestine,ascending part of duodenum,ICC,https://purl.org/ccf/ASCTB-TEMP_icc,2.33333333333333333333,7
VHMSmallIntestine,ascending part of duodenum,ILC2,https://purl.org/ccf/ASCTB-TEMP_ilc2,2,8
VHMSmallIntestine,ascending part of duodenum,ILC3,https://purl.org/ccf/ASCTB-TEMP_ilc3,1.25,5
VHMSmallIntestine,ascending part of duodenum,ILCP,https://purl.org/ccf/ASCTB-TEMP_ilcp,7,28
VHMSmallIntestine,ascending part of duodenum,IgA plasma cell,https://purl.org/ccf/ASCTB-TEMP_iga-plasma-cell,10.75,43
VHMSmallIntestine,ascending part of duodenum,IgG plasma cell,https://purl.org/ccf/ASCTB-TEMP_igg-plasma-cell,6.8,34
VHMSmallIntestine,ascending part of duodenum,IgM plasma cell,https://purl.org/ccf/ASCTB-TEMP_igm-plasma-cell,1,1
VHMSmallIntestine,ascending part of duodenum,Immature B,https://purl.org/ccf/ASCTB-TEMP_immature-b,1,3
VHMSmallIntestine,ascending part of duodenum,Immature pericyte,https://purl.org/ccf/ASCTB-TEMP_immature-pericyte,3,15
VHMSmallIntestine,ascending part of duodenum,K cells (GIP+),https://purl.org/ccf/ASCTB-TEMP_k-cells-gip-,12.33333333333333333333,74
VHMSmallIntestine,ascending part of duodenum,L cells (PYY+),https://purl.org/ccf/ASCTB-TEMP_l-cells-pyy-,6.33333333333333333333,38
VHMSmallIntestine,ascending part of duodenum,LEC1 (ACKR4+),https://purl.org/ccf/ASCTB-TEMP_lec1-ackr4-,20.5,123
VHMSmallIntestine,ascending part of duodenum,LEC2 (MADCAM1+),https://purl.org/ccf/ASCTB-TEMP_lec2-madcam1-,1.33333333333333333333,4
VHMSmallIntestine,ascending part of duodenum,LEC3 (ADGRG3+),https://purl.org/ccf/ASCTB-TEMP_lec3-adgrg3-,8.66666666666666666667,52
VHMSmallIntestine,ascending part of duodenum,LEC4 (STAB2+),https://purl.org/ccf/ASCTB-TEMP_lec4-stab2-,7.42857142857142857143,52
VHMSmallIntestine,ascending part of duodenum,LEC5 (CLDN11+),https://purl.org/ccf/ASCTB-TEMP_lec5-cldn11-,2,6
VHMSmallIntestine,ascending part of duodenum,LEC6 (ADAMTS4+),https://purl.org/ccf/ASCTB-TEMP_lec6-adamts4-,6.8,34
VHMSmallIntestine,ascending part of duodenum,LTi-like NCR+ ILC3,https://purl.org/ccf/ASCTB-TEMP_lti-like-ncr-ilc3,3,6
VHMSmallIntestine,ascending part of duodenum,LTi-like NCR- ILC3,https://purl.org/ccf/ASCTB-TEMP_lti-like-ncr-ilc3,8,32
VHMSmallIntestine,ascending part of duodenum,LYVE1+ Macrophage,https://purl.org/ccf/ASCTB-TEMP_lyve1-macrophage,22,110
VHMSmallIntestine,ascending part of duodenum,LZ GC cell,https://purl.org/ccf/ASCTB-TEMP_lz-gc-cell,1.5,3
VHMSmallIntestine,ascending part of duodenum,Lymphoid DC,https://purl.org/ccf/ASCTB-TEMP_lymphoid-dc,6.33333333333333333333,38
VHMSmallIntestine,ascending part of duodenum,M/X cells (MLN/GHRL+),https://purl.org/ccf/ASCTB-TEMP_m-x-cells-mln-ghrl-,6.28571428571428571429,44
VHMSmallIntestine,ascending part of duodenum,MAIT cell,https://purl.org/ccf/ASCTB-TEMP_mait-cell,4.4,22
VHMSmallIntestine,ascending part of duodenum,MMP9+ Inflammatory macrophage,https://purl.org/ccf/ASCTB-TEMP_mmp9-inflammatory-macrophage,10,40
VHMSmallIntestine,ascending part of duodenum,MPO+ mono-neutrophil,https://purl.org/ccf/ASCTB-TEMP_mpo-mono-neutrophil,4,12
VHMSmallIntestine,ascending part of duodenum,Macrophages,https://purl.org/ccf/ASCTB-TEMP_macrophages,11.66666666666666666667,70
VHMSmallIntestine,ascending part of duodenum,Mast cell,https://purl.org/ccf/ASCTB-TEMP_mast-cell,9.25,37
VHMSmallIntestine,ascending part of duodenum,Mature arterial EC,https://purl.org/ccf/ASCTB-TEMP_mature-arterial-ec,12.83333333333333333333,77
VHMSmallIntestine,ascending part of duodenum,Mature venous EC,https://purl.org/ccf/ASCTB-TEMP_mature-venous-ec,18.83333333333333333333,113
VHMSmallIntestine,ascending part of duodenum,Megakaryocyte,https://purl.org/ccf/ASCTB-TEMP_megakaryocyte,7.5,30
VHMSmallIntestine,ascending part of duodenum,Memory B,https://purl.org/ccf/ASCTB-TEMP_memory-b,9.2,46
VHMSmallIntestine,ascending part of duodenum,Mesoderm 1 (HAND1+),https://purl.org/ccf/ASCTB-TEMP_mesoderm-1-hand1-,284.4,1422
VHMSmallIntestine,ascending part of duodenum,Mesoderm 2 (ZEB2+),https://purl.org/ccf/ASCTB-TEMP_mesoderm-2-zeb2-,1,1
VHMSmallIntestine,ascending part of duodenum,Mesothelium,https://purl.org/ccf/ASCTB-TEMP_mesothelium,1.5,3
VHMSmallIntestine,ascending part of duodenum,Mesothelium (PRG4+),https://purl.org/ccf/ASCTB-TEMP_mesothelium-prg4-,3,3
VHMSmallIntestine,ascending part of duodenum,Mesothelium (RGS5+),https://purl.org/ccf/ASCTB-TEMP_mesothelium-rgs5-,8.6,43
VHMSmallIntestine,ascending part of duodenum,Microfold cell,https://purl.org/ccf/ASCTB-TEMP_microfold-cell,162.85714285714285714286,1140
VHMSmallIntestine,ascending part of duodenum,Monocytes,https://purl.org/ccf/ASCTB-TEMP_monocytes,6.66666666666666666667,40
VHMSmallIntestine,ascending part of duodenum,N cells (NTS+),https://purl.org/ccf/ASCTB-TEMP_n-cells-nts-,4,8
VHMSmallIntestine,ascending part of duodenum,NK T cell,https://purl.org/ccf/ASCTB-TEMP_nk-t-cell,10.8,54
VHMSmallIntestine,ascending part of duodenum,NK cell,https://purl.org/ccf/ASCTB-TEMP_nk-cell,28.83333333333333333333,173
VHMSmallIntestine,ascending part of duodenum,Naive B,https://purl.org/ccf/ASCTB-TEMP_naive-b,4.6,23
VHMSmallIntestine,ascending part of duodenum,Neuroblast,https://purl.org/ccf/ASCTB-TEMP_neuroblast,2.8,14
VHMSmallIntestine,ascending part of duodenum,Paneth,https://purl.org/ccf/ASCTB-TEMP_paneth,225.5,1353
VHMSmallIntestine,ascending part of duodenum,Pericyte,https://purl.org/ccf/ASCTB-TEMP_pericyte,7,42
VHMSmallIntestine,ascending part of duodenum,Pre-B,https://purl.org/ccf/ASCTB-TEMP_pre-b,11.16666666666666666667,67
VHMSmallIntestine,ascending part of duodenum,Pro-B,https://purl.org/ccf/ASCTB-TEMP_pro-b,4,12
VHMSmallIntestine,ascending part of duodenum,Progenitor (NEUROG3+),https://purl.org/ccf/ASCTB-TEMP_progenitor-neurog3-,7,42
VHMSmallIntestine,ascending part of duodenum,Proximal progenitor,https://purl.org/ccf/ASCTB-TEMP_proximal-progenitor,69.33333333333333333333,416
VHMSmallIntestine,ascending part of duodenum,RBC,https://purl.org/ccf/ASCTB-TEMP_rbc,8.66666666666666666667,26
VHMSmallIntestine,ascending part of duodenum,SELL+ CD4 T,https://purl.org/ccf/ASCTB-TEMP_sell-cd4-t,6,30
VHMSmallIntestine,ascending part of duodenum,SELL+ CD8 T,https://purl.org/ccf/ASCTB-TEMP_sell-cd8-t,21.33333333333333333333,128
VHMSmallIntestine,ascending part of duodenum,SMC (PART1/CAPN3+),https://purl.org/ccf/ASCTB-TEMP_smc-part1-capn3-,11,77
VHMSmallIntestine,ascending part of duodenum,SMC (PLPP2+),https://purl.org/ccf/ASCTB-TEMP_smc-plpp2-,31,186
VHMSmallIntestine,ascending part of duodenum,STAT1+ Naive B,https://purl.org/ccf/ASCTB-TEMP_stat1-naive-b,15.57142857142857142857,109
VHMSmallIntestine,ascending part of duodenum,Stem cells,https://purl.org/ccf/ASCTB-TEMP_stem-cells,96,672
VHMSmallIntestine,ascending part of duodenum,Stromal 1 (ADAMDEC1+),https://purl.org/ccf/ASCTB-TEMP_stromal-1-adamdec1-,1,1
VHMSmallIntestine,ascending part of duodenum,Stromal 1 (CCL11+),https://purl.org/ccf/ASCTB-TEMP_stromal-1-ccl11-,42,252
VHMSmallIntestine,ascending part of duodenum,Stromal 2 (CH25H+),https://purl.org/ccf/ASCTB-TEMP_stromal-2-ch25h-,2,8
VHMSmallIntestine,ascending part of duodenum,Stromal 2 (NPY+),https://purl.org/ccf/ASCTB-TEMP_stromal-2-npy-,14.16666666666666666667,85
VHMSmallIntestine,ascending part of duodenum,Stromal 3 (C7+),https://purl.org/ccf/ASCTB-TEMP_stromal-3-c7-,6.83333333333333333333,41
VHMSmallIntestine,ascending part of duodenum,Stromal 3 (KCNN3+),https://purl.org/ccf/ASCTB-TEMP_stromal-3-kcnn3-,13.4,67
VHMSmallIntestine,ascending part of duodenum,Stromal 4 (MMP1+),https://purl.org/ccf/ASCTB-TEMP_stromal-4-mmp1-,1.4,7
VHMSmallIntestine,ascending part of duodenum,T reticular,https://purl.org/ccf/ASCTB-TEMP_t-reticular,5.6,28
VHMSmallIntestine,ascending part of duodenum,TA,https://purl.org/ccf/ASCTB-TEMP_ta,43.33333333333333333333,260
VHMSmallIntestine,ascending part of duodenum,TRDV2/TRGV9 gdT,https://purl.org/ccf/ASCTB-TEMP_trdv2-trgv9-gdt,6.33333333333333333333,38
VHMSmallIntestine,ascending part of duodenum,TRGV2 gdT,https://purl.org/ccf/ASCTB-TEMP_trgv2-gdt,45,315
VHMSmallIntestine,ascending part of duodenum,TRGV4 gdT,https://purl.org/ccf/ASCTB-TEMP_trgv4-gdt,8.57142857142857142857,60
VHMSmallIntestine,ascending part of duodenum,TRGV5/7 gdT,https://purl.org/ccf/ASCTB-TEMP_trgv5-7-gdt,2,4
VHMSmallIntestine,ascending part of duodenum,Tfh,https://purl.org/ccf/ASCTB-TEMP_tfh,40.16666666666666666667,241
VHMSmallIntestine,ascending part of duodenum,Th1,https://purl.org/ccf/ASCTB-TEMP_th1,4.8,24
VHMSmallIntestine,ascending part of duodenum,Th17,https://purl.org/ccf/ASCTB-TEMP_th17,3.66666666666666666667,22
VHMSmallIntestine,ascending part of duodenum,Transitional Stromal 3 (C3+),https://purl.org/ccf/ASCTB-TEMP_transitional-stromal-3-c3-,23.33333333333333333333,140
VHMSmallIntestine,ascending part of duodenum,Treg,https://purl.org/ccf/ASCTB-TEMP_treg,3.66666666666666666667,22
VHMSmallIntestine,ascending part of duodenum,Tuft,https://purl.org/ccf/ASCTB-TEMP_tuft,36.14285714285714285714,253
VHMSmallIntestine,ascending part of duodenum,angiogenic pericyte,https://purl.org/ccf/ASCTB-TEMP_angiogenic-pericyte,5.5,22
VHMSmallIntestine,ascending part of duodenum,arterial capillary,https://purl.org/ccf/ASCTB-TEMP_arterial-capillary,40,240
VHMSmallIntestine,ascending part of duodenum,cDC1,https://purl.org/ccf/ASCTB-TEMP_cdc1,7,28
VHMSmallIntestine,ascending part of duodenum,cDC2,https://purl.org/ccf/ASCTB-TEMP_cdc2,36.75,147
VHMSmallIntestine,ascending part of duodenum,cycling EC,https://purl.org/ccf/ASCTB-TEMP_cycling-ec,7.42857142857142857143,52
VHMSmallIntestine,ascending part of duodenum,cycling ENCC/glia,https://purl.org/ccf/ASCTB-TEMP_cycling-encc-glia,2,6
VHMSmallIntestine,ascending part of duodenum,cycling neuroblast,https://purl.org/ccf/ASCTB-TEMP_cycling-neuroblast,1,2
VHMSmallIntestine,ascending part of duodenum,enterocyte of epithelium of small intestine,http://purl.obolibrary.org/obo/CL_1000334,2476.28571428571428571429,17334
VHMSmallIntestine,ascending part of duodenum,fibroblast,http://purl.obolibrary.org/obo/CL_0000057,118.33333333333333333333,710
VHMSmallIntestine,ascending part of duodenum,gdT,https://purl.org/ccf/ASCTB-TEMP_gdt,1,2
VHMSmallIntestine,ascending part of duodenum,gut endothelial cell,http://purl.obolibrary.org/obo/CL_0000131,30.33333333333333333333,182
VHMSmallIntestine,ascending part of duodenum,intestinal enteroendocrine cell,http://purl.obolibrary.org/obo/CL_0009006,19.2,96
VHMSmallIntestine,ascending part of duodenum,intestinal tuft cell,http://purl.obolibrary.org/obo/CL_0009080,162.83333333333333333333,977
VHMSmallIntestine,ascending part of duodenum,mLN Stroma (FMO2+),https://purl.org/ccf/ASCTB-TEMP_mln-stroma-fmo2-,8,16
VHMSmallIntestine,ascending part of duodenum,mLTo,https://purl.org/ccf/ASCTB-TEMP_mlto,7.16666666666666666667,43
VHMSmallIntestine,ascending part of duodenum,mast cell,http://purl.obolibrary.org/obo/CL_0000097,12.66666666666666666667,38
VHMSmallIntestine,ascending part of duodenum,monocyte,http://purl.obolibrary.org/obo/CL_0000576,17.66666666666666666667,53
VHMSmallIntestine,ascending part of duodenum,myofibroblast,https://purl.org/ccf/ASCTB-TEMP_myofibroblast,26.42857142857142857143,185
VHMSmallIntestine,ascending part of duodenum,myofibroblast (RSPO2+),https://purl.org/ccf/ASCTB-TEMP_myofibroblast-rspo2-,38.5,231
VHMSmallIntestine,ascending part of duodenum,neutrophil,http://purl.obolibrary.org/obo/CL_0000775,58.66666666666666666667,352
VHMSmallIntestine,ascending part of duodenum,pDC,https://purl.org/ccf/ASCTB-TEMP_pdc,1.25,5
VHMSmallIntestine,ascending part of duodenum,paneth cell of epithelium of small intestine,http://purl.obolibrary.org/obo/CL_1000343,121.85714285714285714286,853
VHMSmallIntestine,ascending part of duodenum,plasma cell,http://purl.obolibrary.org/obo/CL_0000786,42.6,213
VHMSmallIntestine,ascending part of duodenum,small intestine goblet cell,http://purl.obolibrary.org/obo/CL_1000495,140,840
VHMSmallIntestine,ascending part of duodenum,transit amplifying cell of small intestine,http://purl.obolibrary.org/obo/CL_0009012,2,2
VHMSmallIntestine,ascending part of duodenum,venous capillary,https://purl.org/ccf/ASCTB-TEMP_venous-capillary,4,4
VHMSmallIntestine,descending part of duodenum,Activated CD4 T,https://purl.org/ccf/ASCTB-TEMP_activated-cd4-t,2,4
VHMSmallIntestine,descending part of duodenum,Activated CD8 T,https://purl.org/ccf/ASCTB-TEMP_activated-cd8-t,2,2
VHMSmallIntestine,descending part of duodenum,Activated T,https://purl.org/ccf/ASCTB-TEMP_activated-t,93.33333333333333333333,560
VHMSmallIntestine,descending part of duodenum,Adult Glia,https://purl.org/ccf/ASCTB-TEMP_adult-glia,31,155
VHMSmallIntestine,descending part of duodenum,B cell,http://purl.obolibrary.org/obo/CL_0000236,1,1
VHMSmallIntestine,descending part of duodenum,BEST2+ Goblet cell,https://purl.org/ccf/ASCTB-TEMP_best2-goblet-cell,12,36
VHMSmallIntestine,descending part of duodenum,BEST4+ epithelial,https://purl.org/ccf/ASCTB-TEMP_best4-epithelial,23,115
VHMSmallIntestine,descending part of duodenum,Branch A1 (iMN),https://purl.org/ccf/ASCTB-TEMP_branch-a1-imn-,7.5,15
VHMSmallIntestine,descending part of duodenum,Branch A2 (IPAN/IN),https://purl.org/ccf/ASCTB-TEMP_branch-a2-ipan-in-,10,40
VHMSmallIntestine,descending part of duodenum,Branch A3 (IPAN/IN),https://purl.org/ccf/ASCTB-TEMP_branch-a3-ipan-in-,13.33333333333333333333,40
VHMSmallIntestine,descending part of duodenum,Branch A4 (IN),https://purl.org/ccf/ASCTB-TEMP_branch-a4-in-,12.6,63
VHMSmallIntestine,descending part of duodenum,Branch B1 (eMN),https://purl.org/ccf/ASCTB-TEMP_branch-b1-emn-,39.83333333333333333333,239
VHMSmallIntestine,descending part of duodenum,Branch B2 (eMN),https://purl.org/ccf/ASCTB-TEMP_branch-b2-emn-,2,2
VHMSmallIntestine,descending part of duodenum,Branch B3 (IPAN),https://purl.org/ccf/ASCTB-TEMP_branch-b3-ipan-,5.5,22
VHMSmallIntestine,descending part of duodenum,"CD4-positive, alpha-beta T cell",http://purl.obolibrary.org/obo/CL_0000624,12.5,25
VHMSmallIntestine,descending part of duodenum,CD8 Tmem,https://purl.org/ccf/ASCTB-TEMP_cd8-tmem,7.75,31
VHMSmallIntestine,descending part of duodenum,"CD8-positive, alpha-beta T cell",http://purl.obolibrary.org/obo/CL_0000625,12.33333333333333333333,37
VHMSmallIntestine,descending part of duodenum,CLC+ Mast cell,https://purl.org/ccf/ASCTB-TEMP_clc-mast-cell,2.2,11
VHMSmallIntestine,descending part of duodenum,CLDN10+ cells,https://purl.org/ccf/ASCTB-TEMP_cldn10-cells,22.2,111
VHMSmallIntestine,descending part of duodenum,CLP,https://purl.org/ccf/ASCTB-TEMP_clp,4.75,19
VHMSmallIntestine,descending part of duodenum,CX3CR1+ CD8 Tmem,https://purl.org/ccf/ASCTB-TEMP_cx3cr1-cd8-tmem,1.5,3
VHMSmallIntestine,descending part of duodenum,Colonocyte,https://purl.org/ccf/ASCTB-TEMP_colonocyte,1,1
VHMSmallIntestine,descending part of duodenum,Contractile pericyte (PLN+),https://purl.org/ccf/ASCTB-TEMP_contractile-pericyte-pln-,22.6,113
VHMSmallIntestine,descending part of duodenum,Cycling B cell,https://purl.org/ccf/ASCTB-TEMP_cycling-b-cell,48.6,243
VHMSmallIntestine,descending part of duodenum,Cycling plasma cell,https://purl.org/ccf/ASCTB-TEMP_cycling-plasma-cell,176.66666666666666666667,1060
VHMSmallIntestine,descending part of duodenum,D cells (SST+),https://purl.org/ccf/ASCTB-TEMP_d-cells-sst-,17.6,88
VHMSmallIntestine,descending part of duodenum,DZ GC cell,https://purl.org/ccf/ASCTB-TEMP_dz-gc-cell,14.8,74
VHMSmallIntestine,descending part of duodenum,Differentiating glia,https://purl.org/ccf/ASCTB-TEMP_differentiating-glia,1,1
VHMSmallIntestine,descending part of duodenum,Distal progenitor,https://purl.org/ccf/ASCTB-TEMP_distal-progenitor,3.66666666666666666667,11
VHMSmallIntestine,descending part of duodenum,EC cells (NPW+),https://purl.org/ccf/ASCTB-TEMP_ec-cells-npw-,6,18
VHMSmallIntestine,descending part of duodenum,EC cells (TAC1+),https://purl.org/ccf/ASCTB-TEMP_ec-cells-tac1-,13,52
VHMSmallIntestine,descending part of duodenum,EECs,https://purl.org/ccf/ASCTB-TEMP_eecs,81.16666666666666666667,487
VHMSmallIntestine,descending part of duodenum,ENCC/glia Progenitor,https://purl.org/ccf/ASCTB-TEMP_encc-glia-progenitor,1.5,3
VHMSmallIntestine,descending part of duodenum,Enterocyte,https://purl.org/ccf/ASCTB-TEMP_enterocyte,918.16666666666666666667,5509
VHMSmallIntestine,descending part of duodenum,FCRL4+ Memory B,https://purl.org/ccf/ASCTB-TEMP_fcrl4-memory-b,5,25
VHMSmallIntestine,descending part of duodenum,FDC,https://purl.org/ccf/ASCTB-TEMP_fdc,6.2,31
VHMSmallIntestine,descending part of duodenum,Fetal arterial EC,https://purl.org/ccf/ASCTB-TEMP_fetal-arterial-ec,4.33333333333333333333,13
VHMSmallIntestine,descending part of duodenum,Fetal venous EC,https://purl.org/ccf/ASCTB-TEMP_fetal-venous-ec,3.2,16
VHMSmallIntestine,descending part of duodenum,GC B cell,https://purl.org/ccf/ASCTB-TEMP_gc-b-cell,5,15
VHMSmallIntestine,descending part of duodenum,Germ,https://purl.org/ccf/ASCTB-TEMP_germ,6.33333333333333333333,19
VHMSmallIntestine,descending part of duodenum,Glia 1 (DHH+),https://purl.org/ccf/ASCTB-TEMP_glia-1-dhh-,3.5,7
VHMSmallIntestine,descending part of duodenum,Glia 2 (ELN+),https://purl.org/ccf/ASCTB-TEMP_glia-2-eln-,6.4,32
VHMSmallIntestine,descending part of duodenum,Glia 3 (BCAN+),https://purl.org/ccf/ASCTB-TEMP_glia-3-bcan-,12.6,63
VHMSmallIntestine,descending part of duodenum,Goblet cell,https://purl.org/ccf/ASCTB-TEMP_goblet-cell,128.33333333333333333333,770
VHMSmallIntestine,descending part of duodenum,I cells (CCK+),https://purl.org/ccf/ASCTB-TEMP_i-cells-cck-,21.66666666666666666667,130
VHMSmallIntestine,descending part of duodenum,ICC,https://purl.org/ccf/ASCTB-TEMP_icc,1.5,3
VHMSmallIntestine,descending part of duodenum,ILC2,https://purl.org/ccf/ASCTB-TEMP_ilc2,1.33333333333333333333,4
VHMSmallIntestine,descending part of duodenum,ILC3,https://purl.org/ccf/ASCTB-TEMP_ilc3,3.75,15
VHMSmallIntestine,descending part of duodenum,ILCP,https://purl.org/ccf/ASCTB-TEMP_ilcp,3.66666666666666666667,11
VHMSmallIntestine,descending part of duodenum,IgA plasma cell,https://purl.org/ccf/ASCTB-TEMP_iga-plasma-cell,2.66666666666666666667,8
VHMSmallIntestine,descending part of duodenum,IgG plasma cell,https://purl.org/ccf/ASCTB-TEMP_igg-plasma-cell,6.5,26
VHMSmallIntestine,descending part of duodenum,IgM plasma cell,https://purl.org/ccf/ASCTB-TEMP_igm-plasma-cell,1,1
VHMSmallIntestine,descending part of duodenum,Immature B,https://purl.org/ccf/ASCTB-TEMP_immature-b,1,1
VHMSmallIntestine,descending part of duodenum,Immature pericyte,https://purl.org/ccf/ASCTB-TEMP_immature-pericyte,8,16
VHMSmallIntestine,descending part of duodenum,K cells (GIP+),https://purl.org/ccf/ASCTB-TEMP_k-cells-gip-,32,160
VHMSmallIntestine,descending part of duodenum,L cells (PYY+),https://purl.org/ccf/ASCTB-TEMP_l-cells-pyy-,10.2,51
VHMSmallIntestine,descending part of duodenum,LEC1 (ACKR4+),https://purl.org/ccf/ASCTB-TEMP_lec1-ackr4-,15.33333333333333333333,92
VHMSmallIntestine,descending part of duodenum,LEC2 (MADCAM1+),https://purl.org/ccf/ASCTB-TEMP_lec2-madcam1-,6.33333333333333333333,19
VHMSmallIntestine,descending part of duodenum,LEC3 (ADGRG3+),https://purl.org/ccf/ASCTB-TEMP_lec3-adgrg3-,6.4,32
VHMSmallIntestine,descending part of duodenum,LEC4 (STAB2+),https://purl.org/ccf/ASCTB-TEMP_lec4-stab2-,8.2,41
VHMSmallIntestine,descending part of duodenum,LEC5 (CLDN11+),https://purl.org/ccf/ASCTB-TEMP_lec5-cldn11-,1.5,3
VHMSmallIntestine,descending part of duodenum,LEC6 (ADAMTS4+),https://purl.org/ccf/ASCTB-TEMP_lec6-adamts4-,4.66666666666666666667,28
VHMSmallIntestine,descending part of duodenum,LTi-like NCR+ ILC3,https://purl.org/ccf/ASCTB-TEMP_lti-like-ncr-ilc3,2.5,5
VHMSmallIntestine,descending part of duodenum,LTi-like NCR- ILC3,https://purl.org/ccf/ASCTB-TEMP_lti-like-ncr-ilc3,8,16
VHMSmallIntestine,descending part of duodenum,LYVE1+ Macrophage,https://purl.org/ccf/ASCTB-TEMP_lyve1-macrophage,6.4,32
VHMSmallIntestine,descending part of duodenum,LZ GC cell,https://purl.org/ccf/ASCTB-TEMP_lz-gc-cell,1.66666666666666666667,5
VHMSmallIntestine,descending part of duodenum,Lymphoid DC,https://purl.org/ccf/ASCTB-TEMP_lymphoid-dc,7.6,38
VHMSmallIntestine,descending part of duodenum,M/X cells (MLN/GHRL+),https://purl.org/ccf/ASCTB-TEMP_m-x-cells-mln-ghrl-,11.16666666666666666667,67
VHMSmallIntestine,descending part of duodenum,MAIT cell,https://purl.org/ccf/ASCTB-TEMP_mait-cell,7.8,39
VHMSmallIntestine,descending part of duodenum,MMP9+ Inflammatory macrophage,https://purl.org/ccf/ASCTB-TEMP_mmp9-inflammatory-macrophage,8.75,35
VHMSmallIntestine,descending part of duodenum,MPO+ mono-neutrophil,https://purl.org/ccf/ASCTB-TEMP_mpo-mono-neutrophil,3,15
VHMSmallIntestine,descending part of duodenum,Macrophages,https://purl.org/ccf/ASCTB-TEMP_macrophages,12,36
VHMSmallIntestine,descending part of duodenum,Mast cell,https://purl.org/ccf/ASCTB-TEMP_mast-cell,12.4,62
VHMSmallIntestine,descending part of duodenum,Mature arterial EC,https://purl.org/ccf/ASCTB-TEMP_mature-arterial-ec,10.8,54
VHMSmallIntestine,descending part of duodenum,Mature venous EC,https://purl.org/ccf/ASCTB-TEMP_mature-venous-ec,13,65
VHMSmallIntestine,descending part of duodenum,Megakaryocyte,https://purl.org/ccf/ASCTB-TEMP_megakaryocyte,6.5,26
VHMSmallIntestine,descending part of duodenum,Memory B,https://purl.org/ccf/ASCTB-TEMP_memory-b,17,34
VHMSmallIntestine,descending part of duodenum,Mesoderm 1 (HAND1+),https://purl.org/ccf/ASCTB-TEMP_mesoderm-1-hand1-,298.33333333333333333333,895
VHMSmallIntestine,descending part of duodenum,Mesothelium,https://purl.org/ccf/ASCTB-TEMP_mesothelium,1.5,3
VHMSmallIntestine,descending part of duodenum,Mesothelium (PRG4+),https://purl.org/ccf/ASCTB-TEMP_mesothelium-prg4-,1,1
VHMSmallIntestine,descending part of duodenum,Mesothelium (RGS5+),https://purl.org/ccf/ASCTB-TEMP_mesothelium-rgs5-,9.75,39
VHMSmallIntestine,descending part of duodenum,Microfold cell,https://purl.org/ccf/ASCTB-TEMP_microfold-cell,287.83333333333333333333,1727
VHMSmallIntestine,descending part of duodenum,Monocytes,https://purl.org/ccf/ASCTB-TEMP_monocytes,8.66666666666666666667,26
VHMSmallIntestine,descending part of duodenum,N cells (NTS+),https://purl.org/ccf/ASCTB-TEMP_n-cells-nts-,4.5,9
VHMSmallIntestine,descending part of duodenum,NK T cell,https://purl.org/ccf/ASCTB-TEMP_nk-t-cell,6.2,31
VHMSmallIntestine,descending part of duodenum,NK cell,https://purl.org/ccf/ASCTB-TEMP_nk-cell,18,108
VHMSmallIntestine,descending part of duodenum,Naive B,https://purl.org/ccf/ASCTB-TEMP_naive-b,2.33333333333333333333,14
VHMSmallIntestine,descending part of duodenum,Neuroblast,https://purl.org/ccf/ASCTB-TEMP_neuroblast,1.5,3
VHMSmallIntestine,descending part of duodenum,Paneth,https://purl.org/ccf/ASCTB-TEMP_paneth,164.66666666666666666667,988
VHMSmallIntestine,descending part of duodenum,Pericyte,https://purl.org/ccf/ASCTB-TEMP_pericyte,5.25,21
VHMSmallIntestine,descending part of duodenum,Pre-B,https://purl.org/ccf/ASCTB-TEMP_pre-b,11.66666666666666666667,70
VHMSmallIntestine,descending part of duodenum,Pro-B,https://purl.org/ccf/ASCTB-TEMP_pro-b,2.25,9
VHMSmallIntestine,descending part of duodenum,Progenitor (NEUROG3+),https://purl.org/ccf/ASCTB-TEMP_progenitor-neurog3-,6.83333333333333333333,41
VHMSmallIntestine,descending part of duodenum,Proximal progenitor,https://purl.org/ccf/ASCTB-TEMP_proximal-progenitor,40.2,201
VHMSmallIntestine,descending part of duodenum,RBC,https://purl.org/ccf/ASCTB-TEMP_rbc,23.5,94
VHMSmallIntestine,descending part of duodenum,SELL+ CD4 T,https://purl.org/ccf/ASCTB-TEMP_sell-cd4-t,3.25,13
VHMSmallIntestine,descending part of duodenum,SELL+ CD8 T,https://purl.org/ccf/ASCTB-TEMP_sell-cd8-t,18.33333333333333333333,55
VHMSmallIntestine,descending part of duodenum,SMC (PART1/CAPN3+),https://purl.org/ccf/ASCTB-TEMP_smc-part1-capn3-,5.2,26
VHMSmallIntestine,descending part of duodenum,SMC (PLPP2+),https://purl.org/ccf/ASCTB-TEMP_smc-plpp2-,9,27
VHMSmallIntestine,descending part of duodenum,STAT1+ Naive B,https://purl.org/ccf/ASCTB-TEMP_stat1-naive-b,18.33333333333333333333,110
VHMSmallIntestine,descending part of duodenum,Stem cells,https://purl.org/ccf/ASCTB-TEMP_stem-cells,60.8,304
VHMSmallIntestine,descending part of duodenum,Stromal 1 (CCL11+),https://purl.org/ccf/ASCTB-TEMP_stromal-1-ccl11-,25.75,103
VHMSmallIntestine,descending part of duodenum,Stromal 2 (CH25H+),https://purl.org/ccf/ASCTB-TEMP_stromal-2-ch25h-,3,6
VHMSmallIntestine,descending part of duodenum,Stromal 2 (NPY+),https://purl.org/ccf/ASCTB-TEMP_stromal-2-npy-,10.5,42
VHMSmallIntestine,descending part of duodenum,Stromal 3 (C7+),https://purl.org/ccf/ASCTB-TEMP_stromal-3-c7-,7.25,29
VHMSmallIntestine,descending part of duodenum,Stromal 3 (KCNN3+),https://purl.org/ccf/ASCTB-TEMP_stromal-3-kcnn3-,11.5,46
VHMSmallIntestine,descending part of duodenum,Stromal 4 (MMP1+),https://purl.org/ccf/ASCTB-TEMP_stromal-4-mmp1-,1,2
VHMSmallIntestine,descending part of duodenum,T reticular,https://purl.org/ccf/ASCTB-TEMP_t-reticular,15.33333333333333333333,92
VHMSmallIntestine,descending part of duodenum,TA,https://purl.org/ccf/ASCTB-TEMP_ta,47,141
VHMSmallIntestine,descending part of duodenum,TRDV2/TRGV9 gdT,https://purl.org/ccf/ASCTB-TEMP_trdv2-trgv9-gdt,17.33333333333333333333,104
VHMSmallIntestine,descending part of duodenum,TRGV2 gdT,https://purl.org/ccf/ASCTB-TEMP_trgv2-gdt,33.16666666666666666667,199
VHMSmallIntestine,descending part of duodenum,TRGV4 gdT,https://purl.org/ccf/ASCTB-TEMP_trgv4-gdt,14.33333333333333333333,86
VHMSmallIntestine,descending part of duodenum,TRGV5/7 gdT,https://purl.org/ccf/ASCTB-TEMP_trgv5-7-gdt,1,1
VHMSmallIntestine,descending part of duodenum,Tfh,https://purl.org/ccf/ASCTB-TEMP_tfh,29.75,119
VHMSmallIntestine,descending part of duodenum,Th1,https://purl.org/ccf/ASCTB-TEMP_th1,3.8,19
VHMSmallIntestine,descending part of duodenum,Th17,https://purl.org/ccf/ASCTB-TEMP_th17,3.5,14
VHMSmallIntestine,descending part of duodenum,Transitional Stromal 3 (C3+),https://purl.org/ccf/ASCTB-TEMP_transitional-stromal-3-c3-,11.2,56
VHMSmallIntestine,descending part of duodenum,Treg,https://purl.org/ccf/ASCTB-TEMP_treg,6,12
VHMSmallIntestine,descending part of duodenum,Tuft,https://purl.org/ccf/ASCTB-TEMP_tuft,37.83333333333333333333,227
VHMSmallIntestine,descending part of duodenum,angiogenic pericyte,https://purl.org/ccf/ASCTB-TEMP_angiogenic-pericyte,2.66666666666666666667,8
VHMSmallIntestine,descending part of duodenum,arterial capillary,https://purl.org/ccf/ASCTB-TEMP_arterial-capillary,22.16666666666666666667,133
VHMSmallIntestine,descending part of duodenum,cDC1,https://purl.org/ccf/ASCTB-TEMP_cdc1,7,28
VHMSmallIntestine,descending part of duodenum,cDC2,https://purl.org/ccf/ASCTB-TEMP_cdc2,24,48
VHMSmallIntestine,descending part of duodenum,cycling EC,https://purl.org/ccf/ASCTB-TEMP_cycling-ec,14.5,58
VHMSmallIntestine,descending part of duodenum,cycling neuroblast,https://purl.org/ccf/ASCTB-TEMP_cycling-neuroblast,1,2
VHMSmallIntestine,descending part of duodenum,cycling stromal,https://purl.org/ccf/ASCTB-TEMP_cycling-stromal,1,1
VHMSmallIntestine,descending part of duodenum,enterocyte of epithelium of small intestine,http://purl.obolibrary.org/obo/CL_1000334,2446.33333333333333333333,14678
VHMSmallIntestine,descending part of duodenum,fibroblast,http://purl.obolibrary.org/obo/CL_0000057,15.5,93
VHMSmallIntestine,descending part of duodenum,gdT,https://purl.org/ccf/ASCTB-TEMP_gdt,2,2
VHMSmallIntestine,descending part of duodenum,gut endothelial cell,http://purl.obolibrary.org/obo/CL_0000131,10,50
VHMSmallIntestine,descending part of duodenum,intestinal crypt stem cell of small intestine,http://purl.obolibrary.org/obo/CL_0009017,1,1
VHMSmallIntestine,descending part of duodenum,intestinal enteroendocrine cell,http://purl.obolibrary.org/obo/CL_0009006,11.33333333333333333333,34
VHMSmallIntestine,descending part of duodenum,intestinal tuft cell,http://purl.obolibrary.org/obo/CL_0009080,90,450
VHMSmallIntestine,descending part of duodenum,mLN Stroma (FMO2+),https://purl.org/ccf/ASCTB-TEMP_mln-stroma-fmo2-,3,12
VHMSmallIntestine,descending part of duodenum,mLTo,https://purl.org/ccf/ASCTB-TEMP_mlto,10.8,54
VHMSmallIntestine,descending part of duodenum,monocyte,http://purl.obolibrary.org/obo/CL_0000576,5.25,21
VHMSmallIntestine,descending part of duodenum,myofibroblast,https://purl.org/ccf/ASCTB-TEMP_myofibroblast,31.4,157
VHMSmallIntestine,descending part of duodenum,myofibroblast (RSPO2+),https://purl.org/ccf/ASCTB-TEMP_myofibroblast-rspo2-,22.5,90
VHMSmallIntestine,descending part of duodenum,neutrophil,http://purl.obolibrary.org/obo/CL_0000775,22.6,113
VHMSmallIntestine,descending part of duodenum,pDC,https://purl.org/ccf/ASCTB-TEMP_pdc,5.5,22
VHMSmallIntestine,descending part of duodenum,paneth cell of epithelium of small intestine,http://purl.obolibrary.org/obo/CL_1000343,140.66666666666666666667,844
VHMSmallIntestine,descending part of duodenum,plasma cell,http://purl.obolibrary.org/obo/CL_0000786,9,18
VHMSmallIntestine,descending part of duodenum,small intestine goblet cell,http://purl.obolibrary.org/obo/CL_1000495,116.83333333333333333333,701
VHMSmallIntestine,descending part of duodenum,transit amplifying cell of small intestine,http://purl.obolibrary.org/obo/CL_0009012,1.5,3
VHMSmallIntestine,descending part of duodenum,venous capillary,https://purl.org/ccf/ASCTB-TEMP_venous-capillary,1,1
VHMSmallIntestine,descending part of duodenum,β cells (INS+),https://purl.org/ccf/ASCTB-TEMP_-cells-ins-,1.5,3
VHMSmallIntestine,distal part of ileum,Activated CD4 T,https://purl.org/ccf/ASCTB-TEMP_activated-cd4-t,2.33333333333333333333,7
VHMSmallIntestine,distal part of ileum,Activated CD8 T,https://purl.org/ccf/ASCTB-TEMP_activated-cd8-t,5.33333333333333333333,16
VHMSmallIntestine,distal part of ileum,Activated T,https://purl.org/ccf/ASCTB-TEMP_activated-t,114.33333333333333333333,686
VHMSmallIntestine,distal part of ileum,Adult Glia,https://purl.org/ccf/ASCTB-TEMP_adult-glia,61.16666666666666666667,367
VHMSmallIntestine,distal part of ileum,B cell,http://purl.obolibrary.org/obo/CL_0000236,17.33333333333333333333,52
VHMSmallIntestine,distal part of ileum,BEST2+ Goblet cell,https://purl.org/ccf/ASCTB-TEMP_best2-goblet-cell,44,176
VHMSmallIntestine,distal part of ileum,BEST4+ epithelial,https://purl.org/ccf/ASCTB-TEMP_best4-epithelial,12,48
VHMSmallIntestine,distal part of ileum,Branch A1 (iMN),https://purl.org/ccf/ASCTB-TEMP_branch-a1-imn-,3.5,14
VHMSmallIntestine,distal part of ileum,Branch A2 (IPAN/IN),https://purl.org/ccf/ASCTB-TEMP_branch-a2-ipan-in-,8.33333333333333333333,50
VHMSmallIntestine,distal part of ileum,Branch A3 (IPAN/IN),https://purl.org/ccf/ASCTB-TEMP_branch-a3-ipan-in-,15,90
VHMSmallIntestine,distal part of ileum,Branch A4 (IN),https://purl.org/ccf/ASCTB-TEMP_branch-a4-in-,20.5,123
VHMSmallIntestine,distal part of ileum,Branch B1 (eMN),https://purl.org/ccf/ASCTB-TEMP_branch-b1-emn-,65.16666666666666666667,391
VHMSmallIntestine,distal part of ileum,Branch B2 (eMN),https://purl.org/ccf/ASCTB-TEMP_branch-b2-emn-,3.5,14
VHMSmallIntestine,distal part of ileum,Branch B3 (IPAN),https://purl.org/ccf/ASCTB-TEMP_branch-b3-ipan-,5,30
VHMSmallIntestine,distal part of ileum,"CD4-positive, alpha-beta T cell",http://purl.obolibrary.org/obo/CL_0000624,31.25,125
VHMSmallIntestine,distal part of ileum,CD8 Tmem,https://purl.org/ccf/ASCTB-TEMP_cd8-tmem,2.8,14
VHMSmallIntestine,distal part of ileum,"CD8-positive, alpha-beta T cell",http://purl.obolibrary.org/obo/CL_0000625,44.5,178
VHMSmallIntestine,distal part of ileum,CLC+ Mast cell,https://purl.org/ccf/ASCTB-TEMP_clc-mast-cell,8,48
VHMSmallIntestine,distal part of ileum,CLDN10+ cells,https://purl.org/ccf/ASCTB-TEMP_cldn10-cells,5.25,21
VHMSmallIntestine,distal part of ileum,CLP,https://purl.org/ccf/ASCTB-TEMP_clp,4.8,24
VHMSmallIntestine,distal part of ileum,CX3CR1+ CD8 Tmem,https://purl.org/ccf/ASCTB-TEMP_cx3cr1-cd8-tmem,4,24
VHMSmallIntestine,distal part of ileum,Colonocyte,https://purl.org/ccf/ASCTB-TEMP_colonocyte,8.33333333333333333333,25
VHMSmallIntestine,distal part of ileum,Contractile pericyte (PLN+),https://purl.org/ccf/ASCTB-TEMP_contractile-pericyte-pln-,20.66666666666666666667,124
VHMSmallIntestine,distal part of ileum,Cycling B cell,https://purl.org/ccf/ASCTB-TEMP_cycling-b-cell,45.16666666666666666667,271
VHMSmallIntestine,distal part of ileum,Cycling plasma cell,https://purl.org/ccf/ASCTB-TEMP_cycling-plasma-cell,462.83333333333333333333,2777
VHMSmallIntestine,distal part of ileum,D cells (SST+),https://purl.org/ccf/ASCTB-TEMP_d-cells-sst-,13.4,67
VHMSmallIntestine,distal part of ileum,DZ GC cell,https://purl.org/ccf/ASCTB-TEMP_dz-gc-cell,24.83333333333333333333,149
VHMSmallIntestine,distal part of ileum,Differentiating glia,https://purl.org/ccf/ASCTB-TEMP_differentiating-glia,1,2
VHMSmallIntestine,distal part of ileum,Distal progenitor,https://purl.org/ccf/ASCTB-TEMP_distal-progenitor,1,3
VHMSmallIntestine,distal part of ileum,EC cells (NPW+),https://purl.org/ccf/ASCTB-TEMP_ec-cells-npw-,3.33333333333333333333,10
VHMSmallIntestine,distal part of ileum,EC cells (TAC1+),https://purl.org/ccf/ASCTB-TEMP_ec-cells-tac1-,3.75,15
VHMSmallIntestine,distal part of ileum,EECs,https://purl.org/ccf/ASCTB-TEMP_eecs,103.8,519
VHMSmallIntestine,distal part of ileum,ENCC/glia Progenitor,https://purl.org/ccf/ASCTB-TEMP_encc-glia-progenitor,1.66666666666666666667,5
VHMSmallIntestine,distal part of ileum,Enterocyte,https://purl.org/ccf/ASCTB-TEMP_enterocyte,931.6,4658
VHMSmallIntestine,distal part of ileum,FCRL4+ Memory B,https://purl.org/ccf/ASCTB-TEMP_fcrl4-memory-b,10.33333333333333333333,31
VHMSmallIntestine,distal part of ileum,FDC,https://purl.org/ccf/ASCTB-TEMP_fdc,10.2,51
VHMSmallIntestine,distal part of ileum,Fetal arterial EC,https://purl.org/ccf/ASCTB-TEMP_fetal-arterial-ec,4.5,18
VHMSmallIntestine,distal part of ileum,Fetal venous EC,https://purl.org/ccf/ASCTB-TEMP_fetal-venous-ec,14.2,71
VHMSmallIntestine,distal part of ileum,GC B cell,https://purl.org/ccf/ASCTB-TEMP_gc-b-cell,6,12
VHMSmallIntestine,distal part of ileum,Germ,https://purl.org/ccf/ASCTB-TEMP_germ,9.2,46
VHMSmallIntestine,distal part of ileum,Glia 1 (DHH+),https://purl.org/ccf/ASCTB-TEMP_glia-1-dhh-,5.8,29
VHMSmallIntestine,distal part of ileum,Glia 2 (ELN+),https://purl.org/ccf/ASCTB-TEMP_glia-2-eln-,12.2,61
VHMSmallIntestine,distal part of ileum,Glia 3 (BCAN+),https://purl.org/ccf/ASCTB-TEMP_glia-3-bcan-,10,40
VHMSmallIntestine,distal part of ileum,Goblet cell,https://purl.org/ccf/ASCTB-TEMP_goblet-cell,385.16666666666666666667,2311
VHMSmallIntestine,distal part of ileum,I cells (CCK+),https://purl.org/ccf/ASCTB-TEMP_i-cells-cck-,5.83333333333333333333,35
VHMSmallIntestine,distal part of ileum,ICC,https://purl.org/ccf/ASCTB-TEMP_icc,2,6
VHMSmallIntestine,distal part of ileum,ILC2,https://purl.org/ccf/ASCTB-TEMP_ilc2,4,20
VHMSmallIntestine,distal part of ileum,ILC3,https://purl.org/ccf/ASCTB-TEMP_ilc3,3.25,13
VHMSmallIntestine,distal part of ileum,ILCP,https://purl.org/ccf/ASCTB-TEMP_ilcp,5.5,22
VHMSmallIntestine,distal part of ileum,IgA plasma cell,https://purl.org/ccf/ASCTB-TEMP_iga-plasma-cell,6,12
VHMSmallIntestine,distal part of ileum,IgG plasma cell,https://purl.org/ccf/ASCTB-TEMP_igg-plasma-cell,6.83333333333333333333,41
VHMSmallIntestine,distal part of ileum,IgM plasma cell,https://purl.org/ccf/ASCTB-TEMP_igm-plasma-cell,1,1
VHMSmallIntestine,distal part of ileum,Immature B,https://purl.org/ccf/ASCTB-TEMP_immature-b,1,2
VHMSmallIntestine,distal part of ileum,Immature pericyte,https://purl.org/ccf/ASCTB-TEMP_immature-pericyte,6.8,34
VHMSmallIntestine,distal part of ileum,K cells (GIP+),https://purl.org/ccf/ASCTB-TEMP_k-cells-gip-,16.16666666666666666667,97
VHMSmallIntestine,distal part of ileum,L cells (PYY+),https://purl.org/ccf/ASCTB-TEMP_l-cells-pyy-,88.16666666666666666667,529
VHMSmallIntestine,distal part of ileum,LEC1 (ACKR4+),https://purl.org/ccf/ASCTB-TEMP_lec1-ackr4-,44.83333333333333333333,269
VHMSmallIntestine,distal part of ileum,LEC2 (MADCAM1+),https://purl.org/ccf/ASCTB-TEMP_lec2-madcam1-,5,15
VHMSmallIntestine,distal part of ileum,LEC3 (ADGRG3+),https://purl.org/ccf/ASCTB-TEMP_lec3-adgrg3-,8,40
VHMSmallIntestine,distal part of ileum,LEC4 (STAB2+),https://purl.org/ccf/ASCTB-TEMP_lec4-stab2-,13.83333333333333333333,83
VHMSmallIntestine,distal part of ileum,LEC5 (CLDN11+),https://purl.org/ccf/ASCTB-TEMP_lec5-cldn11-,5.2,26
VHMSmallIntestine,distal part of ileum,LEC6 (ADAMTS4+),https://purl.org/ccf/ASCTB-TEMP_lec6-adamts4-,9.66666666666666666667,58
VHMSmallIntestine,distal part of ileum,LTi-like NCR+ ILC3,https://purl.org/ccf/ASCTB-TEMP_lti-like-ncr-ilc3,16.5,66
VHMSmallIntestine,distal part of ileum,LTi-like NCR- ILC3,https://purl.org/ccf/ASCTB-TEMP_lti-like-ncr-ilc3,11,11
VHMSmallIntestine,distal part of ileum,LYVE1+ Macrophage,https://purl.org/ccf/ASCTB-TEMP_lyve1-macrophage,41,164
VHMSmallIntestine,distal part of ileum,LZ GC cell,https://purl.org/ccf/ASCTB-TEMP_lz-gc-cell,2,4
VHMSmallIntestine,distal part of ileum,Lymphoid DC,https://purl.org/ccf/ASCTB-TEMP_lymphoid-dc,8.33333333333333333333,50
VHMSmallIntestine,distal part of ileum,M/X cells (MLN/GHRL+),https://purl.org/ccf/ASCTB-TEMP_m-x-cells-mln-ghrl-,1.25,5
VHMSmallIntestine,distal part of ileum,MAIT cell,https://purl.org/ccf/ASCTB-TEMP_mait-cell,24.66666666666666666667,148
VHMSmallIntestine,distal part of ileum,MMP9+ Inflammatory macrophage,https://purl.org/ccf/ASCTB-TEMP_mmp9-inflammatory-macrophage,12,48
VHMSmallIntestine,distal part of ileum,MPO+ mono-neutrophil,https://purl.org/ccf/ASCTB-TEMP_mpo-mono-neutrophil,2.83333333333333333333,17
VHMSmallIntestine,distal part of ileum,Macrophages,https://purl.org/ccf/ASCTB-TEMP_macrophages,22,66
VHMSmallIntestine,distal part of ileum,Mast cell,https://purl.org/ccf/ASCTB-TEMP_mast-cell,30.5,122
VHMSmallIntestine,distal part of ileum,Mature arterial EC,https://purl.org/ccf/ASCTB-TEMP_mature-arterial-ec,11.16666666666666666667,67
VHMSmallIntestine,distal part of ileum,Mature venous EC,https://purl.org/ccf/ASCTB-TEMP_mature-venous-ec,14.83333333333333333333,89
VHMSmallIntestine,distal part of ileum,Megakaryocyte,https://purl.org/ccf/ASCTB-TEMP_megakaryocyte,17,102
VHMSmallIntestine,distal part of ileum,Memory B,https://purl.org/ccf/ASCTB-TEMP_memory-b,10,40
VHMSmallIntestine,distal part of ileum,Mesoderm 1 (HAND1+),https://purl.org/ccf/ASCTB-TEMP_mesoderm-1-hand1-,489.25,1957
VHMSmallIntestine,distal part of ileum,Mesothelium,https://purl.org/ccf/ASCTB-TEMP_mesothelium,1.5,3
VHMSmallIntestine,distal part of ileum,Mesothelium (PRG4+),https://purl.org/ccf/ASCTB-TEMP_mesothelium-prg4-,1.5,3
VHMSmallIntestine,distal part of ileum,Mesothelium (RGS5+),https://purl.org/ccf/ASCTB-TEMP_mesothelium-rgs5-,34.6,173
VHMSmallIntestine,distal part of ileum,Microfold cell,https://purl.org/ccf/ASCTB-TEMP_microfold-cell,52,312
VHMSmallIntestine,distal part of ileum,Monocytes,https://purl.org/ccf/ASCTB-TEMP_monocytes,16.75,67
VHMSmallIntestine,distal part of ileum,N cells (NTS+),https://purl.org/ccf/ASCTB-TEMP_n-cells-nts-,19.33333333333333333333,116
VHMSmallIntestine,distal part of ileum,NK T cell,https://purl.org/ccf/ASCTB-TEMP_nk-t-cell,13.5,81
VHMSmallIntestine,distal part of ileum,NK cell,https://purl.org/ccf/ASCTB-TEMP_nk-cell,45.5,273
VHMSmallIntestine,distal part of ileum,Naive B,https://purl.org/ccf/ASCTB-TEMP_naive-b,5.5,22
VHMSmallIntestine,distal part of ileum,Neuroblast,https://purl.org/ccf/ASCTB-TEMP_neuroblast,1.5,6
VHMSmallIntestine,distal part of ileum,Paneth,https://purl.org/ccf/ASCTB-TEMP_paneth,1090,5450
VHMSmallIntestine,distal part of ileum,Pericyte,https://purl.org/ccf/ASCTB-TEMP_pericyte,7.75,31
VHMSmallIntestine,distal part of ileum,Pre-B,https://purl.org/ccf/ASCTB-TEMP_pre-b,14.16666666666666666667,85
VHMSmallIntestine,distal part of ileum,Pro-B,https://purl.org/ccf/ASCTB-TEMP_pro-b,6.66666666666666666667,40
VHMSmallIntestine,distal part of ileum,Progenitor (NEUROG3+),https://purl.org/ccf/ASCTB-TEMP_progenitor-neurog3-,5.5,33
VHMSmallIntestine,distal part of ileum,Proximal progenitor,https://purl.org/ccf/ASCTB-TEMP_proximal-progenitor,38.5,154
VHMSmallIntestine,distal part of ileum,RBC,https://purl.org/ccf/ASCTB-TEMP_rbc,14.2,71
VHMSmallIntestine,distal part of ileum,SELL+ CD4 T,https://purl.org/ccf/ASCTB-TEMP_sell-cd4-t,17.66666666666666666667,53
VHMSmallIntestine,distal part of ileum,SELL+ CD8 T,https://purl.org/ccf/ASCTB-TEMP_sell-cd8-t,41.75,167
VHMSmallIntestine,distal part of ileum,SMC (PART1/CAPN3+),https://purl.org/ccf/ASCTB-TEMP_smc-part1-capn3-,9.4,47
VHMSmallIntestine,distal part of ileum,SMC (PLPP2+),https://purl.org/ccf/ASCTB-TEMP_smc-plpp2-,28.2,141
VHMSmallIntestine,distal part of ileum,STAT1+ Naive B,https://purl.org/ccf/ASCTB-TEMP_stat1-naive-b,25.2,126
VHMSmallIntestine,distal part of ileum,Stem cells,https://purl.org/ccf/ASCTB-TEMP_stem-cells,51.33333333333333333333,308
VHMSmallIntestine,distal part of ileum,Stromal 1 (ADAMDEC1+),https://purl.org/ccf/ASCTB-TEMP_stromal-1-adamdec1-,3,3
VHMSmallIntestine,distal part of ileum,Stromal 1 (CCL11+),https://purl.org/ccf/ASCTB-TEMP_stromal-1-ccl11-,36,72
VHMSmallIntestine,distal part of ileum,Stromal 2 (CH25H+),https://purl.org/ccf/ASCTB-TEMP_stromal-2-ch25h-,4.25,17
VHMSmallIntestine,distal part of ileum,Stromal 2 (NPY+),https://purl.org/ccf/ASCTB-TEMP_stromal-2-npy-,12.5,25
VHMSmallIntestine,distal part of ileum,Stromal 3 (C7+),https://purl.org/ccf/ASCTB-TEMP_stromal-3-c7-,14.66666666666666666667,44
VHMSmallIntestine,distal part of ileum,Stromal 3 (KCNN3+),https://purl.org/ccf/ASCTB-TEMP_stromal-3-kcnn3-,7.4,37
VHMSmallIntestine,distal part of ileum,Stromal 4 (MMP1+),https://purl.org/ccf/ASCTB-TEMP_stromal-4-mmp1-,6.66666666666666666667,20
VHMSmallIntestine,distal part of ileum,T reticular,https://purl.org/ccf/ASCTB-TEMP_t-reticular,8.8,44
VHMSmallIntestine,distal part of ileum,TA,https://purl.org/ccf/ASCTB-TEMP_ta,174.66666666666666666667,524
VHMSmallIntestine,distal part of ileum,TRDV2/TRGV9 gdT,https://purl.org/ccf/ASCTB-TEMP_trdv2-trgv9-gdt,13,78
VHMSmallIntestine,distal part of ileum,TRGV2 gdT,https://purl.org/ccf/ASCTB-TEMP_trgv2-gdt,28.66666666666666666667,172
VHMSmallIntestine,distal part of ileum,TRGV4 gdT,https://purl.org/ccf/ASCTB-TEMP_trgv4-gdt,11.4,57
VHMSmallIntestine,distal part of ileum,TRGV5/7 gdT,https://purl.org/ccf/ASCTB-TEMP_trgv5-7-gdt,1,3
VHMSmallIntestine,distal part of ileum,Tfh,https://purl.org/ccf/ASCTB-TEMP_tfh,42.83333333333333333333,257
VHMSmallIntestine,distal part of ileum,Th1,https://purl.org/ccf/ASCTB-TEMP_th1,3.66666666666666666667,22
VHMSmallIntestine,distal part of ileum,Th17,https://purl.org/ccf/ASCTB-TEMP_th17,4.5,18
VHMSmallIntestine,distal part of ileum,Transitional Stromal 3 (C3+),https://purl.org/ccf/ASCTB-TEMP_transitional-stromal-3-c3-,39.4,197
VHMSmallIntestine,distal part of ileum,Treg,https://purl.org/ccf/ASCTB-TEMP_treg,7.25,29
VHMSmallIntestine,distal part of ileum,Tuft,https://purl.org/ccf/ASCTB-TEMP_tuft,21.33333333333333333333,128
VHMSmallIntestine,distal part of ileum,angiogenic pericyte,https://purl.org/ccf/ASCTB-TEMP_angiogenic-pericyte,19,95
VHMSmallIntestine,distal part of ileum,arterial capillary,https://purl.org/ccf/ASCTB-TEMP_arterial-capillary,39.16666666666666666667,235
VHMSmallIntestine,distal part of ileum,cDC1,https://purl.org/ccf/ASCTB-TEMP_cdc1,9,54
VHMSmallIntestine,distal part of ileum,cDC2,https://purl.org/ccf/ASCTB-TEMP_cdc2,27.33333333333333333333,82
VHMSmallIntestine,distal part of ileum,cycling EC,https://purl.org/ccf/ASCTB-TEMP_cycling-ec,17.75,71
VHMSmallIntestine,distal part of ileum,cycling ENCC/glia,https://purl.org/ccf/ASCTB-TEMP_cycling-encc-glia,2.66666666666666666667,8
VHMSmallIntestine,distal part of ileum,cycling neuroblast,https://purl.org/ccf/ASCTB-TEMP_cycling-neuroblast,1,1
VHMSmallIntestine,distal part of ileum,cycling stromal,https://purl.org/ccf/ASCTB-TEMP_cycling-stromal,1,1
VHMSmallIntestine,distal part of ileum,enterocyte of epithelium of small intestine,http://purl.obolibrary.org/obo/CL_1000334,3164.5,18987
VHMSmallIntestine,distal part of ileum,fibroblast,http://purl.obolibrary.org/obo/CL_0000057,117.25,469
VHMSmallIntestine,distal part of ileum,gut endothelial cell,http://purl.obolibrary.org/obo/CL_0000131,47.5,190
VHMSmallIntestine,distal part of ileum,intestinal crypt stem cell of small intestine,http://purl.obolibrary.org/obo/CL_0009017,1,1
VHMSmallIntestine,distal part of ileum,intestinal enteroendocrine cell,http://purl.obolibrary.org/obo/CL_0009006,4.33333333333333333333,13
VHMSmallIntestine,distal part of ileum,intestinal tuft cell,http://purl.obolibrary.org/obo/CL_0009080,228.2,1141
VHMSmallIntestine,distal part of ileum,mLN Stroma (FMO2+),https://purl.org/ccf/ASCTB-TEMP_mln-stroma-fmo2-,4.4,22
VHMSmallIntestine,distal part of ileum,mLTo,https://purl.org/ccf/ASCTB-TEMP_mlto,16.83333333333333333333,101
VHMSmallIntestine,distal part of ileum,mast cell,http://purl.obolibrary.org/obo/CL_0000097,1,2
VHMSmallIntestine,distal part of ileum,monocyte,http://purl.obolibrary.org/obo/CL_0000576,7.4,37
VHMSmallIntestine,distal part of ileum,myofibroblast,https://purl.org/ccf/ASCTB-TEMP_myofibroblast,40.33333333333333333333,242
VHMSmallIntestine,distal part of ileum,myofibroblast (RSPO2+),https://purl.org/ccf/ASCTB-TEMP_myofibroblast-rspo2-,17.16666666666666666667,103
VHMSmallIntestine,distal part of ileum,neutrophil,http://purl.obolibrary.org/obo/CL_0000775,194.2,971
VHMSmallIntestine,distal part of ileum,pDC,https://purl.org/ccf/ASCTB-TEMP_pdc,10.75,43
VHMSmallIntestine,distal part of ileum,paneth cell of epithelium of small intestine,http://purl.obolibrary.org/obo/CL_1000343,225.5,1353
VHMSmallIntestine,distal part of ileum,plasma cell,http://purl.obolibrary.org/obo/CL_0000786,12.5,25
VHMSmallIntestine,distal part of ileum,small intestine goblet cell,http://purl.obolibrary.org/obo/CL_1000495,351.83333333333333333333,2111
VHMSmallIntestine,distal part of ileum,transit amplifying cell of small intestine,http://purl.obolibrary.org/obo/CL_0009012,2.5,5
VHMSmallIntestine,distal part of ileum,venous capillary,https://purl.org/ccf/ASCTB-TEMP_venous-capillary,3,9
VHMSmallIntestine,distal part of ileum,β cells (INS+),https://purl.org/ccf/ASCTB-TEMP_-cells-ins-,1.5,3
VHMSmallIntestine,horizontal part of duodenum,Activated CD4 T,https://purl.org/ccf/ASCTB-TEMP_activated-cd4-t,2.33333333333333333333,7
VHMSmallIntestine,horizontal part of duodenum,Activated CD8 T,https://purl.org/ccf/ASCTB-TEMP_activated-cd8-t,15.5,31
VHMSmallIntestine,horizontal part of duodenum,Activated T,https://purl.org/ccf/ASCTB-TEMP_activated-t,100.14285714285714285714,701
VHMSmallIntestine,horizontal part of duodenum,Adult Glia,https://purl.org/ccf/ASCTB-TEMP_adult-glia,18.66666666666666666667,112
VHMSmallIntestine,horizontal part of duodenum,B cell,http://purl.obolibrary.org/obo/CL_0000236,2.5,5
VHMSmallIntestine,horizontal part of duodenum,BEST2+ Goblet cell,https://purl.org/ccf/ASCTB-TEMP_best2-goblet-cell,2.33333333333333333333,7
VHMSmallIntestine,horizontal part of duodenum,BEST4+ epithelial,https://purl.org/ccf/ASCTB-TEMP_best4-epithelial,27.14285714285714285714,190
VHMSmallIntestine,horizontal part of duodenum,Branch A1 (iMN),https://purl.org/ccf/ASCTB-TEMP_branch-a1-imn-,2.5,15
VHMSmallIntestine,horizontal part of duodenum,Branch A2 (IPAN/IN),https://purl.org/ccf/ASCTB-TEMP_branch-a2-ipan-in-,7.83333333333333333333,47
VHMSmallIntestine,horizontal part of duodenum,Branch A3 (IPAN/IN),https://purl.org/ccf/ASCTB-TEMP_branch-a3-ipan-in-,6.4,32
VHMSmallIntestine,horizontal part of duodenum,Branch A4 (IN),https://purl.org/ccf/ASCTB-TEMP_branch-a4-in-,8,48
VHMSmallIntestine,horizontal part of duodenum,Branch B1 (eMN),https://purl.org/ccf/ASCTB-TEMP_branch-b1-emn-,37,259
VHMSmallIntestine,horizontal part of duodenum,Branch B2 (eMN),https://purl.org/ccf/ASCTB-TEMP_branch-b2-emn-,1.33333333333333333333,4
VHMSmallIntestine,horizontal part of duodenum,Branch B3 (IPAN),https://purl.org/ccf/ASCTB-TEMP_branch-b3-ipan-,6.66666666666666666667,20
VHMSmallIntestine,horizontal part of duodenum,"CD4-positive, alpha-beta T cell",http://purl.obolibrary.org/obo/CL_0000624,35.75,143
VHMSmallIntestine,horizontal part of duodenum,CD8 Tmem,https://purl.org/ccf/ASCTB-TEMP_cd8-tmem,7,35
VHMSmallIntestine,horizontal part of duodenum,"CD8-positive, alpha-beta T cell",http://purl.obolibrary.org/obo/CL_0000625,33.33333333333333333333,200
VHMSmallIntestine,horizontal part of duodenum,CLC+ Mast cell,https://purl.org/ccf/ASCTB-TEMP_clc-mast-cell,5.2,26
VHMSmallIntestine,horizontal part of duodenum,CLDN10+ cells,https://purl.org/ccf/ASCTB-TEMP_cldn10-cells,6.25,25
VHMSmallIntestine,horizontal part of duodenum,CLP,https://purl.org/ccf/ASCTB-TEMP_clp,5,15
VHMSmallIntestine,horizontal part of duodenum,CX3CR1+ CD8 Tmem,https://purl.org/ccf/ASCTB-TEMP_cx3cr1-cd8-tmem,1.33333333333333333333,4
VHMSmallIntestine,horizontal part of duodenum,Colonocyte,https://purl.org/ccf/ASCTB-TEMP_colonocyte,1,1
VHMSmallIntestine,horizontal part of duodenum,Contractile pericyte (PLN+),https://purl.org/ccf/ASCTB-TEMP_contractile-pericyte-pln-,13.28571428571428571429,93
VHMSmallIntestine,horizontal part of duodenum,Cycling B cell,https://purl.org/ccf/ASCTB-TEMP_cycling-b-cell,36.85714285714285714286,258
VHMSmallIntestine,horizontal part of duodenum,Cycling plasma cell,https://purl.org/ccf/ASCTB-TEMP_cycling-plasma-cell,168.83333333333333333333,1013
VHMSmallIntestine,horizontal part of duodenum,D cells (SST+),https://purl.org/ccf/ASCTB-TEMP_d-cells-sst-,11.33333333333333333333,68
VHMSmallIntestine,horizontal part of duodenum,DZ GC cell,https://purl.org/ccf/ASCTB-TEMP_dz-gc-cell,9.16666666666666666667,55
VHMSmallIntestine,horizontal part of duodenum,Distal progenitor,https://purl.org/ccf/ASCTB-TEMP_distal-progenitor,1.5,6
VHMSmallIntestine,horizontal part of duodenum,EC cells (NPW+),https://purl.org/ccf/ASCTB-TEMP_ec-cells-npw-,3.33333333333333333333,10
VHMSmallIntestine,horizontal part of duodenum,EC cells (TAC1+),https://purl.org/ccf/ASCTB-TEMP_ec-cells-tac1-,9.71428571428571428571,68
VHMSmallIntestine,horizontal part of duodenum,EECs,https://purl.org/ccf/ASCTB-TEMP_eecs,107.71428571428571428571,754
VHMSmallIntestine,horizontal part of duodenum,ENCC/glia Progenitor,https://purl.org/ccf/ASCTB-TEMP_encc-glia-progenitor,1.33333333333333333333,4
VHMSmallIntestine,horizontal part of duodenum,Enterocyte,https://purl.org/ccf/ASCTB-TEMP_enterocyte,1232.85714285714285714286,8630
VHMSmallIntestine,horizontal part of duodenum,FCRL4+ Memory B,https://purl.org/ccf/ASCTB-TEMP_fcrl4-memory-b,1.8,9
VHMSmallIntestine,horizontal part of duodenum,FDC,https://purl.org/ccf/ASCTB-TEMP_fdc,5.33333333333333333333,16
VHMSmallIntestine,horizontal part of duodenum,Fetal arterial EC,https://purl.org/ccf/ASCTB-TEMP_fetal-arterial-ec,5.25,21
VHMSmallIntestine,horizontal part of duodenum,Fetal venous EC,https://purl.org/ccf/ASCTB-TEMP_fetal-venous-ec,3.25,13
VHMSmallIntestine,horizontal part of duodenum,GC B cell,https://purl.org/ccf/ASCTB-TEMP_gc-b-cell,2,8
VHMSmallIntestine,horizontal part of duodenum,Germ,https://purl.org/ccf/ASCTB-TEMP_germ,3.66666666666666666667,11
VHMSmallIntestine,horizontal part of duodenum,Glia 1 (DHH+),https://purl.org/ccf/ASCTB-TEMP_glia-1-dhh-,2,8
VHMSmallIntestine,horizontal part of duodenum,Glia 2 (ELN+),https://purl.org/ccf/ASCTB-TEMP_glia-2-eln-,8,40
VHMSmallIntestine,horizontal part of duodenum,Glia 3 (BCAN+),https://purl.org/ccf/ASCTB-TEMP_glia-3-bcan-,4,24
VHMSmallIntestine,horizontal part of duodenum,Goblet cell,https://purl.org/ccf/ASCTB-TEMP_goblet-cell,118.71428571428571428571,831
VHMSmallIntestine,horizontal part of duodenum,I cells (CCK+),https://purl.org/ccf/ASCTB-TEMP_i-cells-cck-,11,66
VHMSmallIntestine,horizontal part of duodenum,ICC,https://purl.org/ccf/ASCTB-TEMP_icc,2.33333333333333333333,7
VHMSmallIntestine,horizontal part of duodenum,ILC2,https://purl.org/ccf/ASCTB-TEMP_ilc2,2,8
VHMSmallIntestine,horizontal part of duodenum,ILC3,https://purl.org/ccf/ASCTB-TEMP_ilc3,1.25,5
VHMSmallIntestine,horizontal part of duodenum,ILCP,https://purl.org/ccf/ASCTB-TEMP_ilcp,7,28
VHMSmallIntestine,horizontal part of duodenum,IgA plasma cell,https://purl.org/ccf/ASCTB-TEMP_iga-plasma-cell,10.75,43
VHMSmallIntestine,horizontal part of duodenum,IgG plasma cell,https://purl.org/ccf/ASCTB-TEMP_igg-plasma-cell,6.8,34
VHMSmallIntestine,horizontal part of duodenum,IgM plasma cell,https://purl.org/ccf/ASCTB-TEMP_igm-plasma-cell,1,1
VHMSmallIntestine,horizontal part of duodenum,Immature B,https://purl.org/ccf/ASCTB-TEMP_immature-b,1,3
VHMSmallIntestine,horizontal part of duodenum,Immature pericyte,https://purl.org/ccf/ASCTB-TEMP_immature-pericyte,3,15
VHMSmallIntestine,horizontal part of duodenum,K cells (GIP+),https://purl.org/ccf/ASCTB-TEMP_k-cells-gip-,12.33333333333333333333,74
VHMSmallIntestine,horizontal part of duodenum,L cells (PYY+),https://purl.org/ccf/ASCTB-TEMP_l-cells-pyy-,6.33333333333333333333,38
VHMSmallIntestine,horizontal part of duodenum,LEC1 (ACKR4+),https://purl.org/ccf/ASCTB-TEMP_lec1-ackr4-,20.5,123
VHMSmallIntestine,horizontal part of duodenum,LEC2 (MADCAM1+),https://purl.org/ccf/ASCTB-TEMP_lec2-madcam1-,1.33333333333333333333,4
VHMSmallIntestine,horizontal part of duodenum,LEC3 (ADGRG3+),https://purl.org/ccf/ASCTB-TEMP_lec3-adgrg3-,8.66666666666666666667,52
VHMSmallIntestine,horizontal part of duodenum,LEC4 (STAB2+),https://purl.org/ccf/ASCTB-TEMP_lec4-stab2-,7.42857142857142857143,52
VHMSmallIntestine,horizontal part of duodenum,LEC5 (CLDN11+),https://purl.org/ccf/ASCTB-TEMP_lec5-cldn11-,2,6
VHMSmallIntestine,horizontal part of duodenum,LEC6 (ADAMTS4+),https://purl.org/ccf/ASCTB-TEMP_lec6-adamts4-,6.8,34
VHMSmallIntestine,horizontal part of duodenum,LTi-like NCR+ ILC3,https://purl.org/ccf/ASCTB-TEMP_lti-like-ncr-ilc3,3,6
VHMSmallIntestine,horizontal part of duodenum,LTi-like NCR- ILC3,https://purl.org/ccf/ASCTB-TEMP_lti-like-ncr-ilc3,8,32
VHMSmallIntestine,horizontal part of duodenum,LYVE1+ Macrophage,https://purl.org/ccf/ASCTB-TEMP_lyve1-macrophage,22,110
VHMSmallIntestine,horizontal part of duodenum,LZ GC cell,https://purl.org/ccf/ASCTB-TEMP_lz-gc-cell,1.5,3
VHMSmallIntestine,horizontal part of duodenum,Lymphoid DC,https://purl.org/ccf/ASCTB-TEMP_lymphoid-dc,6.33333333333333333333,38
VHMSmallIntestine,horizontal part of duodenum,M/X cells (MLN/GHRL+),https://purl.org/ccf/ASCTB-TEMP_m-x-cells-mln-ghrl-,6.28571428571428571429,44
VHMSmallIntestine,horizontal part of duodenum,MAIT cell,https://purl.org/ccf/ASCTB-TEMP_mait-cell,4.4,22
VHMSmallIntestine,horizontal part of duodenum,MMP9+ Inflammatory macrophage,https://purl.org/ccf/ASCTB-TEMP_mmp9-inflammatory-macrophage,10,40
VHMSmallIntestine,horizontal part of duodenum,MPO+ mono-neutrophil,https://purl.org/ccf/ASCTB-TEMP_mpo-mono-neutrophil,4,12
VHMSmallIntestine,horizontal part of duodenum,Macrophages,https://purl.org/ccf/ASCTB-TEMP_macrophages,11.66666666666666666667,70
VHMSmallIntestine,horizontal part of duodenum,Mast cell,https://purl.org/ccf/ASCTB-TEMP_mast-cell,9.25,37
VHMSmallIntestine,horizontal part of duodenum,Mature arterial EC,https://purl.org/ccf/ASCTB-TEMP_mature-arterial-ec,12.83333333333333333333,77
VHMSmallIntestine,horizontal part of duodenum,Mature venous EC,https://purl.org/ccf/ASCTB-TEMP_mature-venous-ec,18.83333333333333333333,113
VHMSmallIntestine,horizontal part of duodenum,Megakaryocyte,https://purl.org/ccf/ASCTB-TEMP_megakaryocyte,7.5,30
VHMSmallIntestine,horizontal part of duodenum,Memory B,https://purl.org/ccf/ASCTB-TEMP_memory-b,9.2,46
VHMSmallIntestine,horizontal part of duodenum,Mesoderm 1 (HAND1+),https://purl.org/ccf/ASCTB-TEMP_mesoderm-1-hand1-,284.4,1422
VHMSmallIntestine,horizontal part of duodenum,Mesoderm 2 (ZEB2+),https://purl.org/ccf/ASCTB-TEMP_mesoderm-2-zeb2-,1,1
VHMSmallIntestine,horizontal part of duodenum,Mesothelium,https://purl.org/ccf/ASCTB-TEMP_mesothelium,1.5,3
VHMSmallIntestine,horizontal part of duodenum,Mesothelium (PRG4+),https://purl.org/ccf/ASCTB-TEMP_mesothelium-prg4-,3,3
VHMSmallIntestine,horizontal part of duodenum,Mesothelium (RGS5+),https://purl.org/ccf/ASCTB-TEMP_mesothelium-rgs5-,8.6,43
VHMSmallIntestine,horizontal part of duodenum,Microfold cell,https://purl.org/ccf/ASCTB-TEMP_microfold-cell,162.85714285714285714286,1140
VHMSmallIntestine,horizontal part of duodenum,Monocytes,https://purl.org/ccf/ASCTB-TEMP_monocytes,6.66666666666666666667,40
VHMSmallIntestine,horizontal part of duodenum,N cells (NTS+),https://purl.org/ccf/ASCTB-TEMP_n-cells-nts-,4,8
VHMSmallIntestine,horizontal part of duodenum,NK T cell,https://purl.org/ccf/ASCTB-TEMP_nk-t-cell,10.8,54
VHMSmallIntestine,horizontal part of duodenum,NK cell,https://purl.org/ccf/ASCTB-TEMP_nk-cell,28.83333333333333333333,173
VHMSmallIntestine,horizontal part of duodenum,Naive B,https://purl.org/ccf/ASCTB-TEMP_naive-b,4.6,23
VHMSmallIntestine,horizontal part of duodenum,Neuroblast,https://purl.org/ccf/ASCTB-TEMP_neuroblast,2.8,14
VHMSmallIntestine,horizontal part of duodenum,Paneth,https://purl.org/ccf/ASCTB-TEMP_paneth,225.5,1353
VHMSmallIntestine,horizontal part of duodenum,Pericyte,https://purl.org/ccf/ASCTB-TEMP_pericyte,7,42
VHMSmallIntestine,horizontal part of duodenum,Pre-B,https://purl.org/ccf/ASCTB-TEMP_pre-b,11.16666666666666666667,67
VHMSmallIntestine,horizontal part of duodenum,Pro-B,https://purl.org/ccf/ASCTB-TEMP_pro-b,4,12
VHMSmallIntestine,horizontal part of duodenum,Progenitor (NEUROG3+),https://purl.org/ccf/ASCTB-TEMP_progenitor-neurog3-,7,42
VHMSmallIntestine,horizontal part of duodenum,Proximal progenitor,https://purl.org/ccf/ASCTB-TEMP_proximal-progenitor,69.33333333333333333333,416
VHMSmallIntestine,horizontal part of duodenum,RBC,https://purl.org/ccf/ASCTB-TEMP_rbc,8.66666666666666666667,26
VHMSmallIntestine,horizontal part of duodenum,SELL+ CD4 T,https://purl.org/ccf/ASCTB-TEMP_sell-cd4-t,6,30
VHMSmallIntestine,horizontal part of duodenum,SELL+ CD8 T,https://purl.org/ccf/ASCTB-TEMP_sell-cd8-t,21.33333333333333333333,128
VHMSmallIntestine,horizontal part of duodenum,SMC (PART1/CAPN3+),https://purl.org/ccf/ASCTB-TEMP_smc-part1-capn3-,11,77
VHMSmallIntestine,horizontal part of duodenum,SMC (PLPP2+),https://purl.org/ccf/ASCTB-TEMP_smc-plpp2-,31,186
VHMSmallIntestine,horizontal part of duodenum,STAT1+ Naive B,https://purl.org/ccf/ASCTB-TEMP_stat1-naive-b,15.57142857142857142857,109
VHMSmallIntestine,horizontal part of duodenum,Stem cells,https://purl.org/ccf/ASCTB-TEMP_stem-cells,96,672
VHMSmallIntestine,horizontal part of duodenum,Stromal 1 (ADAMDEC1+),https://purl.org/ccf/ASCTB-TEMP_stromal-1-adamdec1-,1,1
VHMSmallIntestine,horizontal part of duodenum,Stromal 1 (CCL11+),https://purl.org/ccf/ASCTB-TEMP_stromal-1-ccl11-,42,252
VHMSmallIntestine,horizontal part of duodenum,Stromal 2 (CH25H+),https://purl.org/ccf/ASCTB-TEMP_stromal-2-ch25h-,2,8
VHMSmallIntestine,horizontal part of duodenum,Stromal 2 (NPY+),https://purl.org/ccf/ASCTB-TEMP_stromal-2-npy-,14.16666666666666666667,85
VHMSmallIntestine,horizontal part of duodenum,Stromal 3 (C7+),https://purl.org/ccf/ASCTB-TEMP_stromal-3-c7-,6.83333333333333333333,41
VHMSmallIntestine,horizontal part of duodenum,Stromal 3 (KCNN3+),https://purl.org/ccf/ASCTB-TEMP_stromal-3-kcnn3-,13.4,67
VHMSmallIntestine,horizontal part of duodenum,Stromal 4 (MMP1+),https://purl.org/ccf/ASCTB-TEMP_stromal-4-mmp1-,1.4,7
VHMSmallIntestine,horizontal part of duodenum,T reticular,https://purl.org/ccf/ASCTB-TEMP_t-reticular,5.6,28
VHMSmallIntestine,horizontal part of duodenum,TA,https://purl.org/ccf/ASCTB-TEMP_ta,43.33333333333333333333,260
VHMSmallIntestine,horizontal part of duodenum,TRDV2/TRGV9 gdT,https://purl.org/ccf/ASCTB-TEMP_trdv2-trgv9-gdt,6.33333333333333333333,38
VHMSmallIntestine,horizontal part of duodenum,TRGV2 gdT,https://purl.org/ccf/ASCTB-TEMP_trgv2-gdt,45,315
VHMSmallIntestine,horizontal part of duodenum,TRGV4 gdT,https://purl.org/ccf/ASCTB-TEMP_trgv4-gdt,8.57142857142857142857,60
VHMSmallIntestine,horizontal part of duodenum,TRGV5/7 gdT,https://purl.org/ccf/ASCTB-TEMP_trgv5-7-gdt,2,4
VHMSmallIntestine,horizontal part of duodenum,Tfh,https://purl.org/ccf/ASCTB-TEMP_tfh,40.16666666666666666667,241
VHMSmallIntestine,horizontal part of duodenum,Th1,https://purl.org/ccf/ASCTB-TEMP_th1,4.8,24
VHMSmallIntestine,horizontal part of duodenum,Th17,https://purl.org/ccf/ASCTB-TEMP_th17,3.66666666666666666667,22
VHMSmallIntestine,horizontal part of duodenum,Transitional Stromal 3 (C3+),https://purl.org/ccf/ASCTB-TEMP_transitional-stromal-3-c3-,23.33333333333333333333,140
VHMSmallIntestine,horizontal part of duodenum,Treg,https://purl.org/ccf/ASCTB-TEMP_treg,3.66666666666666666667,22
VHMSmallIntestine,horizontal part of duodenum,Tuft,https://purl.org/ccf/ASCTB-TEMP_tuft,36.14285714285714285714,253
VHMSmallIntestine,horizontal part of duodenum,angiogenic pericyte,https://purl.org/ccf/ASCTB-TEMP_angiogenic-pericyte,5.5,22
VHMSmallIntestine,horizontal part of duodenum,arterial capillary,https://purl.org/ccf/ASCTB-TEMP_arterial-capillary,40,240
VHMSmallIntestine,horizontal part of duodenum,cDC1,https://purl.org/ccf/ASCTB-TEMP_cdc1,7,28
VHMSmallIntestine,horizontal part of duodenum,cDC2,https://purl.org/ccf/ASCTB-TEMP_cdc2,36.75,147
VHMSmallIntestine,horizontal part of duodenum,cycling EC,https://purl.org/ccf/ASCTB-TEMP_cycling-ec,7.42857142857142857143,52
VHMSmallIntestine,horizontal part of duodenum,cycling ENCC/glia,https://purl.org/ccf/ASCTB-TEMP_cycling-encc-glia,2,6
VHMSmallIntestine,horizontal part of duodenum,cycling neuroblast,https://purl.org/ccf/ASCTB-TEMP_cycling-neuroblast,1,2
VHMSmallIntestine,horizontal part of duodenum,enterocyte of epithelium of small intestine,http://purl.obolibrary.org/obo/CL_1000334,2476.28571428571428571429,17334
VHMSmallIntestine,horizontal part of duodenum,fibroblast,http://purl.obolibrary.org/obo/CL_0000057,118.33333333333333333333,710
VHMSmallIntestine,horizontal part of duodenum,gdT,https://purl.org/ccf/ASCTB-TEMP_gdt,1,2
VHMSmallIntestine,horizontal part of duodenum,gut endothelial cell,http://purl.obolibrary.org/obo/CL_0000131,30.33333333333333333333,182
VHMSmallIntestine,horizontal part of duodenum,intestinal enteroendocrine cell,http://purl.obolibrary.org/obo/CL_0009006,19.2,96
VHMSmallIntestine,horizontal part of duodenum,intestinal tuft cell,http://purl.obolibrary.org/obo/CL_0009080,162.83333333333333333333,977
VHMSmallIntestine,horizontal part of duodenum,mLN Stroma (FMO2+),https://purl.org/ccf/ASCTB-TEMP_mln-stroma-fmo2-,8,16
VHMSmallIntestine,horizontal part of duodenum,mLTo,https://purl.org/ccf/ASCTB-TEMP_mlto,7.16666666666666666667,43
VHMSmallIntestine,horizontal part of duodenum,mast cell,http://purl.obolibrary.org/obo/CL_0000097,12.66666666666666666667,38
VHMSmallIntestine,horizontal part of duodenum,monocyte,http://purl.obolibrary.org/obo/CL_0000576,17.66666666666666666667,53
VHMSmallIntestine,horizontal part of duodenum,myofibroblast,https://purl.org/ccf/ASCTB-TEMP_myofibroblast,26.42857142857142857143,185
VHMSmallIntestine,horizontal part of duodenum,myofibroblast (RSPO2+),https://purl.org/ccf/ASCTB-TEMP_myofibroblast-rspo2-,38.5,231
VHMSmallIntestine,horizontal part of duodenum,neutrophil,http://purl.obolibrary.org/obo/CL_0000775,58.66666666666666666667,352
VHMSmallIntestine,horizontal part of duodenum,pDC,https://purl.org/ccf/ASCTB-TEMP_pdc,1.25,5
VHMSmallIntestine,horizontal part of duodenum,paneth cell of epithelium of small intestine,http://purl.obolibrary.org/obo/CL_1000343,121.85714285714285714286,853
VHMSmallIntestine,horizontal part of duodenum,plasma cell,http://purl.obolibrary.org/obo/CL_0000786,42.6,213
VHMSmallIntestine,horizontal part of duodenum,small intestine goblet cell,http://purl.obolibrary.org/obo/CL_1000495,140,840
VHMSmallIntestine,horizontal part of duodenum,transit amplifying cell of small intestine,http://purl.obolibrary.org/obo/CL_0009012,2,2
VHMSmallIntestine,horizontal part of duodenum,venous capillary,https://purl.org/ccf/ASCTB-TEMP_venous-capillary,4,4
VHMSmallIntestine,jejunum,Activated CD4 T,https://purl.org/ccf/ASCTB-TEMP_activated-cd4-t,1,2
VHMSmallIntestine,jejunum,Activated CD8 T,https://purl.org/ccf/ASCTB-TEMP_activated-cd8-t,3.2,16
VHMSmallIntestine,jejunum,Activated T,https://purl.org/ccf/ASCTB-TEMP_activated-t,90.16666666666666666667,541
VHMSmallIntestine,jejunum,Adult Glia,https://purl.org/ccf/ASCTB-TEMP_adult-glia,19.5,117
VHMSmallIntestine,jejunum,B cell,http://purl.obolibrary.org/obo/CL_0000236,5,5
VHMSmallIntestine,jejunum,BEST2+ Goblet cell,https://purl.org/ccf/ASCTB-TEMP_best2-goblet-cell,4,16
VHMSmallIntestine,jejunum,BEST4+ epithelial,https://purl.org/ccf/ASCTB-TEMP_best4-epithelial,15.71428571428571428571,110
VHMSmallIntestine,jejunum,Branch A1 (iMN),https://purl.org/ccf/ASCTB-TEMP_branch-a1-imn-,2.8,14
VHMSmallIntestine,jejunum,Branch A2 (IPAN/IN),https://purl.org/ccf/ASCTB-TEMP_branch-a2-ipan-in-,8.8,44
VHMSmallIntestine,jejunum,Branch A3 (IPAN/IN),https://purl.org/ccf/ASCTB-TEMP_branch-a3-ipan-in-,6.14285714285714285714,43
VHMSmallIntestine,jejunum,Branch A4 (IN),https://purl.org/ccf/ASCTB-TEMP_branch-a4-in-,6.66666666666666666667,40
VHMSmallIntestine,jejunum,Branch B1 (eMN),https://purl.org/ccf/ASCTB-TEMP_branch-b1-emn-,28.42857142857142857143,199
VHMSmallIntestine,jejunum,Branch B2 (eMN),https://purl.org/ccf/ASCTB-TEMP_branch-b2-emn-,2,6
VHMSmallIntestine,jejunum,Branch B3 (IPAN),https://purl.org/ccf/ASCTB-TEMP_branch-b3-ipan-,5.4,27
VHMSmallIntestine,jejunum,"CD4-positive, alpha-beta T cell",http://purl.obolibrary.org/obo/CL_0000624,16.66666666666666666667,50
VHMSmallIntestine,jejunum,CD8 Tmem,https://purl.org/ccf/ASCTB-TEMP_cd8-tmem,5,25
VHMSmallIntestine,jejunum,"CD8-positive, alpha-beta T cell",http://purl.obolibrary.org/obo/CL_0000625,20.25,81
VHMSmallIntestine,jejunum,CLC+ Mast cell,https://purl.org/ccf/ASCTB-TEMP_clc-mast-cell,2.75,11
VHMSmallIntestine,jejunum,CLDN10+ cells,https://purl.org/ccf/ASCTB-TEMP_cldn10-cells,5.8,29
VHMSmallIntestine,jejunum,CLP,https://purl.org/ccf/ASCTB-TEMP_clp,3.33333333333333333333,20
VHMSmallIntestine,jejunum,CX3CR1+ CD8 Tmem,https://purl.org/ccf/ASCTB-TEMP_cx3cr1-cd8-tmem,2,6
VHMSmallIntestine,jejunum,Colonocyte,https://purl.org/ccf/ASCTB-TEMP_colonocyte,4,8
VHMSmallIntestine,jejunum,Contractile pericyte (PLN+),https://purl.org/ccf/ASCTB-TEMP_contractile-pericyte-pln-,18.83333333333333333333,113
VHMSmallIntestine,jejunum,Cycling B cell,https://purl.org/ccf/ASCTB-TEMP_cycling-b-cell,34,238
VHMSmallIntestine,jejunum,Cycling plasma cell,https://purl.org/ccf/ASCTB-TEMP_cycling-plasma-cell,243,1701
VHMSmallIntestine,jejunum,D cells (SST+),https://purl.org/ccf/ASCTB-TEMP_d-cells-sst-,15.66666666666666666667,94
VHMSmallIntestine,jejunum,DZ GC cell,https://purl.org/ccf/ASCTB-TEMP_dz-gc-cell,16.33333333333333333333,98
VHMSmallIntestine,jejunum,Differentiating glia,https://purl.org/ccf/ASCTB-TEMP_differentiating-glia,2,4
VHMSmallIntestine,jejunum,Distal progenitor,https://purl.org/ccf/ASCTB-TEMP_distal-progenitor,1,1
VHMSmallIntestine,jejunum,EC cells (NPW+),https://purl.org/ccf/ASCTB-TEMP_ec-cells-npw-,2.8,14
VHMSmallIntestine,jejunum,EC cells (TAC1+),https://purl.org/ccf/ASCTB-TEMP_ec-cells-tac1-,10,60
VHMSmallIntestine,jejunum,EECs,https://purl.org/ccf/ASCTB-TEMP_eecs,74.71428571428571428571,523
VHMSmallIntestine,jejunum,ENCC/glia Progenitor,https://purl.org/ccf/ASCTB-TEMP_encc-glia-progenitor,1,2
VHMSmallIntestine,jejunum,Enterocyte,https://purl.org/ccf/ASCTB-TEMP_enterocyte,765.42857142857142857143,5358
VHMSmallIntestine,jejunum,FCRL4+ Memory B,https://purl.org/ccf/ASCTB-TEMP_fcrl4-memory-b,3.25,13
VHMSmallIntestine,jejunum,FDC,https://purl.org/ccf/ASCTB-TEMP_fdc,3.2,16
VHMSmallIntestine,jejunum,Fetal arterial EC,https://purl.org/ccf/ASCTB-TEMP_fetal-arterial-ec,4.5,18
VHMSmallIntestine,jejunum,Fetal venous EC,https://purl.org/ccf/ASCTB-TEMP_fetal-venous-ec,3.8,19
VHMSmallIntestine,jejunum,GC B cell,https://purl.org/ccf/ASCTB-TEMP_gc-b-cell,1.33333333333333333333,4
VHMSmallIntestine,jejunum,Germ,https://purl.org/ccf/ASCTB-TEMP_germ,5.6,28
VHMSmallIntestine,jejunum,Glia 1 (DHH+),https://purl.org/ccf/ASCTB-TEMP_glia-1-dhh-,3.4,17
VHMSmallIntestine,jejunum,Glia 2 (ELN+),https://purl.org/ccf/ASCTB-TEMP_glia-2-eln-,5.83333333333333333333,35
VHMSmallIntestine,jejunum,Glia 3 (BCAN+),https://purl.org/ccf/ASCTB-TEMP_glia-3-bcan-,7.16666666666666666667,43
VHMSmallIntestine,jejunum,Goblet cell,https://purl.org/ccf/ASCTB-TEMP_goblet-cell,111.14285714285714285714,778
VHMSmallIntestine,jejunum,I cells (CCK+),https://purl.org/ccf/ASCTB-TEMP_i-cells-cck-,14.71428571428571428571,103
VHMSmallIntestine,jejunum,ICC,https://purl.org/ccf/ASCTB-TEMP_icc,2.5,10
VHMSmallIntestine,jejunum,ILC2,https://purl.org/ccf/ASCTB-TEMP_ilc2,1.66666666666666666667,5
VHMSmallIntestine,jejunum,ILC3,https://purl.org/ccf/ASCTB-TEMP_ilc3,3.25,13
VHMSmallIntestine,jejunum,ILCP,https://purl.org/ccf/ASCTB-TEMP_ilcp,9.25,37
VHMSmallIntestine,jejunum,IgA plasma cell,https://purl.org/ccf/ASCTB-TEMP_iga-plasma-cell,7.33333333333333333333,22
VHMSmallIntestine,jejunum,IgG plasma cell,https://purl.org/ccf/ASCTB-TEMP_igg-plasma-cell,6.33333333333333333333,38
VHMSmallIntestine,jejunum,IgM plasma cell,https://purl.org/ccf/ASCTB-TEMP_igm-plasma-cell,1,1
VHMSmallIntestine,jejunum,Immature B,https://purl.org/ccf/ASCTB-TEMP_immature-b,2.5,5
VHMSmallIntestine,jejunum,Immature pericyte,https://purl.org/ccf/ASCTB-TEMP_immature-pericyte,4.25,17
VHMSmallIntestine,jejunum,K cells (GIP+),https://purl.org/ccf/ASCTB-TEMP_k-cells-gip-,23,138
VHMSmallIntestine,jejunum,L cells (PYY+),https://purl.org/ccf/ASCTB-TEMP_l-cells-pyy-,9,45
VHMSmallIntestine,jejunum,LEC1 (ACKR4+),https://purl.org/ccf/ASCTB-TEMP_lec1-ackr4-,34.4,172
VHMSmallIntestine,jejunum,LEC2 (MADCAM1+),https://purl.org/ccf/ASCTB-TEMP_lec2-madcam1-,1,3
VHMSmallIntestine,jejunum,LEC3 (ADGRG3+),https://purl.org/ccf/ASCTB-TEMP_lec3-adgrg3-,10,40
VHMSmallIntestine,jejunum,LEC4 (STAB2+),https://purl.org/ccf/ASCTB-TEMP_lec4-stab2-,5.42857142857142857143,38
VHMSmallIntestine,jejunum,LEC5 (CLDN11+),https://purl.org/ccf/ASCTB-TEMP_lec5-cldn11-,2,6
VHMSmallIntestine,jejunum,LEC6 (ADAMTS4+),https://purl.org/ccf/ASCTB-TEMP_lec6-adamts4-,7.5,30
VHMSmallIntestine,jejunum,LTi-like NCR+ ILC3,https://purl.org/ccf/ASCTB-TEMP_lti-like-ncr-ilc3,3.66666666666666666667,11
VHMSmallIntestine,jejunum,LTi-like NCR- ILC3,https://purl.org/ccf/ASCTB-TEMP_lti-like-ncr-ilc3,13.5,27
VHMSmallIntestine,jejunum,LYVE1+ Macrophage,https://purl.org/ccf/ASCTB-TEMP_lyve1-macrophage,29.2,146
VHMSmallIntestine,jejunum,LZ GC cell,https://purl.org/ccf/ASCTB-TEMP_lz-gc-cell,2,6
VHMSmallIntestine,jejunum,Lymphoid DC,https://purl.org/ccf/ASCTB-TEMP_lymphoid-dc,12.66666666666666666667,76
VHMSmallIntestine,jejunum,M/X cells (MLN/GHRL+),https://purl.org/ccf/ASCTB-TEMP_m-x-cells-mln-ghrl-,5.83333333333333333333,35
VHMSmallIntestine,jejunum,MAIT cell,https://purl.org/ccf/ASCTB-TEMP_mait-cell,7.83333333333333333333,47
VHMSmallIntestine,jejunum,MMP9+ Inflammatory macrophage,https://purl.org/ccf/ASCTB-TEMP_mmp9-inflammatory-macrophage,8,32
VHMSmallIntestine,jejunum,MPO+ mono-neutrophil,https://purl.org/ccf/ASCTB-TEMP_mpo-mono-neutrophil,1.66666666666666666667,5
VHMSmallIntestine,jejunum,Macrophages,https://purl.org/ccf/ASCTB-TEMP_macrophages,20.33333333333333333333,61
VHMSmallIntestine,jejunum,Mast cell,https://purl.org/ccf/ASCTB-TEMP_mast-cell,12.33333333333333333333,74
VHMSmallIntestine,jejunum,Mature arterial EC,https://purl.org/ccf/ASCTB-TEMP_mature-arterial-ec,13,65
VHMSmallIntestine,jejunum,Mature venous EC,https://purl.org/ccf/ASCTB-TEMP_mature-venous-ec,15.33333333333333333333,92
VHMSmallIntestine,jejunum,Megakaryocyte,https://purl.org/ccf/ASCTB-TEMP_megakaryocyte,6.16666666666666666667,37
VHMSmallIntestine,jejunum,Memory B,https://purl.org/ccf/ASCTB-TEMP_memory-b,7.4,37
VHMSmallIntestine,jejunum,Mesoderm 1 (HAND1+),https://purl.org/ccf/ASCTB-TEMP_mesoderm-1-hand1-,355.83333333333333333333,2135
VHMSmallIntestine,jejunum,Mesothelium,https://purl.org/ccf/ASCTB-TEMP_mesothelium,4,8
VHMSmallIntestine,jejunum,Mesothelium (PRG4+),https://purl.org/ccf/ASCTB-TEMP_mesothelium-prg4-,6,12
VHMSmallIntestine,jejunum,Mesothelium (RGS5+),https://purl.org/ccf/ASCTB-TEMP_mesothelium-rgs5-,6.8,34
VHMSmallIntestine,jejunum,Microfold cell,https://purl.org/ccf/ASCTB-TEMP_microfold-cell,73.57142857142857142857,515
VHMSmallIntestine,jejunum,Monocytes,https://purl.org/ccf/ASCTB-TEMP_monocytes,13,65
VHMSmallIntestine,jejunum,N cells (NTS+),https://purl.org/ccf/ASCTB-TEMP_n-cells-nts-,2.5,10
VHMSmallIntestine,jejunum,NK T cell,https://purl.org/ccf/ASCTB-TEMP_nk-t-cell,8.5,51
VHMSmallIntestine,jejunum,NK cell,https://purl.org/ccf/ASCTB-TEMP_nk-cell,31.16666666666666666667,187
VHMSmallIntestine,jejunum,Naive B,https://purl.org/ccf/ASCTB-TEMP_naive-b,3.5,14
VHMSmallIntestine,jejunum,Neuroblast,https://purl.org/ccf/ASCTB-TEMP_neuroblast,2.5,5
VHMSmallIntestine,jejunum,Paneth,https://purl.org/ccf/ASCTB-TEMP_paneth,274,1918
VHMSmallIntestine,jejunum,Pericyte,https://purl.org/ccf/ASCTB-TEMP_pericyte,7.83333333333333333333,47
VHMSmallIntestine,jejunum,Pre-B,https://purl.org/ccf/ASCTB-TEMP_pre-b,13,91
VHMSmallIntestine,jejunum,Pro-B,https://purl.org/ccf/ASCTB-TEMP_pro-b,4.5,27
VHMSmallIntestine,jejunum,Progenitor (NEUROG3+),https://purl.org/ccf/ASCTB-TEMP_progenitor-neurog3-,5.83333333333333333333,35
VHMSmallIntestine,jejunum,Proximal progenitor,https://purl.org/ccf/ASCTB-TEMP_proximal-progenitor,65,390
VHMSmallIntestine,jejunum,RBC,https://purl.org/ccf/ASCTB-TEMP_rbc,14.66666666666666666667,88
VHMSmallIntestine,jejunum,SELL+ CD4 T,https://purl.org/ccf/ASCTB-TEMP_sell-cd4-t,8.25,33
VHMSmallIntestine,jejunum,SELL+ CD8 T,https://purl.org/ccf/ASCTB-TEMP_sell-cd8-t,20,100
VHMSmallIntestine,jejunum,SMC (PART1/CAPN3+),https://purl.org/ccf/ASCTB-TEMP_smc-part1-capn3-,5.75,23
VHMSmallIntestine,jejunum,SMC (PLPP2+),https://purl.org/ccf/ASCTB-TEMP_smc-plpp2-,14,56
VHMSmallIntestine,jejunum,STAT1+ Naive B,https://purl.org/ccf/ASCTB-TEMP_stat1-naive-b,12.42857142857142857143,87
VHMSmallIntestine,jejunum,Stem cells,https://purl.org/ccf/ASCTB-TEMP_stem-cells,76.33333333333333333333,458
VHMSmallIntestine,jejunum,Stromal 1 (CCL11+),https://purl.org/ccf/ASCTB-TEMP_stromal-1-ccl11-,22.2,111
VHMSmallIntestine,jejunum,Stromal 2 (CH25H+),https://purl.org/ccf/ASCTB-TEMP_stromal-2-ch25h-,3,9
VHMSmallIntestine,jejunum,Stromal 2 (NPY+),https://purl.org/ccf/ASCTB-TEMP_stromal-2-npy-,7.8,39
VHMSmallIntestine,jejunum,Stromal 3 (C7+),https://purl.org/ccf/ASCTB-TEMP_stromal-3-c7-,7.75,31
VHMSmallIntestine,jejunum,Stromal 3 (KCNN3+),https://purl.org/ccf/ASCTB-TEMP_stromal-3-kcnn3-,6,30
VHMSmallIntestine,jejunum,Stromal 4 (MMP1+),https://purl.org/ccf/ASCTB-TEMP_stromal-4-mmp1-,3.66666666666666666667,11
VHMSmallIntestine,jejunum,T reticular,https://purl.org/ccf/ASCTB-TEMP_t-reticular,7.57142857142857142857,53
VHMSmallIntestine,jejunum,TA,https://purl.org/ccf/ASCTB-TEMP_ta,159.8,799
VHMSmallIntestine,jejunum,TRDV2/TRGV9 gdT,https://purl.org/ccf/ASCTB-TEMP_trdv2-trgv9-gdt,15.2,76
VHMSmallIntestine,jejunum,TRGV2 gdT,https://purl.org/ccf/ASCTB-TEMP_trgv2-gdt,33.42857142857142857143,234
VHMSmallIntestine,jejunum,TRGV4 gdT,https://purl.org/ccf/ASCTB-TEMP_trgv4-gdt,9.33333333333333333333,56
VHMSmallIntestine,jejunum,TRGV5/7 gdT,https://purl.org/ccf/ASCTB-TEMP_trgv5-7-gdt,1,1
VHMSmallIntestine,jejunum,Tfh,https://purl.org/ccf/ASCTB-TEMP_tfh,29,203
VHMSmallIntestine,jejunum,Th1,https://purl.org/ccf/ASCTB-TEMP_th1,3.5,21
VHMSmallIntestine,jejunum,Th17,https://purl.org/ccf/ASCTB-TEMP_th17,3,15
VHMSmallIntestine,jejunum,Transitional Stromal 3 (C3+),https://purl.org/ccf/ASCTB-TEMP_transitional-stromal-3-c3-,14,98
VHMSmallIntestine,jejunum,Treg,https://purl.org/ccf/ASCTB-TEMP_treg,4.25,17
VHMSmallIntestine,jejunum,Tuft,https://purl.org/ccf/ASCTB-TEMP_tuft,29,203
VHMSmallIntestine,jejunum,angiogenic pericyte,https://purl.org/ccf/ASCTB-TEMP_angiogenic-pericyte,5.75,23
VHMSmallIntestine,jejunum,arterial capillary,https://purl.org/ccf/ASCTB-TEMP_arterial-capillary,35,245
VHMSmallIntestine,jejunum,cDC1,https://purl.org/ccf/ASCTB-TEMP_cdc1,8.14285714285714285714,57
VHMSmallIntestine,jejunum,cDC2,https://purl.org/ccf/ASCTB-TEMP_cdc2,64,192
VHMSmallIntestine,jejunum,cycling EC,https://purl.org/ccf/ASCTB-TEMP_cycling-ec,5.16666666666666666667,31
VHMSmallIntestine,jejunum,cycling ENCC/glia,https://purl.org/ccf/ASCTB-TEMP_cycling-encc-glia,1.5,3
VHMSmallIntestine,jejunum,cycling neuroblast,https://purl.org/ccf/ASCTB-TEMP_cycling-neuroblast,1.25,5
VHMSmallIntestine,jejunum,enterocyte of epithelium of small intestine,http://purl.obolibrary.org/obo/CL_1000334,1915.42857142857142857143,13408
VHMSmallIntestine,jejunum,fibroblast,http://purl.obolibrary.org/obo/CL_0000057,61.5,246
VHMSmallIntestine,jejunum,gut endothelial cell,http://purl.obolibrary.org/obo/CL_0000131,22.2,111
VHMSmallIntestine,jejunum,intestinal crypt stem cell of small intestine,http://purl.obolibrary.org/obo/CL_0009017,3,3
VHMSmallIntestine,jejunum,intestinal enteroendocrine cell,http://purl.obolibrary.org/obo/CL_0009006,7.75,31
VHMSmallIntestine,jejunum,intestinal tuft cell,http://purl.obolibrary.org/obo/CL_0009080,110.28571428571428571429,772
VHMSmallIntestine,jejunum,mLN Stroma (FMO2+),https://purl.org/ccf/ASCTB-TEMP_mln-stroma-fmo2-,3,15
VHMSmallIntestine,jejunum,mLTo,https://purl.org/ccf/ASCTB-TEMP_mlto,15,75
VHMSmallIntestine,jejunum,mast cell,http://purl.obolibrary.org/obo/CL_0000097,3.33333333333333333333,10
VHMSmallIntestine,jejunum,monocyte,http://purl.obolibrary.org/obo/CL_0000576,6.6,33
VHMSmallIntestine,jejunum,myofibroblast,https://purl.org/ccf/ASCTB-TEMP_myofibroblast,24.14285714285714285714,169
VHMSmallIntestine,jejunum,myofibroblast (RSPO2+),https://purl.org/ccf/ASCTB-TEMP_myofibroblast-rspo2-,17.5,105
VHMSmallIntestine,jejunum,neutrophil,http://purl.obolibrary.org/obo/CL_0000775,75.16666666666666666667,451
VHMSmallIntestine,jejunum,pDC,https://purl.org/ccf/ASCTB-TEMP_pdc,6.25,25
VHMSmallIntestine,jejunum,paneth cell of epithelium of small intestine,http://purl.obolibrary.org/obo/CL_1000343,101.85714285714285714286,713
VHMSmallIntestine,jejunum,plasma cell,http://purl.obolibrary.org/obo/CL_0000786,18,72
VHMSmallIntestine,jejunum,small intestine goblet cell,http://purl.obolibrary.org/obo/CL_1000495,132.57142857142857142857,928
VHMSmallIntestine,jejunum,transit amplifying cell of small intestine,http://purl.obolibrary.org/obo/CL_0009012,3.5,7
VHMSmallIntestine,jejunum,venous capillary,https://purl.org/ccf/ASCTB-TEMP_venous-capillary,2,6
VHMSmallIntestine,jejunum,β cells (INS+),https://purl.org/ccf/ASCTB-TEMP_-cells-ins-,1.5,3
VHMSpleen,diaphragmatic surface of spleen,CD141-positive myeloid dendritic cell,http://purl.obolibrary.org/obo/CL_0002394,3.4,17
VHMSpleen,diaphragmatic surface of spleen,"CD4-positive, alpha-beta memory T cell",http://purl.obolibrary.org/obo/CL_0000897,638.625,5109
VHMSpleen,diaphragmatic surface of spleen,"CD8-positive, alpha-beta memory T cell",http://purl.obolibrary.org/obo/CL_0000909,598.55555555555555555556,5387
VHMSpleen,diaphragmatic surface of spleen,classical monocyte,http://purl.obolibrary.org/obo/CL_0000860,206.33333333333333333333,1857
VHMSpleen,diaphragmatic surface of spleen,endothelial cell,http://purl.obolibrary.org/obo/CL_0000115,107.33333333333333333333,966
VHMSpleen,diaphragmatic surface of spleen,erythrocyte,http://purl.obolibrary.org/obo/CL_0000232,2694,24246
VHMSpleen,diaphragmatic surface of spleen,hematopoietic stem cell,http://purl.obolibrary.org/obo/CL_0000037,5.57142857142857142857,39
VHMSpleen,diaphragmatic surface of spleen,innate lymphoid cell,http://purl.obolibrary.org/obo/CL_0001065,98.66666666666666666667,592
VHMSpleen,diaphragmatic surface of spleen,macrophage,http://purl.obolibrary.org/obo/CL_0000235,74.66666666666666666667,672
VHMSpleen,diaphragmatic surface of spleen,mature NK T cell,http://purl.obolibrary.org/obo/CL_0000814,285.85714285714285714286,2001
VHMSpleen,diaphragmatic surface of spleen,memory B cell,http://purl.obolibrary.org/obo/CL_0000787,2533.88888888888888888889,22805
VHMSpleen,diaphragmatic surface of spleen,naive B cell,http://purl.obolibrary.org/obo/CL_0000788,1440.44444444444444444444,12964
VHMSpleen,diaphragmatic surface of spleen,"naive thymus-derived CD4-positive, alpha-beta T cell",http://purl.obolibrary.org/obo/CL_0000895,268.125,2145
VHMSpleen,diaphragmatic surface of spleen,"naive thymus-derived CD8-positive, alpha-beta T cell",http://purl.obolibrary.org/obo/CL_0000900,31.33333333333333333333,188
VHMSpleen,diaphragmatic surface of spleen,neutrophil,http://purl.obolibrary.org/obo/CL_0000775,3.4,17
VHMSpleen,diaphragmatic surface of spleen,plasma cell,http://purl.obolibrary.org/obo/CL_0000786,27.66666666666666666667,249
VHMSpleen,diaphragmatic surface of spleen,plasmacytoid dendritic cell,http://purl.obolibrary.org/obo/CL_0000784,1,1
VHMSpleen,diaphragmatic surface of spleen,platelet,http://purl.obolibrary.org/obo/CL_0000233,5.125,41
VHMSpleen,diaphragmatic surface of spleen,regulatory T cell,http://purl.obolibrary.org/obo/CL_0000815,20.83333333333333333333,125
VHMSpleen,diaphragmatic surface of spleen,type I NK T cell,http://purl.obolibrary.org/obo/CL_0000921,176.55555555555555555556,1589
VHMSpleen,hilum of spleen,CD141-positive myeloid dendritic cell,http://purl.obolibrary.org/obo/CL_0002394,6,6
VHMSpleen,hilum of spleen,"CD4-positive, alpha-beta memory T cell",http://purl.obolibrary.org/obo/CL_0000897,669.75,2679
VHMSpleen,hilum of spleen,"CD8-positive, alpha-beta memory T cell",http://purl.obolibrary.org/obo/CL_0000909,697,2788
VHMSpleen,hilum of spleen,classical monocyte,http://purl.obolibrary.org/obo/CL_0000860,204.75,819
VHMSpleen,hilum of spleen,endothelial cell,http://purl.obolibrary.org/obo/CL_0000115,123.75,495
VHMSpleen,hilum of spleen,erythrocyte,http://purl.obolibrary.org/obo/CL_0000232,1610.5,6442
VHMSpleen,hilum of spleen,hematopoietic stem cell,http://purl.obolibrary.org/obo/CL_0000037,7.33333333333333333333,22
VHMSpleen,hilum of spleen,innate lymphoid cell,http://purl.obolibrary.org/obo/CL_0001065,98.33333333333333333333,295
VHMSpleen,hilum of spleen,macrophage,http://purl.obolibrary.org/obo/CL_0000235,151.25,605
VHMSpleen,hilum of spleen,mature NK T cell,http://purl.obolibrary.org/obo/CL_0000814,309.25,1237
VHMSpleen,hilum of spleen,memory B cell,http://purl.obolibrary.org/obo/CL_0000787,2965.5,11862
VHMSpleen,hilum of spleen,naive B cell,http://purl.obolibrary.org/obo/CL_0000788,1723.25,6893
VHMSpleen,hilum of spleen,"naive thymus-derived CD4-positive, alpha-beta T cell",http://purl.obolibrary.org/obo/CL_0000895,270.75,1083
VHMSpleen,hilum of spleen,"naive thymus-derived CD8-positive, alpha-beta T cell",http://purl.obolibrary.org/obo/CL_0000900,31.75,127
VHMSpleen,hilum of spleen,neutrophil,http://purl.obolibrary.org/obo/CL_0000775,4.5,9
VHMSpleen,hilum of spleen,plasma cell,http://purl.obolibrary.org/obo/CL_0000786,24.75,99
VHMSpleen,hilum of spleen,platelet,http://purl.obolibrary.org/obo/CL_0000233,4.25,17
VHMSpleen,hilum of spleen,regulatory T cell,http://purl.obolibrary.org/obo/CL_0000815,19,57
VHMSpleen,hilum of spleen,type I NK T cell,http://purl.obolibrary.org/obo/CL_0000921,219.25,877
VHMUrinaryBladder,fundus of urinary bladder,B cell,http://purl.obolibrary.org/obo/CL_0000236,1,1
VHMUrinaryBladder,fundus of urinary bladder,T cell,http://purl.obolibrary.org/obo/CL_0000084,1,1
VHMUrinaryBladder,fundus of urinary bladder,bladder urothelial cell,http://purl.obolibrary.org/obo/CL_1001428,1763,1763
VHMUrinaryBladder,fundus of urinary bladder,capillary endothelial cell,http://purl.obolibrary.org/obo/CL_0002144,79,79
VHMUrinaryBladder,fundus of urinary bladder,endothelial cell of lymphatic vessel,http://purl.obolibrary.org/obo/CL_0002138,3,3
VHMUrinaryBladder,fundus of urinary bladder,fibroblast,http://purl.obolibrary.org/obo/CL_0000057,55,55
VHMUrinaryBladder,fundus of urinary bladder,macrophage,http://purl.obolibrary.org/obo/CL_0000235,23,23
VHMUrinaryBladder,fundus of urinary bladder,mast cell,http://purl.obolibrary.org/obo/CL_0000097,3,3
VHMUrinaryBladder,fundus of urinary bladder,mature NK T cell,http://purl.obolibrary.org/obo/CL_0000814,1,1
VHMUrinaryBladder,fundus of urinary bladder,myofibroblast cell,http://purl.obolibrary.org/obo/CL_0000186,35,35
VHMUrinaryBladder,fundus of urinary bladder,pericyte,http://purl.obolibrary.org/obo/CL_0000669,108,108
VHMUrinaryBladder,fundus of urinary bladder,smooth muscle cell,http://purl.obolibrary.org/obo/CL_0000192,16770,16770
VHMUrinaryBladder,fundus of urinary bladder,vein endothelial cell,http://purl.obolibrary.org/obo/CL_0002543,144,144
