sample,rui_location,organ,organId,modality,cell_id,cell_label,cell_count,percentage_of_total
http://purl.org/ccf/1.5/NHLBI/D032#Donor_TissueBlock1,http://purl.org/ccf/1.5/da60f474-614a-4e0a-adbe-521ba44c7bf0,respiratory system,UBERON:0001004,sc_bulk,https://purl.org/ccf/ASCTB-TEMP_ec-general-capillary,EC general capillary,7291.892,0.1008619550775057
http://purl.org/ccf/1.5/NHLBI/D032#Donor_TissueBlock1,http://purl.org/ccf/1.5/da60f474-614a-4e0a-adbe-521ba44c7bf0,respiratory system,UBERON:0001004,sc_bulk,https://purl.org/ccf/ASCTB-TEMP_at2,AT2,6962.093,0.09630015247228252
http://purl.org/ccf/1.5/NHLBI/D032#Donor_TissueBlock1,http://purl.org/ccf/1.5/da60f474-614a-4e0a-adbe-521ba44c7bf0,respiratory system,UBERON:0001004,sc_bulk,https://purl.org/ccf/ASCTB-TEMP_at1,AT1,6182.928000000001,0.08552268823831352
http://purl.org/ccf/1.5/NHLBI/D032#Donor_TissueBlock1,http://purl.org/ccf/1.5/da60f474-614a-4e0a-adbe-521ba44c7bf0,respiratory system,UBERON:0001004,sc_bulk,http://purl.obolibrary.org/obo/CL_0000583,alveolar macrophage,6037.463,0.08351060628546102
http://purl.org/ccf/1.5/NHLBI/D032#Donor_TissueBlock1,http://purl.org/ccf/1.5/da60f474-614a-4e0a-adbe-521ba44c7bf0,respiratory system,UBERON:0001004,sc_bulk,http://purl.obolibrary.org/obo/CL_0002063,type II pneumocyte,5928.33,0.08200107107245
http://purl.org/ccf/1.5/NHLBI/D032#Donor_TissueBlock1,http://purl.org/ccf/1.5/da60f474-614a-4e0a-adbe-521ba44c7bf0,respiratory system,UBERON:0001004,sc_bulk,http://purl.obolibrary.org/obo/CL_0000057,fibroblast,5778.949000000001,0.07993482273643064
http://purl.org/ccf/1.5/NHLBI/D032#Donor_TissueBlock1,http://purl.org/ccf/1.5/da60f474-614a-4e0a-adbe-521ba44c7bf0,respiratory system,UBERON:0001004,sc_bulk,https://purl.org/ccf/ASCTB-TEMP_cd8-t-cells,CD8 T cells,4644.072,0.06423712548686983
http://purl.org/ccf/1.5/NHLBI/D032#Donor_TissueBlock1,http://purl.org/ccf/1.5/da60f474-614a-4e0a-adbe-521ba44c7bf0,respiratory system,UBERON:0001004,sc_bulk,http://purl.obolibrary.org/obo/CL_0002062,type I pneumocyte,2900.921,0.04012574014883832
http://purl.org/ccf/1.5/NHLBI/D032#Donor_TissueBlock1,http://purl.org/ccf/1.5/da60f474-614a-4e0a-adbe-521ba44c7bf0,respiratory system,UBERON:0001004,sc_bulk,https://purl.org/ccf/ASCTB-TEMP_cd4-t-cells,CD4 T cells,2648.18,0.03662980913556443
http://purl.org/ccf/1.5/NHLBI/D032#Donor_TissueBlock1,http://purl.org/ccf/1.5/da60f474-614a-4e0a-adbe-521ba44c7bf0,respiratory system,UBERON:0001004,sc_bulk,http://purl.obolibrary.org/obo/CL_0000084,T cell,2523.545,0.0349058491851037
http://purl.org/ccf/1.5/NHLBI/D032#Donor_TissueBlock1,http://purl.org/ccf/1.5/da60f474-614a-4e0a-adbe-521ba44c7bf0,respiratory system,UBERON:0001004,sc_bulk,http://purl.obolibrary.org/obo/CL_0000115,endothelial cell,2275.85,0.03147971479324452
http://purl.org/ccf/1.5/NHLBI/D032#Donor_TissueBlock1,http://purl.org/ccf/1.5/da60f474-614a-4e0a-adbe-521ba44c7bf0,respiratory system,UBERON:0001004,sc_bulk,http://purl.obolibrary.org/obo/CL_0000576,monocyte,2013.226,0.02784708143961355
http://purl.org/ccf/1.5/NHLBI/D032#Donor_TissueBlock1,http://purl.org/ccf/1.5/da60f474-614a-4e0a-adbe-521ba44c7bf0,respiratory system,UBERON:0001004,sc_bulk,http://purl.obolibrary.org/obo/CL_0000003,native cell,1785.162,0.02469248439912032
http://purl.org/ccf/1.5/NHLBI/D032#Donor_TissueBlock1,http://purl.org/ccf/1.5/da60f474-614a-4e0a-adbe-521ba44c7bf0,respiratory system,UBERON:0001004,sc_bulk,https://purl.org/ccf/ASCTB-TEMP_alveolar-fibroblasts,Alveolar fibroblasts,1300.268,0.01798539701420677
http://purl.org/ccf/1.5/NHLBI/D032#Donor_TissueBlock1,http://purl.org/ccf/1.5/da60f474-614a-4e0a-adbe-521ba44c7bf0,respiratory system,UBERON:0001004,sc_bulk,http://purl.obolibrary.org/obo/CL_0000158,club cell,1085.751,0.01501818301578752
http://purl.org/ccf/1.5/NHLBI/D032#Donor_TissueBlock1,http://purl.org/ccf/1.5/da60f474-614a-4e0a-adbe-521ba44c7bf0,respiratory system,UBERON:0001004,sc_bulk,http://purl.obolibrary.org/obo/CL_0000066,epithelial cell,1048.907,0.01450855425649218
http://purl.org/ccf/1.5/NHLBI/D032#Donor_TissueBlock1,http://purl.org/ccf/1.5/da60f474-614a-4e0a-adbe-521ba44c7bf0,respiratory system,UBERON:0001004,sc_bulk,http://purl.obolibrary.org/obo/CL_0000235,macrophage,971.1859999999999,0.01343351200263285
http://purl.org/ccf/1.5/NHLBI/D032#Donor_TissueBlock1,http://purl.org/ccf/1.5/da60f474-614a-4e0a-adbe-521ba44c7bf0,respiratory system,UBERON:0001004,sc_bulk,https://purl.org/ccf/ASCTB-TEMP_multiciliated-non-nasal-,Multiciliated (non-nasal),857.355,0.01185899372830466
http://purl.org/ccf/1.5/NHLBI/D032#Donor_TissueBlock1,http://purl.org/ccf/1.5/da60f474-614a-4e0a-adbe-521ba44c7bf0,respiratory system,UBERON:0001004,sc_bulk,http://purl.obolibrary.org/obo/CL_0000623,natural killer cell,813.534,0.01125285862188079
http://purl.org/ccf/1.5/NHLBI/D032#Donor_TissueBlock1,http://purl.org/ccf/1.5/da60f474-614a-4e0a-adbe-521ba44c7bf0,respiratory system,UBERON:0001004,sc_bulk,http://purl.obolibrary.org/obo/CL_0000236,B cell,754.8199999999999,0.01044072250817797
http://purl.org/ccf/1.5/NHLBI/D032#Donor_TissueBlock1,http://purl.org/ccf/1.5/da60f474-614a-4e0a-adbe-521ba44c7bf0,respiratory system,UBERON:0001004,sc_bulk,https://purl.org/ccf/ASCTB-TEMP_ec-venous-systemic,EC venous systemic,745.08,0.01030599815372306
http://purl.org/ccf/1.5/NHLBI/D032#Donor_TissueBlock1,http://purl.org/ccf/1.5/da60f474-614a-4e0a-adbe-521ba44c7bf0,respiratory system,UBERON:0001004,sc_bulk,https://purl.org/ccf/ASCTB-TEMP_ec-arterial,EC arterial,674.886,0.009335069885077499
http://purl.org/ccf/1.5/NHLBI/D032#Donor_TissueBlock1,http://purl.org/ccf/1.5/da60f474-614a-4e0a-adbe-521ba44c7bf0,respiratory system,UBERON:0001004,sc_bulk,https://purl.org/ccf/ASCTB-TEMP_smooth-muscle,Smooth muscle,627.14,0.008674643906863533
http://purl.org/ccf/1.5/NHLBI/D032#Donor_TissueBlock1,http://purl.org/ccf/1.5/da60f474-614a-4e0a-adbe-521ba44c7bf0,respiratory system,UBERON:0001004,sc_bulk,http://purl.obolibrary.org/obo/CL_0000669,pericyte,611.193,0.008454063898599425
http://purl.org/ccf/1.5/NHLBI/D032#Donor_TissueBlock1,http://purl.org/ccf/1.5/da60f474-614a-4e0a-adbe-521ba44c7bf0,respiratory system,UBERON:0001004,sc_bulk,http://purl.obolibrary.org/obo/CL_0000064,ciliated cell,492.288,0.006809361704917618
http://purl.org/ccf/1.5/NHLBI/D032#Donor_TissueBlock1,http://purl.org/ccf/1.5/da60f474-614a-4e0a-adbe-521ba44c7bf0,respiratory system,UBERON:0001004,sc_bulk,http://purl.obolibrary.org/obo/CL_0000186,myofibroblast cell,434.954,0.006016313846774119
http://purl.org/ccf/1.5/NHLBI/D032#Donor_TissueBlock1,http://purl.org/ccf/1.5/da60f474-614a-4e0a-adbe-521ba44c7bf0,respiratory system,UBERON:0001004,sc_bulk,http://purl.obolibrary.org/obo/CL_0000138,chondrocyte,366.599,0.005070822753471736
http://purl.org/ccf/1.5/NHLBI/D032#Donor_TissueBlock1,http://purl.org/ccf/1.5/da60f474-614a-4e0a-adbe-521ba44c7bf0,respiratory system,UBERON:0001004,sc_bulk,http://purl.obolibrary.org/obo/CL_0000192,smooth muscle cell,324.92,0.004494315939372546
http://purl.org/ccf/1.5/NHLBI/D032#Donor_TissueBlock1,http://purl.org/ccf/1.5/da60f474-614a-4e0a-adbe-521ba44c7bf0,respiratory system,UBERON:0001004,sc_bulk,https://purl.org/ccf/ASCTB-TEMP_ec-aerocyte-capillary,EC aerocyte capillary,309.885,0.004286350778260685
http://purl.org/ccf/1.5/NHLBI/D032#Donor_TissueBlock1,http://purl.org/ccf/1.5/da60f474-614a-4e0a-adbe-521ba44c7bf0,respiratory system,UBERON:0001004,sc_bulk,https://purl.org/ccf/ASCTB-TEMP_pericytes,Pericytes,306.557,0.004240317651810383
http://purl.org/ccf/1.5/NHLBI/D032#Donor_TissueBlock1,http://purl.org/ccf/1.5/da60f474-614a-4e0a-adbe-521ba44c7bf0,respiratory system,UBERON:0001004,sc_bulk,https://purl.org/ccf/ASCTB-TEMP_transitional-club-at2,Transitional Club-AT2,287.163,0.003972058500855714
http://purl.org/ccf/1.5/NHLBI/D032#Donor_TissueBlock1,http://purl.org/ccf/1.5/da60f474-614a-4e0a-adbe-521ba44c7bf0,respiratory system,UBERON:0001004,sc_bulk,https://purl.org/ccf/ASCTB-TEMP_b-cells,B cells,280.515,0.003880102904509079
http://purl.org/ccf/1.5/NHLBI/D032#Donor_TissueBlock1,http://purl.org/ccf/1.5/da60f474-614a-4e0a-adbe-521ba44c7bf0,respiratory system,UBERON:0001004,sc_bulk,https://purl.org/ccf/ASCTB-TEMP_basal-resting,Basal resting,241.991,0.003347236268880654
http://purl.org/ccf/1.5/NHLBI/D032#Donor_TissueBlock1,http://purl.org/ccf/1.5/da60f474-614a-4e0a-adbe-521ba44c7bf0,respiratory system,UBERON:0001004,sc_bulk,http://purl.obolibrary.org/obo/CL_0000160,goblet cell,187.436,0.002592627731171466
http://purl.org/ccf/1.5/NHLBI/D032#Donor_TissueBlock1,http://purl.org/ccf/1.5/da60f474-614a-4e0a-adbe-521ba44c7bf0,respiratory system,UBERON:0001004,sc_bulk,https://purl.org/ccf/ASCTB-TEMP_adventitial-fibroblasts,Adventitial fibroblasts,169.1,0.002339002909478942
http://purl.org/ccf/1.5/NHLBI/D032#Donor_TissueBlock1,http://purl.org/ccf/1.5/da60f474-614a-4e0a-adbe-521ba44c7bf0,respiratory system,UBERON:0001004,sc_bulk,http://purl.obolibrary.org/obo/CL_0000646,basal cell,167.81,0.002321159540151752
http://purl.org/ccf/1.5/NHLBI/D032#Donor_TissueBlock1,http://purl.org/ccf/1.5/da60f474-614a-4e0a-adbe-521ba44c7bf0,respiratory system,UBERON:0001004,sc_bulk,https://purl.org/ccf/ASCTB-TEMP_classical-monocytes,Classical monocytes,167.538,0.002317397217316871
http://purl.org/ccf/1.5/NHLBI/D032#Donor_TissueBlock1,http://purl.org/ccf/1.5/da60f474-614a-4e0a-adbe-521ba44c7bf0,respiratory system,UBERON:0001004,sc_bulk,http://purl.obolibrary.org/obo/CL_0000451,dendritic cell,163.708,0.002264420392105137
http://purl.org/ccf/1.5/NHLBI/D032#Donor_TissueBlock1,http://purl.org/ccf/1.5/da60f474-614a-4e0a-adbe-521ba44c7bf0,respiratory system,UBERON:0001004,sc_bulk,https://purl.org/ccf/ASCTB-TEMP_lymphatic-ec-mature,Lymphatic EC mature,157.451,0.002177873134833642
http://purl.org/ccf/1.5/NHLBI/D032#Donor_TissueBlock1,http://purl.org/ccf/1.5/da60f474-614a-4e0a-adbe-521ba44c7bf0,respiratory system,UBERON:0001004,sc_bulk,http://purl.obolibrary.org/obo/CL_0000359,vascular associated smooth muscle cell,148.334,0.00205176615951892
http://purl.org/ccf/1.5/NHLBI/D032#Donor_TissueBlock1,http://purl.org/ccf/1.5/da60f474-614a-4e0a-adbe-521ba44c7bf0,respiratory system,UBERON:0001004,sc_bulk,http://purl.obolibrary.org/obo/CL_0000595,enucleate erythrocyte,143.579,0.001985994670254743
http://purl.org/ccf/1.5/NHLBI/D032#Donor_TissueBlock1,http://purl.org/ccf/1.5/da60f474-614a-4e0a-adbe-521ba44c7bf0,respiratory system,UBERON:0001004,sc_bulk,http://purl.obolibrary.org/obo/CL_1000413,endothelial cell of artery,132.436,0.00183186392264786
http://purl.org/ccf/1.5/NHLBI/D032#Donor_TissueBlock1,http://purl.org/ccf/1.5/da60f474-614a-4e0a-adbe-521ba44c7bf0,respiratory system,UBERON:0001004,sc_bulk,http://purl.obolibrary.org/obo/CL_0002543,vein endothelial cell,126.497,0.001749715263396556
http://purl.org/ccf/1.5/NHLBI/D032#Donor_TissueBlock1,http://purl.org/ccf/1.5/da60f474-614a-4e0a-adbe-521ba44c7bf0,respiratory system,UBERON:0001004,sc_bulk,https://purl.org/ccf/ASCTB-TEMP_club-non-nasal-,Club (non-nasal),119.995,0.00165977914915982
http://purl.org/ccf/1.5/NHLBI/D032#Donor_TissueBlock1,http://purl.org/ccf/1.5/da60f474-614a-4e0a-adbe-521ba44c7bf0,respiratory system,UBERON:0001004,sc_bulk,https://purl.org/ccf/ASCTB-TEMP_alveolar-macrophages,Alveolar macrophages,117.56,0.001626098060546093
http://purl.org/ccf/1.5/NHLBI/D032#Donor_TissueBlock1,http://purl.org/ccf/1.5/da60f474-614a-4e0a-adbe-521ba44c7bf0,respiratory system,UBERON:0001004,sc_bulk,https://purl.org/ccf/ASCTB-TEMP_plasma-cells,Plasma cells,112.656,0.001558265592964279
http://purl.org/ccf/1.5/NHLBI/D032#Donor_TissueBlock1,http://purl.org/ccf/1.5/da60f474-614a-4e0a-adbe-521ba44c7bf0,respiratory system,UBERON:0001004,sc_bulk,https://purl.org/ccf/ASCTB-TEMP_dc2,DC2,107.207,0.001482894647643459
http://purl.org/ccf/1.5/NHLBI/D032#Donor_TissueBlock1,http://purl.org/ccf/1.5/da60f474-614a-4e0a-adbe-521ba44c7bf0,respiratory system,UBERON:0001004,sc_bulk,http://purl.obolibrary.org/obo/CL_0000097,mast cell,106.252,0.00146968502151364
http://purl.org/ccf/1.5/NHLBI/D032#Donor_TissueBlock1,http://purl.org/ccf/1.5/da60f474-614a-4e0a-adbe-521ba44c7bf0,respiratory system,UBERON:0001004,sc_bulk,https://purl.org/ccf/ASCTB-TEMP_smg-serous-bronchial-,SMG serous (bronchial),101.474,0.001403595394656807
http://purl.org/ccf/1.5/NHLBI/D032#Donor_TissueBlock1,http://purl.org/ccf/1.5/da60f474-614a-4e0a-adbe-521ba44c7bf0,respiratory system,UBERON:0001004,sc_bulk,https://purl.org/ccf/ASCTB-TEMP_monocyte-derived-m-,Monocyte-derived Mφ,93.662,0.001295539269707964
http://purl.org/ccf/1.5/NHLBI/D032#Donor_TissueBlock1,http://purl.org/ccf/1.5/da60f474-614a-4e0a-adbe-521ba44c7bf0,respiratory system,UBERON:0001004,sc_bulk,https://purl.org/ccf/ASCTB-TEMP_at2-proliferating,AT2 proliferating,75.258,0.001040973867306719
http://purl.org/ccf/1.5/NHLBI/D032#Donor_TissueBlock1,http://purl.org/ccf/1.5/da60f474-614a-4e0a-adbe-521ba44c7bf0,respiratory system,UBERON:0001004,sc_bulk,http://purl.obolibrary.org/obo/CL_1000223,lung neuroendocrine cell,58.177,8.047082925177788E-4
http://purl.org/ccf/1.5/NHLBI/D032#Donor_TissueBlock1,http://purl.org/ccf/1.5/da60f474-614a-4e0a-adbe-521ba44c7bf0,respiratory system,UBERON:0001004,sc_bulk,https://purl.org/ccf/ASCTB-TEMP_ec-venous-pulmonary,EC venous pulmonary,52.064,7.201528532176914E-4
http://purl.org/ccf/1.5/NHLBI/D032#Donor_TissueBlock1,http://purl.org/ccf/1.5/da60f474-614a-4e0a-adbe-521ba44c7bf0,respiratory system,UBERON:0001004,sc_bulk,https://purl.org/ccf/ASCTB-TEMP_mast-cells,Mast cells,45.023,6.22761253657424E-4
http://purl.org/ccf/1.5/NHLBI/D032#Donor_TissueBlock1,http://purl.org/ccf/1.5/da60f474-614a-4e0a-adbe-521ba44c7bf0,respiratory system,UBERON:0001004,sc_bulk,https://purl.org/ccf/ASCTB-TEMP_goblet-bronchial-,Goblet (bronchial),44,6.086110468188849E-4
http://purl.org/ccf/1.5/NHLBI/D032#Donor_TissueBlock1,http://purl.org/ccf/1.5/da60f474-614a-4e0a-adbe-521ba44c7bf0,respiratory system,UBERON:0001004,sc_bulk,https://purl.org/ccf/ASCTB-TEMP_myofibroblasts,Myofibroblasts,38.031,5.260474254902048E-4
http://purl.org/ccf/1.5/NHLBI/D032#Donor_TissueBlock1,http://purl.org/ccf/1.5/da60f474-614a-4e0a-adbe-521ba44c7bf0,respiratory system,UBERON:0001004,sc_bulk,http://purl.obolibrary.org/obo/CL_0000071,blood vessel endothelial cell,30.347,4.197618054048341E-4
http://purl.org/ccf/1.5/NHLBI/D032#Donor_TissueBlock1,http://purl.org/ccf/1.5/da60f474-614a-4e0a-adbe-521ba44c7bf0,respiratory system,UBERON:0001004,sc_bulk,https://purl.org/ccf/ASCTB-TEMP_peribronchial-fibroblasts,Peribronchial fibroblasts,29.582,4.09180272431733E-4
http://purl.org/ccf/1.5/NHLBI/D032#Donor_TissueBlock1,http://purl.org/ccf/1.5/da60f474-614a-4e0a-adbe-521ba44c7bf0,respiratory system,UBERON:0001004,sc_bulk,https://purl.org/ccf/ASCTB-TEMP_nk-cells,NK cells,18.452,2.552293417250469E-4
http://purl.org/ccf/1.5/NHLBI/D032#Donor_TissueBlock1,http://purl.org/ccf/1.5/da60f474-614a-4e0a-adbe-521ba44c7bf0,respiratory system,UBERON:0001004,sc_bulk,https://purl.org/ccf/ASCTB-TEMP_ionocyte,Ionocyte,17.64,2.439977014973893E-4
http://purl.org/ccf/1.5/NHLBI/D032#Donor_TissueBlock1,http://purl.org/ccf/1.5/da60f474-614a-4e0a-adbe-521ba44c7bf0,respiratory system,UBERON:0001004,sc_bulk,https://purl.org/ccf/ASCTB-TEMP_non-classical-monocytes,Non-classical monocytes,16.533,2.28685600842196E-4
http://purl.org/ccf/1.5/NHLBI/D032#Donor_TissueBlock1,http://purl.org/ccf/1.5/da60f474-614a-4e0a-adbe-521ba44c7bf0,respiratory system,UBERON:0001004,sc_bulk,https://purl.org/ccf/ASCTB-TEMP_interstitial-m-perivascular,Interstitial Mφ perivascular,8.708,1.204496589931557E-4
http://purl.org/ccf/1.5/NHLBI/D032#Donor_TissueBlock1,http://purl.org/ccf/1.5/da60f474-614a-4e0a-adbe-521ba44c7bf0,respiratory system,UBERON:0001004,sc_bulk,https://purl.org/ccf/ASCTB-TEMP_club-nasal-,Club (nasal),7.433,1.028137707046539E-4
http://purl.org/ccf/1.5/NHLBI/D032#Donor_TissueBlock1,http://purl.org/ccf/1.5/da60f474-614a-4e0a-adbe-521ba44c7bf0,respiratory system,UBERON:0001004,sc_bulk,https://purl.org/ccf/ASCTB-TEMP_suprabasal,Suprabasal,6.153,8.51087220699227E-5
http://purl.org/ccf/1.5/NHLBI/D032#Donor_TissueBlock1,http://purl.org/ccf/1.5/da60f474-614a-4e0a-adbe-521ba44c7bf0,respiratory system,UBERON:0001004,sc_bulk,https://purl.org/ccf/ASCTB-TEMP_goblet-nasal-,Goblet (nasal),5,6.916034622941873E-5
http://purl.org/ccf/1.5/NHLBI/D032#Donor_TissueBlock1,http://purl.org/ccf/1.5/da60f474-614a-4e0a-adbe-521ba44c7bf0,respiratory system,UBERON:0001004,sc_bulk,https://purl.org/ccf/ASCTB-TEMP_multiciliated-nasal-,Multiciliated (nasal),4.872,6.738984136594561E-5
http://purl.org/ccf/1.5/NHLBI/D032#Donor_TissueBlock1,http://purl.org/ccf/1.5/da60f474-614a-4e0a-adbe-521ba44c7bf0,respiratory system,UBERON:0001004,sc_bulk,https://purl.org/ccf/ASCTB-TEMP_plasmacytoid-dcs,Plasmacytoid DCs,4.685,6.480324441696537E-5
http://purl.org/ccf/1.5/NHLBI/D032#Donor_TissueBlock1,http://purl.org/ccf/1.5/da60f474-614a-4e0a-adbe-521ba44c7bf0,respiratory system,UBERON:0001004,sc_bulk,https://purl.org/ccf/ASCTB-TEMP_alveolar-m-proliferating,Alveolar Mφ proliferating,1.69,2.337619702554353E-5
http://purl.org/ccf/1.5/NHLBI/D032#Donor_TissueBlock1,http://purl.org/ccf/1.5/da60f474-614a-4e0a-adbe-521ba44c7bf0,respiratory system,UBERON:0001004,sc_bulk,https://purl.org/ccf/ASCTB-TEMP_tuft,Tuft,1,1.383206924588375E-5
http://purl.org/ccf/1.5/NHLBI/D032#Donor_TissueBlock1,http://purl.org/ccf/1.5/da60f474-614a-4e0a-adbe-521ba44c7bf0,respiratory system,UBERON:0001004,sc_bulk,https://purl.org/ccf/ASCTB-TEMP_fibromyocytes,Fibromyocytes,0.5800000000000001,8.022600162612574E-6
http://purl.org/ccf/1.5/NHLBI/D032#Donor_TissueBlock1,http://purl.org/ccf/1.5/da60f474-614a-4e0a-adbe-521ba44c7bf0,respiratory system,UBERON:0001004,sc_bulk,https://purl.org/ccf/ASCTB-TEMP_t-cells-proliferating,T cells proliferating,0.237,3.278200411274448E-6
http://purl.org/ccf/1.5/NHLBI/D046#Donor_TissueBlock1,http://purl.org/ccf/1.5/da60f474-614a-4e0a-adbe-521ba44c7bf0,respiratory system,UBERON:0001004,sc_bulk,https://purl.org/ccf/ASCTB-TEMP_ec-general-capillary,EC general capillary,7291.892,0.1008619550775057
http://purl.org/ccf/1.5/NHLBI/D046#Donor_TissueBlock1,http://purl.org/ccf/1.5/da60f474-614a-4e0a-adbe-521ba44c7bf0,respiratory system,UBERON:0001004,sc_bulk,https://purl.org/ccf/ASCTB-TEMP_at2,AT2,6962.093,0.09630015247228252
http://purl.org/ccf/1.5/NHLBI/D046#Donor_TissueBlock1,http://purl.org/ccf/1.5/da60f474-614a-4e0a-adbe-521ba44c7bf0,respiratory system,UBERON:0001004,sc_bulk,https://purl.org/ccf/ASCTB-TEMP_at1,AT1,6182.928000000001,0.08552268823831352
http://purl.org/ccf/1.5/NHLBI/D046#Donor_TissueBlock1,http://purl.org/ccf/1.5/da60f474-614a-4e0a-adbe-521ba44c7bf0,respiratory system,UBERON:0001004,sc_bulk,http://purl.obolibrary.org/obo/CL_0000583,alveolar macrophage,6037.463,0.08351060628546102
http://purl.org/ccf/1.5/NHLBI/D046#Donor_TissueBlock1,http://purl.org/ccf/1.5/da60f474-614a-4e0a-adbe-521ba44c7bf0,respiratory system,UBERON:0001004,sc_bulk,http://purl.obolibrary.org/obo/CL_0002063,type II pneumocyte,5928.33,0.08200107107245
http://purl.org/ccf/1.5/NHLBI/D046#Donor_TissueBlock1,http://purl.org/ccf/1.5/da60f474-614a-4e0a-adbe-521ba44c7bf0,respiratory system,UBERON:0001004,sc_bulk,http://purl.obolibrary.org/obo/CL_0000057,fibroblast,5778.949000000001,0.07993482273643064
http://purl.org/ccf/1.5/NHLBI/D046#Donor_TissueBlock1,http://purl.org/ccf/1.5/da60f474-614a-4e0a-adbe-521ba44c7bf0,respiratory system,UBERON:0001004,sc_bulk,https://purl.org/ccf/ASCTB-TEMP_cd8-t-cells,CD8 T cells,4644.072,0.06423712548686983
http://purl.org/ccf/1.5/NHLBI/D046#Donor_TissueBlock1,http://purl.org/ccf/1.5/da60f474-614a-4e0a-adbe-521ba44c7bf0,respiratory system,UBERON:0001004,sc_bulk,http://purl.obolibrary.org/obo/CL_0002062,type I pneumocyte,2900.921,0.04012574014883832
http://purl.org/ccf/1.5/NHLBI/D046#Donor_TissueBlock1,http://purl.org/ccf/1.5/da60f474-614a-4e0a-adbe-521ba44c7bf0,respiratory system,UBERON:0001004,sc_bulk,https://purl.org/ccf/ASCTB-TEMP_cd4-t-cells,CD4 T cells,2648.18,0.03662980913556443
http://purl.org/ccf/1.5/NHLBI/D046#Donor_TissueBlock1,http://purl.org/ccf/1.5/da60f474-614a-4e0a-adbe-521ba44c7bf0,respiratory system,UBERON:0001004,sc_bulk,http://purl.obolibrary.org/obo/CL_0000084,T cell,2523.545,0.0349058491851037
http://purl.org/ccf/1.5/NHLBI/D046#Donor_TissueBlock1,http://purl.org/ccf/1.5/da60f474-614a-4e0a-adbe-521ba44c7bf0,respiratory system,UBERON:0001004,sc_bulk,http://purl.obolibrary.org/obo/CL_0000115,endothelial cell,2275.85,0.03147971479324452
http://purl.org/ccf/1.5/NHLBI/D046#Donor_TissueBlock1,http://purl.org/ccf/1.5/da60f474-614a-4e0a-adbe-521ba44c7bf0,respiratory system,UBERON:0001004,sc_bulk,http://purl.obolibrary.org/obo/CL_0000576,monocyte,2013.226,0.02784708143961355
http://purl.org/ccf/1.5/NHLBI/D046#Donor_TissueBlock1,http://purl.org/ccf/1.5/da60f474-614a-4e0a-adbe-521ba44c7bf0,respiratory system,UBERON:0001004,sc_bulk,http://purl.obolibrary.org/obo/CL_0000003,native cell,1785.162,0.02469248439912032
http://purl.org/ccf/1.5/NHLBI/D046#Donor_TissueBlock1,http://purl.org/ccf/1.5/da60f474-614a-4e0a-adbe-521ba44c7bf0,respiratory system,UBERON:0001004,sc_bulk,https://purl.org/ccf/ASCTB-TEMP_alveolar-fibroblasts,Alveolar fibroblasts,1300.268,0.01798539701420677
http://purl.org/ccf/1.5/NHLBI/D046#Donor_TissueBlock1,http://purl.org/ccf/1.5/da60f474-614a-4e0a-adbe-521ba44c7bf0,respiratory system,UBERON:0001004,sc_bulk,http://purl.obolibrary.org/obo/CL_0000158,club cell,1085.751,0.01501818301578752
http://purl.org/ccf/1.5/NHLBI/D046#Donor_TissueBlock1,http://purl.org/ccf/1.5/da60f474-614a-4e0a-adbe-521ba44c7bf0,respiratory system,UBERON:0001004,sc_bulk,http://purl.obolibrary.org/obo/CL_0000066,epithelial cell,1048.907,0.01450855425649218
http://purl.org/ccf/1.5/NHLBI/D046#Donor_TissueBlock1,http://purl.org/ccf/1.5/da60f474-614a-4e0a-adbe-521ba44c7bf0,respiratory system,UBERON:0001004,sc_bulk,http://purl.obolibrary.org/obo/CL_0000235,macrophage,971.1859999999999,0.01343351200263285
http://purl.org/ccf/1.5/NHLBI/D046#Donor_TissueBlock1,http://purl.org/ccf/1.5/da60f474-614a-4e0a-adbe-521ba44c7bf0,respiratory system,UBERON:0001004,sc_bulk,https://purl.org/ccf/ASCTB-TEMP_multiciliated-non-nasal-,Multiciliated (non-nasal),857.355,0.01185899372830466
http://purl.org/ccf/1.5/NHLBI/D046#Donor_TissueBlock1,http://purl.org/ccf/1.5/da60f474-614a-4e0a-adbe-521ba44c7bf0,respiratory system,UBERON:0001004,sc_bulk,http://purl.obolibrary.org/obo/CL_0000623,natural killer cell,813.534,0.01125285862188079
http://purl.org/ccf/1.5/NHLBI/D046#Donor_TissueBlock1,http://purl.org/ccf/1.5/da60f474-614a-4e0a-adbe-521ba44c7bf0,respiratory system,UBERON:0001004,sc_bulk,http://purl.obolibrary.org/obo/CL_0000236,B cell,754.8199999999999,0.01044072250817797
http://purl.org/ccf/1.5/NHLBI/D046#Donor_TissueBlock1,http://purl.org/ccf/1.5/da60f474-614a-4e0a-adbe-521ba44c7bf0,respiratory system,UBERON:0001004,sc_bulk,https://purl.org/ccf/ASCTB-TEMP_ec-venous-systemic,EC venous systemic,745.08,0.01030599815372306
http://purl.org/ccf/1.5/NHLBI/D046#Donor_TissueBlock1,http://purl.org/ccf/1.5/da60f474-614a-4e0a-adbe-521ba44c7bf0,respiratory system,UBERON:0001004,sc_bulk,https://purl.org/ccf/ASCTB-TEMP_ec-arterial,EC arterial,674.886,0.009335069885077499
http://purl.org/ccf/1.5/NHLBI/D046#Donor_TissueBlock1,http://purl.org/ccf/1.5/da60f474-614a-4e0a-adbe-521ba44c7bf0,respiratory system,UBERON:0001004,sc_bulk,https://purl.org/ccf/ASCTB-TEMP_smooth-muscle,Smooth muscle,627.14,0.008674643906863533
http://purl.org/ccf/1.5/NHLBI/D046#Donor_TissueBlock1,http://purl.org/ccf/1.5/da60f474-614a-4e0a-adbe-521ba44c7bf0,respiratory system,UBERON:0001004,sc_bulk,http://purl.obolibrary.org/obo/CL_0000669,pericyte,611.193,0.008454063898599425
http://purl.org/ccf/1.5/NHLBI/D046#Donor_TissueBlock1,http://purl.org/ccf/1.5/da60f474-614a-4e0a-adbe-521ba44c7bf0,respiratory system,UBERON:0001004,sc_bulk,http://purl.obolibrary.org/obo/CL_0000064,ciliated cell,492.288,0.006809361704917618
http://purl.org/ccf/1.5/NHLBI/D046#Donor_TissueBlock1,http://purl.org/ccf/1.5/da60f474-614a-4e0a-adbe-521ba44c7bf0,respiratory system,UBERON:0001004,sc_bulk,http://purl.obolibrary.org/obo/CL_0000186,myofibroblast cell,434.954,0.006016313846774119
http://purl.org/ccf/1.5/NHLBI/D046#Donor_TissueBlock1,http://purl.org/ccf/1.5/da60f474-614a-4e0a-adbe-521ba44c7bf0,respiratory system,UBERON:0001004,sc_bulk,http://purl.obolibrary.org/obo/CL_0000138,chondrocyte,366.599,0.005070822753471736
http://purl.org/ccf/1.5/NHLBI/D046#Donor_TissueBlock1,http://purl.org/ccf/1.5/da60f474-614a-4e0a-adbe-521ba44c7bf0,respiratory system,UBERON:0001004,sc_bulk,http://purl.obolibrary.org/obo/CL_0000192,smooth muscle cell,324.92,0.004494315939372546
http://purl.org/ccf/1.5/NHLBI/D046#Donor_TissueBlock1,http://purl.org/ccf/1.5/da60f474-614a-4e0a-adbe-521ba44c7bf0,respiratory system,UBERON:0001004,sc_bulk,https://purl.org/ccf/ASCTB-TEMP_ec-aerocyte-capillary,EC aerocyte capillary,309.885,0.004286350778260685
http://purl.org/ccf/1.5/NHLBI/D046#Donor_TissueBlock1,http://purl.org/ccf/1.5/da60f474-614a-4e0a-adbe-521ba44c7bf0,respiratory system,UBERON:0001004,sc_bulk,https://purl.org/ccf/ASCTB-TEMP_pericytes,Pericytes,306.557,0.004240317651810383
http://purl.org/ccf/1.5/NHLBI/D046#Donor_TissueBlock1,http://purl.org/ccf/1.5/da60f474-614a-4e0a-adbe-521ba44c7bf0,respiratory system,UBERON:0001004,sc_bulk,https://purl.org/ccf/ASCTB-TEMP_transitional-club-at2,Transitional Club-AT2,287.163,0.003972058500855714
http://purl.org/ccf/1.5/NHLBI/D046#Donor_TissueBlock1,http://purl.org/ccf/1.5/da60f474-614a-4e0a-adbe-521ba44c7bf0,respiratory system,UBERON:0001004,sc_bulk,https://purl.org/ccf/ASCTB-TEMP_b-cells,B cells,280.515,0.003880102904509079
http://purl.org/ccf/1.5/NHLBI/D046#Donor_TissueBlock1,http://purl.org/ccf/1.5/da60f474-614a-4e0a-adbe-521ba44c7bf0,respiratory system,UBERON:0001004,sc_bulk,https://purl.org/ccf/ASCTB-TEMP_basal-resting,Basal resting,241.991,0.003347236268880654
http://purl.org/ccf/1.5/NHLBI/D046#Donor_TissueBlock1,http://purl.org/ccf/1.5/da60f474-614a-4e0a-adbe-521ba44c7bf0,respiratory system,UBERON:0001004,sc_bulk,http://purl.obolibrary.org/obo/CL_0000160,goblet cell,187.436,0.002592627731171466
http://purl.org/ccf/1.5/NHLBI/D046#Donor_TissueBlock1,http://purl.org/ccf/1.5/da60f474-614a-4e0a-adbe-521ba44c7bf0,respiratory system,UBERON:0001004,sc_bulk,https://purl.org/ccf/ASCTB-TEMP_adventitial-fibroblasts,Adventitial fibroblasts,169.1,0.002339002909478942
http://purl.org/ccf/1.5/NHLBI/D046#Donor_TissueBlock1,http://purl.org/ccf/1.5/da60f474-614a-4e0a-adbe-521ba44c7bf0,respiratory system,UBERON:0001004,sc_bulk,http://purl.obolibrary.org/obo/CL_0000646,basal cell,167.81,0.002321159540151752
http://purl.org/ccf/1.5/NHLBI/D046#Donor_TissueBlock1,http://purl.org/ccf/1.5/da60f474-614a-4e0a-adbe-521ba44c7bf0,respiratory system,UBERON:0001004,sc_bulk,https://purl.org/ccf/ASCTB-TEMP_classical-monocytes,Classical monocytes,167.538,0.002317397217316871
http://purl.org/ccf/1.5/NHLBI/D046#Donor_TissueBlock1,http://purl.org/ccf/1.5/da60f474-614a-4e0a-adbe-521ba44c7bf0,respiratory system,UBERON:0001004,sc_bulk,http://purl.obolibrary.org/obo/CL_0000451,dendritic cell,163.708,0.002264420392105137
http://purl.org/ccf/1.5/NHLBI/D046#Donor_TissueBlock1,http://purl.org/ccf/1.5/da60f474-614a-4e0a-adbe-521ba44c7bf0,respiratory system,UBERON:0001004,sc_bulk,https://purl.org/ccf/ASCTB-TEMP_lymphatic-ec-mature,Lymphatic EC mature,157.451,0.002177873134833642
http://purl.org/ccf/1.5/NHLBI/D046#Donor_TissueBlock1,http://purl.org/ccf/1.5/da60f474-614a-4e0a-adbe-521ba44c7bf0,respiratory system,UBERON:0001004,sc_bulk,http://purl.obolibrary.org/obo/CL_0000359,vascular associated smooth muscle cell,148.334,0.00205176615951892
http://purl.org/ccf/1.5/NHLBI/D046#Donor_TissueBlock1,http://purl.org/ccf/1.5/da60f474-614a-4e0a-adbe-521ba44c7bf0,respiratory system,UBERON:0001004,sc_bulk,http://purl.obolibrary.org/obo/CL_0000595,enucleate erythrocyte,143.579,0.001985994670254743
http://purl.org/ccf/1.5/NHLBI/D046#Donor_TissueBlock1,http://purl.org/ccf/1.5/da60f474-614a-4e0a-adbe-521ba44c7bf0,respiratory system,UBERON:0001004,sc_bulk,http://purl.obolibrary.org/obo/CL_1000413,endothelial cell of artery,132.436,0.00183186392264786
http://purl.org/ccf/1.5/NHLBI/D046#Donor_TissueBlock1,http://purl.org/ccf/1.5/da60f474-614a-4e0a-adbe-521ba44c7bf0,respiratory system,UBERON:0001004,sc_bulk,http://purl.obolibrary.org/obo/CL_0002543,vein endothelial cell,126.497,0.001749715263396556
http://purl.org/ccf/1.5/NHLBI/D046#Donor_TissueBlock1,http://purl.org/ccf/1.5/da60f474-614a-4e0a-adbe-521ba44c7bf0,respiratory system,UBERON:0001004,sc_bulk,https://purl.org/ccf/ASCTB-TEMP_club-non-nasal-,Club (non-nasal),119.995,0.00165977914915982
http://purl.org/ccf/1.5/NHLBI/D046#Donor_TissueBlock1,http://purl.org/ccf/1.5/da60f474-614a-4e0a-adbe-521ba44c7bf0,respiratory system,UBERON:0001004,sc_bulk,https://purl.org/ccf/ASCTB-TEMP_alveolar-macrophages,Alveolar macrophages,117.56,0.001626098060546093
http://purl.org/ccf/1.5/NHLBI/D046#Donor_TissueBlock1,http://purl.org/ccf/1.5/da60f474-614a-4e0a-adbe-521ba44c7bf0,respiratory system,UBERON:0001004,sc_bulk,https://purl.org/ccf/ASCTB-TEMP_plasma-cells,Plasma cells,112.656,0.001558265592964279
http://purl.org/ccf/1.5/NHLBI/D046#Donor_TissueBlock1,http://purl.org/ccf/1.5/da60f474-614a-4e0a-adbe-521ba44c7bf0,respiratory system,UBERON:0001004,sc_bulk,https://purl.org/ccf/ASCTB-TEMP_dc2,DC2,107.207,0.001482894647643459
http://purl.org/ccf/1.5/NHLBI/D046#Donor_TissueBlock1,http://purl.org/ccf/1.5/da60f474-614a-4e0a-adbe-521ba44c7bf0,respiratory system,UBERON:0001004,sc_bulk,http://purl.obolibrary.org/obo/CL_0000097,mast cell,106.252,0.00146968502151364
http://purl.org/ccf/1.5/NHLBI/D046#Donor_TissueBlock1,http://purl.org/ccf/1.5/da60f474-614a-4e0a-adbe-521ba44c7bf0,respiratory system,UBERON:0001004,sc_bulk,https://purl.org/ccf/ASCTB-TEMP_smg-serous-bronchial-,SMG serous (bronchial),101.474,0.001403595394656807
http://purl.org/ccf/1.5/NHLBI/D046#Donor_TissueBlock1,http://purl.org/ccf/1.5/da60f474-614a-4e0a-adbe-521ba44c7bf0,respiratory system,UBERON:0001004,sc_bulk,https://purl.org/ccf/ASCTB-TEMP_monocyte-derived-m-,Monocyte-derived Mφ,93.662,0.001295539269707964
http://purl.org/ccf/1.5/NHLBI/D046#Donor_TissueBlock1,http://purl.org/ccf/1.5/da60f474-614a-4e0a-adbe-521ba44c7bf0,respiratory system,UBERON:0001004,sc_bulk,https://purl.org/ccf/ASCTB-TEMP_at2-proliferating,AT2 proliferating,75.258,0.001040973867306719
http://purl.org/ccf/1.5/NHLBI/D046#Donor_TissueBlock1,http://purl.org/ccf/1.5/da60f474-614a-4e0a-adbe-521ba44c7bf0,respiratory system,UBERON:0001004,sc_bulk,http://purl.obolibrary.org/obo/CL_1000223,lung neuroendocrine cell,58.177,8.047082925177788E-4
http://purl.org/ccf/1.5/NHLBI/D046#Donor_TissueBlock1,http://purl.org/ccf/1.5/da60f474-614a-4e0a-adbe-521ba44c7bf0,respiratory system,UBERON:0001004,sc_bulk,https://purl.org/ccf/ASCTB-TEMP_ec-venous-pulmonary,EC venous pulmonary,52.064,7.201528532176914E-4
http://purl.org/ccf/1.5/NHLBI/D046#Donor_TissueBlock1,http://purl.org/ccf/1.5/da60f474-614a-4e0a-adbe-521ba44c7bf0,respiratory system,UBERON:0001004,sc_bulk,https://purl.org/ccf/ASCTB-TEMP_mast-cells,Mast cells,45.023,6.22761253657424E-4
http://purl.org/ccf/1.5/NHLBI/D046#Donor_TissueBlock1,http://purl.org/ccf/1.5/da60f474-614a-4e0a-adbe-521ba44c7bf0,respiratory system,UBERON:0001004,sc_bulk,https://purl.org/ccf/ASCTB-TEMP_goblet-bronchial-,Goblet (bronchial),44,6.086110468188849E-4
http://purl.org/ccf/1.5/NHLBI/D046#Donor_TissueBlock1,http://purl.org/ccf/1.5/da60f474-614a-4e0a-adbe-521ba44c7bf0,respiratory system,UBERON:0001004,sc_bulk,https://purl.org/ccf/ASCTB-TEMP_myofibroblasts,Myofibroblasts,38.031,5.260474254902048E-4
http://purl.org/ccf/1.5/NHLBI/D046#Donor_TissueBlock1,http://purl.org/ccf/1.5/da60f474-614a-4e0a-adbe-521ba44c7bf0,respiratory system,UBERON:0001004,sc_bulk,http://purl.obolibrary.org/obo/CL_0000071,blood vessel endothelial cell,30.347,4.197618054048341E-4
http://purl.org/ccf/1.5/NHLBI/D046#Donor_TissueBlock1,http://purl.org/ccf/1.5/da60f474-614a-4e0a-adbe-521ba44c7bf0,respiratory system,UBERON:0001004,sc_bulk,https://purl.org/ccf/ASCTB-TEMP_peribronchial-fibroblasts,Peribronchial fibroblasts,29.582,4.09180272431733E-4
http://purl.org/ccf/1.5/NHLBI/D046#Donor_TissueBlock1,http://purl.org/ccf/1.5/da60f474-614a-4e0a-adbe-521ba44c7bf0,respiratory system,UBERON:0001004,sc_bulk,https://purl.org/ccf/ASCTB-TEMP_nk-cells,NK cells,18.452,2.552293417250469E-4
http://purl.org/ccf/1.5/NHLBI/D046#Donor_TissueBlock1,http://purl.org/ccf/1.5/da60f474-614a-4e0a-adbe-521ba44c7bf0,respiratory system,UBERON:0001004,sc_bulk,https://purl.org/ccf/ASCTB-TEMP_ionocyte,Ionocyte,17.64,2.439977014973893E-4
http://purl.org/ccf/1.5/NHLBI/D046#Donor_TissueBlock1,http://purl.org/ccf/1.5/da60f474-614a-4e0a-adbe-521ba44c7bf0,respiratory system,UBERON:0001004,sc_bulk,https://purl.org/ccf/ASCTB-TEMP_non-classical-monocytes,Non-classical monocytes,16.533,2.28685600842196E-4
http://purl.org/ccf/1.5/NHLBI/D046#Donor_TissueBlock1,http://purl.org/ccf/1.5/da60f474-614a-4e0a-adbe-521ba44c7bf0,respiratory system,UBERON:0001004,sc_bulk,https://purl.org/ccf/ASCTB-TEMP_interstitial-m-perivascular,Interstitial Mφ perivascular,8.708,1.204496589931557E-4
http://purl.org/ccf/1.5/NHLBI/D046#Donor_TissueBlock1,http://purl.org/ccf/1.5/da60f474-614a-4e0a-adbe-521ba44c7bf0,respiratory system,UBERON:0001004,sc_bulk,https://purl.org/ccf/ASCTB-TEMP_club-nasal-,Club (nasal),7.433,1.028137707046539E-4
http://purl.org/ccf/1.5/NHLBI/D046#Donor_TissueBlock1,http://purl.org/ccf/1.5/da60f474-614a-4e0a-adbe-521ba44c7bf0,respiratory system,UBERON:0001004,sc_bulk,https://purl.org/ccf/ASCTB-TEMP_suprabasal,Suprabasal,6.153,8.51087220699227E-5
http://purl.org/ccf/1.5/NHLBI/D046#Donor_TissueBlock1,http://purl.org/ccf/1.5/da60f474-614a-4e0a-adbe-521ba44c7bf0,respiratory system,UBERON:0001004,sc_bulk,https://purl.org/ccf/ASCTB-TEMP_goblet-nasal-,Goblet (nasal),5,6.916034622941873E-5
http://purl.org/ccf/1.5/NHLBI/D046#Donor_TissueBlock1,http://purl.org/ccf/1.5/da60f474-614a-4e0a-adbe-521ba44c7bf0,respiratory system,UBERON:0001004,sc_bulk,https://purl.org/ccf/ASCTB-TEMP_multiciliated-nasal-,Multiciliated (nasal),4.872,6.738984136594561E-5
http://purl.org/ccf/1.5/NHLBI/D046#Donor_TissueBlock1,http://purl.org/ccf/1.5/da60f474-614a-4e0a-adbe-521ba44c7bf0,respiratory system,UBERON:0001004,sc_bulk,https://purl.org/ccf/ASCTB-TEMP_plasmacytoid-dcs,Plasmacytoid DCs,4.685,6.480324441696537E-5
http://purl.org/ccf/1.5/NHLBI/D046#Donor_TissueBlock1,http://purl.org/ccf/1.5/da60f474-614a-4e0a-adbe-521ba44c7bf0,respiratory system,UBERON:0001004,sc_bulk,https://purl.org/ccf/ASCTB-TEMP_alveolar-m-proliferating,Alveolar Mφ proliferating,1.69,2.337619702554353E-5
http://purl.org/ccf/1.5/NHLBI/D046#Donor_TissueBlock1,http://purl.org/ccf/1.5/da60f474-614a-4e0a-adbe-521ba44c7bf0,respiratory system,UBERON:0001004,sc_bulk,https://purl.org/ccf/ASCTB-TEMP_tuft,Tuft,1,1.383206924588375E-5
http://purl.org/ccf/1.5/NHLBI/D046#Donor_TissueBlock1,http://purl.org/ccf/1.5/da60f474-614a-4e0a-adbe-521ba44c7bf0,respiratory system,UBERON:0001004,sc_bulk,https://purl.org/ccf/ASCTB-TEMP_fibromyocytes,Fibromyocytes,0.5800000000000001,8.022600162612574E-6
http://purl.org/ccf/1.5/NHLBI/D046#Donor_TissueBlock1,http://purl.org/ccf/1.5/da60f474-614a-4e0a-adbe-521ba44c7bf0,respiratory system,UBERON:0001004,sc_bulk,https://purl.org/ccf/ASCTB-TEMP_t-cells-proliferating,T cells proliferating,0.237,3.278200411274448E-6
http://purl.org/ccf/1.5/NHLBI/D110#Donor_TissueBlock1,http://purl.org/ccf/1.5/da60f474-614a-4e0a-adbe-521ba44c7bf0,respiratory system,UBERON:0001004,sc_bulk,https://purl.org/ccf/ASCTB-TEMP_ec-general-capillary,EC general capillary,7291.892,0.1008619550775057
http://purl.org/ccf/1.5/NHLBI/D110#Donor_TissueBlock1,http://purl.org/ccf/1.5/da60f474-614a-4e0a-adbe-521ba44c7bf0,respiratory system,UBERON:0001004,sc_bulk,https://purl.org/ccf/ASCTB-TEMP_at2,AT2,6962.093,0.09630015247228252
http://purl.org/ccf/1.5/NHLBI/D110#Donor_TissueBlock1,http://purl.org/ccf/1.5/da60f474-614a-4e0a-adbe-521ba44c7bf0,respiratory system,UBERON:0001004,sc_bulk,https://purl.org/ccf/ASCTB-TEMP_at1,AT1,6182.928000000001,0.08552268823831352
http://purl.org/ccf/1.5/NHLBI/D110#Donor_TissueBlock1,http://purl.org/ccf/1.5/da60f474-614a-4e0a-adbe-521ba44c7bf0,respiratory system,UBERON:0001004,sc_bulk,http://purl.obolibrary.org/obo/CL_0000583,alveolar macrophage,6037.463,0.08351060628546102
http://purl.org/ccf/1.5/NHLBI/D110#Donor_TissueBlock1,http://purl.org/ccf/1.5/da60f474-614a-4e0a-adbe-521ba44c7bf0,respiratory system,UBERON:0001004,sc_bulk,http://purl.obolibrary.org/obo/CL_0002063,type II pneumocyte,5928.33,0.08200107107245
http://purl.org/ccf/1.5/NHLBI/D110#Donor_TissueBlock1,http://purl.org/ccf/1.5/da60f474-614a-4e0a-adbe-521ba44c7bf0,respiratory system,UBERON:0001004,sc_bulk,http://purl.obolibrary.org/obo/CL_0000057,fibroblast,5778.949000000001,0.07993482273643064
http://purl.org/ccf/1.5/NHLBI/D110#Donor_TissueBlock1,http://purl.org/ccf/1.5/da60f474-614a-4e0a-adbe-521ba44c7bf0,respiratory system,UBERON:0001004,sc_bulk,https://purl.org/ccf/ASCTB-TEMP_cd8-t-cells,CD8 T cells,4644.072,0.06423712548686983
http://purl.org/ccf/1.5/NHLBI/D110#Donor_TissueBlock1,http://purl.org/ccf/1.5/da60f474-614a-4e0a-adbe-521ba44c7bf0,respiratory system,UBERON:0001004,sc_bulk,http://purl.obolibrary.org/obo/CL_0002062,type I pneumocyte,2900.921,0.04012574014883832
http://purl.org/ccf/1.5/NHLBI/D110#Donor_TissueBlock1,http://purl.org/ccf/1.5/da60f474-614a-4e0a-adbe-521ba44c7bf0,respiratory system,UBERON:0001004,sc_bulk,https://purl.org/ccf/ASCTB-TEMP_cd4-t-cells,CD4 T cells,2648.18,0.03662980913556443
http://purl.org/ccf/1.5/NHLBI/D110#Donor_TissueBlock1,http://purl.org/ccf/1.5/da60f474-614a-4e0a-adbe-521ba44c7bf0,respiratory system,UBERON:0001004,sc_bulk,http://purl.obolibrary.org/obo/CL_0000084,T cell,2523.545,0.0349058491851037
http://purl.org/ccf/1.5/NHLBI/D110#Donor_TissueBlock1,http://purl.org/ccf/1.5/da60f474-614a-4e0a-adbe-521ba44c7bf0,respiratory system,UBERON:0001004,sc_bulk,http://purl.obolibrary.org/obo/CL_0000115,endothelial cell,2275.85,0.03147971479324452
http://purl.org/ccf/1.5/NHLBI/D110#Donor_TissueBlock1,http://purl.org/ccf/1.5/da60f474-614a-4e0a-adbe-521ba44c7bf0,respiratory system,UBERON:0001004,sc_bulk,http://purl.obolibrary.org/obo/CL_0000576,monocyte,2013.226,0.02784708143961355
http://purl.org/ccf/1.5/NHLBI/D110#Donor_TissueBlock1,http://purl.org/ccf/1.5/da60f474-614a-4e0a-adbe-521ba44c7bf0,respiratory system,UBERON:0001004,sc_bulk,http://purl.obolibrary.org/obo/CL_0000003,native cell,1785.162,0.02469248439912032
http://purl.org/ccf/1.5/NHLBI/D110#Donor_TissueBlock1,http://purl.org/ccf/1.5/da60f474-614a-4e0a-adbe-521ba44c7bf0,respiratory system,UBERON:0001004,sc_bulk,https://purl.org/ccf/ASCTB-TEMP_alveolar-fibroblasts,Alveolar fibroblasts,1300.268,0.01798539701420677
http://purl.org/ccf/1.5/NHLBI/D110#Donor_TissueBlock1,http://purl.org/ccf/1.5/da60f474-614a-4e0a-adbe-521ba44c7bf0,respiratory system,UBERON:0001004,sc_bulk,http://purl.obolibrary.org/obo/CL_0000158,club cell,1085.751,0.01501818301578752
http://purl.org/ccf/1.5/NHLBI/D110#Donor_TissueBlock1,http://purl.org/ccf/1.5/da60f474-614a-4e0a-adbe-521ba44c7bf0,respiratory system,UBERON:0001004,sc_bulk,http://purl.obolibrary.org/obo/CL_0000066,epithelial cell,1048.907,0.01450855425649218
http://purl.org/ccf/1.5/NHLBI/D110#Donor_TissueBlock1,http://purl.org/ccf/1.5/da60f474-614a-4e0a-adbe-521ba44c7bf0,respiratory system,UBERON:0001004,sc_bulk,http://purl.obolibrary.org/obo/CL_0000235,macrophage,971.1859999999999,0.01343351200263285
http://purl.org/ccf/1.5/NHLBI/D110#Donor_TissueBlock1,http://purl.org/ccf/1.5/da60f474-614a-4e0a-adbe-521ba44c7bf0,respiratory system,UBERON:0001004,sc_bulk,https://purl.org/ccf/ASCTB-TEMP_multiciliated-non-nasal-,Multiciliated (non-nasal),857.355,0.01185899372830466
http://purl.org/ccf/1.5/NHLBI/D110#Donor_TissueBlock1,http://purl.org/ccf/1.5/da60f474-614a-4e0a-adbe-521ba44c7bf0,respiratory system,UBERON:0001004,sc_bulk,http://purl.obolibrary.org/obo/CL_0000623,natural killer cell,813.534,0.01125285862188079
http://purl.org/ccf/1.5/NHLBI/D110#Donor_TissueBlock1,http://purl.org/ccf/1.5/da60f474-614a-4e0a-adbe-521ba44c7bf0,respiratory system,UBERON:0001004,sc_bulk,http://purl.obolibrary.org/obo/CL_0000236,B cell,754.8199999999999,0.01044072250817797
http://purl.org/ccf/1.5/NHLBI/D110#Donor_TissueBlock1,http://purl.org/ccf/1.5/da60f474-614a-4e0a-adbe-521ba44c7bf0,respiratory system,UBERON:0001004,sc_bulk,https://purl.org/ccf/ASCTB-TEMP_ec-venous-systemic,EC venous systemic,745.08,0.01030599815372306
http://purl.org/ccf/1.5/NHLBI/D110#Donor_TissueBlock1,http://purl.org/ccf/1.5/da60f474-614a-4e0a-adbe-521ba44c7bf0,respiratory system,UBERON:0001004,sc_bulk,https://purl.org/ccf/ASCTB-TEMP_ec-arterial,EC arterial,674.886,0.009335069885077499
http://purl.org/ccf/1.5/NHLBI/D110#Donor_TissueBlock1,http://purl.org/ccf/1.5/da60f474-614a-4e0a-adbe-521ba44c7bf0,respiratory system,UBERON:0001004,sc_bulk,https://purl.org/ccf/ASCTB-TEMP_smooth-muscle,Smooth muscle,627.14,0.008674643906863533
http://purl.org/ccf/1.5/NHLBI/D110#Donor_TissueBlock1,http://purl.org/ccf/1.5/da60f474-614a-4e0a-adbe-521ba44c7bf0,respiratory system,UBERON:0001004,sc_bulk,http://purl.obolibrary.org/obo/CL_0000669,pericyte,611.193,0.008454063898599425
http://purl.org/ccf/1.5/NHLBI/D110#Donor_TissueBlock1,http://purl.org/ccf/1.5/da60f474-614a-4e0a-adbe-521ba44c7bf0,respiratory system,UBERON:0001004,sc_bulk,http://purl.obolibrary.org/obo/CL_0000064,ciliated cell,492.288,0.006809361704917618
http://purl.org/ccf/1.5/NHLBI/D110#Donor_TissueBlock1,http://purl.org/ccf/1.5/da60f474-614a-4e0a-adbe-521ba44c7bf0,respiratory system,UBERON:0001004,sc_bulk,http://purl.obolibrary.org/obo/CL_0000186,myofibroblast cell,434.954,0.006016313846774119
http://purl.org/ccf/1.5/NHLBI/D110#Donor_TissueBlock1,http://purl.org/ccf/1.5/da60f474-614a-4e0a-adbe-521ba44c7bf0,respiratory system,UBERON:0001004,sc_bulk,http://purl.obolibrary.org/obo/CL_0000138,chondrocyte,366.599,0.005070822753471736
http://purl.org/ccf/1.5/NHLBI/D110#Donor_TissueBlock1,http://purl.org/ccf/1.5/da60f474-614a-4e0a-adbe-521ba44c7bf0,respiratory system,UBERON:0001004,sc_bulk,http://purl.obolibrary.org/obo/CL_0000192,smooth muscle cell,324.92,0.004494315939372546
http://purl.org/ccf/1.5/NHLBI/D110#Donor_TissueBlock1,http://purl.org/ccf/1.5/da60f474-614a-4e0a-adbe-521ba44c7bf0,respiratory system,UBERON:0001004,sc_bulk,https://purl.org/ccf/ASCTB-TEMP_ec-aerocyte-capillary,EC aerocyte capillary,309.885,0.004286350778260685
http://purl.org/ccf/1.5/NHLBI/D110#Donor_TissueBlock1,http://purl.org/ccf/1.5/da60f474-614a-4e0a-adbe-521ba44c7bf0,respiratory system,UBERON:0001004,sc_bulk,https://purl.org/ccf/ASCTB-TEMP_pericytes,Pericytes,306.557,0.004240317651810383
http://purl.org/ccf/1.5/NHLBI/D110#Donor_TissueBlock1,http://purl.org/ccf/1.5/da60f474-614a-4e0a-adbe-521ba44c7bf0,respiratory system,UBERON:0001004,sc_bulk,https://purl.org/ccf/ASCTB-TEMP_transitional-club-at2,Transitional Club-AT2,287.163,0.003972058500855714
http://purl.org/ccf/1.5/NHLBI/D110#Donor_TissueBlock1,http://purl.org/ccf/1.5/da60f474-614a-4e0a-adbe-521ba44c7bf0,respiratory system,UBERON:0001004,sc_bulk,https://purl.org/ccf/ASCTB-TEMP_b-cells,B cells,280.515,0.003880102904509079
http://purl.org/ccf/1.5/NHLBI/D110#Donor_TissueBlock1,http://purl.org/ccf/1.5/da60f474-614a-4e0a-adbe-521ba44c7bf0,respiratory system,UBERON:0001004,sc_bulk,https://purl.org/ccf/ASCTB-TEMP_basal-resting,Basal resting,241.991,0.003347236268880654
http://purl.org/ccf/1.5/NHLBI/D110#Donor_TissueBlock1,http://purl.org/ccf/1.5/da60f474-614a-4e0a-adbe-521ba44c7bf0,respiratory system,UBERON:0001004,sc_bulk,http://purl.obolibrary.org/obo/CL_0000160,goblet cell,187.436,0.002592627731171466
http://purl.org/ccf/1.5/NHLBI/D110#Donor_TissueBlock1,http://purl.org/ccf/1.5/da60f474-614a-4e0a-adbe-521ba44c7bf0,respiratory system,UBERON:0001004,sc_bulk,https://purl.org/ccf/ASCTB-TEMP_adventitial-fibroblasts,Adventitial fibroblasts,169.1,0.002339002909478942
http://purl.org/ccf/1.5/NHLBI/D110#Donor_TissueBlock1,http://purl.org/ccf/1.5/da60f474-614a-4e0a-adbe-521ba44c7bf0,respiratory system,UBERON:0001004,sc_bulk,http://purl.obolibrary.org/obo/CL_0000646,basal cell,167.81,0.002321159540151752
http://purl.org/ccf/1.5/NHLBI/D110#Donor_TissueBlock1,http://purl.org/ccf/1.5/da60f474-614a-4e0a-adbe-521ba44c7bf0,respiratory system,UBERON:0001004,sc_bulk,https://purl.org/ccf/ASCTB-TEMP_classical-monocytes,Classical monocytes,167.538,0.002317397217316871
http://purl.org/ccf/1.5/NHLBI/D110#Donor_TissueBlock1,http://purl.org/ccf/1.5/da60f474-614a-4e0a-adbe-521ba44c7bf0,respiratory system,UBERON:0001004,sc_bulk,http://purl.obolibrary.org/obo/CL_0000451,dendritic cell,163.708,0.002264420392105137
http://purl.org/ccf/1.5/NHLBI/D110#Donor_TissueBlock1,http://purl.org/ccf/1.5/da60f474-614a-4e0a-adbe-521ba44c7bf0,respiratory system,UBERON:0001004,sc_bulk,https://purl.org/ccf/ASCTB-TEMP_lymphatic-ec-mature,Lymphatic EC mature,157.451,0.002177873134833642
http://purl.org/ccf/1.5/NHLBI/D110#Donor_TissueBlock1,http://purl.org/ccf/1.5/da60f474-614a-4e0a-adbe-521ba44c7bf0,respiratory system,UBERON:0001004,sc_bulk,http://purl.obolibrary.org/obo/CL_0000359,vascular associated smooth muscle cell,148.334,0.00205176615951892
http://purl.org/ccf/1.5/NHLBI/D110#Donor_TissueBlock1,http://purl.org/ccf/1.5/da60f474-614a-4e0a-adbe-521ba44c7bf0,respiratory system,UBERON:0001004,sc_bulk,http://purl.obolibrary.org/obo/CL_0000595,enucleate erythrocyte,143.579,0.001985994670254743
http://purl.org/ccf/1.5/NHLBI/D110#Donor_TissueBlock1,http://purl.org/ccf/1.5/da60f474-614a-4e0a-adbe-521ba44c7bf0,respiratory system,UBERON:0001004,sc_bulk,http://purl.obolibrary.org/obo/CL_1000413,endothelial cell of artery,132.436,0.00183186392264786
http://purl.org/ccf/1.5/NHLBI/D110#Donor_TissueBlock1,http://purl.org/ccf/1.5/da60f474-614a-4e0a-adbe-521ba44c7bf0,respiratory system,UBERON:0001004,sc_bulk,http://purl.obolibrary.org/obo/CL_0002543,vein endothelial cell,126.497,0.001749715263396556
http://purl.org/ccf/1.5/NHLBI/D110#Donor_TissueBlock1,http://purl.org/ccf/1.5/da60f474-614a-4e0a-adbe-521ba44c7bf0,respiratory system,UBERON:0001004,sc_bulk,https://purl.org/ccf/ASCTB-TEMP_club-non-nasal-,Club (non-nasal),119.995,0.00165977914915982
http://purl.org/ccf/1.5/NHLBI/D110#Donor_TissueBlock1,http://purl.org/ccf/1.5/da60f474-614a-4e0a-adbe-521ba44c7bf0,respiratory system,UBERON:0001004,sc_bulk,https://purl.org/ccf/ASCTB-TEMP_alveolar-macrophages,Alveolar macrophages,117.56,0.001626098060546093
http://purl.org/ccf/1.5/NHLBI/D110#Donor_TissueBlock1,http://purl.org/ccf/1.5/da60f474-614a-4e0a-adbe-521ba44c7bf0,respiratory system,UBERON:0001004,sc_bulk,https://purl.org/ccf/ASCTB-TEMP_plasma-cells,Plasma cells,112.656,0.001558265592964279
http://purl.org/ccf/1.5/NHLBI/D110#Donor_TissueBlock1,http://purl.org/ccf/1.5/da60f474-614a-4e0a-adbe-521ba44c7bf0,respiratory system,UBERON:0001004,sc_bulk,https://purl.org/ccf/ASCTB-TEMP_dc2,DC2,107.207,0.001482894647643459
http://purl.org/ccf/1.5/NHLBI/D110#Donor_TissueBlock1,http://purl.org/ccf/1.5/da60f474-614a-4e0a-adbe-521ba44c7bf0,respiratory system,UBERON:0001004,sc_bulk,http://purl.obolibrary.org/obo/CL_0000097,mast cell,106.252,0.00146968502151364
http://purl.org/ccf/1.5/NHLBI/D110#Donor_TissueBlock1,http://purl.org/ccf/1.5/da60f474-614a-4e0a-adbe-521ba44c7bf0,respiratory system,UBERON:0001004,sc_bulk,https://purl.org/ccf/ASCTB-TEMP_smg-serous-bronchial-,SMG serous (bronchial),101.474,0.001403595394656807
http://purl.org/ccf/1.5/NHLBI/D110#Donor_TissueBlock1,http://purl.org/ccf/1.5/da60f474-614a-4e0a-adbe-521ba44c7bf0,respiratory system,UBERON:0001004,sc_bulk,https://purl.org/ccf/ASCTB-TEMP_monocyte-derived-m-,Monocyte-derived Mφ,93.662,0.001295539269707964
http://purl.org/ccf/1.5/NHLBI/D110#Donor_TissueBlock1,http://purl.org/ccf/1.5/da60f474-614a-4e0a-adbe-521ba44c7bf0,respiratory system,UBERON:0001004,sc_bulk,https://purl.org/ccf/ASCTB-TEMP_at2-proliferating,AT2 proliferating,75.258,0.001040973867306719
http://purl.org/ccf/1.5/NHLBI/D110#Donor_TissueBlock1,http://purl.org/ccf/1.5/da60f474-614a-4e0a-adbe-521ba44c7bf0,respiratory system,UBERON:0001004,sc_bulk,http://purl.obolibrary.org/obo/CL_1000223,lung neuroendocrine cell,58.177,8.047082925177788E-4
http://purl.org/ccf/1.5/NHLBI/D110#Donor_TissueBlock1,http://purl.org/ccf/1.5/da60f474-614a-4e0a-adbe-521ba44c7bf0,respiratory system,UBERON:0001004,sc_bulk,https://purl.org/ccf/ASCTB-TEMP_ec-venous-pulmonary,EC venous pulmonary,52.064,7.201528532176914E-4
http://purl.org/ccf/1.5/NHLBI/D110#Donor_TissueBlock1,http://purl.org/ccf/1.5/da60f474-614a-4e0a-adbe-521ba44c7bf0,respiratory system,UBERON:0001004,sc_bulk,https://purl.org/ccf/ASCTB-TEMP_mast-cells,Mast cells,45.023,6.22761253657424E-4
http://purl.org/ccf/1.5/NHLBI/D110#Donor_TissueBlock1,http://purl.org/ccf/1.5/da60f474-614a-4e0a-adbe-521ba44c7bf0,respiratory system,UBERON:0001004,sc_bulk,https://purl.org/ccf/ASCTB-TEMP_goblet-bronchial-,Goblet (bronchial),44,6.086110468188849E-4
http://purl.org/ccf/1.5/NHLBI/D110#Donor_TissueBlock1,http://purl.org/ccf/1.5/da60f474-614a-4e0a-adbe-521ba44c7bf0,respiratory system,UBERON:0001004,sc_bulk,https://purl.org/ccf/ASCTB-TEMP_myofibroblasts,Myofibroblasts,38.031,5.260474254902048E-4
http://purl.org/ccf/1.5/NHLBI/D110#Donor_TissueBlock1,http://purl.org/ccf/1.5/da60f474-614a-4e0a-adbe-521ba44c7bf0,respiratory system,UBERON:0001004,sc_bulk,http://purl.obolibrary.org/obo/CL_0000071,blood vessel endothelial cell,30.347,4.197618054048341E-4
http://purl.org/ccf/1.5/NHLBI/D110#Donor_TissueBlock1,http://purl.org/ccf/1.5/da60f474-614a-4e0a-adbe-521ba44c7bf0,respiratory system,UBERON:0001004,sc_bulk,https://purl.org/ccf/ASCTB-TEMP_peribronchial-fibroblasts,Peribronchial fibroblasts,29.582,4.09180272431733E-4
http://purl.org/ccf/1.5/NHLBI/D110#Donor_TissueBlock1,http://purl.org/ccf/1.5/da60f474-614a-4e0a-adbe-521ba44c7bf0,respiratory system,UBERON:0001004,sc_bulk,https://purl.org/ccf/ASCTB-TEMP_nk-cells,NK cells,18.452,2.552293417250469E-4
http://purl.org/ccf/1.5/NHLBI/D110#Donor_TissueBlock1,http://purl.org/ccf/1.5/da60f474-614a-4e0a-adbe-521ba44c7bf0,respiratory system,UBERON:0001004,sc_bulk,https://purl.org/ccf/ASCTB-TEMP_ionocyte,Ionocyte,17.64,2.439977014973893E-4
http://purl.org/ccf/1.5/NHLBI/D110#Donor_TissueBlock1,http://purl.org/ccf/1.5/da60f474-614a-4e0a-adbe-521ba44c7bf0,respiratory system,UBERON:0001004,sc_bulk,https://purl.org/ccf/ASCTB-TEMP_non-classical-monocytes,Non-classical monocytes,16.533,2.28685600842196E-4
http://purl.org/ccf/1.5/NHLBI/D110#Donor_TissueBlock1,http://purl.org/ccf/1.5/da60f474-614a-4e0a-adbe-521ba44c7bf0,respiratory system,UBERON:0001004,sc_bulk,https://purl.org/ccf/ASCTB-TEMP_interstitial-m-perivascular,Interstitial Mφ perivascular,8.708,1.204496589931557E-4
http://purl.org/ccf/1.5/NHLBI/D110#Donor_TissueBlock1,http://purl.org/ccf/1.5/da60f474-614a-4e0a-adbe-521ba44c7bf0,respiratory system,UBERON:0001004,sc_bulk,https://purl.org/ccf/ASCTB-TEMP_club-nasal-,Club (nasal),7.433,1.028137707046539E-4
http://purl.org/ccf/1.5/NHLBI/D110#Donor_TissueBlock1,http://purl.org/ccf/1.5/da60f474-614a-4e0a-adbe-521ba44c7bf0,respiratory system,UBERON:0001004,sc_bulk,https://purl.org/ccf/ASCTB-TEMP_suprabasal,Suprabasal,6.153,8.51087220699227E-5
http://purl.org/ccf/1.5/NHLBI/D110#Donor_TissueBlock1,http://purl.org/ccf/1.5/da60f474-614a-4e0a-adbe-521ba44c7bf0,respiratory system,UBERON:0001004,sc_bulk,https://purl.org/ccf/ASCTB-TEMP_goblet-nasal-,Goblet (nasal),5,6.916034622941873E-5
http://purl.org/ccf/1.5/NHLBI/D110#Donor_TissueBlock1,http://purl.org/ccf/1.5/da60f474-614a-4e0a-adbe-521ba44c7bf0,respiratory system,UBERON:0001004,sc_bulk,https://purl.org/ccf/ASCTB-TEMP_multiciliated-nasal-,Multiciliated (nasal),4.872,6.738984136594561E-5
http://purl.org/ccf/1.5/NHLBI/D110#Donor_TissueBlock1,http://purl.org/ccf/1.5/da60f474-614a-4e0a-adbe-521ba44c7bf0,respiratory system,UBERON:0001004,sc_bulk,https://purl.org/ccf/ASCTB-TEMP_plasmacytoid-dcs,Plasmacytoid DCs,4.685,6.480324441696537E-5
http://purl.org/ccf/1.5/NHLBI/D110#Donor_TissueBlock1,http://purl.org/ccf/1.5/da60f474-614a-4e0a-adbe-521ba44c7bf0,respiratory system,UBERON:0001004,sc_bulk,https://purl.org/ccf/ASCTB-TEMP_alveolar-m-proliferating,Alveolar Mφ proliferating,1.69,2.337619702554353E-5
http://purl.org/ccf/1.5/NHLBI/D110#Donor_TissueBlock1,http://purl.org/ccf/1.5/da60f474-614a-4e0a-adbe-521ba44c7bf0,respiratory system,UBERON:0001004,sc_bulk,https://purl.org/ccf/ASCTB-TEMP_tuft,Tuft,1,1.383206924588375E-5
http://purl.org/ccf/1.5/NHLBI/D110#Donor_TissueBlock1,http://purl.org/ccf/1.5/da60f474-614a-4e0a-adbe-521ba44c7bf0,respiratory system,UBERON:0001004,sc_bulk,https://purl.org/ccf/ASCTB-TEMP_fibromyocytes,Fibromyocytes,0.5800000000000001,8.022600162612574E-6
http://purl.org/ccf/1.5/NHLBI/D110#Donor_TissueBlock1,http://purl.org/ccf/1.5/da60f474-614a-4e0a-adbe-521ba44c7bf0,respiratory system,UBERON:0001004,sc_bulk,https://purl.org/ccf/ASCTB-TEMP_t-cells-proliferating,T cells proliferating,0.237,3.278200411274448E-6
http://purl.org/ccf/1.5/NHLBI/D122#Donor_TissueBlock1,http://purl.org/ccf/1.5/da60f474-614a-4e0a-adbe-521ba44c7bf0,respiratory system,UBERON:0001004,sc_bulk,https://purl.org/ccf/ASCTB-TEMP_ec-general-capillary,EC general capillary,7291.892,0.1008619550775057
http://purl.org/ccf/1.5/NHLBI/D122#Donor_TissueBlock1,http://purl.org/ccf/1.5/da60f474-614a-4e0a-adbe-521ba44c7bf0,respiratory system,UBERON:0001004,sc_bulk,https://purl.org/ccf/ASCTB-TEMP_at2,AT2,6962.093,0.09630015247228252
http://purl.org/ccf/1.5/NHLBI/D122#Donor_TissueBlock1,http://purl.org/ccf/1.5/da60f474-614a-4e0a-adbe-521ba44c7bf0,respiratory system,UBERON:0001004,sc_bulk,https://purl.org/ccf/ASCTB-TEMP_at1,AT1,6182.928000000001,0.08552268823831352
http://purl.org/ccf/1.5/NHLBI/D122#Donor_TissueBlock1,http://purl.org/ccf/1.5/da60f474-614a-4e0a-adbe-521ba44c7bf0,respiratory system,UBERON:0001004,sc_bulk,http://purl.obolibrary.org/obo/CL_0000583,alveolar macrophage,6037.463,0.08351060628546102
http://purl.org/ccf/1.5/NHLBI/D122#Donor_TissueBlock1,http://purl.org/ccf/1.5/da60f474-614a-4e0a-adbe-521ba44c7bf0,respiratory system,UBERON:0001004,sc_bulk,http://purl.obolibrary.org/obo/CL_0002063,type II pneumocyte,5928.33,0.08200107107245
http://purl.org/ccf/1.5/NHLBI/D122#Donor_TissueBlock1,http://purl.org/ccf/1.5/da60f474-614a-4e0a-adbe-521ba44c7bf0,respiratory system,UBERON:0001004,sc_bulk,http://purl.obolibrary.org/obo/CL_0000057,fibroblast,5778.949000000001,0.07993482273643064
http://purl.org/ccf/1.5/NHLBI/D122#Donor_TissueBlock1,http://purl.org/ccf/1.5/da60f474-614a-4e0a-adbe-521ba44c7bf0,respiratory system,UBERON:0001004,sc_bulk,https://purl.org/ccf/ASCTB-TEMP_cd8-t-cells,CD8 T cells,4644.072,0.06423712548686983
http://purl.org/ccf/1.5/NHLBI/D122#Donor_TissueBlock1,http://purl.org/ccf/1.5/da60f474-614a-4e0a-adbe-521ba44c7bf0,respiratory system,UBERON:0001004,sc_bulk,http://purl.obolibrary.org/obo/CL_0002062,type I pneumocyte,2900.921,0.04012574014883832
http://purl.org/ccf/1.5/NHLBI/D122#Donor_TissueBlock1,http://purl.org/ccf/1.5/da60f474-614a-4e0a-adbe-521ba44c7bf0,respiratory system,UBERON:0001004,sc_bulk,https://purl.org/ccf/ASCTB-TEMP_cd4-t-cells,CD4 T cells,2648.18,0.03662980913556443
http://purl.org/ccf/1.5/NHLBI/D122#Donor_TissueBlock1,http://purl.org/ccf/1.5/da60f474-614a-4e0a-adbe-521ba44c7bf0,respiratory system,UBERON:0001004,sc_bulk,http://purl.obolibrary.org/obo/CL_0000084,T cell,2523.545,0.0349058491851037
http://purl.org/ccf/1.5/NHLBI/D122#Donor_TissueBlock1,http://purl.org/ccf/1.5/da60f474-614a-4e0a-adbe-521ba44c7bf0,respiratory system,UBERON:0001004,sc_bulk,http://purl.obolibrary.org/obo/CL_0000115,endothelial cell,2275.85,0.03147971479324452
http://purl.org/ccf/1.5/NHLBI/D122#Donor_TissueBlock1,http://purl.org/ccf/1.5/da60f474-614a-4e0a-adbe-521ba44c7bf0,respiratory system,UBERON:0001004,sc_bulk,http://purl.obolibrary.org/obo/CL_0000576,monocyte,2013.226,0.02784708143961355
http://purl.org/ccf/1.5/NHLBI/D122#Donor_TissueBlock1,http://purl.org/ccf/1.5/da60f474-614a-4e0a-adbe-521ba44c7bf0,respiratory system,UBERON:0001004,sc_bulk,http://purl.obolibrary.org/obo/CL_0000003,native cell,1785.162,0.02469248439912032
http://purl.org/ccf/1.5/NHLBI/D122#Donor_TissueBlock1,http://purl.org/ccf/1.5/da60f474-614a-4e0a-adbe-521ba44c7bf0,respiratory system,UBERON:0001004,sc_bulk,https://purl.org/ccf/ASCTB-TEMP_alveolar-fibroblasts,Alveolar fibroblasts,1300.268,0.01798539701420677
http://purl.org/ccf/1.5/NHLBI/D122#Donor_TissueBlock1,http://purl.org/ccf/1.5/da60f474-614a-4e0a-adbe-521ba44c7bf0,respiratory system,UBERON:0001004,sc_bulk,http://purl.obolibrary.org/obo/CL_0000158,club cell,1085.751,0.01501818301578752
http://purl.org/ccf/1.5/NHLBI/D122#Donor_TissueBlock1,http://purl.org/ccf/1.5/da60f474-614a-4e0a-adbe-521ba44c7bf0,respiratory system,UBERON:0001004,sc_bulk,http://purl.obolibrary.org/obo/CL_0000066,epithelial cell,1048.907,0.01450855425649218
http://purl.org/ccf/1.5/NHLBI/D122#Donor_TissueBlock1,http://purl.org/ccf/1.5/da60f474-614a-4e0a-adbe-521ba44c7bf0,respiratory system,UBERON:0001004,sc_bulk,http://purl.obolibrary.org/obo/CL_0000235,macrophage,971.1859999999999,0.01343351200263285
http://purl.org/ccf/1.5/NHLBI/D122#Donor_TissueBlock1,http://purl.org/ccf/1.5/da60f474-614a-4e0a-adbe-521ba44c7bf0,respiratory system,UBERON:0001004,sc_bulk,https://purl.org/ccf/ASCTB-TEMP_multiciliated-non-nasal-,Multiciliated (non-nasal),857.355,0.01185899372830466
http://purl.org/ccf/1.5/NHLBI/D122#Donor_TissueBlock1,http://purl.org/ccf/1.5/da60f474-614a-4e0a-adbe-521ba44c7bf0,respiratory system,UBERON:0001004,sc_bulk,http://purl.obolibrary.org/obo/CL_0000623,natural killer cell,813.534,0.01125285862188079
http://purl.org/ccf/1.5/NHLBI/D122#Donor_TissueBlock1,http://purl.org/ccf/1.5/da60f474-614a-4e0a-adbe-521ba44c7bf0,respiratory system,UBERON:0001004,sc_bulk,http://purl.obolibrary.org/obo/CL_0000236,B cell,754.8199999999999,0.01044072250817797
http://purl.org/ccf/1.5/NHLBI/D122#Donor_TissueBlock1,http://purl.org/ccf/1.5/da60f474-614a-4e0a-adbe-521ba44c7bf0,respiratory system,UBERON:0001004,sc_bulk,https://purl.org/ccf/ASCTB-TEMP_ec-venous-systemic,EC venous systemic,745.08,0.01030599815372306
http://purl.org/ccf/1.5/NHLBI/D122#Donor_TissueBlock1,http://purl.org/ccf/1.5/da60f474-614a-4e0a-adbe-521ba44c7bf0,respiratory system,UBERON:0001004,sc_bulk,https://purl.org/ccf/ASCTB-TEMP_ec-arterial,EC arterial,674.886,0.009335069885077499
http://purl.org/ccf/1.5/NHLBI/D122#Donor_TissueBlock1,http://purl.org/ccf/1.5/da60f474-614a-4e0a-adbe-521ba44c7bf0,respiratory system,UBERON:0001004,sc_bulk,https://purl.org/ccf/ASCTB-TEMP_smooth-muscle,Smooth muscle,627.14,0.008674643906863533
http://purl.org/ccf/1.5/NHLBI/D122#Donor_TissueBlock1,http://purl.org/ccf/1.5/da60f474-614a-4e0a-adbe-521ba44c7bf0,respiratory system,UBERON:0001004,sc_bulk,http://purl.obolibrary.org/obo/CL_0000669,pericyte,611.193,0.008454063898599425
http://purl.org/ccf/1.5/NHLBI/D122#Donor_TissueBlock1,http://purl.org/ccf/1.5/da60f474-614a-4e0a-adbe-521ba44c7bf0,respiratory system,UBERON:0001004,sc_bulk,http://purl.obolibrary.org/obo/CL_0000064,ciliated cell,492.288,0.006809361704917618
http://purl.org/ccf/1.5/NHLBI/D122#Donor_TissueBlock1,http://purl.org/ccf/1.5/da60f474-614a-4e0a-adbe-521ba44c7bf0,respiratory system,UBERON:0001004,sc_bulk,http://purl.obolibrary.org/obo/CL_0000186,myofibroblast cell,434.954,0.006016313846774119
http://purl.org/ccf/1.5/NHLBI/D122#Donor_TissueBlock1,http://purl.org/ccf/1.5/da60f474-614a-4e0a-adbe-521ba44c7bf0,respiratory system,UBERON:0001004,sc_bulk,http://purl.obolibrary.org/obo/CL_0000138,chondrocyte,366.599,0.005070822753471736
http://purl.org/ccf/1.5/NHLBI/D122#Donor_TissueBlock1,http://purl.org/ccf/1.5/da60f474-614a-4e0a-adbe-521ba44c7bf0,respiratory system,UBERON:0001004,sc_bulk,http://purl.obolibrary.org/obo/CL_0000192,smooth muscle cell,324.92,0.004494315939372546
http://purl.org/ccf/1.5/NHLBI/D122#Donor_TissueBlock1,http://purl.org/ccf/1.5/da60f474-614a-4e0a-adbe-521ba44c7bf0,respiratory system,UBERON:0001004,sc_bulk,https://purl.org/ccf/ASCTB-TEMP_ec-aerocyte-capillary,EC aerocyte capillary,309.885,0.004286350778260685
http://purl.org/ccf/1.5/NHLBI/D122#Donor_TissueBlock1,http://purl.org/ccf/1.5/da60f474-614a-4e0a-adbe-521ba44c7bf0,respiratory system,UBERON:0001004,sc_bulk,https://purl.org/ccf/ASCTB-TEMP_pericytes,Pericytes,306.557,0.004240317651810383
http://purl.org/ccf/1.5/NHLBI/D122#Donor_TissueBlock1,http://purl.org/ccf/1.5/da60f474-614a-4e0a-adbe-521ba44c7bf0,respiratory system,UBERON:0001004,sc_bulk,https://purl.org/ccf/ASCTB-TEMP_transitional-club-at2,Transitional Club-AT2,287.163,0.003972058500855714
http://purl.org/ccf/1.5/NHLBI/D122#Donor_TissueBlock1,http://purl.org/ccf/1.5/da60f474-614a-4e0a-adbe-521ba44c7bf0,respiratory system,UBERON:0001004,sc_bulk,https://purl.org/ccf/ASCTB-TEMP_b-cells,B cells,280.515,0.003880102904509079
http://purl.org/ccf/1.5/NHLBI/D122#Donor_TissueBlock1,http://purl.org/ccf/1.5/da60f474-614a-4e0a-adbe-521ba44c7bf0,respiratory system,UBERON:0001004,sc_bulk,https://purl.org/ccf/ASCTB-TEMP_basal-resting,Basal resting,241.991,0.003347236268880654
http://purl.org/ccf/1.5/NHLBI/D122#Donor_TissueBlock1,http://purl.org/ccf/1.5/da60f474-614a-4e0a-adbe-521ba44c7bf0,respiratory system,UBERON:0001004,sc_bulk,http://purl.obolibrary.org/obo/CL_0000160,goblet cell,187.436,0.002592627731171466
http://purl.org/ccf/1.5/NHLBI/D122#Donor_TissueBlock1,http://purl.org/ccf/1.5/da60f474-614a-4e0a-adbe-521ba44c7bf0,respiratory system,UBERON:0001004,sc_bulk,https://purl.org/ccf/ASCTB-TEMP_adventitial-fibroblasts,Adventitial fibroblasts,169.1,0.002339002909478942
http://purl.org/ccf/1.5/NHLBI/D122#Donor_TissueBlock1,http://purl.org/ccf/1.5/da60f474-614a-4e0a-adbe-521ba44c7bf0,respiratory system,UBERON:0001004,sc_bulk,http://purl.obolibrary.org/obo/CL_0000646,basal cell,167.81,0.002321159540151752
http://purl.org/ccf/1.5/NHLBI/D122#Donor_TissueBlock1,http://purl.org/ccf/1.5/da60f474-614a-4e0a-adbe-521ba44c7bf0,respiratory system,UBERON:0001004,sc_bulk,https://purl.org/ccf/ASCTB-TEMP_classical-monocytes,Classical monocytes,167.538,0.002317397217316871
http://purl.org/ccf/1.5/NHLBI/D122#Donor_TissueBlock1,http://purl.org/ccf/1.5/da60f474-614a-4e0a-adbe-521ba44c7bf0,respiratory system,UBERON:0001004,sc_bulk,http://purl.obolibrary.org/obo/CL_0000451,dendritic cell,163.708,0.002264420392105137
http://purl.org/ccf/1.5/NHLBI/D122#Donor_TissueBlock1,http://purl.org/ccf/1.5/da60f474-614a-4e0a-adbe-521ba44c7bf0,respiratory system,UBERON:0001004,sc_bulk,https://purl.org/ccf/ASCTB-TEMP_lymphatic-ec-mature,Lymphatic EC mature,157.451,0.002177873134833642
http://purl.org/ccf/1.5/NHLBI/D122#Donor_TissueBlock1,http://purl.org/ccf/1.5/da60f474-614a-4e0a-adbe-521ba44c7bf0,respiratory system,UBERON:0001004,sc_bulk,http://purl.obolibrary.org/obo/CL_0000359,vascular associated smooth muscle cell,148.334,0.00205176615951892
http://purl.org/ccf/1.5/NHLBI/D122#Donor_TissueBlock1,http://purl.org/ccf/1.5/da60f474-614a-4e0a-adbe-521ba44c7bf0,respiratory system,UBERON:0001004,sc_bulk,http://purl.obolibrary.org/obo/CL_0000595,enucleate erythrocyte,143.579,0.001985994670254743
http://purl.org/ccf/1.5/NHLBI/D122#Donor_TissueBlock1,http://purl.org/ccf/1.5/da60f474-614a-4e0a-adbe-521ba44c7bf0,respiratory system,UBERON:0001004,sc_bulk,http://purl.obolibrary.org/obo/CL_1000413,endothelial cell of artery,132.436,0.00183186392264786
http://purl.org/ccf/1.5/NHLBI/D122#Donor_TissueBlock1,http://purl.org/ccf/1.5/da60f474-614a-4e0a-adbe-521ba44c7bf0,respiratory system,UBERON:0001004,sc_bulk,http://purl.obolibrary.org/obo/CL_0002543,vein endothelial cell,126.497,0.001749715263396556
http://purl.org/ccf/1.5/NHLBI/D122#Donor_TissueBlock1,http://purl.org/ccf/1.5/da60f474-614a-4e0a-adbe-521ba44c7bf0,respiratory system,UBERON:0001004,sc_bulk,https://purl.org/ccf/ASCTB-TEMP_club-non-nasal-,Club (non-nasal),119.995,0.00165977914915982
http://purl.org/ccf/1.5/NHLBI/D122#Donor_TissueBlock1,http://purl.org/ccf/1.5/da60f474-614a-4e0a-adbe-521ba44c7bf0,respiratory system,UBERON:0001004,sc_bulk,https://purl.org/ccf/ASCTB-TEMP_alveolar-macrophages,Alveolar macrophages,117.56,0.001626098060546093
http://purl.org/ccf/1.5/NHLBI/D122#Donor_TissueBlock1,http://purl.org/ccf/1.5/da60f474-614a-4e0a-adbe-521ba44c7bf0,respiratory system,UBERON:0001004,sc_bulk,https://purl.org/ccf/ASCTB-TEMP_plasma-cells,Plasma cells,112.656,0.001558265592964279
http://purl.org/ccf/1.5/NHLBI/D122#Donor_TissueBlock1,http://purl.org/ccf/1.5/da60f474-614a-4e0a-adbe-521ba44c7bf0,respiratory system,UBERON:0001004,sc_bulk,https://purl.org/ccf/ASCTB-TEMP_dc2,DC2,107.207,0.001482894647643459
http://purl.org/ccf/1.5/NHLBI/D122#Donor_TissueBlock1,http://purl.org/ccf/1.5/da60f474-614a-4e0a-adbe-521ba44c7bf0,respiratory system,UBERON:0001004,sc_bulk,http://purl.obolibrary.org/obo/CL_0000097,mast cell,106.252,0.00146968502151364
http://purl.org/ccf/1.5/NHLBI/D122#Donor_TissueBlock1,http://purl.org/ccf/1.5/da60f474-614a-4e0a-adbe-521ba44c7bf0,respiratory system,UBERON:0001004,sc_bulk,https://purl.org/ccf/ASCTB-TEMP_smg-serous-bronchial-,SMG serous (bronchial),101.474,0.001403595394656807
http://purl.org/ccf/1.5/NHLBI/D122#Donor_TissueBlock1,http://purl.org/ccf/1.5/da60f474-614a-4e0a-adbe-521ba44c7bf0,respiratory system,UBERON:0001004,sc_bulk,https://purl.org/ccf/ASCTB-TEMP_monocyte-derived-m-,Monocyte-derived Mφ,93.662,0.001295539269707964
http://purl.org/ccf/1.5/NHLBI/D122#Donor_TissueBlock1,http://purl.org/ccf/1.5/da60f474-614a-4e0a-adbe-521ba44c7bf0,respiratory system,UBERON:0001004,sc_bulk,https://purl.org/ccf/ASCTB-TEMP_at2-proliferating,AT2 proliferating,75.258,0.001040973867306719
http://purl.org/ccf/1.5/NHLBI/D122#Donor_TissueBlock1,http://purl.org/ccf/1.5/da60f474-614a-4e0a-adbe-521ba44c7bf0,respiratory system,UBERON:0001004,sc_bulk,http://purl.obolibrary.org/obo/CL_1000223,lung neuroendocrine cell,58.177,8.047082925177788E-4
http://purl.org/ccf/1.5/NHLBI/D122#Donor_TissueBlock1,http://purl.org/ccf/1.5/da60f474-614a-4e0a-adbe-521ba44c7bf0,respiratory system,UBERON:0001004,sc_bulk,https://purl.org/ccf/ASCTB-TEMP_ec-venous-pulmonary,EC venous pulmonary,52.064,7.201528532176914E-4
http://purl.org/ccf/1.5/NHLBI/D122#Donor_TissueBlock1,http://purl.org/ccf/1.5/da60f474-614a-4e0a-adbe-521ba44c7bf0,respiratory system,UBERON:0001004,sc_bulk,https://purl.org/ccf/ASCTB-TEMP_mast-cells,Mast cells,45.023,6.22761253657424E-4
http://purl.org/ccf/1.5/NHLBI/D122#Donor_TissueBlock1,http://purl.org/ccf/1.5/da60f474-614a-4e0a-adbe-521ba44c7bf0,respiratory system,UBERON:0001004,sc_bulk,https://purl.org/ccf/ASCTB-TEMP_goblet-bronchial-,Goblet (bronchial),44,6.086110468188849E-4
http://purl.org/ccf/1.5/NHLBI/D122#Donor_TissueBlock1,http://purl.org/ccf/1.5/da60f474-614a-4e0a-adbe-521ba44c7bf0,respiratory system,UBERON:0001004,sc_bulk,https://purl.org/ccf/ASCTB-TEMP_myofibroblasts,Myofibroblasts,38.031,5.260474254902048E-4
http://purl.org/ccf/1.5/NHLBI/D122#Donor_TissueBlock1,http://purl.org/ccf/1.5/da60f474-614a-4e0a-adbe-521ba44c7bf0,respiratory system,UBERON:0001004,sc_bulk,http://purl.obolibrary.org/obo/CL_0000071,blood vessel endothelial cell,30.347,4.197618054048341E-4
http://purl.org/ccf/1.5/NHLBI/D122#Donor_TissueBlock1,http://purl.org/ccf/1.5/da60f474-614a-4e0a-adbe-521ba44c7bf0,respiratory system,UBERON:0001004,sc_bulk,https://purl.org/ccf/ASCTB-TEMP_peribronchial-fibroblasts,Peribronchial fibroblasts,29.582,4.09180272431733E-4
http://purl.org/ccf/1.5/NHLBI/D122#Donor_TissueBlock1,http://purl.org/ccf/1.5/da60f474-614a-4e0a-adbe-521ba44c7bf0,respiratory system,UBERON:0001004,sc_bulk,https://purl.org/ccf/ASCTB-TEMP_nk-cells,NK cells,18.452,2.552293417250469E-4
http://purl.org/ccf/1.5/NHLBI/D122#Donor_TissueBlock1,http://purl.org/ccf/1.5/da60f474-614a-4e0a-adbe-521ba44c7bf0,respiratory system,UBERON:0001004,sc_bulk,https://purl.org/ccf/ASCTB-TEMP_ionocyte,Ionocyte,17.64,2.439977014973893E-4
http://purl.org/ccf/1.5/NHLBI/D122#Donor_TissueBlock1,http://purl.org/ccf/1.5/da60f474-614a-4e0a-adbe-521ba44c7bf0,respiratory system,UBERON:0001004,sc_bulk,https://purl.org/ccf/ASCTB-TEMP_non-classical-monocytes,Non-classical monocytes,16.533,2.28685600842196E-4
http://purl.org/ccf/1.5/NHLBI/D122#Donor_TissueBlock1,http://purl.org/ccf/1.5/da60f474-614a-4e0a-adbe-521ba44c7bf0,respiratory system,UBERON:0001004,sc_bulk,https://purl.org/ccf/ASCTB-TEMP_interstitial-m-perivascular,Interstitial Mφ perivascular,8.708,1.204496589931557E-4
http://purl.org/ccf/1.5/NHLBI/D122#Donor_TissueBlock1,http://purl.org/ccf/1.5/da60f474-614a-4e0a-adbe-521ba44c7bf0,respiratory system,UBERON:0001004,sc_bulk,https://purl.org/ccf/ASCTB-TEMP_club-nasal-,Club (nasal),7.433,1.028137707046539E-4
http://purl.org/ccf/1.5/NHLBI/D122#Donor_TissueBlock1,http://purl.org/ccf/1.5/da60f474-614a-4e0a-adbe-521ba44c7bf0,respiratory system,UBERON:0001004,sc_bulk,https://purl.org/ccf/ASCTB-TEMP_suprabasal,Suprabasal,6.153,8.51087220699227E-5
http://purl.org/ccf/1.5/NHLBI/D122#Donor_TissueBlock1,http://purl.org/ccf/1.5/da60f474-614a-4e0a-adbe-521ba44c7bf0,respiratory system,UBERON:0001004,sc_bulk,https://purl.org/ccf/ASCTB-TEMP_goblet-nasal-,Goblet (nasal),5,6.916034622941873E-5
http://purl.org/ccf/1.5/NHLBI/D122#Donor_TissueBlock1,http://purl.org/ccf/1.5/da60f474-614a-4e0a-adbe-521ba44c7bf0,respiratory system,UBERON:0001004,sc_bulk,https://purl.org/ccf/ASCTB-TEMP_multiciliated-nasal-,Multiciliated (nasal),4.872,6.738984136594561E-5
http://purl.org/ccf/1.5/NHLBI/D122#Donor_TissueBlock1,http://purl.org/ccf/1.5/da60f474-614a-4e0a-adbe-521ba44c7bf0,respiratory system,UBERON:0001004,sc_bulk,https://purl.org/ccf/ASCTB-TEMP_plasmacytoid-dcs,Plasmacytoid DCs,4.685,6.480324441696537E-5
http://purl.org/ccf/1.5/NHLBI/D122#Donor_TissueBlock1,http://purl.org/ccf/1.5/da60f474-614a-4e0a-adbe-521ba44c7bf0,respiratory system,UBERON:0001004,sc_bulk,https://purl.org/ccf/ASCTB-TEMP_alveolar-m-proliferating,Alveolar Mφ proliferating,1.69,2.337619702554353E-5
http://purl.org/ccf/1.5/NHLBI/D122#Donor_TissueBlock1,http://purl.org/ccf/1.5/da60f474-614a-4e0a-adbe-521ba44c7bf0,respiratory system,UBERON:0001004,sc_bulk,https://purl.org/ccf/ASCTB-TEMP_tuft,Tuft,1,1.383206924588375E-5
http://purl.org/ccf/1.5/NHLBI/D122#Donor_TissueBlock1,http://purl.org/ccf/1.5/da60f474-614a-4e0a-adbe-521ba44c7bf0,respiratory system,UBERON:0001004,sc_bulk,https://purl.org/ccf/ASCTB-TEMP_fibromyocytes,Fibromyocytes,0.5800000000000001,8.022600162612574E-6
http://purl.org/ccf/1.5/NHLBI/D122#Donor_TissueBlock1,http://purl.org/ccf/1.5/da60f474-614a-4e0a-adbe-521ba44c7bf0,respiratory system,UBERON:0001004,sc_bulk,https://purl.org/ccf/ASCTB-TEMP_t-cells-proliferating,T cells proliferating,0.237,3.278200411274448E-6
http://purl.org/ccf/1.5/NHLBI/D139#Donor_TissueBlock1,http://purl.org/ccf/1.5/6acd66b8-2659-4626-bef9-a80f135489ad,respiratory system,UBERON:0001004,sc_bulk,http://purl.obolibrary.org/obo/CL_0000583,alveolar macrophage,2065.388735,0.1691773708913219
http://purl.org/ccf/1.5/NHLBI/D139#Donor_TissueBlock1,http://purl.org/ccf/1.5/6acd66b8-2659-4626-bef9-a80f135489ad,respiratory system,UBERON:0001004,sc_bulk,http://purl.obolibrary.org/obo/CL_0002063,type II pneumocyte,1817.624054,0.1488828003724665
http://purl.org/ccf/1.5/NHLBI/D139#Donor_TissueBlock1,http://purl.org/ccf/1.5/6acd66b8-2659-4626-bef9-a80f135489ad,respiratory system,UBERON:0001004,sc_bulk,http://purl.obolibrary.org/obo/CL_0000057,fibroblast,1795.702707,0.147087208197003
http://purl.org/ccf/1.5/NHLBI/D139#Donor_TissueBlock1,http://purl.org/ccf/1.5/6acd66b8-2659-4626-bef9-a80f135489ad,respiratory system,UBERON:0001004,sc_bulk,http://purl.obolibrary.org/obo/CL_0002062,type I pneumocyte,956.8283569999995,0.07837444984976306
http://purl.org/ccf/1.5/NHLBI/D139#Donor_TissueBlock1,http://purl.org/ccf/1.5/6acd66b8-2659-4626-bef9-a80f135489ad,respiratory system,UBERON:0001004,sc_bulk,http://purl.obolibrary.org/obo/CL_0000084,T cell,793.482225,0.06499465906813728
http://purl.org/ccf/1.5/NHLBI/D139#Donor_TissueBlock1,http://purl.org/ccf/1.5/6acd66b8-2659-4626-bef9-a80f135489ad,respiratory system,UBERON:0001004,sc_bulk,http://purl.obolibrary.org/obo/CL_0000576,monocyte,774.1718399999999,0.06341293253412515
http://purl.org/ccf/1.5/NHLBI/D139#Donor_TissueBlock1,http://purl.org/ccf/1.5/6acd66b8-2659-4626-bef9-a80f135489ad,respiratory system,UBERON:0001004,sc_bulk,http://purl.obolibrary.org/obo/CL_0000115,endothelial cell,692.0122679999998,0.05668318711188323
http://purl.org/ccf/1.5/NHLBI/D139#Donor_TissueBlock1,http://purl.org/ccf/1.5/6acd66b8-2659-4626-bef9-a80f135489ad,respiratory system,UBERON:0001004,sc_bulk,http://purl.obolibrary.org/obo/CL_0000003,native cell,572.0292939999999,0.04685530156711105
http://purl.org/ccf/1.5/NHLBI/D139#Donor_TissueBlock1,http://purl.org/ccf/1.5/6acd66b8-2659-4626-bef9-a80f135489ad,respiratory system,UBERON:0001004,sc_bulk,http://purl.obolibrary.org/obo/CL_0000236,B cell,325.002736,0.02662119119622601
http://purl.org/ccf/1.5/NHLBI/D139#Donor_TissueBlock1,http://purl.org/ccf/1.5/6acd66b8-2659-4626-bef9-a80f135489ad,respiratory system,UBERON:0001004,sc_bulk,http://purl.obolibrary.org/obo/CL_0000623,natural killer cell,314.620224,0.02577075270315095
http://purl.org/ccf/1.5/NHLBI/D139#Donor_TissueBlock1,http://purl.org/ccf/1.5/6acd66b8-2659-4626-bef9-a80f135489ad,respiratory system,UBERON:0001004,sc_bulk,http://purl.obolibrary.org/obo/CL_0000158,club cell,306.2736489999999,0.02508707916968063
http://purl.org/ccf/1.5/NHLBI/D139#Donor_TissueBlock1,http://purl.org/ccf/1.5/6acd66b8-2659-4626-bef9-a80f135489ad,respiratory system,UBERON:0001004,sc_bulk,http://purl.obolibrary.org/obo/CL_0000066,epithelial cell,272.7312209999999,0.02233959648703132
http://purl.org/ccf/1.5/NHLBI/D139#Donor_TissueBlock1,http://purl.org/ccf/1.5/6acd66b8-2659-4626-bef9-a80f135489ad,respiratory system,UBERON:0001004,sc_bulk,http://purl.obolibrary.org/obo/CL_0000235,macrophage,268.391002,0.02198408624962676
http://purl.org/ccf/1.5/NHLBI/D139#Donor_TissueBlock1,http://purl.org/ccf/1.5/6acd66b8-2659-4626-bef9-a80f135489ad,respiratory system,UBERON:0001004,sc_bulk,http://purl.obolibrary.org/obo/CL_0000669,pericyte,235.0360669999999,0.01925196124384622
http://purl.org/ccf/1.5/NHLBI/D139#Donor_TissueBlock1,http://purl.org/ccf/1.5/6acd66b8-2659-4626-bef9-a80f135489ad,respiratory system,UBERON:0001004,sc_bulk,http://purl.obolibrary.org/obo/CL_0000064,ciliated cell,205.093644,0.0167993573754244
http://purl.org/ccf/1.5/NHLBI/D139#Donor_TissueBlock1,http://purl.org/ccf/1.5/6acd66b8-2659-4626-bef9-a80f135489ad,respiratory system,UBERON:0001004,sc_bulk,http://purl.obolibrary.org/obo/CL_0000186,myofibroblast cell,156.215822,0.01279574232672801
http://purl.org/ccf/1.5/NHLBI/D139#Donor_TissueBlock1,http://purl.org/ccf/1.5/6acd66b8-2659-4626-bef9-a80f135489ad,respiratory system,UBERON:0001004,sc_bulk,http://purl.obolibrary.org/obo/CL_0000192,smooth muscle cell,143.106646,0.01172196096409672
http://purl.org/ccf/1.5/NHLBI/D139#Donor_TissueBlock1,http://purl.org/ccf/1.5/6acd66b8-2659-4626-bef9-a80f135489ad,respiratory system,UBERON:0001004,sc_bulk,http://purl.obolibrary.org/obo/CL_0000138,chondrocyte,69.00509099999998,0.005652253096798465
http://purl.org/ccf/1.5/NHLBI/D139#Donor_TissueBlock1,http://purl.org/ccf/1.5/6acd66b8-2659-4626-bef9-a80f135489ad,respiratory system,UBERON:0001004,sc_bulk,http://purl.obolibrary.org/obo/CL_0000595,enucleate erythrocyte,66.18642299999998,0.005421374118146778
http://purl.org/ccf/1.5/NHLBI/D139#Donor_TissueBlock1,http://purl.org/ccf/1.5/6acd66b8-2659-4626-bef9-a80f135489ad,respiratory system,UBERON:0001004,sc_bulk,http://purl.obolibrary.org/obo/CL_0000160,goblet cell,62.83454999999999,0.005146819961782792
http://purl.org/ccf/1.5/NHLBI/D139#Donor_TissueBlock1,http://purl.org/ccf/1.5/6acd66b8-2659-4626-bef9-a80f135489ad,respiratory system,UBERON:0001004,sc_bulk,http://purl.obolibrary.org/obo/CL_0000359,vascular associated smooth muscle cell,60.421536,0.004949168373233796
http://purl.org/ccf/1.5/NHLBI/D139#Donor_TissueBlock1,http://purl.org/ccf/1.5/6acd66b8-2659-4626-bef9-a80f135489ad,respiratory system,UBERON:0001004,sc_bulk,http://purl.obolibrary.org/obo/CL_1000413,endothelial cell of artery,55.85757999999998,0.004575331688710736
http://purl.org/ccf/1.5/NHLBI/D139#Donor_TissueBlock1,http://purl.org/ccf/1.5/6acd66b8-2659-4626-bef9-a80f135489ad,respiratory system,UBERON:0001004,sc_bulk,http://purl.obolibrary.org/obo/CL_0000451,dendritic cell,53.03194200000001,0.004343881792703334
http://purl.org/ccf/1.5/NHLBI/D139#Donor_TissueBlock1,http://purl.org/ccf/1.5/6acd66b8-2659-4626-bef9-a80f135489ad,respiratory system,UBERON:0001004,sc_bulk,http://purl.obolibrary.org/obo/CL_0000646,basal cell,51.00506599999999,0.004177859025661022
http://purl.org/ccf/1.5/NHLBI/D139#Donor_TissueBlock1,http://purl.org/ccf/1.5/6acd66b8-2659-4626-bef9-a80f135489ad,respiratory system,UBERON:0001004,sc_bulk,http://purl.obolibrary.org/obo/CL_0002543,vein endothelial cell,41.09442299999999,0.00336607163756796
http://purl.org/ccf/1.5/NHLBI/D139#Donor_TissueBlock1,http://purl.org/ccf/1.5/6acd66b8-2659-4626-bef9-a80f135489ad,respiratory system,UBERON:0001004,sc_bulk,http://purl.obolibrary.org/obo/CL_0000097,mast cell,32.158186,0.002634098495804043
http://purl.org/ccf/1.5/NHLBI/D139#Donor_TissueBlock1,http://purl.org/ccf/1.5/6acd66b8-2659-4626-bef9-a80f135489ad,respiratory system,UBERON:0001004,sc_bulk,http://purl.obolibrary.org/obo/CL_1000223,lung neuroendocrine cell,15.446217,0.001265209952002978
http://purl.org/ccf/1.5/NHLBI/D139#Donor_TissueBlock1,http://purl.org/ccf/1.5/6acd66b8-2659-4626-bef9-a80f135489ad,respiratory system,UBERON:0001004,sc_bulk,http://purl.obolibrary.org/obo/CL_0000071,blood vessel endothelial cell,7.670484999999998,6.282945499658305E-4
http://purl.org/ccf/1.5/NHLBI/D175#Donor_TissueBlock1,http://purl.org/ccf/1.5/da60f474-614a-4e0a-adbe-521ba44c7bf0,respiratory system,UBERON:0001004,sc_bulk,https://purl.org/ccf/ASCTB-TEMP_ec-general-capillary,EC general capillary,7291.892,0.1008619550775057
http://purl.org/ccf/1.5/NHLBI/D175#Donor_TissueBlock1,http://purl.org/ccf/1.5/da60f474-614a-4e0a-adbe-521ba44c7bf0,respiratory system,UBERON:0001004,sc_bulk,https://purl.org/ccf/ASCTB-TEMP_at2,AT2,6962.093,0.09630015247228252
http://purl.org/ccf/1.5/NHLBI/D175#Donor_TissueBlock1,http://purl.org/ccf/1.5/da60f474-614a-4e0a-adbe-521ba44c7bf0,respiratory system,UBERON:0001004,sc_bulk,https://purl.org/ccf/ASCTB-TEMP_at1,AT1,6182.928000000001,0.08552268823831352
http://purl.org/ccf/1.5/NHLBI/D175#Donor_TissueBlock1,http://purl.org/ccf/1.5/da60f474-614a-4e0a-adbe-521ba44c7bf0,respiratory system,UBERON:0001004,sc_bulk,http://purl.obolibrary.org/obo/CL_0000583,alveolar macrophage,6037.463,0.08351060628546102
http://purl.org/ccf/1.5/NHLBI/D175#Donor_TissueBlock1,http://purl.org/ccf/1.5/da60f474-614a-4e0a-adbe-521ba44c7bf0,respiratory system,UBERON:0001004,sc_bulk,http://purl.obolibrary.org/obo/CL_0002063,type II pneumocyte,5928.33,0.08200107107245
http://purl.org/ccf/1.5/NHLBI/D175#Donor_TissueBlock1,http://purl.org/ccf/1.5/da60f474-614a-4e0a-adbe-521ba44c7bf0,respiratory system,UBERON:0001004,sc_bulk,http://purl.obolibrary.org/obo/CL_0000057,fibroblast,5778.949000000001,0.07993482273643064
http://purl.org/ccf/1.5/NHLBI/D175#Donor_TissueBlock1,http://purl.org/ccf/1.5/da60f474-614a-4e0a-adbe-521ba44c7bf0,respiratory system,UBERON:0001004,sc_bulk,https://purl.org/ccf/ASCTB-TEMP_cd8-t-cells,CD8 T cells,4644.072,0.06423712548686983
http://purl.org/ccf/1.5/NHLBI/D175#Donor_TissueBlock1,http://purl.org/ccf/1.5/da60f474-614a-4e0a-adbe-521ba44c7bf0,respiratory system,UBERON:0001004,sc_bulk,http://purl.obolibrary.org/obo/CL_0002062,type I pneumocyte,2900.921,0.04012574014883832
http://purl.org/ccf/1.5/NHLBI/D175#Donor_TissueBlock1,http://purl.org/ccf/1.5/da60f474-614a-4e0a-adbe-521ba44c7bf0,respiratory system,UBERON:0001004,sc_bulk,https://purl.org/ccf/ASCTB-TEMP_cd4-t-cells,CD4 T cells,2648.18,0.03662980913556443
http://purl.org/ccf/1.5/NHLBI/D175#Donor_TissueBlock1,http://purl.org/ccf/1.5/da60f474-614a-4e0a-adbe-521ba44c7bf0,respiratory system,UBERON:0001004,sc_bulk,http://purl.obolibrary.org/obo/CL_0000084,T cell,2523.545,0.0349058491851037
http://purl.org/ccf/1.5/NHLBI/D175#Donor_TissueBlock1,http://purl.org/ccf/1.5/da60f474-614a-4e0a-adbe-521ba44c7bf0,respiratory system,UBERON:0001004,sc_bulk,http://purl.obolibrary.org/obo/CL_0000115,endothelial cell,2275.85,0.03147971479324452
http://purl.org/ccf/1.5/NHLBI/D175#Donor_TissueBlock1,http://purl.org/ccf/1.5/da60f474-614a-4e0a-adbe-521ba44c7bf0,respiratory system,UBERON:0001004,sc_bulk,http://purl.obolibrary.org/obo/CL_0000576,monocyte,2013.226,0.02784708143961355
http://purl.org/ccf/1.5/NHLBI/D175#Donor_TissueBlock1,http://purl.org/ccf/1.5/da60f474-614a-4e0a-adbe-521ba44c7bf0,respiratory system,UBERON:0001004,sc_bulk,http://purl.obolibrary.org/obo/CL_0000003,native cell,1785.162,0.02469248439912032
http://purl.org/ccf/1.5/NHLBI/D175#Donor_TissueBlock1,http://purl.org/ccf/1.5/da60f474-614a-4e0a-adbe-521ba44c7bf0,respiratory system,UBERON:0001004,sc_bulk,https://purl.org/ccf/ASCTB-TEMP_alveolar-fibroblasts,Alveolar fibroblasts,1300.268,0.01798539701420677
http://purl.org/ccf/1.5/NHLBI/D175#Donor_TissueBlock1,http://purl.org/ccf/1.5/da60f474-614a-4e0a-adbe-521ba44c7bf0,respiratory system,UBERON:0001004,sc_bulk,http://purl.obolibrary.org/obo/CL_0000158,club cell,1085.751,0.01501818301578752
http://purl.org/ccf/1.5/NHLBI/D175#Donor_TissueBlock1,http://purl.org/ccf/1.5/da60f474-614a-4e0a-adbe-521ba44c7bf0,respiratory system,UBERON:0001004,sc_bulk,http://purl.obolibrary.org/obo/CL_0000066,epithelial cell,1048.907,0.01450855425649218
http://purl.org/ccf/1.5/NHLBI/D175#Donor_TissueBlock1,http://purl.org/ccf/1.5/da60f474-614a-4e0a-adbe-521ba44c7bf0,respiratory system,UBERON:0001004,sc_bulk,http://purl.obolibrary.org/obo/CL_0000235,macrophage,971.1859999999999,0.01343351200263285
http://purl.org/ccf/1.5/NHLBI/D175#Donor_TissueBlock1,http://purl.org/ccf/1.5/da60f474-614a-4e0a-adbe-521ba44c7bf0,respiratory system,UBERON:0001004,sc_bulk,https://purl.org/ccf/ASCTB-TEMP_multiciliated-non-nasal-,Multiciliated (non-nasal),857.355,0.01185899372830466
http://purl.org/ccf/1.5/NHLBI/D175#Donor_TissueBlock1,http://purl.org/ccf/1.5/da60f474-614a-4e0a-adbe-521ba44c7bf0,respiratory system,UBERON:0001004,sc_bulk,http://purl.obolibrary.org/obo/CL_0000623,natural killer cell,813.534,0.01125285862188079
http://purl.org/ccf/1.5/NHLBI/D175#Donor_TissueBlock1,http://purl.org/ccf/1.5/da60f474-614a-4e0a-adbe-521ba44c7bf0,respiratory system,UBERON:0001004,sc_bulk,http://purl.obolibrary.org/obo/CL_0000236,B cell,754.8199999999999,0.01044072250817797
http://purl.org/ccf/1.5/NHLBI/D175#Donor_TissueBlock1,http://purl.org/ccf/1.5/da60f474-614a-4e0a-adbe-521ba44c7bf0,respiratory system,UBERON:0001004,sc_bulk,https://purl.org/ccf/ASCTB-TEMP_ec-venous-systemic,EC venous systemic,745.08,0.01030599815372306
http://purl.org/ccf/1.5/NHLBI/D175#Donor_TissueBlock1,http://purl.org/ccf/1.5/da60f474-614a-4e0a-adbe-521ba44c7bf0,respiratory system,UBERON:0001004,sc_bulk,https://purl.org/ccf/ASCTB-TEMP_ec-arterial,EC arterial,674.886,0.009335069885077499
http://purl.org/ccf/1.5/NHLBI/D175#Donor_TissueBlock1,http://purl.org/ccf/1.5/da60f474-614a-4e0a-adbe-521ba44c7bf0,respiratory system,UBERON:0001004,sc_bulk,https://purl.org/ccf/ASCTB-TEMP_smooth-muscle,Smooth muscle,627.14,0.008674643906863533
http://purl.org/ccf/1.5/NHLBI/D175#Donor_TissueBlock1,http://purl.org/ccf/1.5/da60f474-614a-4e0a-adbe-521ba44c7bf0,respiratory system,UBERON:0001004,sc_bulk,http://purl.obolibrary.org/obo/CL_0000669,pericyte,611.193,0.008454063898599425
http://purl.org/ccf/1.5/NHLBI/D175#Donor_TissueBlock1,http://purl.org/ccf/1.5/da60f474-614a-4e0a-adbe-521ba44c7bf0,respiratory system,UBERON:0001004,sc_bulk,http://purl.obolibrary.org/obo/CL_0000064,ciliated cell,492.288,0.006809361704917618
http://purl.org/ccf/1.5/NHLBI/D175#Donor_TissueBlock1,http://purl.org/ccf/1.5/da60f474-614a-4e0a-adbe-521ba44c7bf0,respiratory system,UBERON:0001004,sc_bulk,http://purl.obolibrary.org/obo/CL_0000186,myofibroblast cell,434.954,0.006016313846774119
http://purl.org/ccf/1.5/NHLBI/D175#Donor_TissueBlock1,http://purl.org/ccf/1.5/da60f474-614a-4e0a-adbe-521ba44c7bf0,respiratory system,UBERON:0001004,sc_bulk,http://purl.obolibrary.org/obo/CL_0000138,chondrocyte,366.599,0.005070822753471736
http://purl.org/ccf/1.5/NHLBI/D175#Donor_TissueBlock1,http://purl.org/ccf/1.5/da60f474-614a-4e0a-adbe-521ba44c7bf0,respiratory system,UBERON:0001004,sc_bulk,http://purl.obolibrary.org/obo/CL_0000192,smooth muscle cell,324.92,0.004494315939372546
http://purl.org/ccf/1.5/NHLBI/D175#Donor_TissueBlock1,http://purl.org/ccf/1.5/da60f474-614a-4e0a-adbe-521ba44c7bf0,respiratory system,UBERON:0001004,sc_bulk,https://purl.org/ccf/ASCTB-TEMP_ec-aerocyte-capillary,EC aerocyte capillary,309.885,0.004286350778260685
http://purl.org/ccf/1.5/NHLBI/D175#Donor_TissueBlock1,http://purl.org/ccf/1.5/da60f474-614a-4e0a-adbe-521ba44c7bf0,respiratory system,UBERON:0001004,sc_bulk,https://purl.org/ccf/ASCTB-TEMP_pericytes,Pericytes,306.557,0.004240317651810383
http://purl.org/ccf/1.5/NHLBI/D175#Donor_TissueBlock1,http://purl.org/ccf/1.5/da60f474-614a-4e0a-adbe-521ba44c7bf0,respiratory system,UBERON:0001004,sc_bulk,https://purl.org/ccf/ASCTB-TEMP_transitional-club-at2,Transitional Club-AT2,287.163,0.003972058500855714
http://purl.org/ccf/1.5/NHLBI/D175#Donor_TissueBlock1,http://purl.org/ccf/1.5/da60f474-614a-4e0a-adbe-521ba44c7bf0,respiratory system,UBERON:0001004,sc_bulk,https://purl.org/ccf/ASCTB-TEMP_b-cells,B cells,280.515,0.003880102904509079
http://purl.org/ccf/1.5/NHLBI/D175#Donor_TissueBlock1,http://purl.org/ccf/1.5/da60f474-614a-4e0a-adbe-521ba44c7bf0,respiratory system,UBERON:0001004,sc_bulk,https://purl.org/ccf/ASCTB-TEMP_basal-resting,Basal resting,241.991,0.003347236268880654
http://purl.org/ccf/1.5/NHLBI/D175#Donor_TissueBlock1,http://purl.org/ccf/1.5/da60f474-614a-4e0a-adbe-521ba44c7bf0,respiratory system,UBERON:0001004,sc_bulk,http://purl.obolibrary.org/obo/CL_0000160,goblet cell,187.436,0.002592627731171466
http://purl.org/ccf/1.5/NHLBI/D175#Donor_TissueBlock1,http://purl.org/ccf/1.5/da60f474-614a-4e0a-adbe-521ba44c7bf0,respiratory system,UBERON:0001004,sc_bulk,https://purl.org/ccf/ASCTB-TEMP_adventitial-fibroblasts,Adventitial fibroblasts,169.1,0.002339002909478942
http://purl.org/ccf/1.5/NHLBI/D175#Donor_TissueBlock1,http://purl.org/ccf/1.5/da60f474-614a-4e0a-adbe-521ba44c7bf0,respiratory system,UBERON:0001004,sc_bulk,http://purl.obolibrary.org/obo/CL_0000646,basal cell,167.81,0.002321159540151752
http://purl.org/ccf/1.5/NHLBI/D175#Donor_TissueBlock1,http://purl.org/ccf/1.5/da60f474-614a-4e0a-adbe-521ba44c7bf0,respiratory system,UBERON:0001004,sc_bulk,https://purl.org/ccf/ASCTB-TEMP_classical-monocytes,Classical monocytes,167.538,0.002317397217316871
http://purl.org/ccf/1.5/NHLBI/D175#Donor_TissueBlock1,http://purl.org/ccf/1.5/da60f474-614a-4e0a-adbe-521ba44c7bf0,respiratory system,UBERON:0001004,sc_bulk,http://purl.obolibrary.org/obo/CL_0000451,dendritic cell,163.708,0.002264420392105137
http://purl.org/ccf/1.5/NHLBI/D175#Donor_TissueBlock1,http://purl.org/ccf/1.5/da60f474-614a-4e0a-adbe-521ba44c7bf0,respiratory system,UBERON:0001004,sc_bulk,https://purl.org/ccf/ASCTB-TEMP_lymphatic-ec-mature,Lymphatic EC mature,157.451,0.002177873134833642
http://purl.org/ccf/1.5/NHLBI/D175#Donor_TissueBlock1,http://purl.org/ccf/1.5/da60f474-614a-4e0a-adbe-521ba44c7bf0,respiratory system,UBERON:0001004,sc_bulk,http://purl.obolibrary.org/obo/CL_0000359,vascular associated smooth muscle cell,148.334,0.00205176615951892
http://purl.org/ccf/1.5/NHLBI/D175#Donor_TissueBlock1,http://purl.org/ccf/1.5/da60f474-614a-4e0a-adbe-521ba44c7bf0,respiratory system,UBERON:0001004,sc_bulk,http://purl.obolibrary.org/obo/CL_0000595,enucleate erythrocyte,143.579,0.001985994670254743
http://purl.org/ccf/1.5/NHLBI/D175#Donor_TissueBlock1,http://purl.org/ccf/1.5/da60f474-614a-4e0a-adbe-521ba44c7bf0,respiratory system,UBERON:0001004,sc_bulk,http://purl.obolibrary.org/obo/CL_1000413,endothelial cell of artery,132.436,0.00183186392264786
http://purl.org/ccf/1.5/NHLBI/D175#Donor_TissueBlock1,http://purl.org/ccf/1.5/da60f474-614a-4e0a-adbe-521ba44c7bf0,respiratory system,UBERON:0001004,sc_bulk,http://purl.obolibrary.org/obo/CL_0002543,vein endothelial cell,126.497,0.001749715263396556
http://purl.org/ccf/1.5/NHLBI/D175#Donor_TissueBlock1,http://purl.org/ccf/1.5/da60f474-614a-4e0a-adbe-521ba44c7bf0,respiratory system,UBERON:0001004,sc_bulk,https://purl.org/ccf/ASCTB-TEMP_club-non-nasal-,Club (non-nasal),119.995,0.00165977914915982
http://purl.org/ccf/1.5/NHLBI/D175#Donor_TissueBlock1,http://purl.org/ccf/1.5/da60f474-614a-4e0a-adbe-521ba44c7bf0,respiratory system,UBERON:0001004,sc_bulk,https://purl.org/ccf/ASCTB-TEMP_alveolar-macrophages,Alveolar macrophages,117.56,0.001626098060546093
http://purl.org/ccf/1.5/NHLBI/D175#Donor_TissueBlock1,http://purl.org/ccf/1.5/da60f474-614a-4e0a-adbe-521ba44c7bf0,respiratory system,UBERON:0001004,sc_bulk,https://purl.org/ccf/ASCTB-TEMP_plasma-cells,Plasma cells,112.656,0.001558265592964279
http://purl.org/ccf/1.5/NHLBI/D175#Donor_TissueBlock1,http://purl.org/ccf/1.5/da60f474-614a-4e0a-adbe-521ba44c7bf0,respiratory system,UBERON:0001004,sc_bulk,https://purl.org/ccf/ASCTB-TEMP_dc2,DC2,107.207,0.001482894647643459
http://purl.org/ccf/1.5/NHLBI/D175#Donor_TissueBlock1,http://purl.org/ccf/1.5/da60f474-614a-4e0a-adbe-521ba44c7bf0,respiratory system,UBERON:0001004,sc_bulk,http://purl.obolibrary.org/obo/CL_0000097,mast cell,106.252,0.00146968502151364
http://purl.org/ccf/1.5/NHLBI/D175#Donor_TissueBlock1,http://purl.org/ccf/1.5/da60f474-614a-4e0a-adbe-521ba44c7bf0,respiratory system,UBERON:0001004,sc_bulk,https://purl.org/ccf/ASCTB-TEMP_smg-serous-bronchial-,SMG serous (bronchial),101.474,0.001403595394656807
http://purl.org/ccf/1.5/NHLBI/D175#Donor_TissueBlock1,http://purl.org/ccf/1.5/da60f474-614a-4e0a-adbe-521ba44c7bf0,respiratory system,UBERON:0001004,sc_bulk,https://purl.org/ccf/ASCTB-TEMP_monocyte-derived-m-,Monocyte-derived Mφ,93.662,0.001295539269707964
http://purl.org/ccf/1.5/NHLBI/D175#Donor_TissueBlock1,http://purl.org/ccf/1.5/da60f474-614a-4e0a-adbe-521ba44c7bf0,respiratory system,UBERON:0001004,sc_bulk,https://purl.org/ccf/ASCTB-TEMP_at2-proliferating,AT2 proliferating,75.258,0.001040973867306719
http://purl.org/ccf/1.5/NHLBI/D175#Donor_TissueBlock1,http://purl.org/ccf/1.5/da60f474-614a-4e0a-adbe-521ba44c7bf0,respiratory system,UBERON:0001004,sc_bulk,http://purl.obolibrary.org/obo/CL_1000223,lung neuroendocrine cell,58.177,8.047082925177788E-4
http://purl.org/ccf/1.5/NHLBI/D175#Donor_TissueBlock1,http://purl.org/ccf/1.5/da60f474-614a-4e0a-adbe-521ba44c7bf0,respiratory system,UBERON:0001004,sc_bulk,https://purl.org/ccf/ASCTB-TEMP_ec-venous-pulmonary,EC venous pulmonary,52.064,7.201528532176914E-4
http://purl.org/ccf/1.5/NHLBI/D175#Donor_TissueBlock1,http://purl.org/ccf/1.5/da60f474-614a-4e0a-adbe-521ba44c7bf0,respiratory system,UBERON:0001004,sc_bulk,https://purl.org/ccf/ASCTB-TEMP_mast-cells,Mast cells,45.023,6.22761253657424E-4
http://purl.org/ccf/1.5/NHLBI/D175#Donor_TissueBlock1,http://purl.org/ccf/1.5/da60f474-614a-4e0a-adbe-521ba44c7bf0,respiratory system,UBERON:0001004,sc_bulk,https://purl.org/ccf/ASCTB-TEMP_goblet-bronchial-,Goblet (bronchial),44,6.086110468188849E-4
http://purl.org/ccf/1.5/NHLBI/D175#Donor_TissueBlock1,http://purl.org/ccf/1.5/da60f474-614a-4e0a-adbe-521ba44c7bf0,respiratory system,UBERON:0001004,sc_bulk,https://purl.org/ccf/ASCTB-TEMP_myofibroblasts,Myofibroblasts,38.031,5.260474254902048E-4
http://purl.org/ccf/1.5/NHLBI/D175#Donor_TissueBlock1,http://purl.org/ccf/1.5/da60f474-614a-4e0a-adbe-521ba44c7bf0,respiratory system,UBERON:0001004,sc_bulk,http://purl.obolibrary.org/obo/CL_0000071,blood vessel endothelial cell,30.347,4.197618054048341E-4
http://purl.org/ccf/1.5/NHLBI/D175#Donor_TissueBlock1,http://purl.org/ccf/1.5/da60f474-614a-4e0a-adbe-521ba44c7bf0,respiratory system,UBERON:0001004,sc_bulk,https://purl.org/ccf/ASCTB-TEMP_peribronchial-fibroblasts,Peribronchial fibroblasts,29.582,4.09180272431733E-4
http://purl.org/ccf/1.5/NHLBI/D175#Donor_TissueBlock1,http://purl.org/ccf/1.5/da60f474-614a-4e0a-adbe-521ba44c7bf0,respiratory system,UBERON:0001004,sc_bulk,https://purl.org/ccf/ASCTB-TEMP_nk-cells,NK cells,18.452,2.552293417250469E-4
http://purl.org/ccf/1.5/NHLBI/D175#Donor_TissueBlock1,http://purl.org/ccf/1.5/da60f474-614a-4e0a-adbe-521ba44c7bf0,respiratory system,UBERON:0001004,sc_bulk,https://purl.org/ccf/ASCTB-TEMP_ionocyte,Ionocyte,17.64,2.439977014973893E-4
http://purl.org/ccf/1.5/NHLBI/D175#Donor_TissueBlock1,http://purl.org/ccf/1.5/da60f474-614a-4e0a-adbe-521ba44c7bf0,respiratory system,UBERON:0001004,sc_bulk,https://purl.org/ccf/ASCTB-TEMP_non-classical-monocytes,Non-classical monocytes,16.533,2.28685600842196E-4
http://purl.org/ccf/1.5/NHLBI/D175#Donor_TissueBlock1,http://purl.org/ccf/1.5/da60f474-614a-4e0a-adbe-521ba44c7bf0,respiratory system,UBERON:0001004,sc_bulk,https://purl.org/ccf/ASCTB-TEMP_interstitial-m-perivascular,Interstitial Mφ perivascular,8.708,1.204496589931557E-4
http://purl.org/ccf/1.5/NHLBI/D175#Donor_TissueBlock1,http://purl.org/ccf/1.5/da60f474-614a-4e0a-adbe-521ba44c7bf0,respiratory system,UBERON:0001004,sc_bulk,https://purl.org/ccf/ASCTB-TEMP_club-nasal-,Club (nasal),7.433,1.028137707046539E-4
http://purl.org/ccf/1.5/NHLBI/D175#Donor_TissueBlock1,http://purl.org/ccf/1.5/da60f474-614a-4e0a-adbe-521ba44c7bf0,respiratory system,UBERON:0001004,sc_bulk,https://purl.org/ccf/ASCTB-TEMP_suprabasal,Suprabasal,6.153,8.51087220699227E-5
http://purl.org/ccf/1.5/NHLBI/D175#Donor_TissueBlock1,http://purl.org/ccf/1.5/da60f474-614a-4e0a-adbe-521ba44c7bf0,respiratory system,UBERON:0001004,sc_bulk,https://purl.org/ccf/ASCTB-TEMP_goblet-nasal-,Goblet (nasal),5,6.916034622941873E-5
http://purl.org/ccf/1.5/NHLBI/D175#Donor_TissueBlock1,http://purl.org/ccf/1.5/da60f474-614a-4e0a-adbe-521ba44c7bf0,respiratory system,UBERON:0001004,sc_bulk,https://purl.org/ccf/ASCTB-TEMP_multiciliated-nasal-,Multiciliated (nasal),4.872,6.738984136594561E-5
http://purl.org/ccf/1.5/NHLBI/D175#Donor_TissueBlock1,http://purl.org/ccf/1.5/da60f474-614a-4e0a-adbe-521ba44c7bf0,respiratory system,UBERON:0001004,sc_bulk,https://purl.org/ccf/ASCTB-TEMP_plasmacytoid-dcs,Plasmacytoid DCs,4.685,6.480324441696537E-5
http://purl.org/ccf/1.5/NHLBI/D175#Donor_TissueBlock1,http://purl.org/ccf/1.5/da60f474-614a-4e0a-adbe-521ba44c7bf0,respiratory system,UBERON:0001004,sc_bulk,https://purl.org/ccf/ASCTB-TEMP_alveolar-m-proliferating,Alveolar Mφ proliferating,1.69,2.337619702554353E-5
http://purl.org/ccf/1.5/NHLBI/D175#Donor_TissueBlock1,http://purl.org/ccf/1.5/da60f474-614a-4e0a-adbe-521ba44c7bf0,respiratory system,UBERON:0001004,sc_bulk,https://purl.org/ccf/ASCTB-TEMP_tuft,Tuft,1,1.383206924588375E-5
http://purl.org/ccf/1.5/NHLBI/D175#Donor_TissueBlock1,http://purl.org/ccf/1.5/da60f474-614a-4e0a-adbe-521ba44c7bf0,respiratory system,UBERON:0001004,sc_bulk,https://purl.org/ccf/ASCTB-TEMP_fibromyocytes,Fibromyocytes,0.5800000000000001,8.022600162612574E-6
http://purl.org/ccf/1.5/NHLBI/D175#Donor_TissueBlock1,http://purl.org/ccf/1.5/da60f474-614a-4e0a-adbe-521ba44c7bf0,respiratory system,UBERON:0001004,sc_bulk,https://purl.org/ccf/ASCTB-TEMP_t-cells-proliferating,T cells proliferating,0.237,3.278200411274448E-6
http://purl.org/ccf/1.5/NHLBI/D231#Donor_TissueBlock1,http://purl.org/ccf/1.5/6acd66b8-2659-4626-bef9-a80f135489ad,respiratory system,UBERON:0001004,sc_bulk,http://purl.obolibrary.org/obo/CL_0000583,alveolar macrophage,2065.388735,0.1691773708913219
http://purl.org/ccf/1.5/NHLBI/D231#Donor_TissueBlock1,http://purl.org/ccf/1.5/6acd66b8-2659-4626-bef9-a80f135489ad,respiratory system,UBERON:0001004,sc_bulk,http://purl.obolibrary.org/obo/CL_0002063,type II pneumocyte,1817.624054,0.1488828003724665
http://purl.org/ccf/1.5/NHLBI/D231#Donor_TissueBlock1,http://purl.org/ccf/1.5/6acd66b8-2659-4626-bef9-a80f135489ad,respiratory system,UBERON:0001004,sc_bulk,http://purl.obolibrary.org/obo/CL_0000057,fibroblast,1795.702707,0.147087208197003
http://purl.org/ccf/1.5/NHLBI/D231#Donor_TissueBlock1,http://purl.org/ccf/1.5/6acd66b8-2659-4626-bef9-a80f135489ad,respiratory system,UBERON:0001004,sc_bulk,http://purl.obolibrary.org/obo/CL_0002062,type I pneumocyte,956.8283569999995,0.07837444984976306
http://purl.org/ccf/1.5/NHLBI/D231#Donor_TissueBlock1,http://purl.org/ccf/1.5/6acd66b8-2659-4626-bef9-a80f135489ad,respiratory system,UBERON:0001004,sc_bulk,http://purl.obolibrary.org/obo/CL_0000084,T cell,793.482225,0.06499465906813728
http://purl.org/ccf/1.5/NHLBI/D231#Donor_TissueBlock1,http://purl.org/ccf/1.5/6acd66b8-2659-4626-bef9-a80f135489ad,respiratory system,UBERON:0001004,sc_bulk,http://purl.obolibrary.org/obo/CL_0000576,monocyte,774.1718399999999,0.06341293253412515
http://purl.org/ccf/1.5/NHLBI/D231#Donor_TissueBlock1,http://purl.org/ccf/1.5/6acd66b8-2659-4626-bef9-a80f135489ad,respiratory system,UBERON:0001004,sc_bulk,http://purl.obolibrary.org/obo/CL_0000115,endothelial cell,692.0122679999998,0.05668318711188323
http://purl.org/ccf/1.5/NHLBI/D231#Donor_TissueBlock1,http://purl.org/ccf/1.5/6acd66b8-2659-4626-bef9-a80f135489ad,respiratory system,UBERON:0001004,sc_bulk,http://purl.obolibrary.org/obo/CL_0000003,native cell,572.0292939999999,0.04685530156711105
http://purl.org/ccf/1.5/NHLBI/D231#Donor_TissueBlock1,http://purl.org/ccf/1.5/6acd66b8-2659-4626-bef9-a80f135489ad,respiratory system,UBERON:0001004,sc_bulk,http://purl.obolibrary.org/obo/CL_0000236,B cell,325.002736,0.02662119119622601
http://purl.org/ccf/1.5/NHLBI/D231#Donor_TissueBlock1,http://purl.org/ccf/1.5/6acd66b8-2659-4626-bef9-a80f135489ad,respiratory system,UBERON:0001004,sc_bulk,http://purl.obolibrary.org/obo/CL_0000623,natural killer cell,314.620224,0.02577075270315095
http://purl.org/ccf/1.5/NHLBI/D231#Donor_TissueBlock1,http://purl.org/ccf/1.5/6acd66b8-2659-4626-bef9-a80f135489ad,respiratory system,UBERON:0001004,sc_bulk,http://purl.obolibrary.org/obo/CL_0000158,club cell,306.2736489999999,0.02508707916968063
http://purl.org/ccf/1.5/NHLBI/D231#Donor_TissueBlock1,http://purl.org/ccf/1.5/6acd66b8-2659-4626-bef9-a80f135489ad,respiratory system,UBERON:0001004,sc_bulk,http://purl.obolibrary.org/obo/CL_0000066,epithelial cell,272.7312209999999,0.02233959648703132
http://purl.org/ccf/1.5/NHLBI/D231#Donor_TissueBlock1,http://purl.org/ccf/1.5/6acd66b8-2659-4626-bef9-a80f135489ad,respiratory system,UBERON:0001004,sc_bulk,http://purl.obolibrary.org/obo/CL_0000235,macrophage,268.391002,0.02198408624962676
http://purl.org/ccf/1.5/NHLBI/D231#Donor_TissueBlock1,http://purl.org/ccf/1.5/6acd66b8-2659-4626-bef9-a80f135489ad,respiratory system,UBERON:0001004,sc_bulk,http://purl.obolibrary.org/obo/CL_0000669,pericyte,235.0360669999999,0.01925196124384622
http://purl.org/ccf/1.5/NHLBI/D231#Donor_TissueBlock1,http://purl.org/ccf/1.5/6acd66b8-2659-4626-bef9-a80f135489ad,respiratory system,UBERON:0001004,sc_bulk,http://purl.obolibrary.org/obo/CL_0000064,ciliated cell,205.093644,0.0167993573754244
http://purl.org/ccf/1.5/NHLBI/D231#Donor_TissueBlock1,http://purl.org/ccf/1.5/6acd66b8-2659-4626-bef9-a80f135489ad,respiratory system,UBERON:0001004,sc_bulk,http://purl.obolibrary.org/obo/CL_0000186,myofibroblast cell,156.215822,0.01279574232672801
http://purl.org/ccf/1.5/NHLBI/D231#Donor_TissueBlock1,http://purl.org/ccf/1.5/6acd66b8-2659-4626-bef9-a80f135489ad,respiratory system,UBERON:0001004,sc_bulk,http://purl.obolibrary.org/obo/CL_0000192,smooth muscle cell,143.106646,0.01172196096409672
http://purl.org/ccf/1.5/NHLBI/D231#Donor_TissueBlock1,http://purl.org/ccf/1.5/6acd66b8-2659-4626-bef9-a80f135489ad,respiratory system,UBERON:0001004,sc_bulk,http://purl.obolibrary.org/obo/CL_0000138,chondrocyte,69.00509099999998,0.005652253096798465
http://purl.org/ccf/1.5/NHLBI/D231#Donor_TissueBlock1,http://purl.org/ccf/1.5/6acd66b8-2659-4626-bef9-a80f135489ad,respiratory system,UBERON:0001004,sc_bulk,http://purl.obolibrary.org/obo/CL_0000595,enucleate erythrocyte,66.18642299999998,0.005421374118146778
http://purl.org/ccf/1.5/NHLBI/D231#Donor_TissueBlock1,http://purl.org/ccf/1.5/6acd66b8-2659-4626-bef9-a80f135489ad,respiratory system,UBERON:0001004,sc_bulk,http://purl.obolibrary.org/obo/CL_0000160,goblet cell,62.83454999999999,0.005146819961782792
http://purl.org/ccf/1.5/NHLBI/D231#Donor_TissueBlock1,http://purl.org/ccf/1.5/6acd66b8-2659-4626-bef9-a80f135489ad,respiratory system,UBERON:0001004,sc_bulk,http://purl.obolibrary.org/obo/CL_0000359,vascular associated smooth muscle cell,60.421536,0.004949168373233796
http://purl.org/ccf/1.5/NHLBI/D231#Donor_TissueBlock1,http://purl.org/ccf/1.5/6acd66b8-2659-4626-bef9-a80f135489ad,respiratory system,UBERON:0001004,sc_bulk,http://purl.obolibrary.org/obo/CL_1000413,endothelial cell of artery,55.85757999999998,0.004575331688710736
http://purl.org/ccf/1.5/NHLBI/D231#Donor_TissueBlock1,http://purl.org/ccf/1.5/6acd66b8-2659-4626-bef9-a80f135489ad,respiratory system,UBERON:0001004,sc_bulk,http://purl.obolibrary.org/obo/CL_0000451,dendritic cell,53.03194200000001,0.004343881792703334
http://purl.org/ccf/1.5/NHLBI/D231#Donor_TissueBlock1,http://purl.org/ccf/1.5/6acd66b8-2659-4626-bef9-a80f135489ad,respiratory system,UBERON:0001004,sc_bulk,http://purl.obolibrary.org/obo/CL_0000646,basal cell,51.00506599999999,0.004177859025661022
http://purl.org/ccf/1.5/NHLBI/D231#Donor_TissueBlock1,http://purl.org/ccf/1.5/6acd66b8-2659-4626-bef9-a80f135489ad,respiratory system,UBERON:0001004,sc_bulk,http://purl.obolibrary.org/obo/CL_0002543,vein endothelial cell,41.09442299999999,0.00336607163756796
http://purl.org/ccf/1.5/NHLBI/D231#Donor_TissueBlock1,http://purl.org/ccf/1.5/6acd66b8-2659-4626-bef9-a80f135489ad,respiratory system,UBERON:0001004,sc_bulk,http://purl.obolibrary.org/obo/CL_0000097,mast cell,32.158186,0.002634098495804043
http://purl.org/ccf/1.5/NHLBI/D231#Donor_TissueBlock1,http://purl.org/ccf/1.5/6acd66b8-2659-4626-bef9-a80f135489ad,respiratory system,UBERON:0001004,sc_bulk,http://purl.obolibrary.org/obo/CL_1000223,lung neuroendocrine cell,15.446217,0.001265209952002978
http://purl.org/ccf/1.5/NHLBI/D231#Donor_TissueBlock1,http://purl.org/ccf/1.5/6acd66b8-2659-4626-bef9-a80f135489ad,respiratory system,UBERON:0001004,sc_bulk,http://purl.obolibrary.org/obo/CL_0000071,blood vessel endothelial cell,7.670484999999998,6.282945499658305E-4
http://purl.org/ccf/1.5/hca-heart-teichmann/D1/LA#TissueBlock,http://purl.org/ccf/1.5/502166ab-e841-4b65-9045-7c386166a9e8,heart,UBERON:0000948,sc_bulk,http://purl.obolibrary.org/obo/CL_0000669,pericyte,3663.468365,0.1796743913592813
http://purl.org/ccf/1.5/hca-heart-teichmann/D1/LA#TissueBlock,http://purl.org/ccf/1.5/502166ab-e841-4b65-9045-7c386166a9e8,heart,UBERON:0000948,sc_bulk,http://purl.obolibrary.org/obo/CL_0002129,regular atrial cardiac myocyte,3357.49736,0.1646680780464154
http://purl.org/ccf/1.5/hca-heart-teichmann/D1/LA#TissueBlock,http://purl.org/ccf/1.5/502166ab-e841-4b65-9045-7c386166a9e8,heart,UBERON:0000948,sc_bulk,http://purl.obolibrary.org/obo/CL_0000057,fibroblast,3210.501155,0.157458665808049
http://purl.org/ccf/1.5/hca-heart-teichmann/D1/LA#TissueBlock,http://purl.org/ccf/1.5/502166ab-e841-4b65-9045-7c386166a9e8,heart,UBERON:0000948,sc_bulk,http://purl.obolibrary.org/obo/CL_0002144,capillary endothelial cell,2525.631305,0.1238693015229087
http://purl.org/ccf/1.5/hca-heart-teichmann/D1/LA#TissueBlock,http://purl.org/ccf/1.5/502166ab-e841-4b65-9045-7c386166a9e8,heart,UBERON:0000948,sc_bulk,http://purl.obolibrary.org/obo/CL_0000235,macrophage,1120.607255,0.05496005600007956
http://purl.org/ccf/1.5/hca-heart-teichmann/D1/LA#TissueBlock,http://purl.org/ccf/1.5/502166ab-e841-4b65-9045-7c386166a9e8,heart,UBERON:0000948,sc_bulk,http://purl.obolibrary.org/obo/CL_0000003,native cell,1030.885955,0.05055968499552101
http://purl.org/ccf/1.5/hca-heart-teichmann/D1/LA#TissueBlock,http://purl.org/ccf/1.5/502166ab-e841-4b65-9045-7c386166a9e8,heart,UBERON:0000948,sc_bulk,http://purl.obolibrary.org/obo/CL_0000192,smooth muscle cell,938.9308699999999,0.04604975825843945
http://purl.org/ccf/1.5/hca-heart-teichmann/D1/LA#TissueBlock,http://purl.org/ccf/1.5/502166ab-e841-4b65-9045-7c386166a9e8,heart,UBERON:0000948,sc_bulk,http://purl.obolibrary.org/obo/CL_0000115,endothelial cell,708.0303850000001,0.03472527010309057
http://purl.org/ccf/1.5/hca-heart-teichmann/D1/LA#TissueBlock,http://purl.org/ccf/1.5/502166ab-e841-4b65-9045-7c386166a9e8,heart,UBERON:0000948,sc_bulk,http://purl.obolibrary.org/obo/CL_1000413,endothelial cell of artery,634.63743,0.03112572093114511
http://purl.org/ccf/1.5/hca-heart-teichmann/D1/LA#TissueBlock,http://purl.org/ccf/1.5/502166ab-e841-4b65-9045-7c386166a9e8,heart,UBERON:0000948,sc_bulk,http://purl.obolibrary.org/obo/CL_0002543,vein endothelial cell,557.6174,0.02734828227630809
http://purl.org/ccf/1.5/hca-heart-teichmann/D1/LA#TissueBlock,http://purl.org/ccf/1.5/502166ab-e841-4b65-9045-7c386166a9e8,heart,UBERON:0000948,sc_bulk,http://purl.obolibrary.org/obo/CL_1000309,epicardial adipocyte,422.011375,0.02069750012699192
http://purl.org/ccf/1.5/hca-heart-teichmann/D1/LA#TissueBlock,http://purl.org/ccf/1.5/502166ab-e841-4b65-9045-7c386166a9e8,heart,UBERON:0000948,sc_bulk,http://purl.obolibrary.org/obo/CL_0000794,"CD8-positive, alpha-beta cytotoxic T cell",302.01924,0.01481249944567017
http://purl.org/ccf/1.5/hca-heart-teichmann/D1/LA#TissueBlock,http://purl.org/ccf/1.5/502166ab-e841-4b65-9045-7c386166a9e8,heart,UBERON:0000948,sc_bulk,http://purl.obolibrary.org/obo/CL_0002319,neural cell,281.12674,0.01378782914761676
http://purl.org/ccf/1.5/hca-heart-teichmann/D1/LA#TissueBlock,http://purl.org/ccf/1.5/502166ab-e841-4b65-9045-7c386166a9e8,heart,UBERON:0000948,sc_bulk,http://purl.obolibrary.org/obo/CL_0002397,"CD14-positive, CD16-positive monocyte",257.29422,0.01261896590139137
http://purl.org/ccf/1.5/hca-heart-teichmann/D1/LA#TissueBlock,http://purl.org/ccf/1.5/502166ab-e841-4b65-9045-7c386166a9e8,heart,UBERON:0000948,sc_bulk,http://purl.obolibrary.org/obo/CL_0000906,"activated CD8-positive, alpha-beta T cell",250.54286,0.01228784621425648
http://purl.org/ccf/1.5/hca-heart-teichmann/D1/LA#TissueBlock,http://purl.org/ccf/1.5/502166ab-e841-4b65-9045-7c386166a9e8,heart,UBERON:0000948,sc_bulk,http://purl.obolibrary.org/obo/CL_0000623,natural killer cell,199.13498,0.009766552557590501
http://purl.org/ccf/1.5/hca-heart-teichmann/D1/LA#TissueBlock,http://purl.org/ccf/1.5/502166ab-e841-4b65-9045-7c386166a9e8,heart,UBERON:0000948,sc_bulk,http://purl.obolibrary.org/obo/CL_0000934,"CD4-positive, alpha-beta cytotoxic T cell",159.69679,0.007832310992340438
http://purl.org/ccf/1.5/hca-heart-teichmann/D1/LA#TissueBlock,http://purl.org/ccf/1.5/502166ab-e841-4b65-9045-7c386166a9e8,heart,UBERON:0000948,sc_bulk,http://purl.obolibrary.org/obo/CL_0000077,mesothelial cell,149.70675,0.007342350611133521
http://purl.org/ccf/1.5/hca-heart-teichmann/D1/LA#TissueBlock,http://purl.org/ccf/1.5/502166ab-e841-4b65-9045-7c386166a9e8,heart,UBERON:0000948,sc_bulk,http://purl.obolibrary.org/obo/CL_0000576,monocyte,119.00779,0.005836723592197079
http://purl.org/ccf/1.5/hca-heart-teichmann/D1/LA#TissueBlock,http://purl.org/ccf/1.5/502166ab-e841-4b65-9045-7c386166a9e8,heart,UBERON:0000948,sc_bulk,http://purl.obolibrary.org/obo/CL_0000814,mature NK T cell,100.25112,0.004916804834777457
http://purl.org/ccf/1.5/hca-heart-teichmann/D1/LA#TissueBlock,http://purl.org/ccf/1.5/502166ab-e841-4b65-9045-7c386166a9e8,heart,UBERON:0000948,sc_bulk,http://purl.obolibrary.org/obo/CL_0001054,CD14-positive monocyte,93.19151000000001,0.004570567061277837
http://purl.org/ccf/1.5/hca-heart-teichmann/D1/LA#TissueBlock,http://purl.org/ccf/1.5/502166ab-e841-4b65-9045-7c386166a9e8,heart,UBERON:0000948,sc_bulk,http://purl.obolibrary.org/obo/CL_0000097,mast cell,74.24714999999999,0.003641443069049474
http://purl.org/ccf/1.5/hca-heart-teichmann/D1/LA#TissueBlock,http://purl.org/ccf/1.5/502166ab-e841-4b65-9045-7c386166a9e8,heart,UBERON:0000948,sc_bulk,http://purl.obolibrary.org/obo/CL_0000236,B cell,74.02658,0.003630625238361828
http://purl.org/ccf/1.5/hca-heart-teichmann/D1/LA#TissueBlock,http://purl.org/ccf/1.5/502166ab-e841-4b65-9045-7c386166a9e8,heart,UBERON:0000948,sc_bulk,http://purl.obolibrary.org/obo/CL_0000896,"activated CD4-positive, alpha-beta T cell",64.03927999999999,0.003140799240144821
http://purl.org/ccf/1.5/hca-heart-teichmann/D1/LA#TissueBlock,http://purl.org/ccf/1.5/502166ab-e841-4b65-9045-7c386166a9e8,heart,UBERON:0000948,sc_bulk,http://purl.obolibrary.org/obo/CL_0000451,dendritic cell,57.850305,0.002837261661688673
http://purl.org/ccf/1.5/hca-heart-teichmann/D1/LA#TissueBlock,http://purl.org/ccf/1.5/502166ab-e841-4b65-9045-7c386166a9e8,heart,UBERON:0000948,sc_bulk,http://purl.obolibrary.org/obo/CL_0002138,endothelial cell of lymphatic vessel,37.53115,0.001840711004273648
http://purl.org/ccf/1.5/hca-heart-teichmann/D11/LA#TissueBlock,http://purl.org/ccf/1.5/502166ab-e841-4b65-9045-7c386166a9e8,heart,UBERON:0000948,sc_bulk,http://purl.obolibrary.org/obo/CL_0000669,pericyte,3663.468365,0.1796743913592813
http://purl.org/ccf/1.5/hca-heart-teichmann/D11/LA#TissueBlock,http://purl.org/ccf/1.5/502166ab-e841-4b65-9045-7c386166a9e8,heart,UBERON:0000948,sc_bulk,http://purl.obolibrary.org/obo/CL_0002129,regular atrial cardiac myocyte,3357.49736,0.1646680780464154
http://purl.org/ccf/1.5/hca-heart-teichmann/D11/LA#TissueBlock,http://purl.org/ccf/1.5/502166ab-e841-4b65-9045-7c386166a9e8,heart,UBERON:0000948,sc_bulk,http://purl.obolibrary.org/obo/CL_0000057,fibroblast,3210.501155,0.157458665808049
http://purl.org/ccf/1.5/hca-heart-teichmann/D11/LA#TissueBlock,http://purl.org/ccf/1.5/502166ab-e841-4b65-9045-7c386166a9e8,heart,UBERON:0000948,sc_bulk,http://purl.obolibrary.org/obo/CL_0002144,capillary endothelial cell,2525.631305,0.1238693015229087
http://purl.org/ccf/1.5/hca-heart-teichmann/D11/LA#TissueBlock,http://purl.org/ccf/1.5/502166ab-e841-4b65-9045-7c386166a9e8,heart,UBERON:0000948,sc_bulk,http://purl.obolibrary.org/obo/CL_0000235,macrophage,1120.607255,0.05496005600007956
http://purl.org/ccf/1.5/hca-heart-teichmann/D11/LA#TissueBlock,http://purl.org/ccf/1.5/502166ab-e841-4b65-9045-7c386166a9e8,heart,UBERON:0000948,sc_bulk,http://purl.obolibrary.org/obo/CL_0000003,native cell,1030.885955,0.05055968499552101
http://purl.org/ccf/1.5/hca-heart-teichmann/D11/LA#TissueBlock,http://purl.org/ccf/1.5/502166ab-e841-4b65-9045-7c386166a9e8,heart,UBERON:0000948,sc_bulk,http://purl.obolibrary.org/obo/CL_0000192,smooth muscle cell,938.9308699999999,0.04604975825843945
http://purl.org/ccf/1.5/hca-heart-teichmann/D11/LA#TissueBlock,http://purl.org/ccf/1.5/502166ab-e841-4b65-9045-7c386166a9e8,heart,UBERON:0000948,sc_bulk,http://purl.obolibrary.org/obo/CL_0000115,endothelial cell,708.0303850000001,0.03472527010309057
http://purl.org/ccf/1.5/hca-heart-teichmann/D11/LA#TissueBlock,http://purl.org/ccf/1.5/502166ab-e841-4b65-9045-7c386166a9e8,heart,UBERON:0000948,sc_bulk,http://purl.obolibrary.org/obo/CL_1000413,endothelial cell of artery,634.63743,0.03112572093114511
http://purl.org/ccf/1.5/hca-heart-teichmann/D11/LA#TissueBlock,http://purl.org/ccf/1.5/502166ab-e841-4b65-9045-7c386166a9e8,heart,UBERON:0000948,sc_bulk,http://purl.obolibrary.org/obo/CL_0002543,vein endothelial cell,557.6174,0.02734828227630809
http://purl.org/ccf/1.5/hca-heart-teichmann/D11/LA#TissueBlock,http://purl.org/ccf/1.5/502166ab-e841-4b65-9045-7c386166a9e8,heart,UBERON:0000948,sc_bulk,http://purl.obolibrary.org/obo/CL_1000309,epicardial adipocyte,422.011375,0.02069750012699192
http://purl.org/ccf/1.5/hca-heart-teichmann/D11/LA#TissueBlock,http://purl.org/ccf/1.5/502166ab-e841-4b65-9045-7c386166a9e8,heart,UBERON:0000948,sc_bulk,http://purl.obolibrary.org/obo/CL_0000794,"CD8-positive, alpha-beta cytotoxic T cell",302.01924,0.01481249944567017
http://purl.org/ccf/1.5/hca-heart-teichmann/D11/LA#TissueBlock,http://purl.org/ccf/1.5/502166ab-e841-4b65-9045-7c386166a9e8,heart,UBERON:0000948,sc_bulk,http://purl.obolibrary.org/obo/CL_0002319,neural cell,281.12674,0.01378782914761676
http://purl.org/ccf/1.5/hca-heart-teichmann/D11/LA#TissueBlock,http://purl.org/ccf/1.5/502166ab-e841-4b65-9045-7c386166a9e8,heart,UBERON:0000948,sc_bulk,http://purl.obolibrary.org/obo/CL_0002397,"CD14-positive, CD16-positive monocyte",257.29422,0.01261896590139137
http://purl.org/ccf/1.5/hca-heart-teichmann/D11/LA#TissueBlock,http://purl.org/ccf/1.5/502166ab-e841-4b65-9045-7c386166a9e8,heart,UBERON:0000948,sc_bulk,http://purl.obolibrary.org/obo/CL_0000906,"activated CD8-positive, alpha-beta T cell",250.54286,0.01228784621425648
http://purl.org/ccf/1.5/hca-heart-teichmann/D11/LA#TissueBlock,http://purl.org/ccf/1.5/502166ab-e841-4b65-9045-7c386166a9e8,heart,UBERON:0000948,sc_bulk,http://purl.obolibrary.org/obo/CL_0000623,natural killer cell,199.13498,0.009766552557590501
http://purl.org/ccf/1.5/hca-heart-teichmann/D11/LA#TissueBlock,http://purl.org/ccf/1.5/502166ab-e841-4b65-9045-7c386166a9e8,heart,UBERON:0000948,sc_bulk,http://purl.obolibrary.org/obo/CL_0000934,"CD4-positive, alpha-beta cytotoxic T cell",159.69679,0.007832310992340438
http://purl.org/ccf/1.5/hca-heart-teichmann/D11/LA#TissueBlock,http://purl.org/ccf/1.5/502166ab-e841-4b65-9045-7c386166a9e8,heart,UBERON:0000948,sc_bulk,http://purl.obolibrary.org/obo/CL_0000077,mesothelial cell,149.70675,0.007342350611133521
http://purl.org/ccf/1.5/hca-heart-teichmann/D11/LA#TissueBlock,http://purl.org/ccf/1.5/502166ab-e841-4b65-9045-7c386166a9e8,heart,UBERON:0000948,sc_bulk,http://purl.obolibrary.org/obo/CL_0000576,monocyte,119.00779,0.005836723592197079
http://purl.org/ccf/1.5/hca-heart-teichmann/D11/LA#TissueBlock,http://purl.org/ccf/1.5/502166ab-e841-4b65-9045-7c386166a9e8,heart,UBERON:0000948,sc_bulk,http://purl.obolibrary.org/obo/CL_0000814,mature NK T cell,100.25112,0.004916804834777457
http://purl.org/ccf/1.5/hca-heart-teichmann/D11/LA#TissueBlock,http://purl.org/ccf/1.5/502166ab-e841-4b65-9045-7c386166a9e8,heart,UBERON:0000948,sc_bulk,http://purl.obolibrary.org/obo/CL_0001054,CD14-positive monocyte,93.19151000000001,0.004570567061277837
http://purl.org/ccf/1.5/hca-heart-teichmann/D11/LA#TissueBlock,http://purl.org/ccf/1.5/502166ab-e841-4b65-9045-7c386166a9e8,heart,UBERON:0000948,sc_bulk,http://purl.obolibrary.org/obo/CL_0000097,mast cell,74.24714999999999,0.003641443069049474
http://purl.org/ccf/1.5/hca-heart-teichmann/D11/LA#TissueBlock,http://purl.org/ccf/1.5/502166ab-e841-4b65-9045-7c386166a9e8,heart,UBERON:0000948,sc_bulk,http://purl.obolibrary.org/obo/CL_0000236,B cell,74.02658,0.003630625238361828
http://purl.org/ccf/1.5/hca-heart-teichmann/D11/LA#TissueBlock,http://purl.org/ccf/1.5/502166ab-e841-4b65-9045-7c386166a9e8,heart,UBERON:0000948,sc_bulk,http://purl.obolibrary.org/obo/CL_0000896,"activated CD4-positive, alpha-beta T cell",64.03927999999999,0.003140799240144821
http://purl.org/ccf/1.5/hca-heart-teichmann/D11/LA#TissueBlock,http://purl.org/ccf/1.5/502166ab-e841-4b65-9045-7c386166a9e8,heart,UBERON:0000948,sc_bulk,http://purl.obolibrary.org/obo/CL_0000451,dendritic cell,57.850305,0.002837261661688673
http://purl.org/ccf/1.5/hca-heart-teichmann/D11/LA#TissueBlock,http://purl.org/ccf/1.5/502166ab-e841-4b65-9045-7c386166a9e8,heart,UBERON:0000948,sc_bulk,http://purl.obolibrary.org/obo/CL_0002138,endothelial cell of lymphatic vessel,37.53115,0.001840711004273648
http://purl.org/ccf/1.5/hca-heart-teichmann/D11/RA#TissueBlock,http://purl.org/ccf/1.5/ca476545-5b98-476c-b2fd-1b8e1708faed,heart,UBERON:0000948,sc_bulk,https://purl.org/ccf/ASCTB-TEMP_muscle,Muscle,7051.660605,0.1886987746624204
http://purl.org/ccf/1.5/hca-heart-teichmann/D11/RA#TissueBlock,http://purl.org/ccf/1.5/ca476545-5b98-476c-b2fd-1b8e1708faed,heart,UBERON:0000948,sc_bulk,https://purl.org/ccf/ASCTB-TEMP_fibroblast,Fibroblast,5326.804395,0.1425425184941804
http://purl.org/ccf/1.5/hca-heart-teichmann/D11/RA#TissueBlock,http://purl.org/ccf/1.5/ca476545-5b98-476c-b2fd-1b8e1708faed,heart,UBERON:0000948,sc_bulk,https://purl.org/ccf/ASCTB-TEMP_endothelial-cell,Endothelial cell,4417.179360000001,0.118201425080658
http://purl.org/ccf/1.5/hca-heart-teichmann/D11/RA#TissueBlock,http://purl.org/ccf/1.5/ca476545-5b98-476c-b2fd-1b8e1708faed,heart,UBERON:0000948,sc_bulk,http://purl.obolibrary.org/obo/CL_0000057,fibroblast,4222.273935,0.1129858571552135
http://purl.org/ccf/1.5/hca-heart-teichmann/D11/RA#TissueBlock,http://purl.org/ccf/1.5/ca476545-5b98-476c-b2fd-1b8e1708faed,heart,UBERON:0000948,sc_bulk,http://purl.obolibrary.org/obo/CL_0002129,regular atrial cardiac myocyte,3506.1939,0.09382392740083569
http://purl.org/ccf/1.5/hca-heart-teichmann/D11/RA#TissueBlock,http://purl.org/ccf/1.5/ca476545-5b98-476c-b2fd-1b8e1708faed,heart,UBERON:0000948,sc_bulk,https://purl.org/ccf/ASCTB-TEMP_immune-myeloid-,Immune (myeloid),3238.10883,0.08665011018983435
http://purl.org/ccf/1.5/hca-heart-teichmann/D11/RA#TissueBlock,http://purl.org/ccf/1.5/ca476545-5b98-476c-b2fd-1b8e1708faed,heart,UBERON:0000948,sc_bulk,http://purl.obolibrary.org/obo/CL_0000115,endothelial cell,1429.197055,0.03824457076655349
http://purl.org/ccf/1.5/hca-heart-teichmann/D11/RA#TissueBlock,http://purl.org/ccf/1.5/ca476545-5b98-476c-b2fd-1b8e1708faed,heart,UBERON:0000948,sc_bulk,http://purl.obolibrary.org/obo/CL_0000669,pericyte,1114.524675,0.02982410134067029
http://purl.org/ccf/1.5/hca-heart-teichmann/D11/RA#TissueBlock,http://purl.org/ccf/1.5/ca476545-5b98-476c-b2fd-1b8e1708faed,heart,UBERON:0000948,sc_bulk,http://purl.obolibrary.org/obo/CL_0000003,native cell,1025.69126,0.02744696530158006
http://purl.org/ccf/1.5/hca-heart-teichmann/D11/RA#TissueBlock,http://purl.org/ccf/1.5/ca476545-5b98-476c-b2fd-1b8e1708faed,heart,UBERON:0000948,sc_bulk,http://purl.obolibrary.org/obo/CL_0002543,vein endothelial cell,687.1399150000001,0.01838750717670703
http://purl.org/ccf/1.5/hca-heart-teichmann/D11/RA#TissueBlock,http://purl.org/ccf/1.5/ca476545-5b98-476c-b2fd-1b8e1708faed,heart,UBERON:0000948,sc_bulk,http://purl.obolibrary.org/obo/CL_0000235,macrophage,648.9507750000001,0.01736558562842633
http://purl.org/ccf/1.5/hca-heart-teichmann/D11/RA#TissueBlock,http://purl.org/ccf/1.5/ca476545-5b98-476c-b2fd-1b8e1708faed,heart,UBERON:0000948,sc_bulk,http://purl.obolibrary.org/obo/CL_0000192,smooth muscle cell,647.7736100000001,0.01733408530452844
http://purl.org/ccf/1.5/hca-heart-teichmann/D11/RA#TissueBlock,http://purl.org/ccf/1.5/ca476545-5b98-476c-b2fd-1b8e1708faed,heart,UBERON:0000948,sc_bulk,http://purl.obolibrary.org/obo/CL_0002144,capillary endothelial cell,617.213135,0.01651630286878378
http://purl.org/ccf/1.5/hca-heart-teichmann/D11/RA#TissueBlock,http://purl.org/ccf/1.5/ca476545-5b98-476c-b2fd-1b8e1708faed,heart,UBERON:0000948,sc_bulk,http://purl.obolibrary.org/obo/CL_1000413,endothelial cell of artery,567.3841800000001,0.01518290591763984
http://purl.org/ccf/1.5/hca-heart-teichmann/D11/RA#TissueBlock,http://purl.org/ccf/1.5/ca476545-5b98-476c-b2fd-1b8e1708faed,heart,UBERON:0000948,sc_bulk,https://purl.org/ccf/ASCTB-TEMP_immune-lymphocyte-,Immune (lymphocyte),373.97943,0.01000749527563947
http://purl.org/ccf/1.5/hca-heart-teichmann/D11/RA#TissueBlock,http://purl.org/ccf/1.5/ca476545-5b98-476c-b2fd-1b8e1708faed,heart,UBERON:0000948,sc_bulk,http://purl.obolibrary.org/obo/CL_0002319,neural cell,340.071655,0.009100140830717333
http://purl.org/ccf/1.5/hca-heart-teichmann/D11/RA#TissueBlock,http://purl.org/ccf/1.5/ca476545-5b98-476c-b2fd-1b8e1708faed,heart,UBERON:0000948,sc_bulk,http://purl.obolibrary.org/obo/CL_1000309,epicardial adipocyte,283.51444,0.007586699137103794
http://purl.org/ccf/1.5/hca-heart-teichmann/D11/RA#TissueBlock,http://purl.org/ccf/1.5/ca476545-5b98-476c-b2fd-1b8e1708faed,heart,UBERON:0000948,sc_bulk,http://purl.obolibrary.org/obo/CL_0000906,"activated CD8-positive, alpha-beta T cell",250.0722950000001,0.006691804709100763
http://purl.org/ccf/1.5/hca-heart-teichmann/D11/RA#TissueBlock,http://purl.org/ccf/1.5/ca476545-5b98-476c-b2fd-1b8e1708faed,heart,UBERON:0000948,sc_bulk,http://purl.obolibrary.org/obo/CL_0000794,"CD8-positive, alpha-beta cytotoxic T cell",226.644,0.006064875705201304
http://purl.org/ccf/1.5/hca-heart-teichmann/D11/RA#TissueBlock,http://purl.org/ccf/1.5/ca476545-5b98-476c-b2fd-1b8e1708faed,heart,UBERON:0000948,sc_bulk,https://purl.org/ccf/ASCTB-TEMP_glia,Glia,169.520175,0.004536271822324762
http://purl.org/ccf/1.5/hca-heart-teichmann/D11/RA#TissueBlock,http://purl.org/ccf/1.5/ca476545-5b98-476c-b2fd-1b8e1708faed,heart,UBERON:0000948,sc_bulk,http://purl.obolibrary.org/obo/CL_0000236,B cell,161.94387,0.004333533836189257
http://purl.org/ccf/1.5/hca-heart-teichmann/D11/RA#TissueBlock,http://purl.org/ccf/1.5/ca476545-5b98-476c-b2fd-1b8e1708faed,heart,UBERON:0000948,sc_bulk,http://purl.obolibrary.org/obo/CL_0002397,"CD14-positive, CD16-positive monocyte",160.985495,0.004307888219036488
http://purl.org/ccf/1.5/hca-heart-teichmann/D11/RA#TissueBlock,http://purl.org/ccf/1.5/ca476545-5b98-476c-b2fd-1b8e1708faed,heart,UBERON:0000948,sc_bulk,http://purl.obolibrary.org/obo/CL_0000623,natural killer cell,152.02539,0.004068120463743815
http://purl.org/ccf/1.5/hca-heart-teichmann/D11/RA#TissueBlock,http://purl.org/ccf/1.5/ca476545-5b98-476c-b2fd-1b8e1708faed,heart,UBERON:0000948,sc_bulk,http://purl.obolibrary.org/obo/CL_0001054,CD14-positive monocyte,144.51547,0.003867158905723283
http://purl.org/ccf/1.5/hca-heart-teichmann/D11/RA#TissueBlock,http://purl.org/ccf/1.5/ca476545-5b98-476c-b2fd-1b8e1708faed,heart,UBERON:0000948,sc_bulk,http://purl.obolibrary.org/obo/CL_0000934,"CD4-positive, alpha-beta cytotoxic T cell",133.85834,0.003581979642984485
http://purl.org/ccf/1.5/hca-heart-teichmann/D11/RA#TissueBlock,http://purl.org/ccf/1.5/ca476545-5b98-476c-b2fd-1b8e1708faed,heart,UBERON:0000948,sc_bulk,https://purl.org/ccf/ASCTB-TEMP_adipocyte,Adipocyte,112.77222,0.003017726025394965
http://purl.org/ccf/1.5/hca-heart-teichmann/D11/RA#TissueBlock,http://purl.org/ccf/1.5/ca476545-5b98-476c-b2fd-1b8e1708faed,heart,UBERON:0000948,sc_bulk,http://purl.obolibrary.org/obo/CL_0000576,monocyte,93.762735,0.002509042081655494
http://purl.org/ccf/1.5/hca-heart-teichmann/D11/RA#TissueBlock,http://purl.org/ccf/1.5/ca476545-5b98-476c-b2fd-1b8e1708faed,heart,UBERON:0000948,sc_bulk,http://purl.obolibrary.org/obo/CL_0000077,mesothelial cell,90.95119000000001,0.002433806597969272
http://purl.org/ccf/1.5/hca-heart-teichmann/D11/RA#TissueBlock,http://purl.org/ccf/1.5/ca476545-5b98-476c-b2fd-1b8e1708faed,heart,UBERON:0000948,sc_bulk,http://purl.obolibrary.org/obo/CL_0000814,mature NK T cell,56.36554000000001,0.001508312570182984
http://purl.org/ccf/1.5/hca-heart-teichmann/D11/RA#TissueBlock,http://purl.org/ccf/1.5/ca476545-5b98-476c-b2fd-1b8e1708faed,heart,UBERON:0000948,sc_bulk,http://purl.obolibrary.org/obo/CL_0000896,"activated CD4-positive, alpha-beta T cell",52.991125,0.00141801497769094
http://purl.org/ccf/1.5/hca-heart-teichmann/D11/RA#TissueBlock,http://purl.org/ccf/1.5/ca476545-5b98-476c-b2fd-1b8e1708faed,heart,UBERON:0000948,sc_bulk,http://purl.obolibrary.org/obo/CL_0000451,dendritic cell,37.99933500000001,0.001016842465078739
http://purl.org/ccf/1.5/hca-heart-teichmann/D11/RA#TissueBlock,http://purl.org/ccf/1.5/ca476545-5b98-476c-b2fd-1b8e1708faed,heart,UBERON:0000948,sc_bulk,http://purl.obolibrary.org/obo/CL_0000097,mast cell,19.854725,5.313021270624985E-4
http://purl.org/ccf/1.5/hca-heart-teichmann/D11/RA#TissueBlock,http://purl.org/ccf/1.5/ca476545-5b98-476c-b2fd-1b8e1708faed,heart,UBERON:0000948,sc_bulk,http://purl.obolibrary.org/obo/CL_0002138,endothelial cell of lymphatic vessel,8.010145000000001,2.143473191685626E-4
http://purl.org/ccf/1.5/hca-heart-teichmann/D2/LA#TissueBlock,http://purl.org/ccf/1.5/9bd653dd-2309-4ecc-b4c8-e9f3de4bf8ca,heart,UBERON:0000948,sc_bulk,http://purl.obolibrary.org/obo/CL_0000669,pericyte,5176.988872,0.1796743913592813
http://purl.org/ccf/1.5/hca-heart-teichmann/D2/LA#TissueBlock,http://purl.org/ccf/1.5/9bd653dd-2309-4ecc-b4c8-e9f3de4bf8ca,heart,UBERON:0000948,sc_bulk,http://purl.obolibrary.org/obo/CL_0002129,regular atrial cardiac myocyte,4744.609408,0.1646680780464154
http://purl.org/ccf/1.5/hca-heart-teichmann/D2/LA#TissueBlock,http://purl.org/ccf/1.5/9bd653dd-2309-4ecc-b4c8-e9f3de4bf8ca,heart,UBERON:0000948,sc_bulk,http://purl.obolibrary.org/obo/CL_0000057,fibroblast,4536.883383999999,0.157458665808049
http://purl.org/ccf/1.5/hca-heart-teichmann/D2/LA#TissueBlock,http://purl.org/ccf/1.5/9bd653dd-2309-4ecc-b4c8-e9f3de4bf8ca,heart,UBERON:0000948,sc_bulk,http://purl.obolibrary.org/obo/CL_0002144,capillary endothelial cell,3569.067304,0.1238693015229087
http://purl.org/ccf/1.5/hca-heart-teichmann/D2/LA#TissueBlock,http://purl.org/ccf/1.5/9bd653dd-2309-4ecc-b4c8-e9f3de4bf8ca,heart,UBERON:0000948,sc_bulk,http://purl.obolibrary.org/obo/CL_0000235,macrophage,1583.573464,0.05496005600007958
http://purl.org/ccf/1.5/hca-heart-teichmann/D2/LA#TissueBlock,http://purl.org/ccf/1.5/9bd653dd-2309-4ecc-b4c8-e9f3de4bf8ca,heart,UBERON:0000948,sc_bulk,http://purl.obolibrary.org/obo/CL_0000003,native cell,1456.784824,0.05055968499552103
http://purl.org/ccf/1.5/hca-heart-teichmann/D2/LA#TissueBlock,http://purl.org/ccf/1.5/9bd653dd-2309-4ecc-b4c8-e9f3de4bf8ca,heart,UBERON:0000948,sc_bulk,http://purl.obolibrary.org/obo/CL_0000192,smooth muscle cell,1326.839536,0.04604975825843946
http://purl.org/ccf/1.5/hca-heart-teichmann/D2/LA#TissueBlock,http://purl.org/ccf/1.5/9bd653dd-2309-4ecc-b4c8-e9f3de4bf8ca,heart,UBERON:0000948,sc_bulk,http://purl.obolibrary.org/obo/CL_0000115,endothelial cell,1000.545128,0.03472527010309058
http://purl.org/ccf/1.5/hca-heart-teichmann/D2/LA#TissueBlock,http://purl.org/ccf/1.5/9bd653dd-2309-4ecc-b4c8-e9f3de4bf8ca,heart,UBERON:0000948,sc_bulk,http://purl.obolibrary.org/obo/CL_1000413,endothelial cell of artery,896.830704,0.03112572093114512
http://purl.org/ccf/1.5/hca-heart-teichmann/D2/LA#TissueBlock,http://purl.org/ccf/1.5/9bd653dd-2309-4ecc-b4c8-e9f3de4bf8ca,heart,UBERON:0000948,sc_bulk,http://purl.obolibrary.org/obo/CL_0002543,vein endothelial cell,787.9907199999998,0.02734828227630809
http://purl.org/ccf/1.5/hca-heart-teichmann/D2/LA#TissueBlock,http://purl.org/ccf/1.5/9bd653dd-2309-4ecc-b4c8-e9f3de4bf8ca,heart,UBERON:0000948,sc_bulk,http://purl.obolibrary.org/obo/CL_1000309,epicardial adipocyte,596.3605999999999,0.02069750012699193
http://purl.org/ccf/1.5/hca-heart-teichmann/D2/LA#TissueBlock,http://purl.org/ccf/1.5/9bd653dd-2309-4ecc-b4c8-e9f3de4bf8ca,heart,UBERON:0000948,sc_bulk,http://purl.obolibrary.org/obo/CL_0000794,"CD8-positive, alpha-beta cytotoxic T cell",426.7950719999999,0.01481249944567017
http://purl.org/ccf/1.5/hca-heart-teichmann/D2/LA#TissueBlock,http://purl.org/ccf/1.5/9bd653dd-2309-4ecc-b4c8-e9f3de4bf8ca,heart,UBERON:0000948,sc_bulk,http://purl.obolibrary.org/obo/CL_0002319,neural cell,397.271072,0.01378782914761676
http://purl.org/ccf/1.5/hca-heart-teichmann/D2/LA#TissueBlock,http://purl.org/ccf/1.5/9bd653dd-2309-4ecc-b4c8-e9f3de4bf8ca,heart,UBERON:0000948,sc_bulk,http://purl.obolibrary.org/obo/CL_0002397,"CD14-positive, CD16-positive monocyte",363.592416,0.01261896590139138
http://purl.org/ccf/1.5/hca-heart-teichmann/D2/LA#TissueBlock,http://purl.org/ccf/1.5/9bd653dd-2309-4ecc-b4c8-e9f3de4bf8ca,heart,UBERON:0000948,sc_bulk,http://purl.obolibrary.org/obo/CL_0000906,"activated CD8-positive, alpha-beta T cell",354.051808,0.01228784621425648
http://purl.org/ccf/1.5/hca-heart-teichmann/D2/LA#TissueBlock,http://purl.org/ccf/1.5/9bd653dd-2309-4ecc-b4c8-e9f3de4bf8ca,heart,UBERON:0000948,sc_bulk,http://purl.obolibrary.org/obo/CL_0000623,natural killer cell,281.405344,0.009766552557590503
http://purl.org/ccf/1.5/hca-heart-teichmann/D2/LA#TissueBlock,http://purl.org/ccf/1.5/9bd653dd-2309-4ecc-b4c8-e9f3de4bf8ca,heart,UBERON:0000948,sc_bulk,http://purl.obolibrary.org/obo/CL_0000934,"CD4-positive, alpha-beta cytotoxic T cell",225.673712,0.00783231099234044
http://purl.org/ccf/1.5/hca-heart-teichmann/D2/LA#TissueBlock,http://purl.org/ccf/1.5/9bd653dd-2309-4ecc-b4c8-e9f3de4bf8ca,heart,UBERON:0000948,sc_bulk,http://purl.obolibrary.org/obo/CL_0000077,mesothelial cell,211.5563999999999,0.007342350611133523
http://purl.org/ccf/1.5/hca-heart-teichmann/D2/LA#TissueBlock,http://purl.org/ccf/1.5/9bd653dd-2309-4ecc-b4c8-e9f3de4bf8ca,heart,UBERON:0000948,sc_bulk,http://purl.obolibrary.org/obo/CL_0000576,monocyte,168.174512,0.005836723592197079
http://purl.org/ccf/1.5/hca-heart-teichmann/D2/LA#TissueBlock,http://purl.org/ccf/1.5/9bd653dd-2309-4ecc-b4c8-e9f3de4bf8ca,heart,UBERON:0000948,sc_bulk,http://purl.obolibrary.org/obo/CL_0000814,mature NK T cell,141.668736,0.004916804834777458
http://purl.org/ccf/1.5/hca-heart-teichmann/D2/LA#TissueBlock,http://purl.org/ccf/1.5/9bd653dd-2309-4ecc-b4c8-e9f3de4bf8ca,heart,UBERON:0000948,sc_bulk,http://purl.obolibrary.org/obo/CL_0001054,CD14-positive monocyte,131.692528,0.004570567061277838
http://purl.org/ccf/1.5/hca-heart-teichmann/D2/LA#TissueBlock,http://purl.org/ccf/1.5/9bd653dd-2309-4ecc-b4c8-e9f3de4bf8ca,heart,UBERON:0000948,sc_bulk,http://purl.obolibrary.org/obo/CL_0000097,mast cell,104.92152,0.003641443069049475
http://purl.org/ccf/1.5/hca-heart-teichmann/D2/LA#TissueBlock,http://purl.org/ccf/1.5/9bd653dd-2309-4ecc-b4c8-e9f3de4bf8ca,heart,UBERON:0000948,sc_bulk,http://purl.obolibrary.org/obo/CL_0000236,B cell,104.609824,0.003630625238361829
http://purl.org/ccf/1.5/hca-heart-teichmann/D2/LA#TissueBlock,http://purl.org/ccf/1.5/9bd653dd-2309-4ecc-b4c8-e9f3de4bf8ca,heart,UBERON:0000948,sc_bulk,http://purl.obolibrary.org/obo/CL_0000896,"activated CD4-positive, alpha-beta T cell",90.49638399999998,0.003140799240144822
http://purl.org/ccf/1.5/hca-heart-teichmann/D2/LA#TissueBlock,http://purl.org/ccf/1.5/9bd653dd-2309-4ecc-b4c8-e9f3de4bf8ca,heart,UBERON:0000948,sc_bulk,http://purl.obolibrary.org/obo/CL_0000451,dendritic cell,81.75050399999999,0.002837261661688673
http://purl.org/ccf/1.5/hca-heart-teichmann/D2/LA#TissueBlock,http://purl.org/ccf/1.5/9bd653dd-2309-4ecc-b4c8-e9f3de4bf8ca,heart,UBERON:0000948,sc_bulk,http://purl.obolibrary.org/obo/CL_0002138,endothelial cell of lymphatic vessel,53.03671999999999,0.001840711004273648
http://purl.org/ccf/1.5/hca-heart-teichmann/D2/RA#TissueBlock,http://purl.org/ccf/1.5/3bf6e5a0-a04d-498e-89b1-b2c2562e4483,heart,UBERON:0000948,sc_bulk,https://purl.org/ccf/ASCTB-TEMP_muscle,Muscle,4200.828831000001,0.1886987746624205
http://purl.org/ccf/1.5/hca-heart-teichmann/D2/RA#TissueBlock,http://purl.org/ccf/1.5/3bf6e5a0-a04d-498e-89b1-b2c2562e4483,heart,UBERON:0000948,sc_bulk,https://purl.org/ccf/ASCTB-TEMP_fibroblast,Fibroblast,3173.294169,0.1425425184941805
http://purl.org/ccf/1.5/hca-heart-teichmann/D2/RA#TissueBlock,http://purl.org/ccf/1.5/3bf6e5a0-a04d-498e-89b1-b2c2562e4483,heart,UBERON:0000948,sc_bulk,https://purl.org/ccf/ASCTB-TEMP_endothelial-cell,Endothelial cell,2631.410592000001,0.118201425080658
http://purl.org/ccf/1.5/hca-heart-teichmann/D2/RA#TissueBlock,http://purl.org/ccf/1.5/3bf6e5a0-a04d-498e-89b1-b2c2562e4483,heart,UBERON:0000948,sc_bulk,http://purl.obolibrary.org/obo/CL_0000057,fibroblast,2515.301157,0.1129858571552135
http://purl.org/ccf/1.5/hca-heart-teichmann/D2/RA#TissueBlock,http://purl.org/ccf/1.5/3bf6e5a0-a04d-498e-89b1-b2c2562e4483,heart,UBERON:0000948,sc_bulk,http://purl.obolibrary.org/obo/CL_0002129,regular atrial cardiac myocyte,2088.71658,0.0938239274008357
http://purl.org/ccf/1.5/hca-heart-teichmann/D2/RA#TissueBlock,http://purl.org/ccf/1.5/3bf6e5a0-a04d-498e-89b1-b2c2562e4483,heart,UBERON:0000948,sc_bulk,https://purl.org/ccf/ASCTB-TEMP_immune-myeloid-,Immune (myeloid),1929.012426,0.08665011018983436
http://purl.org/ccf/1.5/hca-heart-teichmann/D2/RA#TissueBlock,http://purl.org/ccf/1.5/3bf6e5a0-a04d-498e-89b1-b2c2562e4483,heart,UBERON:0000948,sc_bulk,http://purl.obolibrary.org/obo/CL_0000115,endothelial cell,851.4040210000001,0.0382445707665535
http://purl.org/ccf/1.5/hca-heart-teichmann/D2/RA#TissueBlock,http://purl.org/ccf/1.5/3bf6e5a0-a04d-498e-89b1-b2c2562e4483,heart,UBERON:0000948,sc_bulk,http://purl.obolibrary.org/obo/CL_0000669,pericyte,663.946785,0.0298241013406703
http://purl.org/ccf/1.5/hca-heart-teichmann/D2/RA#TissueBlock,http://purl.org/ccf/1.5/3bf6e5a0-a04d-498e-89b1-b2c2562e4483,heart,UBERON:0000948,sc_bulk,http://purl.obolibrary.org/obo/CL_0000003,native cell,611.0267719999999,0.02744696530158007
http://purl.org/ccf/1.5/hca-heart-teichmann/D2/RA#TissueBlock,http://purl.org/ccf/1.5/3bf6e5a0-a04d-498e-89b1-b2c2562e4483,heart,UBERON:0000948,sc_bulk,http://purl.obolibrary.org/obo/CL_0002543,vein endothelial cell,409.3443130000001,0.01838750717670704
http://purl.org/ccf/1.5/hca-heart-teichmann/D2/RA#TissueBlock,http://purl.org/ccf/1.5/3bf6e5a0-a04d-498e-89b1-b2c2562e4483,heart,UBERON:0000948,sc_bulk,http://purl.obolibrary.org/obo/CL_0000235,macrophage,386.594205,0.01736558562842633
http://purl.org/ccf/1.5/hca-heart-teichmann/D2/RA#TissueBlock,http://purl.org/ccf/1.5/3bf6e5a0-a04d-498e-89b1-b2c2562e4483,heart,UBERON:0000948,sc_bulk,http://purl.obolibrary.org/obo/CL_0000192,smooth muscle cell,385.8929420000001,0.01733408530452845
http://purl.org/ccf/1.5/hca-heart-teichmann/D2/RA#TissueBlock,http://purl.org/ccf/1.5/3bf6e5a0-a04d-498e-89b1-b2c2562e4483,heart,UBERON:0000948,sc_bulk,http://purl.obolibrary.org/obo/CL_0002144,capillary endothelial cell,367.687397,0.01651630286878379
http://purl.org/ccf/1.5/hca-heart-teichmann/D2/RA#TissueBlock,http://purl.org/ccf/1.5/3bf6e5a0-a04d-498e-89b1-b2c2562e4483,heart,UBERON:0000948,sc_bulk,http://purl.obolibrary.org/obo/CL_1000413,endothelial cell of artery,338.0031960000001,0.01518290591763984
http://purl.org/ccf/1.5/hca-heart-teichmann/D2/RA#TissueBlock,http://purl.org/ccf/1.5/3bf6e5a0-a04d-498e-89b1-b2c2562e4483,heart,UBERON:0000948,sc_bulk,https://purl.org/ccf/ASCTB-TEMP_immune-lymphocyte-,Immune (lymphocyte),222.787746,0.01000749527563947
http://purl.org/ccf/1.5/hca-heart-teichmann/D2/RA#TissueBlock,http://purl.org/ccf/1.5/3bf6e5a0-a04d-498e-89b1-b2c2562e4483,heart,UBERON:0000948,sc_bulk,http://purl.obolibrary.org/obo/CL_0002319,neural cell,202.588141,0.009100140830717337
http://purl.org/ccf/1.5/hca-heart-teichmann/D2/RA#TissueBlock,http://purl.org/ccf/1.5/3bf6e5a0-a04d-498e-89b1-b2c2562e4483,heart,UBERON:0000948,sc_bulk,http://purl.obolibrary.org/obo/CL_1000309,epicardial adipocyte,168.895768,0.007586699137103795
http://purl.org/ccf/1.5/hca-heart-teichmann/D2/RA#TissueBlock,http://purl.org/ccf/1.5/3bf6e5a0-a04d-498e-89b1-b2c2562e4483,heart,UBERON:0000948,sc_bulk,http://purl.obolibrary.org/obo/CL_0000906,"activated CD8-positive, alpha-beta T cell",148.973549,0.006691804709100766
http://purl.org/ccf/1.5/hca-heart-teichmann/D2/RA#TissueBlock,http://purl.org/ccf/1.5/3bf6e5a0-a04d-498e-89b1-b2c2562e4483,heart,UBERON:0000948,sc_bulk,http://purl.obolibrary.org/obo/CL_0000794,"CD8-positive, alpha-beta cytotoxic T cell",135.0168,0.006064875705201304
http://purl.org/ccf/1.5/hca-heart-teichmann/D2/RA#TissueBlock,http://purl.org/ccf/1.5/3bf6e5a0-a04d-498e-89b1-b2c2562e4483,heart,UBERON:0000948,sc_bulk,https://purl.org/ccf/ASCTB-TEMP_glia,Glia,100.986885,0.004536271822324763
http://purl.org/ccf/1.5/hca-heart-teichmann/D2/RA#TissueBlock,http://purl.org/ccf/1.5/3bf6e5a0-a04d-498e-89b1-b2c2562e4483,heart,UBERON:0000948,sc_bulk,http://purl.obolibrary.org/obo/CL_0000236,B cell,96.47351400000001,0.004333533836189259
http://purl.org/ccf/1.5/hca-heart-teichmann/D2/RA#TissueBlock,http://purl.org/ccf/1.5/3bf6e5a0-a04d-498e-89b1-b2c2562e4483,heart,UBERON:0000948,sc_bulk,http://purl.obolibrary.org/obo/CL_0002397,"CD14-positive, CD16-positive monocyte",95.902589,0.004307888219036489
http://purl.org/ccf/1.5/hca-heart-teichmann/D2/RA#TissueBlock,http://purl.org/ccf/1.5/3bf6e5a0-a04d-498e-89b1-b2c2562e4483,heart,UBERON:0000948,sc_bulk,http://purl.obolibrary.org/obo/CL_0000623,natural killer cell,90.56485800000002,0.004068120463743816
http://purl.org/ccf/1.5/hca-heart-teichmann/D2/RA#TissueBlock,http://purl.org/ccf/1.5/3bf6e5a0-a04d-498e-89b1-b2c2562e4483,heart,UBERON:0000948,sc_bulk,http://purl.obolibrary.org/obo/CL_0001054,CD14-positive monocyte,86.091034,0.003867158905723283
http://purl.org/ccf/1.5/hca-heart-teichmann/D2/RA#TissueBlock,http://purl.org/ccf/1.5/3bf6e5a0-a04d-498e-89b1-b2c2562e4483,heart,UBERON:0000948,sc_bulk,http://purl.obolibrary.org/obo/CL_0000934,"CD4-positive, alpha-beta cytotoxic T cell",79.742348,0.003581979642984486
http://purl.org/ccf/1.5/hca-heart-teichmann/D2/RA#TissueBlock,http://purl.org/ccf/1.5/3bf6e5a0-a04d-498e-89b1-b2c2562e4483,heart,UBERON:0000948,sc_bulk,https://purl.org/ccf/ASCTB-TEMP_adipocyte,Adipocyte,67.180884,0.003017726025394966
http://purl.org/ccf/1.5/hca-heart-teichmann/D2/RA#TissueBlock,http://purl.org/ccf/1.5/3bf6e5a0-a04d-498e-89b1-b2c2562e4483,heart,UBERON:0000948,sc_bulk,http://purl.obolibrary.org/obo/CL_0000576,monocyte,55.85651700000001,0.002509042081655495
http://purl.org/ccf/1.5/hca-heart-teichmann/D2/RA#TissueBlock,http://purl.org/ccf/1.5/3bf6e5a0-a04d-498e-89b1-b2c2562e4483,heart,UBERON:0000948,sc_bulk,http://purl.obolibrary.org/obo/CL_0000077,mesothelial cell,54.18161800000001,0.002433806597969273
http://purl.org/ccf/1.5/hca-heart-teichmann/D2/RA#TissueBlock,http://purl.org/ccf/1.5/3bf6e5a0-a04d-498e-89b1-b2c2562e4483,heart,UBERON:0000948,sc_bulk,http://purl.obolibrary.org/obo/CL_0000814,mature NK T cell,33.578188,0.001508312570182985
http://purl.org/ccf/1.5/hca-heart-teichmann/D2/RA#TissueBlock,http://purl.org/ccf/1.5/3bf6e5a0-a04d-498e-89b1-b2c2562e4483,heart,UBERON:0000948,sc_bulk,http://purl.obolibrary.org/obo/CL_0000896,"activated CD4-positive, alpha-beta T cell",31.567975,0.00141801497769094
http://purl.org/ccf/1.5/hca-heart-teichmann/D2/RA#TissueBlock,http://purl.org/ccf/1.5/3bf6e5a0-a04d-498e-89b1-b2c2562e4483,heart,UBERON:0000948,sc_bulk,http://purl.obolibrary.org/obo/CL_0000451,dendritic cell,22.63703700000001,0.001016842465078739
http://purl.org/ccf/1.5/hca-heart-teichmann/D2/RA#TissueBlock,http://purl.org/ccf/1.5/3bf6e5a0-a04d-498e-89b1-b2c2562e4483,heart,UBERON:0000948,sc_bulk,http://purl.obolibrary.org/obo/CL_0000097,mast cell,11.827895,5.313021270624986E-4
http://purl.org/ccf/1.5/hca-heart-teichmann/D2/RA#TissueBlock,http://purl.org/ccf/1.5/3bf6e5a0-a04d-498e-89b1-b2c2562e4483,heart,UBERON:0000948,sc_bulk,http://purl.obolibrary.org/obo/CL_0002138,endothelial cell of lymphatic vessel,4.771819000000001,2.143473191685626E-4
http://purl.org/ccf/1.5/hca-heart-teichmann/D3/LA#TissueBlock,http://purl.org/ccf/1.5/9bd653dd-2309-4ecc-b4c8-e9f3de4bf8ca,heart,UBERON:0000948,sc_bulk,http://purl.obolibrary.org/obo/CL_0000669,pericyte,5176.988872,0.1796743913592813
http://purl.org/ccf/1.5/hca-heart-teichmann/D3/LA#TissueBlock,http://purl.org/ccf/1.5/9bd653dd-2309-4ecc-b4c8-e9f3de4bf8ca,heart,UBERON:0000948,sc_bulk,http://purl.obolibrary.org/obo/CL_0002129,regular atrial cardiac myocyte,4744.609408,0.1646680780464154
http://purl.org/ccf/1.5/hca-heart-teichmann/D3/LA#TissueBlock,http://purl.org/ccf/1.5/9bd653dd-2309-4ecc-b4c8-e9f3de4bf8ca,heart,UBERON:0000948,sc_bulk,http://purl.obolibrary.org/obo/CL_0000057,fibroblast,4536.883383999999,0.157458665808049
http://purl.org/ccf/1.5/hca-heart-teichmann/D3/LA#TissueBlock,http://purl.org/ccf/1.5/9bd653dd-2309-4ecc-b4c8-e9f3de4bf8ca,heart,UBERON:0000948,sc_bulk,http://purl.obolibrary.org/obo/CL_0002144,capillary endothelial cell,3569.067304,0.1238693015229087
http://purl.org/ccf/1.5/hca-heart-teichmann/D3/LA#TissueBlock,http://purl.org/ccf/1.5/9bd653dd-2309-4ecc-b4c8-e9f3de4bf8ca,heart,UBERON:0000948,sc_bulk,http://purl.obolibrary.org/obo/CL_0000235,macrophage,1583.573464,0.05496005600007958
http://purl.org/ccf/1.5/hca-heart-teichmann/D3/LA#TissueBlock,http://purl.org/ccf/1.5/9bd653dd-2309-4ecc-b4c8-e9f3de4bf8ca,heart,UBERON:0000948,sc_bulk,http://purl.obolibrary.org/obo/CL_0000003,native cell,1456.784824,0.05055968499552103
http://purl.org/ccf/1.5/hca-heart-teichmann/D3/LA#TissueBlock,http://purl.org/ccf/1.5/9bd653dd-2309-4ecc-b4c8-e9f3de4bf8ca,heart,UBERON:0000948,sc_bulk,http://purl.obolibrary.org/obo/CL_0000192,smooth muscle cell,1326.839536,0.04604975825843946
http://purl.org/ccf/1.5/hca-heart-teichmann/D3/LA#TissueBlock,http://purl.org/ccf/1.5/9bd653dd-2309-4ecc-b4c8-e9f3de4bf8ca,heart,UBERON:0000948,sc_bulk,http://purl.obolibrary.org/obo/CL_0000115,endothelial cell,1000.545128,0.03472527010309058
http://purl.org/ccf/1.5/hca-heart-teichmann/D3/LA#TissueBlock,http://purl.org/ccf/1.5/9bd653dd-2309-4ecc-b4c8-e9f3de4bf8ca,heart,UBERON:0000948,sc_bulk,http://purl.obolibrary.org/obo/CL_1000413,endothelial cell of artery,896.830704,0.03112572093114512
http://purl.org/ccf/1.5/hca-heart-teichmann/D3/LA#TissueBlock,http://purl.org/ccf/1.5/9bd653dd-2309-4ecc-b4c8-e9f3de4bf8ca,heart,UBERON:0000948,sc_bulk,http://purl.obolibrary.org/obo/CL_0002543,vein endothelial cell,787.9907199999998,0.02734828227630809
http://purl.org/ccf/1.5/hca-heart-teichmann/D3/LA#TissueBlock,http://purl.org/ccf/1.5/9bd653dd-2309-4ecc-b4c8-e9f3de4bf8ca,heart,UBERON:0000948,sc_bulk,http://purl.obolibrary.org/obo/CL_1000309,epicardial adipocyte,596.3605999999999,0.02069750012699193
http://purl.org/ccf/1.5/hca-heart-teichmann/D3/LA#TissueBlock,http://purl.org/ccf/1.5/9bd653dd-2309-4ecc-b4c8-e9f3de4bf8ca,heart,UBERON:0000948,sc_bulk,http://purl.obolibrary.org/obo/CL_0000794,"CD8-positive, alpha-beta cytotoxic T cell",426.7950719999999,0.01481249944567017
http://purl.org/ccf/1.5/hca-heart-teichmann/D3/LA#TissueBlock,http://purl.org/ccf/1.5/9bd653dd-2309-4ecc-b4c8-e9f3de4bf8ca,heart,UBERON:0000948,sc_bulk,http://purl.obolibrary.org/obo/CL_0002319,neural cell,397.271072,0.01378782914761676
http://purl.org/ccf/1.5/hca-heart-teichmann/D3/LA#TissueBlock,http://purl.org/ccf/1.5/9bd653dd-2309-4ecc-b4c8-e9f3de4bf8ca,heart,UBERON:0000948,sc_bulk,http://purl.obolibrary.org/obo/CL_0002397,"CD14-positive, CD16-positive monocyte",363.592416,0.01261896590139138
http://purl.org/ccf/1.5/hca-heart-teichmann/D3/LA#TissueBlock,http://purl.org/ccf/1.5/9bd653dd-2309-4ecc-b4c8-e9f3de4bf8ca,heart,UBERON:0000948,sc_bulk,http://purl.obolibrary.org/obo/CL_0000906,"activated CD8-positive, alpha-beta T cell",354.051808,0.01228784621425648
http://purl.org/ccf/1.5/hca-heart-teichmann/D3/LA#TissueBlock,http://purl.org/ccf/1.5/9bd653dd-2309-4ecc-b4c8-e9f3de4bf8ca,heart,UBERON:0000948,sc_bulk,http://purl.obolibrary.org/obo/CL_0000623,natural killer cell,281.405344,0.009766552557590503
http://purl.org/ccf/1.5/hca-heart-teichmann/D3/LA#TissueBlock,http://purl.org/ccf/1.5/9bd653dd-2309-4ecc-b4c8-e9f3de4bf8ca,heart,UBERON:0000948,sc_bulk,http://purl.obolibrary.org/obo/CL_0000934,"CD4-positive, alpha-beta cytotoxic T cell",225.673712,0.00783231099234044
http://purl.org/ccf/1.5/hca-heart-teichmann/D3/LA#TissueBlock,http://purl.org/ccf/1.5/9bd653dd-2309-4ecc-b4c8-e9f3de4bf8ca,heart,UBERON:0000948,sc_bulk,http://purl.obolibrary.org/obo/CL_0000077,mesothelial cell,211.5563999999999,0.007342350611133523
http://purl.org/ccf/1.5/hca-heart-teichmann/D3/LA#TissueBlock,http://purl.org/ccf/1.5/9bd653dd-2309-4ecc-b4c8-e9f3de4bf8ca,heart,UBERON:0000948,sc_bulk,http://purl.obolibrary.org/obo/CL_0000576,monocyte,168.174512,0.005836723592197079
http://purl.org/ccf/1.5/hca-heart-teichmann/D3/LA#TissueBlock,http://purl.org/ccf/1.5/9bd653dd-2309-4ecc-b4c8-e9f3de4bf8ca,heart,UBERON:0000948,sc_bulk,http://purl.obolibrary.org/obo/CL_0000814,mature NK T cell,141.668736,0.004916804834777458
http://purl.org/ccf/1.5/hca-heart-teichmann/D3/LA#TissueBlock,http://purl.org/ccf/1.5/9bd653dd-2309-4ecc-b4c8-e9f3de4bf8ca,heart,UBERON:0000948,sc_bulk,http://purl.obolibrary.org/obo/CL_0001054,CD14-positive monocyte,131.692528,0.004570567061277838
http://purl.org/ccf/1.5/hca-heart-teichmann/D3/LA#TissueBlock,http://purl.org/ccf/1.5/9bd653dd-2309-4ecc-b4c8-e9f3de4bf8ca,heart,UBERON:0000948,sc_bulk,http://purl.obolibrary.org/obo/CL_0000097,mast cell,104.92152,0.003641443069049475
http://purl.org/ccf/1.5/hca-heart-teichmann/D3/LA#TissueBlock,http://purl.org/ccf/1.5/9bd653dd-2309-4ecc-b4c8-e9f3de4bf8ca,heart,UBERON:0000948,sc_bulk,http://purl.obolibrary.org/obo/CL_0000236,B cell,104.609824,0.003630625238361829
http://purl.org/ccf/1.5/hca-heart-teichmann/D3/LA#TissueBlock,http://purl.org/ccf/1.5/9bd653dd-2309-4ecc-b4c8-e9f3de4bf8ca,heart,UBERON:0000948,sc_bulk,http://purl.obolibrary.org/obo/CL_0000896,"activated CD4-positive, alpha-beta T cell",90.49638399999998,0.003140799240144822
http://purl.org/ccf/1.5/hca-heart-teichmann/D3/LA#TissueBlock,http://purl.org/ccf/1.5/9bd653dd-2309-4ecc-b4c8-e9f3de4bf8ca,heart,UBERON:0000948,sc_bulk,http://purl.obolibrary.org/obo/CL_0000451,dendritic cell,81.75050399999999,0.002837261661688673
http://purl.org/ccf/1.5/hca-heart-teichmann/D3/LA#TissueBlock,http://purl.org/ccf/1.5/9bd653dd-2309-4ecc-b4c8-e9f3de4bf8ca,heart,UBERON:0000948,sc_bulk,http://purl.obolibrary.org/obo/CL_0002138,endothelial cell of lymphatic vessel,53.03671999999999,0.001840711004273648
http://purl.org/ccf/1.5/hca-heart-teichmann/D3/RA#TissueBlock,http://purl.org/ccf/1.5/3bf6e5a0-a04d-498e-89b1-b2c2562e4483,heart,UBERON:0000948,sc_bulk,https://purl.org/ccf/ASCTB-TEMP_muscle,Muscle,4200.828831000001,0.1886987746624205
http://purl.org/ccf/1.5/hca-heart-teichmann/D3/RA#TissueBlock,http://purl.org/ccf/1.5/3bf6e5a0-a04d-498e-89b1-b2c2562e4483,heart,UBERON:0000948,sc_bulk,https://purl.org/ccf/ASCTB-TEMP_fibroblast,Fibroblast,3173.294169,0.1425425184941805
http://purl.org/ccf/1.5/hca-heart-teichmann/D3/RA#TissueBlock,http://purl.org/ccf/1.5/3bf6e5a0-a04d-498e-89b1-b2c2562e4483,heart,UBERON:0000948,sc_bulk,https://purl.org/ccf/ASCTB-TEMP_endothelial-cell,Endothelial cell,2631.410592000001,0.118201425080658
http://purl.org/ccf/1.5/hca-heart-teichmann/D3/RA#TissueBlock,http://purl.org/ccf/1.5/3bf6e5a0-a04d-498e-89b1-b2c2562e4483,heart,UBERON:0000948,sc_bulk,http://purl.obolibrary.org/obo/CL_0000057,fibroblast,2515.301157,0.1129858571552135
http://purl.org/ccf/1.5/hca-heart-teichmann/D3/RA#TissueBlock,http://purl.org/ccf/1.5/3bf6e5a0-a04d-498e-89b1-b2c2562e4483,heart,UBERON:0000948,sc_bulk,http://purl.obolibrary.org/obo/CL_0002129,regular atrial cardiac myocyte,2088.71658,0.0938239274008357
http://purl.org/ccf/1.5/hca-heart-teichmann/D3/RA#TissueBlock,http://purl.org/ccf/1.5/3bf6e5a0-a04d-498e-89b1-b2c2562e4483,heart,UBERON:0000948,sc_bulk,https://purl.org/ccf/ASCTB-TEMP_immune-myeloid-,Immune (myeloid),1929.012426,0.08665011018983436
http://purl.org/ccf/1.5/hca-heart-teichmann/D3/RA#TissueBlock,http://purl.org/ccf/1.5/3bf6e5a0-a04d-498e-89b1-b2c2562e4483,heart,UBERON:0000948,sc_bulk,http://purl.obolibrary.org/obo/CL_0000115,endothelial cell,851.4040210000001,0.0382445707665535
http://purl.org/ccf/1.5/hca-heart-teichmann/D3/RA#TissueBlock,http://purl.org/ccf/1.5/3bf6e5a0-a04d-498e-89b1-b2c2562e4483,heart,UBERON:0000948,sc_bulk,http://purl.obolibrary.org/obo/CL_0000669,pericyte,663.946785,0.0298241013406703
http://purl.org/ccf/1.5/hca-heart-teichmann/D3/RA#TissueBlock,http://purl.org/ccf/1.5/3bf6e5a0-a04d-498e-89b1-b2c2562e4483,heart,UBERON:0000948,sc_bulk,http://purl.obolibrary.org/obo/CL_0000003,native cell,611.0267719999999,0.02744696530158007
http://purl.org/ccf/1.5/hca-heart-teichmann/D3/RA#TissueBlock,http://purl.org/ccf/1.5/3bf6e5a0-a04d-498e-89b1-b2c2562e4483,heart,UBERON:0000948,sc_bulk,http://purl.obolibrary.org/obo/CL_0002543,vein endothelial cell,409.3443130000001,0.01838750717670704
http://purl.org/ccf/1.5/hca-heart-teichmann/D3/RA#TissueBlock,http://purl.org/ccf/1.5/3bf6e5a0-a04d-498e-89b1-b2c2562e4483,heart,UBERON:0000948,sc_bulk,http://purl.obolibrary.org/obo/CL_0000235,macrophage,386.594205,0.01736558562842633
http://purl.org/ccf/1.5/hca-heart-teichmann/D3/RA#TissueBlock,http://purl.org/ccf/1.5/3bf6e5a0-a04d-498e-89b1-b2c2562e4483,heart,UBERON:0000948,sc_bulk,http://purl.obolibrary.org/obo/CL_0000192,smooth muscle cell,385.8929420000001,0.01733408530452845
http://purl.org/ccf/1.5/hca-heart-teichmann/D3/RA#TissueBlock,http://purl.org/ccf/1.5/3bf6e5a0-a04d-498e-89b1-b2c2562e4483,heart,UBERON:0000948,sc_bulk,http://purl.obolibrary.org/obo/CL_0002144,capillary endothelial cell,367.687397,0.01651630286878379
http://purl.org/ccf/1.5/hca-heart-teichmann/D3/RA#TissueBlock,http://purl.org/ccf/1.5/3bf6e5a0-a04d-498e-89b1-b2c2562e4483,heart,UBERON:0000948,sc_bulk,http://purl.obolibrary.org/obo/CL_1000413,endothelial cell of artery,338.0031960000001,0.01518290591763984
http://purl.org/ccf/1.5/hca-heart-teichmann/D3/RA#TissueBlock,http://purl.org/ccf/1.5/3bf6e5a0-a04d-498e-89b1-b2c2562e4483,heart,UBERON:0000948,sc_bulk,https://purl.org/ccf/ASCTB-TEMP_immune-lymphocyte-,Immune (lymphocyte),222.787746,0.01000749527563947
http://purl.org/ccf/1.5/hca-heart-teichmann/D3/RA#TissueBlock,http://purl.org/ccf/1.5/3bf6e5a0-a04d-498e-89b1-b2c2562e4483,heart,UBERON:0000948,sc_bulk,http://purl.obolibrary.org/obo/CL_0002319,neural cell,202.588141,0.009100140830717337
http://purl.org/ccf/1.5/hca-heart-teichmann/D3/RA#TissueBlock,http://purl.org/ccf/1.5/3bf6e5a0-a04d-498e-89b1-b2c2562e4483,heart,UBERON:0000948,sc_bulk,http://purl.obolibrary.org/obo/CL_1000309,epicardial adipocyte,168.895768,0.007586699137103795
http://purl.org/ccf/1.5/hca-heart-teichmann/D3/RA#TissueBlock,http://purl.org/ccf/1.5/3bf6e5a0-a04d-498e-89b1-b2c2562e4483,heart,UBERON:0000948,sc_bulk,http://purl.obolibrary.org/obo/CL_0000906,"activated CD8-positive, alpha-beta T cell",148.973549,0.006691804709100766
http://purl.org/ccf/1.5/hca-heart-teichmann/D3/RA#TissueBlock,http://purl.org/ccf/1.5/3bf6e5a0-a04d-498e-89b1-b2c2562e4483,heart,UBERON:0000948,sc_bulk,http://purl.obolibrary.org/obo/CL_0000794,"CD8-positive, alpha-beta cytotoxic T cell",135.0168,0.006064875705201304
http://purl.org/ccf/1.5/hca-heart-teichmann/D3/RA#TissueBlock,http://purl.org/ccf/1.5/3bf6e5a0-a04d-498e-89b1-b2c2562e4483,heart,UBERON:0000948,sc_bulk,https://purl.org/ccf/ASCTB-TEMP_glia,Glia,100.986885,0.004536271822324763
http://purl.org/ccf/1.5/hca-heart-teichmann/D3/RA#TissueBlock,http://purl.org/ccf/1.5/3bf6e5a0-a04d-498e-89b1-b2c2562e4483,heart,UBERON:0000948,sc_bulk,http://purl.obolibrary.org/obo/CL_0000236,B cell,96.47351400000001,0.004333533836189259
http://purl.org/ccf/1.5/hca-heart-teichmann/D3/RA#TissueBlock,http://purl.org/ccf/1.5/3bf6e5a0-a04d-498e-89b1-b2c2562e4483,heart,UBERON:0000948,sc_bulk,http://purl.obolibrary.org/obo/CL_0002397,"CD14-positive, CD16-positive monocyte",95.902589,0.004307888219036489
http://purl.org/ccf/1.5/hca-heart-teichmann/D3/RA#TissueBlock,http://purl.org/ccf/1.5/3bf6e5a0-a04d-498e-89b1-b2c2562e4483,heart,UBERON:0000948,sc_bulk,http://purl.obolibrary.org/obo/CL_0000623,natural killer cell,90.56485800000002,0.004068120463743816
http://purl.org/ccf/1.5/hca-heart-teichmann/D3/RA#TissueBlock,http://purl.org/ccf/1.5/3bf6e5a0-a04d-498e-89b1-b2c2562e4483,heart,UBERON:0000948,sc_bulk,http://purl.obolibrary.org/obo/CL_0001054,CD14-positive monocyte,86.091034,0.003867158905723283
http://purl.org/ccf/1.5/hca-heart-teichmann/D3/RA#TissueBlock,http://purl.org/ccf/1.5/3bf6e5a0-a04d-498e-89b1-b2c2562e4483,heart,UBERON:0000948,sc_bulk,http://purl.obolibrary.org/obo/CL_0000934,"CD4-positive, alpha-beta cytotoxic T cell",79.742348,0.003581979642984486
http://purl.org/ccf/1.5/hca-heart-teichmann/D3/RA#TissueBlock,http://purl.org/ccf/1.5/3bf6e5a0-a04d-498e-89b1-b2c2562e4483,heart,UBERON:0000948,sc_bulk,https://purl.org/ccf/ASCTB-TEMP_adipocyte,Adipocyte,67.180884,0.003017726025394966
http://purl.org/ccf/1.5/hca-heart-teichmann/D3/RA#TissueBlock,http://purl.org/ccf/1.5/3bf6e5a0-a04d-498e-89b1-b2c2562e4483,heart,UBERON:0000948,sc_bulk,http://purl.obolibrary.org/obo/CL_0000576,monocyte,55.85651700000001,0.002509042081655495
http://purl.org/ccf/1.5/hca-heart-teichmann/D3/RA#TissueBlock,http://purl.org/ccf/1.5/3bf6e5a0-a04d-498e-89b1-b2c2562e4483,heart,UBERON:0000948,sc_bulk,http://purl.obolibrary.org/obo/CL_0000077,mesothelial cell,54.18161800000001,0.002433806597969273
http://purl.org/ccf/1.5/hca-heart-teichmann/D3/RA#TissueBlock,http://purl.org/ccf/1.5/3bf6e5a0-a04d-498e-89b1-b2c2562e4483,heart,UBERON:0000948,sc_bulk,http://purl.obolibrary.org/obo/CL_0000814,mature NK T cell,33.578188,0.001508312570182985
http://purl.org/ccf/1.5/hca-heart-teichmann/D3/RA#TissueBlock,http://purl.org/ccf/1.5/3bf6e5a0-a04d-498e-89b1-b2c2562e4483,heart,UBERON:0000948,sc_bulk,http://purl.obolibrary.org/obo/CL_0000896,"activated CD4-positive, alpha-beta T cell",31.567975,0.00141801497769094
http://purl.org/ccf/1.5/hca-heart-teichmann/D3/RA#TissueBlock,http://purl.org/ccf/1.5/3bf6e5a0-a04d-498e-89b1-b2c2562e4483,heart,UBERON:0000948,sc_bulk,http://purl.obolibrary.org/obo/CL_0000451,dendritic cell,22.63703700000001,0.001016842465078739
http://purl.org/ccf/1.5/hca-heart-teichmann/D3/RA#TissueBlock,http://purl.org/ccf/1.5/3bf6e5a0-a04d-498e-89b1-b2c2562e4483,heart,UBERON:0000948,sc_bulk,http://purl.obolibrary.org/obo/CL_0000097,mast cell,11.827895,5.313021270624986E-4
http://purl.org/ccf/1.5/hca-heart-teichmann/D3/RA#TissueBlock,http://purl.org/ccf/1.5/3bf6e5a0-a04d-498e-89b1-b2c2562e4483,heart,UBERON:0000948,sc_bulk,http://purl.obolibrary.org/obo/CL_0002138,endothelial cell of lymphatic vessel,4.771819000000001,2.143473191685626E-4
http://purl.org/ccf/1.5/hca-heart-teichmann/D4/LA#TissueBlock,http://purl.org/ccf/1.5/502166ab-e841-4b65-9045-7c386166a9e8,heart,UBERON:0000948,sc_bulk,http://purl.obolibrary.org/obo/CL_0000669,pericyte,3663.468365,0.1796743913592813
http://purl.org/ccf/1.5/hca-heart-teichmann/D4/LA#TissueBlock,http://purl.org/ccf/1.5/502166ab-e841-4b65-9045-7c386166a9e8,heart,UBERON:0000948,sc_bulk,http://purl.obolibrary.org/obo/CL_0002129,regular atrial cardiac myocyte,3357.49736,0.1646680780464154
http://purl.org/ccf/1.5/hca-heart-teichmann/D4/LA#TissueBlock,http://purl.org/ccf/1.5/502166ab-e841-4b65-9045-7c386166a9e8,heart,UBERON:0000948,sc_bulk,http://purl.obolibrary.org/obo/CL_0000057,fibroblast,3210.501155,0.157458665808049
http://purl.org/ccf/1.5/hca-heart-teichmann/D4/LA#TissueBlock,http://purl.org/ccf/1.5/502166ab-e841-4b65-9045-7c386166a9e8,heart,UBERON:0000948,sc_bulk,http://purl.obolibrary.org/obo/CL_0002144,capillary endothelial cell,2525.631305,0.1238693015229087
http://purl.org/ccf/1.5/hca-heart-teichmann/D4/LA#TissueBlock,http://purl.org/ccf/1.5/502166ab-e841-4b65-9045-7c386166a9e8,heart,UBERON:0000948,sc_bulk,http://purl.obolibrary.org/obo/CL_0000235,macrophage,1120.607255,0.05496005600007956
http://purl.org/ccf/1.5/hca-heart-teichmann/D4/LA#TissueBlock,http://purl.org/ccf/1.5/502166ab-e841-4b65-9045-7c386166a9e8,heart,UBERON:0000948,sc_bulk,http://purl.obolibrary.org/obo/CL_0000003,native cell,1030.885955,0.05055968499552101
http://purl.org/ccf/1.5/hca-heart-teichmann/D4/LA#TissueBlock,http://purl.org/ccf/1.5/502166ab-e841-4b65-9045-7c386166a9e8,heart,UBERON:0000948,sc_bulk,http://purl.obolibrary.org/obo/CL_0000192,smooth muscle cell,938.9308699999999,0.04604975825843945
http://purl.org/ccf/1.5/hca-heart-teichmann/D4/LA#TissueBlock,http://purl.org/ccf/1.5/502166ab-e841-4b65-9045-7c386166a9e8,heart,UBERON:0000948,sc_bulk,http://purl.obolibrary.org/obo/CL_0000115,endothelial cell,708.0303850000001,0.03472527010309057
http://purl.org/ccf/1.5/hca-heart-teichmann/D4/LA#TissueBlock,http://purl.org/ccf/1.5/502166ab-e841-4b65-9045-7c386166a9e8,heart,UBERON:0000948,sc_bulk,http://purl.obolibrary.org/obo/CL_1000413,endothelial cell of artery,634.63743,0.03112572093114511
http://purl.org/ccf/1.5/hca-heart-teichmann/D4/LA#TissueBlock,http://purl.org/ccf/1.5/502166ab-e841-4b65-9045-7c386166a9e8,heart,UBERON:0000948,sc_bulk,http://purl.obolibrary.org/obo/CL_0002543,vein endothelial cell,557.6174,0.02734828227630809
http://purl.org/ccf/1.5/hca-heart-teichmann/D4/LA#TissueBlock,http://purl.org/ccf/1.5/502166ab-e841-4b65-9045-7c386166a9e8,heart,UBERON:0000948,sc_bulk,http://purl.obolibrary.org/obo/CL_1000309,epicardial adipocyte,422.011375,0.02069750012699192
http://purl.org/ccf/1.5/hca-heart-teichmann/D4/LA#TissueBlock,http://purl.org/ccf/1.5/502166ab-e841-4b65-9045-7c386166a9e8,heart,UBERON:0000948,sc_bulk,http://purl.obolibrary.org/obo/CL_0000794,"CD8-positive, alpha-beta cytotoxic T cell",302.01924,0.01481249944567017
http://purl.org/ccf/1.5/hca-heart-teichmann/D4/LA#TissueBlock,http://purl.org/ccf/1.5/502166ab-e841-4b65-9045-7c386166a9e8,heart,UBERON:0000948,sc_bulk,http://purl.obolibrary.org/obo/CL_0002319,neural cell,281.12674,0.01378782914761676
http://purl.org/ccf/1.5/hca-heart-teichmann/D4/LA#TissueBlock,http://purl.org/ccf/1.5/502166ab-e841-4b65-9045-7c386166a9e8,heart,UBERON:0000948,sc_bulk,http://purl.obolibrary.org/obo/CL_0002397,"CD14-positive, CD16-positive monocyte",257.29422,0.01261896590139137
http://purl.org/ccf/1.5/hca-heart-teichmann/D4/LA#TissueBlock,http://purl.org/ccf/1.5/502166ab-e841-4b65-9045-7c386166a9e8,heart,UBERON:0000948,sc_bulk,http://purl.obolibrary.org/obo/CL_0000906,"activated CD8-positive, alpha-beta T cell",250.54286,0.01228784621425648
http://purl.org/ccf/1.5/hca-heart-teichmann/D4/LA#TissueBlock,http://purl.org/ccf/1.5/502166ab-e841-4b65-9045-7c386166a9e8,heart,UBERON:0000948,sc_bulk,http://purl.obolibrary.org/obo/CL_0000623,natural killer cell,199.13498,0.009766552557590501
http://purl.org/ccf/1.5/hca-heart-teichmann/D4/LA#TissueBlock,http://purl.org/ccf/1.5/502166ab-e841-4b65-9045-7c386166a9e8,heart,UBERON:0000948,sc_bulk,http://purl.obolibrary.org/obo/CL_0000934,"CD4-positive, alpha-beta cytotoxic T cell",159.69679,0.007832310992340438
http://purl.org/ccf/1.5/hca-heart-teichmann/D4/LA#TissueBlock,http://purl.org/ccf/1.5/502166ab-e841-4b65-9045-7c386166a9e8,heart,UBERON:0000948,sc_bulk,http://purl.obolibrary.org/obo/CL_0000077,mesothelial cell,149.70675,0.007342350611133521
http://purl.org/ccf/1.5/hca-heart-teichmann/D4/LA#TissueBlock,http://purl.org/ccf/1.5/502166ab-e841-4b65-9045-7c386166a9e8,heart,UBERON:0000948,sc_bulk,http://purl.obolibrary.org/obo/CL_0000576,monocyte,119.00779,0.005836723592197079
http://purl.org/ccf/1.5/hca-heart-teichmann/D4/LA#TissueBlock,http://purl.org/ccf/1.5/502166ab-e841-4b65-9045-7c386166a9e8,heart,UBERON:0000948,sc_bulk,http://purl.obolibrary.org/obo/CL_0000814,mature NK T cell,100.25112,0.004916804834777457
http://purl.org/ccf/1.5/hca-heart-teichmann/D4/LA#TissueBlock,http://purl.org/ccf/1.5/502166ab-e841-4b65-9045-7c386166a9e8,heart,UBERON:0000948,sc_bulk,http://purl.obolibrary.org/obo/CL_0001054,CD14-positive monocyte,93.19151000000001,0.004570567061277837
http://purl.org/ccf/1.5/hca-heart-teichmann/D4/LA#TissueBlock,http://purl.org/ccf/1.5/502166ab-e841-4b65-9045-7c386166a9e8,heart,UBERON:0000948,sc_bulk,http://purl.obolibrary.org/obo/CL_0000097,mast cell,74.24714999999999,0.003641443069049474
http://purl.org/ccf/1.5/hca-heart-teichmann/D4/LA#TissueBlock,http://purl.org/ccf/1.5/502166ab-e841-4b65-9045-7c386166a9e8,heart,UBERON:0000948,sc_bulk,http://purl.obolibrary.org/obo/CL_0000236,B cell,74.02658,0.003630625238361828
http://purl.org/ccf/1.5/hca-heart-teichmann/D4/LA#TissueBlock,http://purl.org/ccf/1.5/502166ab-e841-4b65-9045-7c386166a9e8,heart,UBERON:0000948,sc_bulk,http://purl.obolibrary.org/obo/CL_0000896,"activated CD4-positive, alpha-beta T cell",64.03927999999999,0.003140799240144821
http://purl.org/ccf/1.5/hca-heart-teichmann/D4/LA#TissueBlock,http://purl.org/ccf/1.5/502166ab-e841-4b65-9045-7c386166a9e8,heart,UBERON:0000948,sc_bulk,http://purl.obolibrary.org/obo/CL_0000451,dendritic cell,57.850305,0.002837261661688673
http://purl.org/ccf/1.5/hca-heart-teichmann/D4/LA#TissueBlock,http://purl.org/ccf/1.5/502166ab-e841-4b65-9045-7c386166a9e8,heart,UBERON:0000948,sc_bulk,http://purl.obolibrary.org/obo/CL_0002138,endothelial cell of lymphatic vessel,37.53115,0.001840711004273648
http://purl.org/ccf/1.5/hca-heart-teichmann/D4/RA#TissueBlock,http://purl.org/ccf/1.5/ca476545-5b98-476c-b2fd-1b8e1708faed,heart,UBERON:0000948,sc_bulk,https://purl.org/ccf/ASCTB-TEMP_muscle,Muscle,7051.660605,0.1886987746624204
http://purl.org/ccf/1.5/hca-heart-teichmann/D4/RA#TissueBlock,http://purl.org/ccf/1.5/ca476545-5b98-476c-b2fd-1b8e1708faed,heart,UBERON:0000948,sc_bulk,https://purl.org/ccf/ASCTB-TEMP_fibroblast,Fibroblast,5326.804395,0.1425425184941804
http://purl.org/ccf/1.5/hca-heart-teichmann/D4/RA#TissueBlock,http://purl.org/ccf/1.5/ca476545-5b98-476c-b2fd-1b8e1708faed,heart,UBERON:0000948,sc_bulk,https://purl.org/ccf/ASCTB-TEMP_endothelial-cell,Endothelial cell,4417.179360000001,0.118201425080658
http://purl.org/ccf/1.5/hca-heart-teichmann/D4/RA#TissueBlock,http://purl.org/ccf/1.5/ca476545-5b98-476c-b2fd-1b8e1708faed,heart,UBERON:0000948,sc_bulk,http://purl.obolibrary.org/obo/CL_0000057,fibroblast,4222.273935,0.1129858571552135
http://purl.org/ccf/1.5/hca-heart-teichmann/D4/RA#TissueBlock,http://purl.org/ccf/1.5/ca476545-5b98-476c-b2fd-1b8e1708faed,heart,UBERON:0000948,sc_bulk,http://purl.obolibrary.org/obo/CL_0002129,regular atrial cardiac myocyte,3506.1939,0.09382392740083569
http://purl.org/ccf/1.5/hca-heart-teichmann/D4/RA#TissueBlock,http://purl.org/ccf/1.5/ca476545-5b98-476c-b2fd-1b8e1708faed,heart,UBERON:0000948,sc_bulk,https://purl.org/ccf/ASCTB-TEMP_immune-myeloid-,Immune (myeloid),3238.10883,0.08665011018983435
http://purl.org/ccf/1.5/hca-heart-teichmann/D4/RA#TissueBlock,http://purl.org/ccf/1.5/ca476545-5b98-476c-b2fd-1b8e1708faed,heart,UBERON:0000948,sc_bulk,http://purl.obolibrary.org/obo/CL_0000115,endothelial cell,1429.197055,0.03824457076655349
http://purl.org/ccf/1.5/hca-heart-teichmann/D4/RA#TissueBlock,http://purl.org/ccf/1.5/ca476545-5b98-476c-b2fd-1b8e1708faed,heart,UBERON:0000948,sc_bulk,http://purl.obolibrary.org/obo/CL_0000669,pericyte,1114.524675,0.02982410134067029
http://purl.org/ccf/1.5/hca-heart-teichmann/D4/RA#TissueBlock,http://purl.org/ccf/1.5/ca476545-5b98-476c-b2fd-1b8e1708faed,heart,UBERON:0000948,sc_bulk,http://purl.obolibrary.org/obo/CL_0000003,native cell,1025.69126,0.02744696530158006
http://purl.org/ccf/1.5/hca-heart-teichmann/D4/RA#TissueBlock,http://purl.org/ccf/1.5/ca476545-5b98-476c-b2fd-1b8e1708faed,heart,UBERON:0000948,sc_bulk,http://purl.obolibrary.org/obo/CL_0002543,vein endothelial cell,687.1399150000001,0.01838750717670703
http://purl.org/ccf/1.5/hca-heart-teichmann/D4/RA#TissueBlock,http://purl.org/ccf/1.5/ca476545-5b98-476c-b2fd-1b8e1708faed,heart,UBERON:0000948,sc_bulk,http://purl.obolibrary.org/obo/CL_0000235,macrophage,648.9507750000001,0.01736558562842633
http://purl.org/ccf/1.5/hca-heart-teichmann/D4/RA#TissueBlock,http://purl.org/ccf/1.5/ca476545-5b98-476c-b2fd-1b8e1708faed,heart,UBERON:0000948,sc_bulk,http://purl.obolibrary.org/obo/CL_0000192,smooth muscle cell,647.7736100000001,0.01733408530452844
http://purl.org/ccf/1.5/hca-heart-teichmann/D4/RA#TissueBlock,http://purl.org/ccf/1.5/ca476545-5b98-476c-b2fd-1b8e1708faed,heart,UBERON:0000948,sc_bulk,http://purl.obolibrary.org/obo/CL_0002144,capillary endothelial cell,617.213135,0.01651630286878378
http://purl.org/ccf/1.5/hca-heart-teichmann/D4/RA#TissueBlock,http://purl.org/ccf/1.5/ca476545-5b98-476c-b2fd-1b8e1708faed,heart,UBERON:0000948,sc_bulk,http://purl.obolibrary.org/obo/CL_1000413,endothelial cell of artery,567.3841800000001,0.01518290591763984
http://purl.org/ccf/1.5/hca-heart-teichmann/D4/RA#TissueBlock,http://purl.org/ccf/1.5/ca476545-5b98-476c-b2fd-1b8e1708faed,heart,UBERON:0000948,sc_bulk,https://purl.org/ccf/ASCTB-TEMP_immune-lymphocyte-,Immune (lymphocyte),373.97943,0.01000749527563947
http://purl.org/ccf/1.5/hca-heart-teichmann/D4/RA#TissueBlock,http://purl.org/ccf/1.5/ca476545-5b98-476c-b2fd-1b8e1708faed,heart,UBERON:0000948,sc_bulk,http://purl.obolibrary.org/obo/CL_0002319,neural cell,340.071655,0.009100140830717333
http://purl.org/ccf/1.5/hca-heart-teichmann/D4/RA#TissueBlock,http://purl.org/ccf/1.5/ca476545-5b98-476c-b2fd-1b8e1708faed,heart,UBERON:0000948,sc_bulk,http://purl.obolibrary.org/obo/CL_1000309,epicardial adipocyte,283.51444,0.007586699137103794
http://purl.org/ccf/1.5/hca-heart-teichmann/D4/RA#TissueBlock,http://purl.org/ccf/1.5/ca476545-5b98-476c-b2fd-1b8e1708faed,heart,UBERON:0000948,sc_bulk,http://purl.obolibrary.org/obo/CL_0000906,"activated CD8-positive, alpha-beta T cell",250.0722950000001,0.006691804709100763
http://purl.org/ccf/1.5/hca-heart-teichmann/D4/RA#TissueBlock,http://purl.org/ccf/1.5/ca476545-5b98-476c-b2fd-1b8e1708faed,heart,UBERON:0000948,sc_bulk,http://purl.obolibrary.org/obo/CL_0000794,"CD8-positive, alpha-beta cytotoxic T cell",226.644,0.006064875705201304
http://purl.org/ccf/1.5/hca-heart-teichmann/D4/RA#TissueBlock,http://purl.org/ccf/1.5/ca476545-5b98-476c-b2fd-1b8e1708faed,heart,UBERON:0000948,sc_bulk,https://purl.org/ccf/ASCTB-TEMP_glia,Glia,169.520175,0.004536271822324762
http://purl.org/ccf/1.5/hca-heart-teichmann/D4/RA#TissueBlock,http://purl.org/ccf/1.5/ca476545-5b98-476c-b2fd-1b8e1708faed,heart,UBERON:0000948,sc_bulk,http://purl.obolibrary.org/obo/CL_0000236,B cell,161.94387,0.004333533836189257
http://purl.org/ccf/1.5/hca-heart-teichmann/D4/RA#TissueBlock,http://purl.org/ccf/1.5/ca476545-5b98-476c-b2fd-1b8e1708faed,heart,UBERON:0000948,sc_bulk,http://purl.obolibrary.org/obo/CL_0002397,"CD14-positive, CD16-positive monocyte",160.985495,0.004307888219036488
http://purl.org/ccf/1.5/hca-heart-teichmann/D4/RA#TissueBlock,http://purl.org/ccf/1.5/ca476545-5b98-476c-b2fd-1b8e1708faed,heart,UBERON:0000948,sc_bulk,http://purl.obolibrary.org/obo/CL_0000623,natural killer cell,152.02539,0.004068120463743815
http://purl.org/ccf/1.5/hca-heart-teichmann/D4/RA#TissueBlock,http://purl.org/ccf/1.5/ca476545-5b98-476c-b2fd-1b8e1708faed,heart,UBERON:0000948,sc_bulk,http://purl.obolibrary.org/obo/CL_0001054,CD14-positive monocyte,144.51547,0.003867158905723283
http://purl.org/ccf/1.5/hca-heart-teichmann/D4/RA#TissueBlock,http://purl.org/ccf/1.5/ca476545-5b98-476c-b2fd-1b8e1708faed,heart,UBERON:0000948,sc_bulk,http://purl.obolibrary.org/obo/CL_0000934,"CD4-positive, alpha-beta cytotoxic T cell",133.85834,0.003581979642984485
http://purl.org/ccf/1.5/hca-heart-teichmann/D4/RA#TissueBlock,http://purl.org/ccf/1.5/ca476545-5b98-476c-b2fd-1b8e1708faed,heart,UBERON:0000948,sc_bulk,https://purl.org/ccf/ASCTB-TEMP_adipocyte,Adipocyte,112.77222,0.003017726025394965
http://purl.org/ccf/1.5/hca-heart-teichmann/D4/RA#TissueBlock,http://purl.org/ccf/1.5/ca476545-5b98-476c-b2fd-1b8e1708faed,heart,UBERON:0000948,sc_bulk,http://purl.obolibrary.org/obo/CL_0000576,monocyte,93.762735,0.002509042081655494
http://purl.org/ccf/1.5/hca-heart-teichmann/D4/RA#TissueBlock,http://purl.org/ccf/1.5/ca476545-5b98-476c-b2fd-1b8e1708faed,heart,UBERON:0000948,sc_bulk,http://purl.obolibrary.org/obo/CL_0000077,mesothelial cell,90.95119000000001,0.002433806597969272
http://purl.org/ccf/1.5/hca-heart-teichmann/D4/RA#TissueBlock,http://purl.org/ccf/1.5/ca476545-5b98-476c-b2fd-1b8e1708faed,heart,UBERON:0000948,sc_bulk,http://purl.obolibrary.org/obo/CL_0000814,mature NK T cell,56.36554000000001,0.001508312570182984
http://purl.org/ccf/1.5/hca-heart-teichmann/D4/RA#TissueBlock,http://purl.org/ccf/1.5/ca476545-5b98-476c-b2fd-1b8e1708faed,heart,UBERON:0000948,sc_bulk,http://purl.obolibrary.org/obo/CL_0000896,"activated CD4-positive, alpha-beta T cell",52.991125,0.00141801497769094
http://purl.org/ccf/1.5/hca-heart-teichmann/D4/RA#TissueBlock,http://purl.org/ccf/1.5/ca476545-5b98-476c-b2fd-1b8e1708faed,heart,UBERON:0000948,sc_bulk,http://purl.obolibrary.org/obo/CL_0000451,dendritic cell,37.99933500000001,0.001016842465078739
http://purl.org/ccf/1.5/hca-heart-teichmann/D4/RA#TissueBlock,http://purl.org/ccf/1.5/ca476545-5b98-476c-b2fd-1b8e1708faed,heart,UBERON:0000948,sc_bulk,http://purl.obolibrary.org/obo/CL_0000097,mast cell,19.854725,5.313021270624985E-4
http://purl.org/ccf/1.5/hca-heart-teichmann/D4/RA#TissueBlock,http://purl.org/ccf/1.5/ca476545-5b98-476c-b2fd-1b8e1708faed,heart,UBERON:0000948,sc_bulk,http://purl.obolibrary.org/obo/CL_0002138,endothelial cell of lymphatic vessel,8.010145000000001,2.143473191685626E-4
http://purl.org/ccf/1.5/hca-heart-teichmann/D5/LA#TissueBlock,http://purl.org/ccf/1.5/502166ab-e841-4b65-9045-7c386166a9e8,heart,UBERON:0000948,sc_bulk,http://purl.obolibrary.org/obo/CL_0000669,pericyte,3663.468365,0.1796743913592813
http://purl.org/ccf/1.5/hca-heart-teichmann/D5/LA#TissueBlock,http://purl.org/ccf/1.5/502166ab-e841-4b65-9045-7c386166a9e8,heart,UBERON:0000948,sc_bulk,http://purl.obolibrary.org/obo/CL_0002129,regular atrial cardiac myocyte,3357.49736,0.1646680780464154
http://purl.org/ccf/1.5/hca-heart-teichmann/D5/LA#TissueBlock,http://purl.org/ccf/1.5/502166ab-e841-4b65-9045-7c386166a9e8,heart,UBERON:0000948,sc_bulk,http://purl.obolibrary.org/obo/CL_0000057,fibroblast,3210.501155,0.157458665808049
http://purl.org/ccf/1.5/hca-heart-teichmann/D5/LA#TissueBlock,http://purl.org/ccf/1.5/502166ab-e841-4b65-9045-7c386166a9e8,heart,UBERON:0000948,sc_bulk,http://purl.obolibrary.org/obo/CL_0002144,capillary endothelial cell,2525.631305,0.1238693015229087
http://purl.org/ccf/1.5/hca-heart-teichmann/D5/LA#TissueBlock,http://purl.org/ccf/1.5/502166ab-e841-4b65-9045-7c386166a9e8,heart,UBERON:0000948,sc_bulk,http://purl.obolibrary.org/obo/CL_0000235,macrophage,1120.607255,0.05496005600007956
http://purl.org/ccf/1.5/hca-heart-teichmann/D5/LA#TissueBlock,http://purl.org/ccf/1.5/502166ab-e841-4b65-9045-7c386166a9e8,heart,UBERON:0000948,sc_bulk,http://purl.obolibrary.org/obo/CL_0000003,native cell,1030.885955,0.05055968499552101
http://purl.org/ccf/1.5/hca-heart-teichmann/D5/LA#TissueBlock,http://purl.org/ccf/1.5/502166ab-e841-4b65-9045-7c386166a9e8,heart,UBERON:0000948,sc_bulk,http://purl.obolibrary.org/obo/CL_0000192,smooth muscle cell,938.9308699999999,0.04604975825843945
http://purl.org/ccf/1.5/hca-heart-teichmann/D5/LA#TissueBlock,http://purl.org/ccf/1.5/502166ab-e841-4b65-9045-7c386166a9e8,heart,UBERON:0000948,sc_bulk,http://purl.obolibrary.org/obo/CL_0000115,endothelial cell,708.0303850000001,0.03472527010309057
http://purl.org/ccf/1.5/hca-heart-teichmann/D5/LA#TissueBlock,http://purl.org/ccf/1.5/502166ab-e841-4b65-9045-7c386166a9e8,heart,UBERON:0000948,sc_bulk,http://purl.obolibrary.org/obo/CL_1000413,endothelial cell of artery,634.63743,0.03112572093114511
http://purl.org/ccf/1.5/hca-heart-teichmann/D5/LA#TissueBlock,http://purl.org/ccf/1.5/502166ab-e841-4b65-9045-7c386166a9e8,heart,UBERON:0000948,sc_bulk,http://purl.obolibrary.org/obo/CL_0002543,vein endothelial cell,557.6174,0.02734828227630809
http://purl.org/ccf/1.5/hca-heart-teichmann/D5/LA#TissueBlock,http://purl.org/ccf/1.5/502166ab-e841-4b65-9045-7c386166a9e8,heart,UBERON:0000948,sc_bulk,http://purl.obolibrary.org/obo/CL_1000309,epicardial adipocyte,422.011375,0.02069750012699192
http://purl.org/ccf/1.5/hca-heart-teichmann/D5/LA#TissueBlock,http://purl.org/ccf/1.5/502166ab-e841-4b65-9045-7c386166a9e8,heart,UBERON:0000948,sc_bulk,http://purl.obolibrary.org/obo/CL_0000794,"CD8-positive, alpha-beta cytotoxic T cell",302.01924,0.01481249944567017
http://purl.org/ccf/1.5/hca-heart-teichmann/D5/LA#TissueBlock,http://purl.org/ccf/1.5/502166ab-e841-4b65-9045-7c386166a9e8,heart,UBERON:0000948,sc_bulk,http://purl.obolibrary.org/obo/CL_0002319,neural cell,281.12674,0.01378782914761676
http://purl.org/ccf/1.5/hca-heart-teichmann/D5/LA#TissueBlock,http://purl.org/ccf/1.5/502166ab-e841-4b65-9045-7c386166a9e8,heart,UBERON:0000948,sc_bulk,http://purl.obolibrary.org/obo/CL_0002397,"CD14-positive, CD16-positive monocyte",257.29422,0.01261896590139137
http://purl.org/ccf/1.5/hca-heart-teichmann/D5/LA#TissueBlock,http://purl.org/ccf/1.5/502166ab-e841-4b65-9045-7c386166a9e8,heart,UBERON:0000948,sc_bulk,http://purl.obolibrary.org/obo/CL_0000906,"activated CD8-positive, alpha-beta T cell",250.54286,0.01228784621425648
http://purl.org/ccf/1.5/hca-heart-teichmann/D5/LA#TissueBlock,http://purl.org/ccf/1.5/502166ab-e841-4b65-9045-7c386166a9e8,heart,UBERON:0000948,sc_bulk,http://purl.obolibrary.org/obo/CL_0000623,natural killer cell,199.13498,0.009766552557590501
http://purl.org/ccf/1.5/hca-heart-teichmann/D5/LA#TissueBlock,http://purl.org/ccf/1.5/502166ab-e841-4b65-9045-7c386166a9e8,heart,UBERON:0000948,sc_bulk,http://purl.obolibrary.org/obo/CL_0000934,"CD4-positive, alpha-beta cytotoxic T cell",159.69679,0.007832310992340438
http://purl.org/ccf/1.5/hca-heart-teichmann/D5/LA#TissueBlock,http://purl.org/ccf/1.5/502166ab-e841-4b65-9045-7c386166a9e8,heart,UBERON:0000948,sc_bulk,http://purl.obolibrary.org/obo/CL_0000077,mesothelial cell,149.70675,0.007342350611133521
http://purl.org/ccf/1.5/hca-heart-teichmann/D5/LA#TissueBlock,http://purl.org/ccf/1.5/502166ab-e841-4b65-9045-7c386166a9e8,heart,UBERON:0000948,sc_bulk,http://purl.obolibrary.org/obo/CL_0000576,monocyte,119.00779,0.005836723592197079
http://purl.org/ccf/1.5/hca-heart-teichmann/D5/LA#TissueBlock,http://purl.org/ccf/1.5/502166ab-e841-4b65-9045-7c386166a9e8,heart,UBERON:0000948,sc_bulk,http://purl.obolibrary.org/obo/CL_0000814,mature NK T cell,100.25112,0.004916804834777457
http://purl.org/ccf/1.5/hca-heart-teichmann/D5/LA#TissueBlock,http://purl.org/ccf/1.5/502166ab-e841-4b65-9045-7c386166a9e8,heart,UBERON:0000948,sc_bulk,http://purl.obolibrary.org/obo/CL_0001054,CD14-positive monocyte,93.19151000000001,0.004570567061277837
http://purl.org/ccf/1.5/hca-heart-teichmann/D5/LA#TissueBlock,http://purl.org/ccf/1.5/502166ab-e841-4b65-9045-7c386166a9e8,heart,UBERON:0000948,sc_bulk,http://purl.obolibrary.org/obo/CL_0000097,mast cell,74.24714999999999,0.003641443069049474
http://purl.org/ccf/1.5/hca-heart-teichmann/D5/LA#TissueBlock,http://purl.org/ccf/1.5/502166ab-e841-4b65-9045-7c386166a9e8,heart,UBERON:0000948,sc_bulk,http://purl.obolibrary.org/obo/CL_0000236,B cell,74.02658,0.003630625238361828
http://purl.org/ccf/1.5/hca-heart-teichmann/D5/LA#TissueBlock,http://purl.org/ccf/1.5/502166ab-e841-4b65-9045-7c386166a9e8,heart,UBERON:0000948,sc_bulk,http://purl.obolibrary.org/obo/CL_0000896,"activated CD4-positive, alpha-beta T cell",64.03927999999999,0.003140799240144821
http://purl.org/ccf/1.5/hca-heart-teichmann/D5/LA#TissueBlock,http://purl.org/ccf/1.5/502166ab-e841-4b65-9045-7c386166a9e8,heart,UBERON:0000948,sc_bulk,http://purl.obolibrary.org/obo/CL_0000451,dendritic cell,57.850305,0.002837261661688673
http://purl.org/ccf/1.5/hca-heart-teichmann/D5/LA#TissueBlock,http://purl.org/ccf/1.5/502166ab-e841-4b65-9045-7c386166a9e8,heart,UBERON:0000948,sc_bulk,http://purl.obolibrary.org/obo/CL_0002138,endothelial cell of lymphatic vessel,37.53115,0.001840711004273648
http://purl.org/ccf/1.5/hca-heart-teichmann/D5/RA#TissueBlock,http://purl.org/ccf/1.5/ca476545-5b98-476c-b2fd-1b8e1708faed,heart,UBERON:0000948,sc_bulk,https://purl.org/ccf/ASCTB-TEMP_muscle,Muscle,7051.660605,0.1886987746624204
http://purl.org/ccf/1.5/hca-heart-teichmann/D5/RA#TissueBlock,http://purl.org/ccf/1.5/ca476545-5b98-476c-b2fd-1b8e1708faed,heart,UBERON:0000948,sc_bulk,https://purl.org/ccf/ASCTB-TEMP_fibroblast,Fibroblast,5326.804395,0.1425425184941804
http://purl.org/ccf/1.5/hca-heart-teichmann/D5/RA#TissueBlock,http://purl.org/ccf/1.5/ca476545-5b98-476c-b2fd-1b8e1708faed,heart,UBERON:0000948,sc_bulk,https://purl.org/ccf/ASCTB-TEMP_endothelial-cell,Endothelial cell,4417.179360000001,0.118201425080658
http://purl.org/ccf/1.5/hca-heart-teichmann/D5/RA#TissueBlock,http://purl.org/ccf/1.5/ca476545-5b98-476c-b2fd-1b8e1708faed,heart,UBERON:0000948,sc_bulk,http://purl.obolibrary.org/obo/CL_0000057,fibroblast,4222.273935,0.1129858571552135
http://purl.org/ccf/1.5/hca-heart-teichmann/D5/RA#TissueBlock,http://purl.org/ccf/1.5/ca476545-5b98-476c-b2fd-1b8e1708faed,heart,UBERON:0000948,sc_bulk,http://purl.obolibrary.org/obo/CL_0002129,regular atrial cardiac myocyte,3506.1939,0.09382392740083569
http://purl.org/ccf/1.5/hca-heart-teichmann/D5/RA#TissueBlock,http://purl.org/ccf/1.5/ca476545-5b98-476c-b2fd-1b8e1708faed,heart,UBERON:0000948,sc_bulk,https://purl.org/ccf/ASCTB-TEMP_immune-myeloid-,Immune (myeloid),3238.10883,0.08665011018983435
http://purl.org/ccf/1.5/hca-heart-teichmann/D5/RA#TissueBlock,http://purl.org/ccf/1.5/ca476545-5b98-476c-b2fd-1b8e1708faed,heart,UBERON:0000948,sc_bulk,http://purl.obolibrary.org/obo/CL_0000115,endothelial cell,1429.197055,0.03824457076655349
http://purl.org/ccf/1.5/hca-heart-teichmann/D5/RA#TissueBlock,http://purl.org/ccf/1.5/ca476545-5b98-476c-b2fd-1b8e1708faed,heart,UBERON:0000948,sc_bulk,http://purl.obolibrary.org/obo/CL_0000669,pericyte,1114.524675,0.02982410134067029
http://purl.org/ccf/1.5/hca-heart-teichmann/D5/RA#TissueBlock,http://purl.org/ccf/1.5/ca476545-5b98-476c-b2fd-1b8e1708faed,heart,UBERON:0000948,sc_bulk,http://purl.obolibrary.org/obo/CL_0000003,native cell,1025.69126,0.02744696530158006
http://purl.org/ccf/1.5/hca-heart-teichmann/D5/RA#TissueBlock,http://purl.org/ccf/1.5/ca476545-5b98-476c-b2fd-1b8e1708faed,heart,UBERON:0000948,sc_bulk,http://purl.obolibrary.org/obo/CL_0002543,vein endothelial cell,687.1399150000001,0.01838750717670703
http://purl.org/ccf/1.5/hca-heart-teichmann/D5/RA#TissueBlock,http://purl.org/ccf/1.5/ca476545-5b98-476c-b2fd-1b8e1708faed,heart,UBERON:0000948,sc_bulk,http://purl.obolibrary.org/obo/CL_0000235,macrophage,648.9507750000001,0.01736558562842633
http://purl.org/ccf/1.5/hca-heart-teichmann/D5/RA#TissueBlock,http://purl.org/ccf/1.5/ca476545-5b98-476c-b2fd-1b8e1708faed,heart,UBERON:0000948,sc_bulk,http://purl.obolibrary.org/obo/CL_0000192,smooth muscle cell,647.7736100000001,0.01733408530452844
http://purl.org/ccf/1.5/hca-heart-teichmann/D5/RA#TissueBlock,http://purl.org/ccf/1.5/ca476545-5b98-476c-b2fd-1b8e1708faed,heart,UBERON:0000948,sc_bulk,http://purl.obolibrary.org/obo/CL_0002144,capillary endothelial cell,617.213135,0.01651630286878378
http://purl.org/ccf/1.5/hca-heart-teichmann/D5/RA#TissueBlock,http://purl.org/ccf/1.5/ca476545-5b98-476c-b2fd-1b8e1708faed,heart,UBERON:0000948,sc_bulk,http://purl.obolibrary.org/obo/CL_1000413,endothelial cell of artery,567.3841800000001,0.01518290591763984
http://purl.org/ccf/1.5/hca-heart-teichmann/D5/RA#TissueBlock,http://purl.org/ccf/1.5/ca476545-5b98-476c-b2fd-1b8e1708faed,heart,UBERON:0000948,sc_bulk,https://purl.org/ccf/ASCTB-TEMP_immune-lymphocyte-,Immune (lymphocyte),373.97943,0.01000749527563947
http://purl.org/ccf/1.5/hca-heart-teichmann/D5/RA#TissueBlock,http://purl.org/ccf/1.5/ca476545-5b98-476c-b2fd-1b8e1708faed,heart,UBERON:0000948,sc_bulk,http://purl.obolibrary.org/obo/CL_0002319,neural cell,340.071655,0.009100140830717333
http://purl.org/ccf/1.5/hca-heart-teichmann/D5/RA#TissueBlock,http://purl.org/ccf/1.5/ca476545-5b98-476c-b2fd-1b8e1708faed,heart,UBERON:0000948,sc_bulk,http://purl.obolibrary.org/obo/CL_1000309,epicardial adipocyte,283.51444,0.007586699137103794
http://purl.org/ccf/1.5/hca-heart-teichmann/D5/RA#TissueBlock,http://purl.org/ccf/1.5/ca476545-5b98-476c-b2fd-1b8e1708faed,heart,UBERON:0000948,sc_bulk,http://purl.obolibrary.org/obo/CL_0000906,"activated CD8-positive, alpha-beta T cell",250.0722950000001,0.006691804709100763
http://purl.org/ccf/1.5/hca-heart-teichmann/D5/RA#TissueBlock,http://purl.org/ccf/1.5/ca476545-5b98-476c-b2fd-1b8e1708faed,heart,UBERON:0000948,sc_bulk,http://purl.obolibrary.org/obo/CL_0000794,"CD8-positive, alpha-beta cytotoxic T cell",226.644,0.006064875705201304
http://purl.org/ccf/1.5/hca-heart-teichmann/D5/RA#TissueBlock,http://purl.org/ccf/1.5/ca476545-5b98-476c-b2fd-1b8e1708faed,heart,UBERON:0000948,sc_bulk,https://purl.org/ccf/ASCTB-TEMP_glia,Glia,169.520175,0.004536271822324762
http://purl.org/ccf/1.5/hca-heart-teichmann/D5/RA#TissueBlock,http://purl.org/ccf/1.5/ca476545-5b98-476c-b2fd-1b8e1708faed,heart,UBERON:0000948,sc_bulk,http://purl.obolibrary.org/obo/CL_0000236,B cell,161.94387,0.004333533836189257
http://purl.org/ccf/1.5/hca-heart-teichmann/D5/RA#TissueBlock,http://purl.org/ccf/1.5/ca476545-5b98-476c-b2fd-1b8e1708faed,heart,UBERON:0000948,sc_bulk,http://purl.obolibrary.org/obo/CL_0002397,"CD14-positive, CD16-positive monocyte",160.985495,0.004307888219036488
http://purl.org/ccf/1.5/hca-heart-teichmann/D5/RA#TissueBlock,http://purl.org/ccf/1.5/ca476545-5b98-476c-b2fd-1b8e1708faed,heart,UBERON:0000948,sc_bulk,http://purl.obolibrary.org/obo/CL_0000623,natural killer cell,152.02539,0.004068120463743815
http://purl.org/ccf/1.5/hca-heart-teichmann/D5/RA#TissueBlock,http://purl.org/ccf/1.5/ca476545-5b98-476c-b2fd-1b8e1708faed,heart,UBERON:0000948,sc_bulk,http://purl.obolibrary.org/obo/CL_0001054,CD14-positive monocyte,144.51547,0.003867158905723283
http://purl.org/ccf/1.5/hca-heart-teichmann/D5/RA#TissueBlock,http://purl.org/ccf/1.5/ca476545-5b98-476c-b2fd-1b8e1708faed,heart,UBERON:0000948,sc_bulk,http://purl.obolibrary.org/obo/CL_0000934,"CD4-positive, alpha-beta cytotoxic T cell",133.85834,0.003581979642984485
http://purl.org/ccf/1.5/hca-heart-teichmann/D5/RA#TissueBlock,http://purl.org/ccf/1.5/ca476545-5b98-476c-b2fd-1b8e1708faed,heart,UBERON:0000948,sc_bulk,https://purl.org/ccf/ASCTB-TEMP_adipocyte,Adipocyte,112.77222,0.003017726025394965
http://purl.org/ccf/1.5/hca-heart-teichmann/D5/RA#TissueBlock,http://purl.org/ccf/1.5/ca476545-5b98-476c-b2fd-1b8e1708faed,heart,UBERON:0000948,sc_bulk,http://purl.obolibrary.org/obo/CL_0000576,monocyte,93.762735,0.002509042081655494
http://purl.org/ccf/1.5/hca-heart-teichmann/D5/RA#TissueBlock,http://purl.org/ccf/1.5/ca476545-5b98-476c-b2fd-1b8e1708faed,heart,UBERON:0000948,sc_bulk,http://purl.obolibrary.org/obo/CL_0000077,mesothelial cell,90.95119000000001,0.002433806597969272
http://purl.org/ccf/1.5/hca-heart-teichmann/D5/RA#TissueBlock,http://purl.org/ccf/1.5/ca476545-5b98-476c-b2fd-1b8e1708faed,heart,UBERON:0000948,sc_bulk,http://purl.obolibrary.org/obo/CL_0000814,mature NK T cell,56.36554000000001,0.001508312570182984
http://purl.org/ccf/1.5/hca-heart-teichmann/D5/RA#TissueBlock,http://purl.org/ccf/1.5/ca476545-5b98-476c-b2fd-1b8e1708faed,heart,UBERON:0000948,sc_bulk,http://purl.obolibrary.org/obo/CL_0000896,"activated CD4-positive, alpha-beta T cell",52.991125,0.00141801497769094
http://purl.org/ccf/1.5/hca-heart-teichmann/D5/RA#TissueBlock,http://purl.org/ccf/1.5/ca476545-5b98-476c-b2fd-1b8e1708faed,heart,UBERON:0000948,sc_bulk,http://purl.obolibrary.org/obo/CL_0000451,dendritic cell,37.99933500000001,0.001016842465078739
http://purl.org/ccf/1.5/hca-heart-teichmann/D5/RA#TissueBlock,http://purl.org/ccf/1.5/ca476545-5b98-476c-b2fd-1b8e1708faed,heart,UBERON:0000948,sc_bulk,http://purl.obolibrary.org/obo/CL_0000097,mast cell,19.854725,5.313021270624985E-4
http://purl.org/ccf/1.5/hca-heart-teichmann/D5/RA#TissueBlock,http://purl.org/ccf/1.5/ca476545-5b98-476c-b2fd-1b8e1708faed,heart,UBERON:0000948,sc_bulk,http://purl.obolibrary.org/obo/CL_0002138,endothelial cell of lymphatic vessel,8.010145000000001,2.143473191685626E-4
http://purl.org/ccf/1.5/hca-heart-teichmann/D6/LA#TissueBlock,http://purl.org/ccf/1.5/9bd653dd-2309-4ecc-b4c8-e9f3de4bf8ca,heart,UBERON:0000948,sc_bulk,http://purl.obolibrary.org/obo/CL_0000669,pericyte,5176.988872,0.1796743913592813
http://purl.org/ccf/1.5/hca-heart-teichmann/D6/LA#TissueBlock,http://purl.org/ccf/1.5/9bd653dd-2309-4ecc-b4c8-e9f3de4bf8ca,heart,UBERON:0000948,sc_bulk,http://purl.obolibrary.org/obo/CL_0002129,regular atrial cardiac myocyte,4744.609408,0.1646680780464154
http://purl.org/ccf/1.5/hca-heart-teichmann/D6/LA#TissueBlock,http://purl.org/ccf/1.5/9bd653dd-2309-4ecc-b4c8-e9f3de4bf8ca,heart,UBERON:0000948,sc_bulk,http://purl.obolibrary.org/obo/CL_0000057,fibroblast,4536.883383999999,0.157458665808049
http://purl.org/ccf/1.5/hca-heart-teichmann/D6/LA#TissueBlock,http://purl.org/ccf/1.5/9bd653dd-2309-4ecc-b4c8-e9f3de4bf8ca,heart,UBERON:0000948,sc_bulk,http://purl.obolibrary.org/obo/CL_0002144,capillary endothelial cell,3569.067304,0.1238693015229087
http://purl.org/ccf/1.5/hca-heart-teichmann/D6/LA#TissueBlock,http://purl.org/ccf/1.5/9bd653dd-2309-4ecc-b4c8-e9f3de4bf8ca,heart,UBERON:0000948,sc_bulk,http://purl.obolibrary.org/obo/CL_0000235,macrophage,1583.573464,0.05496005600007958
http://purl.org/ccf/1.5/hca-heart-teichmann/D6/LA#TissueBlock,http://purl.org/ccf/1.5/9bd653dd-2309-4ecc-b4c8-e9f3de4bf8ca,heart,UBERON:0000948,sc_bulk,http://purl.obolibrary.org/obo/CL_0000003,native cell,1456.784824,0.05055968499552103
http://purl.org/ccf/1.5/hca-heart-teichmann/D6/LA#TissueBlock,http://purl.org/ccf/1.5/9bd653dd-2309-4ecc-b4c8-e9f3de4bf8ca,heart,UBERON:0000948,sc_bulk,http://purl.obolibrary.org/obo/CL_0000192,smooth muscle cell,1326.839536,0.04604975825843946
http://purl.org/ccf/1.5/hca-heart-teichmann/D6/LA#TissueBlock,http://purl.org/ccf/1.5/9bd653dd-2309-4ecc-b4c8-e9f3de4bf8ca,heart,UBERON:0000948,sc_bulk,http://purl.obolibrary.org/obo/CL_0000115,endothelial cell,1000.545128,0.03472527010309058
http://purl.org/ccf/1.5/hca-heart-teichmann/D6/LA#TissueBlock,http://purl.org/ccf/1.5/9bd653dd-2309-4ecc-b4c8-e9f3de4bf8ca,heart,UBERON:0000948,sc_bulk,http://purl.obolibrary.org/obo/CL_1000413,endothelial cell of artery,896.830704,0.03112572093114512
http://purl.org/ccf/1.5/hca-heart-teichmann/D6/LA#TissueBlock,http://purl.org/ccf/1.5/9bd653dd-2309-4ecc-b4c8-e9f3de4bf8ca,heart,UBERON:0000948,sc_bulk,http://purl.obolibrary.org/obo/CL_0002543,vein endothelial cell,787.9907199999998,0.02734828227630809
http://purl.org/ccf/1.5/hca-heart-teichmann/D6/LA#TissueBlock,http://purl.org/ccf/1.5/9bd653dd-2309-4ecc-b4c8-e9f3de4bf8ca,heart,UBERON:0000948,sc_bulk,http://purl.obolibrary.org/obo/CL_1000309,epicardial adipocyte,596.3605999999999,0.02069750012699193
http://purl.org/ccf/1.5/hca-heart-teichmann/D6/LA#TissueBlock,http://purl.org/ccf/1.5/9bd653dd-2309-4ecc-b4c8-e9f3de4bf8ca,heart,UBERON:0000948,sc_bulk,http://purl.obolibrary.org/obo/CL_0000794,"CD8-positive, alpha-beta cytotoxic T cell",426.7950719999999,0.01481249944567017
http://purl.org/ccf/1.5/hca-heart-teichmann/D6/LA#TissueBlock,http://purl.org/ccf/1.5/9bd653dd-2309-4ecc-b4c8-e9f3de4bf8ca,heart,UBERON:0000948,sc_bulk,http://purl.obolibrary.org/obo/CL_0002319,neural cell,397.271072,0.01378782914761676
http://purl.org/ccf/1.5/hca-heart-teichmann/D6/LA#TissueBlock,http://purl.org/ccf/1.5/9bd653dd-2309-4ecc-b4c8-e9f3de4bf8ca,heart,UBERON:0000948,sc_bulk,http://purl.obolibrary.org/obo/CL_0002397,"CD14-positive, CD16-positive monocyte",363.592416,0.01261896590139138
http://purl.org/ccf/1.5/hca-heart-teichmann/D6/LA#TissueBlock,http://purl.org/ccf/1.5/9bd653dd-2309-4ecc-b4c8-e9f3de4bf8ca,heart,UBERON:0000948,sc_bulk,http://purl.obolibrary.org/obo/CL_0000906,"activated CD8-positive, alpha-beta T cell",354.051808,0.01228784621425648
http://purl.org/ccf/1.5/hca-heart-teichmann/D6/LA#TissueBlock,http://purl.org/ccf/1.5/9bd653dd-2309-4ecc-b4c8-e9f3de4bf8ca,heart,UBERON:0000948,sc_bulk,http://purl.obolibrary.org/obo/CL_0000623,natural killer cell,281.405344,0.009766552557590503
http://purl.org/ccf/1.5/hca-heart-teichmann/D6/LA#TissueBlock,http://purl.org/ccf/1.5/9bd653dd-2309-4ecc-b4c8-e9f3de4bf8ca,heart,UBERON:0000948,sc_bulk,http://purl.obolibrary.org/obo/CL_0000934,"CD4-positive, alpha-beta cytotoxic T cell",225.673712,0.00783231099234044
http://purl.org/ccf/1.5/hca-heart-teichmann/D6/LA#TissueBlock,http://purl.org/ccf/1.5/9bd653dd-2309-4ecc-b4c8-e9f3de4bf8ca,heart,UBERON:0000948,sc_bulk,http://purl.obolibrary.org/obo/CL_0000077,mesothelial cell,211.5563999999999,0.007342350611133523
http://purl.org/ccf/1.5/hca-heart-teichmann/D6/LA#TissueBlock,http://purl.org/ccf/1.5/9bd653dd-2309-4ecc-b4c8-e9f3de4bf8ca,heart,UBERON:0000948,sc_bulk,http://purl.obolibrary.org/obo/CL_0000576,monocyte,168.174512,0.005836723592197079
http://purl.org/ccf/1.5/hca-heart-teichmann/D6/LA#TissueBlock,http://purl.org/ccf/1.5/9bd653dd-2309-4ecc-b4c8-e9f3de4bf8ca,heart,UBERON:0000948,sc_bulk,http://purl.obolibrary.org/obo/CL_0000814,mature NK T cell,141.668736,0.004916804834777458
http://purl.org/ccf/1.5/hca-heart-teichmann/D6/LA#TissueBlock,http://purl.org/ccf/1.5/9bd653dd-2309-4ecc-b4c8-e9f3de4bf8ca,heart,UBERON:0000948,sc_bulk,http://purl.obolibrary.org/obo/CL_0001054,CD14-positive monocyte,131.692528,0.004570567061277838
http://purl.org/ccf/1.5/hca-heart-teichmann/D6/LA#TissueBlock,http://purl.org/ccf/1.5/9bd653dd-2309-4ecc-b4c8-e9f3de4bf8ca,heart,UBERON:0000948,sc_bulk,http://purl.obolibrary.org/obo/CL_0000097,mast cell,104.92152,0.003641443069049475
http://purl.org/ccf/1.5/hca-heart-teichmann/D6/LA#TissueBlock,http://purl.org/ccf/1.5/9bd653dd-2309-4ecc-b4c8-e9f3de4bf8ca,heart,UBERON:0000948,sc_bulk,http://purl.obolibrary.org/obo/CL_0000236,B cell,104.609824,0.003630625238361829
http://purl.org/ccf/1.5/hca-heart-teichmann/D6/LA#TissueBlock,http://purl.org/ccf/1.5/9bd653dd-2309-4ecc-b4c8-e9f3de4bf8ca,heart,UBERON:0000948,sc_bulk,http://purl.obolibrary.org/obo/CL_0000896,"activated CD4-positive, alpha-beta T cell",90.49638399999998,0.003140799240144822
http://purl.org/ccf/1.5/hca-heart-teichmann/D6/LA#TissueBlock,http://purl.org/ccf/1.5/9bd653dd-2309-4ecc-b4c8-e9f3de4bf8ca,heart,UBERON:0000948,sc_bulk,http://purl.obolibrary.org/obo/CL_0000451,dendritic cell,81.75050399999999,0.002837261661688673
http://purl.org/ccf/1.5/hca-heart-teichmann/D6/LA#TissueBlock,http://purl.org/ccf/1.5/9bd653dd-2309-4ecc-b4c8-e9f3de4bf8ca,heart,UBERON:0000948,sc_bulk,http://purl.obolibrary.org/obo/CL_0002138,endothelial cell of lymphatic vessel,53.03671999999999,0.001840711004273648
http://purl.org/ccf/1.5/hca-heart-teichmann/D6/RA#TissueBlock,http://purl.org/ccf/1.5/3bf6e5a0-a04d-498e-89b1-b2c2562e4483,heart,UBERON:0000948,sc_bulk,https://purl.org/ccf/ASCTB-TEMP_muscle,Muscle,4200.828831000001,0.1886987746624205
http://purl.org/ccf/1.5/hca-heart-teichmann/D6/RA#TissueBlock,http://purl.org/ccf/1.5/3bf6e5a0-a04d-498e-89b1-b2c2562e4483,heart,UBERON:0000948,sc_bulk,https://purl.org/ccf/ASCTB-TEMP_fibroblast,Fibroblast,3173.294169,0.1425425184941805
http://purl.org/ccf/1.5/hca-heart-teichmann/D6/RA#TissueBlock,http://purl.org/ccf/1.5/3bf6e5a0-a04d-498e-89b1-b2c2562e4483,heart,UBERON:0000948,sc_bulk,https://purl.org/ccf/ASCTB-TEMP_endothelial-cell,Endothelial cell,2631.410592000001,0.118201425080658
http://purl.org/ccf/1.5/hca-heart-teichmann/D6/RA#TissueBlock,http://purl.org/ccf/1.5/3bf6e5a0-a04d-498e-89b1-b2c2562e4483,heart,UBERON:0000948,sc_bulk,http://purl.obolibrary.org/obo/CL_0000057,fibroblast,2515.301157,0.1129858571552135
http://purl.org/ccf/1.5/hca-heart-teichmann/D6/RA#TissueBlock,http://purl.org/ccf/1.5/3bf6e5a0-a04d-498e-89b1-b2c2562e4483,heart,UBERON:0000948,sc_bulk,http://purl.obolibrary.org/obo/CL_0002129,regular atrial cardiac myocyte,2088.71658,0.0938239274008357
http://purl.org/ccf/1.5/hca-heart-teichmann/D6/RA#TissueBlock,http://purl.org/ccf/1.5/3bf6e5a0-a04d-498e-89b1-b2c2562e4483,heart,UBERON:0000948,sc_bulk,https://purl.org/ccf/ASCTB-TEMP_immune-myeloid-,Immune (myeloid),1929.012426,0.08665011018983436
http://purl.org/ccf/1.5/hca-heart-teichmann/D6/RA#TissueBlock,http://purl.org/ccf/1.5/3bf6e5a0-a04d-498e-89b1-b2c2562e4483,heart,UBERON:0000948,sc_bulk,http://purl.obolibrary.org/obo/CL_0000115,endothelial cell,851.4040210000001,0.0382445707665535
http://purl.org/ccf/1.5/hca-heart-teichmann/D6/RA#TissueBlock,http://purl.org/ccf/1.5/3bf6e5a0-a04d-498e-89b1-b2c2562e4483,heart,UBERON:0000948,sc_bulk,http://purl.obolibrary.org/obo/CL_0000669,pericyte,663.946785,0.0298241013406703
http://purl.org/ccf/1.5/hca-heart-teichmann/D6/RA#TissueBlock,http://purl.org/ccf/1.5/3bf6e5a0-a04d-498e-89b1-b2c2562e4483,heart,UBERON:0000948,sc_bulk,http://purl.obolibrary.org/obo/CL_0000003,native cell,611.0267719999999,0.02744696530158007
http://purl.org/ccf/1.5/hca-heart-teichmann/D6/RA#TissueBlock,http://purl.org/ccf/1.5/3bf6e5a0-a04d-498e-89b1-b2c2562e4483,heart,UBERON:0000948,sc_bulk,http://purl.obolibrary.org/obo/CL_0002543,vein endothelial cell,409.3443130000001,0.01838750717670704
http://purl.org/ccf/1.5/hca-heart-teichmann/D6/RA#TissueBlock,http://purl.org/ccf/1.5/3bf6e5a0-a04d-498e-89b1-b2c2562e4483,heart,UBERON:0000948,sc_bulk,http://purl.obolibrary.org/obo/CL_0000235,macrophage,386.594205,0.01736558562842633
http://purl.org/ccf/1.5/hca-heart-teichmann/D6/RA#TissueBlock,http://purl.org/ccf/1.5/3bf6e5a0-a04d-498e-89b1-b2c2562e4483,heart,UBERON:0000948,sc_bulk,http://purl.obolibrary.org/obo/CL_0000192,smooth muscle cell,385.8929420000001,0.01733408530452845
http://purl.org/ccf/1.5/hca-heart-teichmann/D6/RA#TissueBlock,http://purl.org/ccf/1.5/3bf6e5a0-a04d-498e-89b1-b2c2562e4483,heart,UBERON:0000948,sc_bulk,http://purl.obolibrary.org/obo/CL_0002144,capillary endothelial cell,367.687397,0.01651630286878379
http://purl.org/ccf/1.5/hca-heart-teichmann/D6/RA#TissueBlock,http://purl.org/ccf/1.5/3bf6e5a0-a04d-498e-89b1-b2c2562e4483,heart,UBERON:0000948,sc_bulk,http://purl.obolibrary.org/obo/CL_1000413,endothelial cell of artery,338.0031960000001,0.01518290591763984
http://purl.org/ccf/1.5/hca-heart-teichmann/D6/RA#TissueBlock,http://purl.org/ccf/1.5/3bf6e5a0-a04d-498e-89b1-b2c2562e4483,heart,UBERON:0000948,sc_bulk,https://purl.org/ccf/ASCTB-TEMP_immune-lymphocyte-,Immune (lymphocyte),222.787746,0.01000749527563947
http://purl.org/ccf/1.5/hca-heart-teichmann/D6/RA#TissueBlock,http://purl.org/ccf/1.5/3bf6e5a0-a04d-498e-89b1-b2c2562e4483,heart,UBERON:0000948,sc_bulk,http://purl.obolibrary.org/obo/CL_0002319,neural cell,202.588141,0.009100140830717337
http://purl.org/ccf/1.5/hca-heart-teichmann/D6/RA#TissueBlock,http://purl.org/ccf/1.5/3bf6e5a0-a04d-498e-89b1-b2c2562e4483,heart,UBERON:0000948,sc_bulk,http://purl.obolibrary.org/obo/CL_1000309,epicardial adipocyte,168.895768,0.007586699137103795
http://purl.org/ccf/1.5/hca-heart-teichmann/D6/RA#TissueBlock,http://purl.org/ccf/1.5/3bf6e5a0-a04d-498e-89b1-b2c2562e4483,heart,UBERON:0000948,sc_bulk,http://purl.obolibrary.org/obo/CL_0000906,"activated CD8-positive, alpha-beta T cell",148.973549,0.006691804709100766
http://purl.org/ccf/1.5/hca-heart-teichmann/D6/RA#TissueBlock,http://purl.org/ccf/1.5/3bf6e5a0-a04d-498e-89b1-b2c2562e4483,heart,UBERON:0000948,sc_bulk,http://purl.obolibrary.org/obo/CL_0000794,"CD8-positive, alpha-beta cytotoxic T cell",135.0168,0.006064875705201304
http://purl.org/ccf/1.5/hca-heart-teichmann/D6/RA#TissueBlock,http://purl.org/ccf/1.5/3bf6e5a0-a04d-498e-89b1-b2c2562e4483,heart,UBERON:0000948,sc_bulk,https://purl.org/ccf/ASCTB-TEMP_glia,Glia,100.986885,0.004536271822324763
http://purl.org/ccf/1.5/hca-heart-teichmann/D6/RA#TissueBlock,http://purl.org/ccf/1.5/3bf6e5a0-a04d-498e-89b1-b2c2562e4483,heart,UBERON:0000948,sc_bulk,http://purl.obolibrary.org/obo/CL_0000236,B cell,96.47351400000001,0.004333533836189259
http://purl.org/ccf/1.5/hca-heart-teichmann/D6/RA#TissueBlock,http://purl.org/ccf/1.5/3bf6e5a0-a04d-498e-89b1-b2c2562e4483,heart,UBERON:0000948,sc_bulk,http://purl.obolibrary.org/obo/CL_0002397,"CD14-positive, CD16-positive monocyte",95.902589,0.004307888219036489
http://purl.org/ccf/1.5/hca-heart-teichmann/D6/RA#TissueBlock,http://purl.org/ccf/1.5/3bf6e5a0-a04d-498e-89b1-b2c2562e4483,heart,UBERON:0000948,sc_bulk,http://purl.obolibrary.org/obo/CL_0000623,natural killer cell,90.56485800000002,0.004068120463743816
http://purl.org/ccf/1.5/hca-heart-teichmann/D6/RA#TissueBlock,http://purl.org/ccf/1.5/3bf6e5a0-a04d-498e-89b1-b2c2562e4483,heart,UBERON:0000948,sc_bulk,http://purl.obolibrary.org/obo/CL_0001054,CD14-positive monocyte,86.091034,0.003867158905723283
http://purl.org/ccf/1.5/hca-heart-teichmann/D6/RA#TissueBlock,http://purl.org/ccf/1.5/3bf6e5a0-a04d-498e-89b1-b2c2562e4483,heart,UBERON:0000948,sc_bulk,http://purl.obolibrary.org/obo/CL_0000934,"CD4-positive, alpha-beta cytotoxic T cell",79.742348,0.003581979642984486
http://purl.org/ccf/1.5/hca-heart-teichmann/D6/RA#TissueBlock,http://purl.org/ccf/1.5/3bf6e5a0-a04d-498e-89b1-b2c2562e4483,heart,UBERON:0000948,sc_bulk,https://purl.org/ccf/ASCTB-TEMP_adipocyte,Adipocyte,67.180884,0.003017726025394966
http://purl.org/ccf/1.5/hca-heart-teichmann/D6/RA#TissueBlock,http://purl.org/ccf/1.5/3bf6e5a0-a04d-498e-89b1-b2c2562e4483,heart,UBERON:0000948,sc_bulk,http://purl.obolibrary.org/obo/CL_0000576,monocyte,55.85651700000001,0.002509042081655495
http://purl.org/ccf/1.5/hca-heart-teichmann/D6/RA#TissueBlock,http://purl.org/ccf/1.5/3bf6e5a0-a04d-498e-89b1-b2c2562e4483,heart,UBERON:0000948,sc_bulk,http://purl.obolibrary.org/obo/CL_0000077,mesothelial cell,54.18161800000001,0.002433806597969273
http://purl.org/ccf/1.5/hca-heart-teichmann/D6/RA#TissueBlock,http://purl.org/ccf/1.5/3bf6e5a0-a04d-498e-89b1-b2c2562e4483,heart,UBERON:0000948,sc_bulk,http://purl.obolibrary.org/obo/CL_0000814,mature NK T cell,33.578188,0.001508312570182985
http://purl.org/ccf/1.5/hca-heart-teichmann/D6/RA#TissueBlock,http://purl.org/ccf/1.5/3bf6e5a0-a04d-498e-89b1-b2c2562e4483,heart,UBERON:0000948,sc_bulk,http://purl.obolibrary.org/obo/CL_0000896,"activated CD4-positive, alpha-beta T cell",31.567975,0.00141801497769094
http://purl.org/ccf/1.5/hca-heart-teichmann/D6/RA#TissueBlock,http://purl.org/ccf/1.5/3bf6e5a0-a04d-498e-89b1-b2c2562e4483,heart,UBERON:0000948,sc_bulk,http://purl.obolibrary.org/obo/CL_0000451,dendritic cell,22.63703700000001,0.001016842465078739
http://purl.org/ccf/1.5/hca-heart-teichmann/D6/RA#TissueBlock,http://purl.org/ccf/1.5/3bf6e5a0-a04d-498e-89b1-b2c2562e4483,heart,UBERON:0000948,sc_bulk,http://purl.obolibrary.org/obo/CL_0000097,mast cell,11.827895,5.313021270624986E-4
http://purl.org/ccf/1.5/hca-heart-teichmann/D6/RA#TissueBlock,http://purl.org/ccf/1.5/3bf6e5a0-a04d-498e-89b1-b2c2562e4483,heart,UBERON:0000948,sc_bulk,http://purl.obolibrary.org/obo/CL_0002138,endothelial cell of lymphatic vessel,4.771819000000001,2.143473191685626E-4
http://purl.org/ccf/1.5/hca-heart-teichmann/D7/LA#TissueBlock,http://purl.org/ccf/1.5/9bd653dd-2309-4ecc-b4c8-e9f3de4bf8ca,heart,UBERON:0000948,sc_bulk,http://purl.obolibrary.org/obo/CL_0000669,pericyte,5176.988872,0.1796743913592813
http://purl.org/ccf/1.5/hca-heart-teichmann/D7/LA#TissueBlock,http://purl.org/ccf/1.5/9bd653dd-2309-4ecc-b4c8-e9f3de4bf8ca,heart,UBERON:0000948,sc_bulk,http://purl.obolibrary.org/obo/CL_0002129,regular atrial cardiac myocyte,4744.609408,0.1646680780464154
http://purl.org/ccf/1.5/hca-heart-teichmann/D7/LA#TissueBlock,http://purl.org/ccf/1.5/9bd653dd-2309-4ecc-b4c8-e9f3de4bf8ca,heart,UBERON:0000948,sc_bulk,http://purl.obolibrary.org/obo/CL_0000057,fibroblast,4536.883383999999,0.157458665808049
http://purl.org/ccf/1.5/hca-heart-teichmann/D7/LA#TissueBlock,http://purl.org/ccf/1.5/9bd653dd-2309-4ecc-b4c8-e9f3de4bf8ca,heart,UBERON:0000948,sc_bulk,http://purl.obolibrary.org/obo/CL_0002144,capillary endothelial cell,3569.067304,0.1238693015229087
http://purl.org/ccf/1.5/hca-heart-teichmann/D7/LA#TissueBlock,http://purl.org/ccf/1.5/9bd653dd-2309-4ecc-b4c8-e9f3de4bf8ca,heart,UBERON:0000948,sc_bulk,http://purl.obolibrary.org/obo/CL_0000235,macrophage,1583.573464,0.05496005600007958
http://purl.org/ccf/1.5/hca-heart-teichmann/D7/LA#TissueBlock,http://purl.org/ccf/1.5/9bd653dd-2309-4ecc-b4c8-e9f3de4bf8ca,heart,UBERON:0000948,sc_bulk,http://purl.obolibrary.org/obo/CL_0000003,native cell,1456.784824,0.05055968499552103
http://purl.org/ccf/1.5/hca-heart-teichmann/D7/LA#TissueBlock,http://purl.org/ccf/1.5/9bd653dd-2309-4ecc-b4c8-e9f3de4bf8ca,heart,UBERON:0000948,sc_bulk,http://purl.obolibrary.org/obo/CL_0000192,smooth muscle cell,1326.839536,0.04604975825843946
http://purl.org/ccf/1.5/hca-heart-teichmann/D7/LA#TissueBlock,http://purl.org/ccf/1.5/9bd653dd-2309-4ecc-b4c8-e9f3de4bf8ca,heart,UBERON:0000948,sc_bulk,http://purl.obolibrary.org/obo/CL_0000115,endothelial cell,1000.545128,0.03472527010309058
http://purl.org/ccf/1.5/hca-heart-teichmann/D7/LA#TissueBlock,http://purl.org/ccf/1.5/9bd653dd-2309-4ecc-b4c8-e9f3de4bf8ca,heart,UBERON:0000948,sc_bulk,http://purl.obolibrary.org/obo/CL_1000413,endothelial cell of artery,896.830704,0.03112572093114512
http://purl.org/ccf/1.5/hca-heart-teichmann/D7/LA#TissueBlock,http://purl.org/ccf/1.5/9bd653dd-2309-4ecc-b4c8-e9f3de4bf8ca,heart,UBERON:0000948,sc_bulk,http://purl.obolibrary.org/obo/CL_0002543,vein endothelial cell,787.9907199999998,0.02734828227630809
http://purl.org/ccf/1.5/hca-heart-teichmann/D7/LA#TissueBlock,http://purl.org/ccf/1.5/9bd653dd-2309-4ecc-b4c8-e9f3de4bf8ca,heart,UBERON:0000948,sc_bulk,http://purl.obolibrary.org/obo/CL_1000309,epicardial adipocyte,596.3605999999999,0.02069750012699193
http://purl.org/ccf/1.5/hca-heart-teichmann/D7/LA#TissueBlock,http://purl.org/ccf/1.5/9bd653dd-2309-4ecc-b4c8-e9f3de4bf8ca,heart,UBERON:0000948,sc_bulk,http://purl.obolibrary.org/obo/CL_0000794,"CD8-positive, alpha-beta cytotoxic T cell",426.7950719999999,0.01481249944567017
http://purl.org/ccf/1.5/hca-heart-teichmann/D7/LA#TissueBlock,http://purl.org/ccf/1.5/9bd653dd-2309-4ecc-b4c8-e9f3de4bf8ca,heart,UBERON:0000948,sc_bulk,http://purl.obolibrary.org/obo/CL_0002319,neural cell,397.271072,0.01378782914761676
http://purl.org/ccf/1.5/hca-heart-teichmann/D7/LA#TissueBlock,http://purl.org/ccf/1.5/9bd653dd-2309-4ecc-b4c8-e9f3de4bf8ca,heart,UBERON:0000948,sc_bulk,http://purl.obolibrary.org/obo/CL_0002397,"CD14-positive, CD16-positive monocyte",363.592416,0.01261896590139138
http://purl.org/ccf/1.5/hca-heart-teichmann/D7/LA#TissueBlock,http://purl.org/ccf/1.5/9bd653dd-2309-4ecc-b4c8-e9f3de4bf8ca,heart,UBERON:0000948,sc_bulk,http://purl.obolibrary.org/obo/CL_0000906,"activated CD8-positive, alpha-beta T cell",354.051808,0.01228784621425648
http://purl.org/ccf/1.5/hca-heart-teichmann/D7/LA#TissueBlock,http://purl.org/ccf/1.5/9bd653dd-2309-4ecc-b4c8-e9f3de4bf8ca,heart,UBERON:0000948,sc_bulk,http://purl.obolibrary.org/obo/CL_0000623,natural killer cell,281.405344,0.009766552557590503
http://purl.org/ccf/1.5/hca-heart-teichmann/D7/LA#TissueBlock,http://purl.org/ccf/1.5/9bd653dd-2309-4ecc-b4c8-e9f3de4bf8ca,heart,UBERON:0000948,sc_bulk,http://purl.obolibrary.org/obo/CL_0000934,"CD4-positive, alpha-beta cytotoxic T cell",225.673712,0.00783231099234044
http://purl.org/ccf/1.5/hca-heart-teichmann/D7/LA#TissueBlock,http://purl.org/ccf/1.5/9bd653dd-2309-4ecc-b4c8-e9f3de4bf8ca,heart,UBERON:0000948,sc_bulk,http://purl.obolibrary.org/obo/CL_0000077,mesothelial cell,211.5563999999999,0.007342350611133523
http://purl.org/ccf/1.5/hca-heart-teichmann/D7/LA#TissueBlock,http://purl.org/ccf/1.5/9bd653dd-2309-4ecc-b4c8-e9f3de4bf8ca,heart,UBERON:0000948,sc_bulk,http://purl.obolibrary.org/obo/CL_0000576,monocyte,168.174512,0.005836723592197079
http://purl.org/ccf/1.5/hca-heart-teichmann/D7/LA#TissueBlock,http://purl.org/ccf/1.5/9bd653dd-2309-4ecc-b4c8-e9f3de4bf8ca,heart,UBERON:0000948,sc_bulk,http://purl.obolibrary.org/obo/CL_0000814,mature NK T cell,141.668736,0.004916804834777458
http://purl.org/ccf/1.5/hca-heart-teichmann/D7/LA#TissueBlock,http://purl.org/ccf/1.5/9bd653dd-2309-4ecc-b4c8-e9f3de4bf8ca,heart,UBERON:0000948,sc_bulk,http://purl.obolibrary.org/obo/CL_0001054,CD14-positive monocyte,131.692528,0.004570567061277838
http://purl.org/ccf/1.5/hca-heart-teichmann/D7/LA#TissueBlock,http://purl.org/ccf/1.5/9bd653dd-2309-4ecc-b4c8-e9f3de4bf8ca,heart,UBERON:0000948,sc_bulk,http://purl.obolibrary.org/obo/CL_0000097,mast cell,104.92152,0.003641443069049475
http://purl.org/ccf/1.5/hca-heart-teichmann/D7/LA#TissueBlock,http://purl.org/ccf/1.5/9bd653dd-2309-4ecc-b4c8-e9f3de4bf8ca,heart,UBERON:0000948,sc_bulk,http://purl.obolibrary.org/obo/CL_0000236,B cell,104.609824,0.003630625238361829
http://purl.org/ccf/1.5/hca-heart-teichmann/D7/LA#TissueBlock,http://purl.org/ccf/1.5/9bd653dd-2309-4ecc-b4c8-e9f3de4bf8ca,heart,UBERON:0000948,sc_bulk,http://purl.obolibrary.org/obo/CL_0000896,"activated CD4-positive, alpha-beta T cell",90.49638399999998,0.003140799240144822
http://purl.org/ccf/1.5/hca-heart-teichmann/D7/LA#TissueBlock,http://purl.org/ccf/1.5/9bd653dd-2309-4ecc-b4c8-e9f3de4bf8ca,heart,UBERON:0000948,sc_bulk,http://purl.obolibrary.org/obo/CL_0000451,dendritic cell,81.75050399999999,0.002837261661688673
http://purl.org/ccf/1.5/hca-heart-teichmann/D7/LA#TissueBlock,http://purl.org/ccf/1.5/9bd653dd-2309-4ecc-b4c8-e9f3de4bf8ca,heart,UBERON:0000948,sc_bulk,http://purl.obolibrary.org/obo/CL_0002138,endothelial cell of lymphatic vessel,53.03671999999999,0.001840711004273648
http://purl.org/ccf/1.5/hca-heart-teichmann/D7/RA#TissueBlock,http://purl.org/ccf/1.5/3bf6e5a0-a04d-498e-89b1-b2c2562e4483,heart,UBERON:0000948,sc_bulk,https://purl.org/ccf/ASCTB-TEMP_muscle,Muscle,4200.828831000001,0.1886987746624205
http://purl.org/ccf/1.5/hca-heart-teichmann/D7/RA#TissueBlock,http://purl.org/ccf/1.5/3bf6e5a0-a04d-498e-89b1-b2c2562e4483,heart,UBERON:0000948,sc_bulk,https://purl.org/ccf/ASCTB-TEMP_fibroblast,Fibroblast,3173.294169,0.1425425184941805
http://purl.org/ccf/1.5/hca-heart-teichmann/D7/RA#TissueBlock,http://purl.org/ccf/1.5/3bf6e5a0-a04d-498e-89b1-b2c2562e4483,heart,UBERON:0000948,sc_bulk,https://purl.org/ccf/ASCTB-TEMP_endothelial-cell,Endothelial cell,2631.410592000001,0.118201425080658
http://purl.org/ccf/1.5/hca-heart-teichmann/D7/RA#TissueBlock,http://purl.org/ccf/1.5/3bf6e5a0-a04d-498e-89b1-b2c2562e4483,heart,UBERON:0000948,sc_bulk,http://purl.obolibrary.org/obo/CL_0000057,fibroblast,2515.301157,0.1129858571552135
http://purl.org/ccf/1.5/hca-heart-teichmann/D7/RA#TissueBlock,http://purl.org/ccf/1.5/3bf6e5a0-a04d-498e-89b1-b2c2562e4483,heart,UBERON:0000948,sc_bulk,http://purl.obolibrary.org/obo/CL_0002129,regular atrial cardiac myocyte,2088.71658,0.0938239274008357
http://purl.org/ccf/1.5/hca-heart-teichmann/D7/RA#TissueBlock,http://purl.org/ccf/1.5/3bf6e5a0-a04d-498e-89b1-b2c2562e4483,heart,UBERON:0000948,sc_bulk,https://purl.org/ccf/ASCTB-TEMP_immune-myeloid-,Immune (myeloid),1929.012426,0.08665011018983436
http://purl.org/ccf/1.5/hca-heart-teichmann/D7/RA#TissueBlock,http://purl.org/ccf/1.5/3bf6e5a0-a04d-498e-89b1-b2c2562e4483,heart,UBERON:0000948,sc_bulk,http://purl.obolibrary.org/obo/CL_0000115,endothelial cell,851.4040210000001,0.0382445707665535
http://purl.org/ccf/1.5/hca-heart-teichmann/D7/RA#TissueBlock,http://purl.org/ccf/1.5/3bf6e5a0-a04d-498e-89b1-b2c2562e4483,heart,UBERON:0000948,sc_bulk,http://purl.obolibrary.org/obo/CL_0000669,pericyte,663.946785,0.0298241013406703
http://purl.org/ccf/1.5/hca-heart-teichmann/D7/RA#TissueBlock,http://purl.org/ccf/1.5/3bf6e5a0-a04d-498e-89b1-b2c2562e4483,heart,UBERON:0000948,sc_bulk,http://purl.obolibrary.org/obo/CL_0000003,native cell,611.0267719999999,0.02744696530158007
http://purl.org/ccf/1.5/hca-heart-teichmann/D7/RA#TissueBlock,http://purl.org/ccf/1.5/3bf6e5a0-a04d-498e-89b1-b2c2562e4483,heart,UBERON:0000948,sc_bulk,http://purl.obolibrary.org/obo/CL_0002543,vein endothelial cell,409.3443130000001,0.01838750717670704
http://purl.org/ccf/1.5/hca-heart-teichmann/D7/RA#TissueBlock,http://purl.org/ccf/1.5/3bf6e5a0-a04d-498e-89b1-b2c2562e4483,heart,UBERON:0000948,sc_bulk,http://purl.obolibrary.org/obo/CL_0000235,macrophage,386.594205,0.01736558562842633
http://purl.org/ccf/1.5/hca-heart-teichmann/D7/RA#TissueBlock,http://purl.org/ccf/1.5/3bf6e5a0-a04d-498e-89b1-b2c2562e4483,heart,UBERON:0000948,sc_bulk,http://purl.obolibrary.org/obo/CL_0000192,smooth muscle cell,385.8929420000001,0.01733408530452845
http://purl.org/ccf/1.5/hca-heart-teichmann/D7/RA#TissueBlock,http://purl.org/ccf/1.5/3bf6e5a0-a04d-498e-89b1-b2c2562e4483,heart,UBERON:0000948,sc_bulk,http://purl.obolibrary.org/obo/CL_0002144,capillary endothelial cell,367.687397,0.01651630286878379
http://purl.org/ccf/1.5/hca-heart-teichmann/D7/RA#TissueBlock,http://purl.org/ccf/1.5/3bf6e5a0-a04d-498e-89b1-b2c2562e4483,heart,UBERON:0000948,sc_bulk,http://purl.obolibrary.org/obo/CL_1000413,endothelial cell of artery,338.0031960000001,0.01518290591763984
http://purl.org/ccf/1.5/hca-heart-teichmann/D7/RA#TissueBlock,http://purl.org/ccf/1.5/3bf6e5a0-a04d-498e-89b1-b2c2562e4483,heart,UBERON:0000948,sc_bulk,https://purl.org/ccf/ASCTB-TEMP_immune-lymphocyte-,Immune (lymphocyte),222.787746,0.01000749527563947
http://purl.org/ccf/1.5/hca-heart-teichmann/D7/RA#TissueBlock,http://purl.org/ccf/1.5/3bf6e5a0-a04d-498e-89b1-b2c2562e4483,heart,UBERON:0000948,sc_bulk,http://purl.obolibrary.org/obo/CL_0002319,neural cell,202.588141,0.009100140830717337
http://purl.org/ccf/1.5/hca-heart-teichmann/D7/RA#TissueBlock,http://purl.org/ccf/1.5/3bf6e5a0-a04d-498e-89b1-b2c2562e4483,heart,UBERON:0000948,sc_bulk,http://purl.obolibrary.org/obo/CL_1000309,epicardial adipocyte,168.895768,0.007586699137103795
http://purl.org/ccf/1.5/hca-heart-teichmann/D7/RA#TissueBlock,http://purl.org/ccf/1.5/3bf6e5a0-a04d-498e-89b1-b2c2562e4483,heart,UBERON:0000948,sc_bulk,http://purl.obolibrary.org/obo/CL_0000906,"activated CD8-positive, alpha-beta T cell",148.973549,0.006691804709100766
http://purl.org/ccf/1.5/hca-heart-teichmann/D7/RA#TissueBlock,http://purl.org/ccf/1.5/3bf6e5a0-a04d-498e-89b1-b2c2562e4483,heart,UBERON:0000948,sc_bulk,http://purl.obolibrary.org/obo/CL_0000794,"CD8-positive, alpha-beta cytotoxic T cell",135.0168,0.006064875705201304
http://purl.org/ccf/1.5/hca-heart-teichmann/D7/RA#TissueBlock,http://purl.org/ccf/1.5/3bf6e5a0-a04d-498e-89b1-b2c2562e4483,heart,UBERON:0000948,sc_bulk,https://purl.org/ccf/ASCTB-TEMP_glia,Glia,100.986885,0.004536271822324763
http://purl.org/ccf/1.5/hca-heart-teichmann/D7/RA#TissueBlock,http://purl.org/ccf/1.5/3bf6e5a0-a04d-498e-89b1-b2c2562e4483,heart,UBERON:0000948,sc_bulk,http://purl.obolibrary.org/obo/CL_0000236,B cell,96.47351400000001,0.004333533836189259
http://purl.org/ccf/1.5/hca-heart-teichmann/D7/RA#TissueBlock,http://purl.org/ccf/1.5/3bf6e5a0-a04d-498e-89b1-b2c2562e4483,heart,UBERON:0000948,sc_bulk,http://purl.obolibrary.org/obo/CL_0002397,"CD14-positive, CD16-positive monocyte",95.902589,0.004307888219036489
http://purl.org/ccf/1.5/hca-heart-teichmann/D7/RA#TissueBlock,http://purl.org/ccf/1.5/3bf6e5a0-a04d-498e-89b1-b2c2562e4483,heart,UBERON:0000948,sc_bulk,http://purl.obolibrary.org/obo/CL_0000623,natural killer cell,90.56485800000002,0.004068120463743816
http://purl.org/ccf/1.5/hca-heart-teichmann/D7/RA#TissueBlock,http://purl.org/ccf/1.5/3bf6e5a0-a04d-498e-89b1-b2c2562e4483,heart,UBERON:0000948,sc_bulk,http://purl.obolibrary.org/obo/CL_0001054,CD14-positive monocyte,86.091034,0.003867158905723283
http://purl.org/ccf/1.5/hca-heart-teichmann/D7/RA#TissueBlock,http://purl.org/ccf/1.5/3bf6e5a0-a04d-498e-89b1-b2c2562e4483,heart,UBERON:0000948,sc_bulk,http://purl.obolibrary.org/obo/CL_0000934,"CD4-positive, alpha-beta cytotoxic T cell",79.742348,0.003581979642984486
http://purl.org/ccf/1.5/hca-heart-teichmann/D7/RA#TissueBlock,http://purl.org/ccf/1.5/3bf6e5a0-a04d-498e-89b1-b2c2562e4483,heart,UBERON:0000948,sc_bulk,https://purl.org/ccf/ASCTB-TEMP_adipocyte,Adipocyte,67.180884,0.003017726025394966
http://purl.org/ccf/1.5/hca-heart-teichmann/D7/RA#TissueBlock,http://purl.org/ccf/1.5/3bf6e5a0-a04d-498e-89b1-b2c2562e4483,heart,UBERON:0000948,sc_bulk,http://purl.obolibrary.org/obo/CL_0000576,monocyte,55.85651700000001,0.002509042081655495
http://purl.org/ccf/1.5/hca-heart-teichmann/D7/RA#TissueBlock,http://purl.org/ccf/1.5/3bf6e5a0-a04d-498e-89b1-b2c2562e4483,heart,UBERON:0000948,sc_bulk,http://purl.obolibrary.org/obo/CL_0000077,mesothelial cell,54.18161800000001,0.002433806597969273
http://purl.org/ccf/1.5/hca-heart-teichmann/D7/RA#TissueBlock,http://purl.org/ccf/1.5/3bf6e5a0-a04d-498e-89b1-b2c2562e4483,heart,UBERON:0000948,sc_bulk,http://purl.obolibrary.org/obo/CL_0000814,mature NK T cell,33.578188,0.001508312570182985
http://purl.org/ccf/1.5/hca-heart-teichmann/D7/RA#TissueBlock,http://purl.org/ccf/1.5/3bf6e5a0-a04d-498e-89b1-b2c2562e4483,heart,UBERON:0000948,sc_bulk,http://purl.obolibrary.org/obo/CL_0000896,"activated CD4-positive, alpha-beta T cell",31.567975,0.00141801497769094
http://purl.org/ccf/1.5/hca-heart-teichmann/D7/RA#TissueBlock,http://purl.org/ccf/1.5/3bf6e5a0-a04d-498e-89b1-b2c2562e4483,heart,UBERON:0000948,sc_bulk,http://purl.obolibrary.org/obo/CL_0000451,dendritic cell,22.63703700000001,0.001016842465078739
http://purl.org/ccf/1.5/hca-heart-teichmann/D7/RA#TissueBlock,http://purl.org/ccf/1.5/3bf6e5a0-a04d-498e-89b1-b2c2562e4483,heart,UBERON:0000948,sc_bulk,http://purl.obolibrary.org/obo/CL_0000097,mast cell,11.827895,5.313021270624986E-4
http://purl.org/ccf/1.5/hca-heart-teichmann/D7/RA#TissueBlock,http://purl.org/ccf/1.5/3bf6e5a0-a04d-498e-89b1-b2c2562e4483,heart,UBERON:0000948,sc_bulk,http://purl.obolibrary.org/obo/CL_0002138,endothelial cell of lymphatic vessel,4.771819000000001,2.143473191685626E-4
http://purl.org/ccf/1.5/hca-heart-teichmann/H2/LA#TissueBlock,http://purl.org/ccf/1.5/9bd653dd-2309-4ecc-b4c8-e9f3de4bf8ca,heart,UBERON:0000948,sc_bulk,http://purl.obolibrary.org/obo/CL_0000669,pericyte,5176.988872,0.1796743913592813
http://purl.org/ccf/1.5/hca-heart-teichmann/H2/LA#TissueBlock,http://purl.org/ccf/1.5/9bd653dd-2309-4ecc-b4c8-e9f3de4bf8ca,heart,UBERON:0000948,sc_bulk,http://purl.obolibrary.org/obo/CL_0002129,regular atrial cardiac myocyte,4744.609408,0.1646680780464154
http://purl.org/ccf/1.5/hca-heart-teichmann/H2/LA#TissueBlock,http://purl.org/ccf/1.5/9bd653dd-2309-4ecc-b4c8-e9f3de4bf8ca,heart,UBERON:0000948,sc_bulk,http://purl.obolibrary.org/obo/CL_0000057,fibroblast,4536.883383999999,0.157458665808049
http://purl.org/ccf/1.5/hca-heart-teichmann/H2/LA#TissueBlock,http://purl.org/ccf/1.5/9bd653dd-2309-4ecc-b4c8-e9f3de4bf8ca,heart,UBERON:0000948,sc_bulk,http://purl.obolibrary.org/obo/CL_0002144,capillary endothelial cell,3569.067304,0.1238693015229087
http://purl.org/ccf/1.5/hca-heart-teichmann/H2/LA#TissueBlock,http://purl.org/ccf/1.5/9bd653dd-2309-4ecc-b4c8-e9f3de4bf8ca,heart,UBERON:0000948,sc_bulk,http://purl.obolibrary.org/obo/CL_0000235,macrophage,1583.573464,0.05496005600007958
http://purl.org/ccf/1.5/hca-heart-teichmann/H2/LA#TissueBlock,http://purl.org/ccf/1.5/9bd653dd-2309-4ecc-b4c8-e9f3de4bf8ca,heart,UBERON:0000948,sc_bulk,http://purl.obolibrary.org/obo/CL_0000003,native cell,1456.784824,0.05055968499552103
http://purl.org/ccf/1.5/hca-heart-teichmann/H2/LA#TissueBlock,http://purl.org/ccf/1.5/9bd653dd-2309-4ecc-b4c8-e9f3de4bf8ca,heart,UBERON:0000948,sc_bulk,http://purl.obolibrary.org/obo/CL_0000192,smooth muscle cell,1326.839536,0.04604975825843946
http://purl.org/ccf/1.5/hca-heart-teichmann/H2/LA#TissueBlock,http://purl.org/ccf/1.5/9bd653dd-2309-4ecc-b4c8-e9f3de4bf8ca,heart,UBERON:0000948,sc_bulk,http://purl.obolibrary.org/obo/CL_0000115,endothelial cell,1000.545128,0.03472527010309058
http://purl.org/ccf/1.5/hca-heart-teichmann/H2/LA#TissueBlock,http://purl.org/ccf/1.5/9bd653dd-2309-4ecc-b4c8-e9f3de4bf8ca,heart,UBERON:0000948,sc_bulk,http://purl.obolibrary.org/obo/CL_1000413,endothelial cell of artery,896.830704,0.03112572093114512
http://purl.org/ccf/1.5/hca-heart-teichmann/H2/LA#TissueBlock,http://purl.org/ccf/1.5/9bd653dd-2309-4ecc-b4c8-e9f3de4bf8ca,heart,UBERON:0000948,sc_bulk,http://purl.obolibrary.org/obo/CL_0002543,vein endothelial cell,787.9907199999998,0.02734828227630809
http://purl.org/ccf/1.5/hca-heart-teichmann/H2/LA#TissueBlock,http://purl.org/ccf/1.5/9bd653dd-2309-4ecc-b4c8-e9f3de4bf8ca,heart,UBERON:0000948,sc_bulk,http://purl.obolibrary.org/obo/CL_1000309,epicardial adipocyte,596.3605999999999,0.02069750012699193
http://purl.org/ccf/1.5/hca-heart-teichmann/H2/LA#TissueBlock,http://purl.org/ccf/1.5/9bd653dd-2309-4ecc-b4c8-e9f3de4bf8ca,heart,UBERON:0000948,sc_bulk,http://purl.obolibrary.org/obo/CL_0000794,"CD8-positive, alpha-beta cytotoxic T cell",426.7950719999999,0.01481249944567017
http://purl.org/ccf/1.5/hca-heart-teichmann/H2/LA#TissueBlock,http://purl.org/ccf/1.5/9bd653dd-2309-4ecc-b4c8-e9f3de4bf8ca,heart,UBERON:0000948,sc_bulk,http://purl.obolibrary.org/obo/CL_0002319,neural cell,397.271072,0.01378782914761676
http://purl.org/ccf/1.5/hca-heart-teichmann/H2/LA#TissueBlock,http://purl.org/ccf/1.5/9bd653dd-2309-4ecc-b4c8-e9f3de4bf8ca,heart,UBERON:0000948,sc_bulk,http://purl.obolibrary.org/obo/CL_0002397,"CD14-positive, CD16-positive monocyte",363.592416,0.01261896590139138
http://purl.org/ccf/1.5/hca-heart-teichmann/H2/LA#TissueBlock,http://purl.org/ccf/1.5/9bd653dd-2309-4ecc-b4c8-e9f3de4bf8ca,heart,UBERON:0000948,sc_bulk,http://purl.obolibrary.org/obo/CL_0000906,"activated CD8-positive, alpha-beta T cell",354.051808,0.01228784621425648
http://purl.org/ccf/1.5/hca-heart-teichmann/H2/LA#TissueBlock,http://purl.org/ccf/1.5/9bd653dd-2309-4ecc-b4c8-e9f3de4bf8ca,heart,UBERON:0000948,sc_bulk,http://purl.obolibrary.org/obo/CL_0000623,natural killer cell,281.405344,0.009766552557590503
http://purl.org/ccf/1.5/hca-heart-teichmann/H2/LA#TissueBlock,http://purl.org/ccf/1.5/9bd653dd-2309-4ecc-b4c8-e9f3de4bf8ca,heart,UBERON:0000948,sc_bulk,http://purl.obolibrary.org/obo/CL_0000934,"CD4-positive, alpha-beta cytotoxic T cell",225.673712,0.00783231099234044
http://purl.org/ccf/1.5/hca-heart-teichmann/H2/LA#TissueBlock,http://purl.org/ccf/1.5/9bd653dd-2309-4ecc-b4c8-e9f3de4bf8ca,heart,UBERON:0000948,sc_bulk,http://purl.obolibrary.org/obo/CL_0000077,mesothelial cell,211.5563999999999,0.007342350611133523
http://purl.org/ccf/1.5/hca-heart-teichmann/H2/LA#TissueBlock,http://purl.org/ccf/1.5/9bd653dd-2309-4ecc-b4c8-e9f3de4bf8ca,heart,UBERON:0000948,sc_bulk,http://purl.obolibrary.org/obo/CL_0000576,monocyte,168.174512,0.005836723592197079
http://purl.org/ccf/1.5/hca-heart-teichmann/H2/LA#TissueBlock,http://purl.org/ccf/1.5/9bd653dd-2309-4ecc-b4c8-e9f3de4bf8ca,heart,UBERON:0000948,sc_bulk,http://purl.obolibrary.org/obo/CL_0000814,mature NK T cell,141.668736,0.004916804834777458
http://purl.org/ccf/1.5/hca-heart-teichmann/H2/LA#TissueBlock,http://purl.org/ccf/1.5/9bd653dd-2309-4ecc-b4c8-e9f3de4bf8ca,heart,UBERON:0000948,sc_bulk,http://purl.obolibrary.org/obo/CL_0001054,CD14-positive monocyte,131.692528,0.004570567061277838
http://purl.org/ccf/1.5/hca-heart-teichmann/H2/LA#TissueBlock,http://purl.org/ccf/1.5/9bd653dd-2309-4ecc-b4c8-e9f3de4bf8ca,heart,UBERON:0000948,sc_bulk,http://purl.obolibrary.org/obo/CL_0000097,mast cell,104.92152,0.003641443069049475
http://purl.org/ccf/1.5/hca-heart-teichmann/H2/LA#TissueBlock,http://purl.org/ccf/1.5/9bd653dd-2309-4ecc-b4c8-e9f3de4bf8ca,heart,UBERON:0000948,sc_bulk,http://purl.obolibrary.org/obo/CL_0000236,B cell,104.609824,0.003630625238361829
http://purl.org/ccf/1.5/hca-heart-teichmann/H2/LA#TissueBlock,http://purl.org/ccf/1.5/9bd653dd-2309-4ecc-b4c8-e9f3de4bf8ca,heart,UBERON:0000948,sc_bulk,http://purl.obolibrary.org/obo/CL_0000896,"activated CD4-positive, alpha-beta T cell",90.49638399999998,0.003140799240144822
http://purl.org/ccf/1.5/hca-heart-teichmann/H2/LA#TissueBlock,http://purl.org/ccf/1.5/9bd653dd-2309-4ecc-b4c8-e9f3de4bf8ca,heart,UBERON:0000948,sc_bulk,http://purl.obolibrary.org/obo/CL_0000451,dendritic cell,81.75050399999999,0.002837261661688673
http://purl.org/ccf/1.5/hca-heart-teichmann/H2/LA#TissueBlock,http://purl.org/ccf/1.5/9bd653dd-2309-4ecc-b4c8-e9f3de4bf8ca,heart,UBERON:0000948,sc_bulk,http://purl.obolibrary.org/obo/CL_0002138,endothelial cell of lymphatic vessel,53.03671999999999,0.001840711004273648
http://purl.org/ccf/1.5/hca-heart-teichmann/H2/RA#TissueBlock,http://purl.org/ccf/1.5/3bf6e5a0-a04d-498e-89b1-b2c2562e4483,heart,UBERON:0000948,sc_bulk,https://purl.org/ccf/ASCTB-TEMP_muscle,Muscle,4200.828831000001,0.1886987746624205
http://purl.org/ccf/1.5/hca-heart-teichmann/H2/RA#TissueBlock,http://purl.org/ccf/1.5/3bf6e5a0-a04d-498e-89b1-b2c2562e4483,heart,UBERON:0000948,sc_bulk,https://purl.org/ccf/ASCTB-TEMP_fibroblast,Fibroblast,3173.294169,0.1425425184941805
http://purl.org/ccf/1.5/hca-heart-teichmann/H2/RA#TissueBlock,http://purl.org/ccf/1.5/3bf6e5a0-a04d-498e-89b1-b2c2562e4483,heart,UBERON:0000948,sc_bulk,https://purl.org/ccf/ASCTB-TEMP_endothelial-cell,Endothelial cell,2631.410592000001,0.118201425080658
http://purl.org/ccf/1.5/hca-heart-teichmann/H2/RA#TissueBlock,http://purl.org/ccf/1.5/3bf6e5a0-a04d-498e-89b1-b2c2562e4483,heart,UBERON:0000948,sc_bulk,http://purl.obolibrary.org/obo/CL_0000057,fibroblast,2515.301157,0.1129858571552135
http://purl.org/ccf/1.5/hca-heart-teichmann/H2/RA#TissueBlock,http://purl.org/ccf/1.5/3bf6e5a0-a04d-498e-89b1-b2c2562e4483,heart,UBERON:0000948,sc_bulk,http://purl.obolibrary.org/obo/CL_0002129,regular atrial cardiac myocyte,2088.71658,0.0938239274008357
http://purl.org/ccf/1.5/hca-heart-teichmann/H2/RA#TissueBlock,http://purl.org/ccf/1.5/3bf6e5a0-a04d-498e-89b1-b2c2562e4483,heart,UBERON:0000948,sc_bulk,https://purl.org/ccf/ASCTB-TEMP_immune-myeloid-,Immune (myeloid),1929.012426,0.08665011018983436
http://purl.org/ccf/1.5/hca-heart-teichmann/H2/RA#TissueBlock,http://purl.org/ccf/1.5/3bf6e5a0-a04d-498e-89b1-b2c2562e4483,heart,UBERON:0000948,sc_bulk,http://purl.obolibrary.org/obo/CL_0000115,endothelial cell,851.4040210000001,0.0382445707665535
http://purl.org/ccf/1.5/hca-heart-teichmann/H2/RA#TissueBlock,http://purl.org/ccf/1.5/3bf6e5a0-a04d-498e-89b1-b2c2562e4483,heart,UBERON:0000948,sc_bulk,http://purl.obolibrary.org/obo/CL_0000669,pericyte,663.946785,0.0298241013406703
http://purl.org/ccf/1.5/hca-heart-teichmann/H2/RA#TissueBlock,http://purl.org/ccf/1.5/3bf6e5a0-a04d-498e-89b1-b2c2562e4483,heart,UBERON:0000948,sc_bulk,http://purl.obolibrary.org/obo/CL_0000003,native cell,611.0267719999999,0.02744696530158007
http://purl.org/ccf/1.5/hca-heart-teichmann/H2/RA#TissueBlock,http://purl.org/ccf/1.5/3bf6e5a0-a04d-498e-89b1-b2c2562e4483,heart,UBERON:0000948,sc_bulk,http://purl.obolibrary.org/obo/CL_0002543,vein endothelial cell,409.3443130000001,0.01838750717670704
http://purl.org/ccf/1.5/hca-heart-teichmann/H2/RA#TissueBlock,http://purl.org/ccf/1.5/3bf6e5a0-a04d-498e-89b1-b2c2562e4483,heart,UBERON:0000948,sc_bulk,http://purl.obolibrary.org/obo/CL_0000235,macrophage,386.594205,0.01736558562842633
http://purl.org/ccf/1.5/hca-heart-teichmann/H2/RA#TissueBlock,http://purl.org/ccf/1.5/3bf6e5a0-a04d-498e-89b1-b2c2562e4483,heart,UBERON:0000948,sc_bulk,http://purl.obolibrary.org/obo/CL_0000192,smooth muscle cell,385.8929420000001,0.01733408530452845
http://purl.org/ccf/1.5/hca-heart-teichmann/H2/RA#TissueBlock,http://purl.org/ccf/1.5/3bf6e5a0-a04d-498e-89b1-b2c2562e4483,heart,UBERON:0000948,sc_bulk,http://purl.obolibrary.org/obo/CL_0002144,capillary endothelial cell,367.687397,0.01651630286878379
http://purl.org/ccf/1.5/hca-heart-teichmann/H2/RA#TissueBlock,http://purl.org/ccf/1.5/3bf6e5a0-a04d-498e-89b1-b2c2562e4483,heart,UBERON:0000948,sc_bulk,http://purl.obolibrary.org/obo/CL_1000413,endothelial cell of artery,338.0031960000001,0.01518290591763984
http://purl.org/ccf/1.5/hca-heart-teichmann/H2/RA#TissueBlock,http://purl.org/ccf/1.5/3bf6e5a0-a04d-498e-89b1-b2c2562e4483,heart,UBERON:0000948,sc_bulk,https://purl.org/ccf/ASCTB-TEMP_immune-lymphocyte-,Immune (lymphocyte),222.787746,0.01000749527563947
http://purl.org/ccf/1.5/hca-heart-teichmann/H2/RA#TissueBlock,http://purl.org/ccf/1.5/3bf6e5a0-a04d-498e-89b1-b2c2562e4483,heart,UBERON:0000948,sc_bulk,http://purl.obolibrary.org/obo/CL_0002319,neural cell,202.588141,0.009100140830717337
http://purl.org/ccf/1.5/hca-heart-teichmann/H2/RA#TissueBlock,http://purl.org/ccf/1.5/3bf6e5a0-a04d-498e-89b1-b2c2562e4483,heart,UBERON:0000948,sc_bulk,http://purl.obolibrary.org/obo/CL_1000309,epicardial adipocyte,168.895768,0.007586699137103795
http://purl.org/ccf/1.5/hca-heart-teichmann/H2/RA#TissueBlock,http://purl.org/ccf/1.5/3bf6e5a0-a04d-498e-89b1-b2c2562e4483,heart,UBERON:0000948,sc_bulk,http://purl.obolibrary.org/obo/CL_0000906,"activated CD8-positive, alpha-beta T cell",148.973549,0.006691804709100766
http://purl.org/ccf/1.5/hca-heart-teichmann/H2/RA#TissueBlock,http://purl.org/ccf/1.5/3bf6e5a0-a04d-498e-89b1-b2c2562e4483,heart,UBERON:0000948,sc_bulk,http://purl.obolibrary.org/obo/CL_0000794,"CD8-positive, alpha-beta cytotoxic T cell",135.0168,0.006064875705201304
http://purl.org/ccf/1.5/hca-heart-teichmann/H2/RA#TissueBlock,http://purl.org/ccf/1.5/3bf6e5a0-a04d-498e-89b1-b2c2562e4483,heart,UBERON:0000948,sc_bulk,https://purl.org/ccf/ASCTB-TEMP_glia,Glia,100.986885,0.004536271822324763
http://purl.org/ccf/1.5/hca-heart-teichmann/H2/RA#TissueBlock,http://purl.org/ccf/1.5/3bf6e5a0-a04d-498e-89b1-b2c2562e4483,heart,UBERON:0000948,sc_bulk,http://purl.obolibrary.org/obo/CL_0000236,B cell,96.47351400000001,0.004333533836189259
http://purl.org/ccf/1.5/hca-heart-teichmann/H2/RA#TissueBlock,http://purl.org/ccf/1.5/3bf6e5a0-a04d-498e-89b1-b2c2562e4483,heart,UBERON:0000948,sc_bulk,http://purl.obolibrary.org/obo/CL_0002397,"CD14-positive, CD16-positive monocyte",95.902589,0.004307888219036489
http://purl.org/ccf/1.5/hca-heart-teichmann/H2/RA#TissueBlock,http://purl.org/ccf/1.5/3bf6e5a0-a04d-498e-89b1-b2c2562e4483,heart,UBERON:0000948,sc_bulk,http://purl.obolibrary.org/obo/CL_0000623,natural killer cell,90.56485800000002,0.004068120463743816
http://purl.org/ccf/1.5/hca-heart-teichmann/H2/RA#TissueBlock,http://purl.org/ccf/1.5/3bf6e5a0-a04d-498e-89b1-b2c2562e4483,heart,UBERON:0000948,sc_bulk,http://purl.obolibrary.org/obo/CL_0001054,CD14-positive monocyte,86.091034,0.003867158905723283
http://purl.org/ccf/1.5/hca-heart-teichmann/H2/RA#TissueBlock,http://purl.org/ccf/1.5/3bf6e5a0-a04d-498e-89b1-b2c2562e4483,heart,UBERON:0000948,sc_bulk,http://purl.obolibrary.org/obo/CL_0000934,"CD4-positive, alpha-beta cytotoxic T cell",79.742348,0.003581979642984486
http://purl.org/ccf/1.5/hca-heart-teichmann/H2/RA#TissueBlock,http://purl.org/ccf/1.5/3bf6e5a0-a04d-498e-89b1-b2c2562e4483,heart,UBERON:0000948,sc_bulk,https://purl.org/ccf/ASCTB-TEMP_adipocyte,Adipocyte,67.180884,0.003017726025394966
http://purl.org/ccf/1.5/hca-heart-teichmann/H2/RA#TissueBlock,http://purl.org/ccf/1.5/3bf6e5a0-a04d-498e-89b1-b2c2562e4483,heart,UBERON:0000948,sc_bulk,http://purl.obolibrary.org/obo/CL_0000576,monocyte,55.85651700000001,0.002509042081655495
http://purl.org/ccf/1.5/hca-heart-teichmann/H2/RA#TissueBlock,http://purl.org/ccf/1.5/3bf6e5a0-a04d-498e-89b1-b2c2562e4483,heart,UBERON:0000948,sc_bulk,http://purl.obolibrary.org/obo/CL_0000077,mesothelial cell,54.18161800000001,0.002433806597969273
http://purl.org/ccf/1.5/hca-heart-teichmann/H2/RA#TissueBlock,http://purl.org/ccf/1.5/3bf6e5a0-a04d-498e-89b1-b2c2562e4483,heart,UBERON:0000948,sc_bulk,http://purl.obolibrary.org/obo/CL_0000814,mature NK T cell,33.578188,0.001508312570182985
http://purl.org/ccf/1.5/hca-heart-teichmann/H2/RA#TissueBlock,http://purl.org/ccf/1.5/3bf6e5a0-a04d-498e-89b1-b2c2562e4483,heart,UBERON:0000948,sc_bulk,http://purl.obolibrary.org/obo/CL_0000896,"activated CD4-positive, alpha-beta T cell",31.567975,0.00141801497769094
http://purl.org/ccf/1.5/hca-heart-teichmann/H2/RA#TissueBlock,http://purl.org/ccf/1.5/3bf6e5a0-a04d-498e-89b1-b2c2562e4483,heart,UBERON:0000948,sc_bulk,http://purl.obolibrary.org/obo/CL_0000451,dendritic cell,22.63703700000001,0.001016842465078739
http://purl.org/ccf/1.5/hca-heart-teichmann/H2/RA#TissueBlock,http://purl.org/ccf/1.5/3bf6e5a0-a04d-498e-89b1-b2c2562e4483,heart,UBERON:0000948,sc_bulk,http://purl.obolibrary.org/obo/CL_0000097,mast cell,11.827895,5.313021270624986E-4
http://purl.org/ccf/1.5/hca-heart-teichmann/H2/RA#TissueBlock,http://purl.org/ccf/1.5/3bf6e5a0-a04d-498e-89b1-b2c2562e4483,heart,UBERON:0000948,sc_bulk,http://purl.obolibrary.org/obo/CL_0002138,endothelial cell of lymphatic vessel,4.771819000000001,2.143473191685626E-4
http://purl.org/ccf/1.5/hca-heart-teichmann/H3/LA#TissueBlock,http://purl.org/ccf/1.5/9bd653dd-2309-4ecc-b4c8-e9f3de4bf8ca,heart,UBERON:0000948,sc_bulk,http://purl.obolibrary.org/obo/CL_0000669,pericyte,5176.988872,0.1796743913592813
http://purl.org/ccf/1.5/hca-heart-teichmann/H3/LA#TissueBlock,http://purl.org/ccf/1.5/9bd653dd-2309-4ecc-b4c8-e9f3de4bf8ca,heart,UBERON:0000948,sc_bulk,http://purl.obolibrary.org/obo/CL_0002129,regular atrial cardiac myocyte,4744.609408,0.1646680780464154
http://purl.org/ccf/1.5/hca-heart-teichmann/H3/LA#TissueBlock,http://purl.org/ccf/1.5/9bd653dd-2309-4ecc-b4c8-e9f3de4bf8ca,heart,UBERON:0000948,sc_bulk,http://purl.obolibrary.org/obo/CL_0000057,fibroblast,4536.883383999999,0.157458665808049
http://purl.org/ccf/1.5/hca-heart-teichmann/H3/LA#TissueBlock,http://purl.org/ccf/1.5/9bd653dd-2309-4ecc-b4c8-e9f3de4bf8ca,heart,UBERON:0000948,sc_bulk,http://purl.obolibrary.org/obo/CL_0002144,capillary endothelial cell,3569.067304,0.1238693015229087
http://purl.org/ccf/1.5/hca-heart-teichmann/H3/LA#TissueBlock,http://purl.org/ccf/1.5/9bd653dd-2309-4ecc-b4c8-e9f3de4bf8ca,heart,UBERON:0000948,sc_bulk,http://purl.obolibrary.org/obo/CL_0000235,macrophage,1583.573464,0.05496005600007958
http://purl.org/ccf/1.5/hca-heart-teichmann/H3/LA#TissueBlock,http://purl.org/ccf/1.5/9bd653dd-2309-4ecc-b4c8-e9f3de4bf8ca,heart,UBERON:0000948,sc_bulk,http://purl.obolibrary.org/obo/CL_0000003,native cell,1456.784824,0.05055968499552103
http://purl.org/ccf/1.5/hca-heart-teichmann/H3/LA#TissueBlock,http://purl.org/ccf/1.5/9bd653dd-2309-4ecc-b4c8-e9f3de4bf8ca,heart,UBERON:0000948,sc_bulk,http://purl.obolibrary.org/obo/CL_0000192,smooth muscle cell,1326.839536,0.04604975825843946
http://purl.org/ccf/1.5/hca-heart-teichmann/H3/LA#TissueBlock,http://purl.org/ccf/1.5/9bd653dd-2309-4ecc-b4c8-e9f3de4bf8ca,heart,UBERON:0000948,sc_bulk,http://purl.obolibrary.org/obo/CL_0000115,endothelial cell,1000.545128,0.03472527010309058
http://purl.org/ccf/1.5/hca-heart-teichmann/H3/LA#TissueBlock,http://purl.org/ccf/1.5/9bd653dd-2309-4ecc-b4c8-e9f3de4bf8ca,heart,UBERON:0000948,sc_bulk,http://purl.obolibrary.org/obo/CL_1000413,endothelial cell of artery,896.830704,0.03112572093114512
http://purl.org/ccf/1.5/hca-heart-teichmann/H3/LA#TissueBlock,http://purl.org/ccf/1.5/9bd653dd-2309-4ecc-b4c8-e9f3de4bf8ca,heart,UBERON:0000948,sc_bulk,http://purl.obolibrary.org/obo/CL_0002543,vein endothelial cell,787.9907199999998,0.02734828227630809
http://purl.org/ccf/1.5/hca-heart-teichmann/H3/LA#TissueBlock,http://purl.org/ccf/1.5/9bd653dd-2309-4ecc-b4c8-e9f3de4bf8ca,heart,UBERON:0000948,sc_bulk,http://purl.obolibrary.org/obo/CL_1000309,epicardial adipocyte,596.3605999999999,0.02069750012699193
http://purl.org/ccf/1.5/hca-heart-teichmann/H3/LA#TissueBlock,http://purl.org/ccf/1.5/9bd653dd-2309-4ecc-b4c8-e9f3de4bf8ca,heart,UBERON:0000948,sc_bulk,http://purl.obolibrary.org/obo/CL_0000794,"CD8-positive, alpha-beta cytotoxic T cell",426.7950719999999,0.01481249944567017
http://purl.org/ccf/1.5/hca-heart-teichmann/H3/LA#TissueBlock,http://purl.org/ccf/1.5/9bd653dd-2309-4ecc-b4c8-e9f3de4bf8ca,heart,UBERON:0000948,sc_bulk,http://purl.obolibrary.org/obo/CL_0002319,neural cell,397.271072,0.01378782914761676
http://purl.org/ccf/1.5/hca-heart-teichmann/H3/LA#TissueBlock,http://purl.org/ccf/1.5/9bd653dd-2309-4ecc-b4c8-e9f3de4bf8ca,heart,UBERON:0000948,sc_bulk,http://purl.obolibrary.org/obo/CL_0002397,"CD14-positive, CD16-positive monocyte",363.592416,0.01261896590139138
http://purl.org/ccf/1.5/hca-heart-teichmann/H3/LA#TissueBlock,http://purl.org/ccf/1.5/9bd653dd-2309-4ecc-b4c8-e9f3de4bf8ca,heart,UBERON:0000948,sc_bulk,http://purl.obolibrary.org/obo/CL_0000906,"activated CD8-positive, alpha-beta T cell",354.051808,0.01228784621425648
http://purl.org/ccf/1.5/hca-heart-teichmann/H3/LA#TissueBlock,http://purl.org/ccf/1.5/9bd653dd-2309-4ecc-b4c8-e9f3de4bf8ca,heart,UBERON:0000948,sc_bulk,http://purl.obolibrary.org/obo/CL_0000623,natural killer cell,281.405344,0.009766552557590503
http://purl.org/ccf/1.5/hca-heart-teichmann/H3/LA#TissueBlock,http://purl.org/ccf/1.5/9bd653dd-2309-4ecc-b4c8-e9f3de4bf8ca,heart,UBERON:0000948,sc_bulk,http://purl.obolibrary.org/obo/CL_0000934,"CD4-positive, alpha-beta cytotoxic T cell",225.673712,0.00783231099234044
http://purl.org/ccf/1.5/hca-heart-teichmann/H3/LA#TissueBlock,http://purl.org/ccf/1.5/9bd653dd-2309-4ecc-b4c8-e9f3de4bf8ca,heart,UBERON:0000948,sc_bulk,http://purl.obolibrary.org/obo/CL_0000077,mesothelial cell,211.5563999999999,0.007342350611133523
http://purl.org/ccf/1.5/hca-heart-teichmann/H3/LA#TissueBlock,http://purl.org/ccf/1.5/9bd653dd-2309-4ecc-b4c8-e9f3de4bf8ca,heart,UBERON:0000948,sc_bulk,http://purl.obolibrary.org/obo/CL_0000576,monocyte,168.174512,0.005836723592197079
http://purl.org/ccf/1.5/hca-heart-teichmann/H3/LA#TissueBlock,http://purl.org/ccf/1.5/9bd653dd-2309-4ecc-b4c8-e9f3de4bf8ca,heart,UBERON:0000948,sc_bulk,http://purl.obolibrary.org/obo/CL_0000814,mature NK T cell,141.668736,0.004916804834777458
http://purl.org/ccf/1.5/hca-heart-teichmann/H3/LA#TissueBlock,http://purl.org/ccf/1.5/9bd653dd-2309-4ecc-b4c8-e9f3de4bf8ca,heart,UBERON:0000948,sc_bulk,http://purl.obolibrary.org/obo/CL_0001054,CD14-positive monocyte,131.692528,0.004570567061277838
http://purl.org/ccf/1.5/hca-heart-teichmann/H3/LA#TissueBlock,http://purl.org/ccf/1.5/9bd653dd-2309-4ecc-b4c8-e9f3de4bf8ca,heart,UBERON:0000948,sc_bulk,http://purl.obolibrary.org/obo/CL_0000097,mast cell,104.92152,0.003641443069049475
http://purl.org/ccf/1.5/hca-heart-teichmann/H3/LA#TissueBlock,http://purl.org/ccf/1.5/9bd653dd-2309-4ecc-b4c8-e9f3de4bf8ca,heart,UBERON:0000948,sc_bulk,http://purl.obolibrary.org/obo/CL_0000236,B cell,104.609824,0.003630625238361829
http://purl.org/ccf/1.5/hca-heart-teichmann/H3/LA#TissueBlock,http://purl.org/ccf/1.5/9bd653dd-2309-4ecc-b4c8-e9f3de4bf8ca,heart,UBERON:0000948,sc_bulk,http://purl.obolibrary.org/obo/CL_0000896,"activated CD4-positive, alpha-beta T cell",90.49638399999998,0.003140799240144822
http://purl.org/ccf/1.5/hca-heart-teichmann/H3/LA#TissueBlock,http://purl.org/ccf/1.5/9bd653dd-2309-4ecc-b4c8-e9f3de4bf8ca,heart,UBERON:0000948,sc_bulk,http://purl.obolibrary.org/obo/CL_0000451,dendritic cell,81.75050399999999,0.002837261661688673
http://purl.org/ccf/1.5/hca-heart-teichmann/H3/LA#TissueBlock,http://purl.org/ccf/1.5/9bd653dd-2309-4ecc-b4c8-e9f3de4bf8ca,heart,UBERON:0000948,sc_bulk,http://purl.obolibrary.org/obo/CL_0002138,endothelial cell of lymphatic vessel,53.03671999999999,0.001840711004273648
http://purl.org/ccf/1.5/hca-heart-teichmann/H3/RA#TissueBlock,http://purl.org/ccf/1.5/3bf6e5a0-a04d-498e-89b1-b2c2562e4483,heart,UBERON:0000948,sc_bulk,https://purl.org/ccf/ASCTB-TEMP_muscle,Muscle,4200.828831000001,0.1886987746624205
http://purl.org/ccf/1.5/hca-heart-teichmann/H3/RA#TissueBlock,http://purl.org/ccf/1.5/3bf6e5a0-a04d-498e-89b1-b2c2562e4483,heart,UBERON:0000948,sc_bulk,https://purl.org/ccf/ASCTB-TEMP_fibroblast,Fibroblast,3173.294169,0.1425425184941805
http://purl.org/ccf/1.5/hca-heart-teichmann/H3/RA#TissueBlock,http://purl.org/ccf/1.5/3bf6e5a0-a04d-498e-89b1-b2c2562e4483,heart,UBERON:0000948,sc_bulk,https://purl.org/ccf/ASCTB-TEMP_endothelial-cell,Endothelial cell,2631.410592000001,0.118201425080658
http://purl.org/ccf/1.5/hca-heart-teichmann/H3/RA#TissueBlock,http://purl.org/ccf/1.5/3bf6e5a0-a04d-498e-89b1-b2c2562e4483,heart,UBERON:0000948,sc_bulk,http://purl.obolibrary.org/obo/CL_0000057,fibroblast,2515.301157,0.1129858571552135
http://purl.org/ccf/1.5/hca-heart-teichmann/H3/RA#TissueBlock,http://purl.org/ccf/1.5/3bf6e5a0-a04d-498e-89b1-b2c2562e4483,heart,UBERON:0000948,sc_bulk,http://purl.obolibrary.org/obo/CL_0002129,regular atrial cardiac myocyte,2088.71658,0.0938239274008357
http://purl.org/ccf/1.5/hca-heart-teichmann/H3/RA#TissueBlock,http://purl.org/ccf/1.5/3bf6e5a0-a04d-498e-89b1-b2c2562e4483,heart,UBERON:0000948,sc_bulk,https://purl.org/ccf/ASCTB-TEMP_immune-myeloid-,Immune (myeloid),1929.012426,0.08665011018983436
http://purl.org/ccf/1.5/hca-heart-teichmann/H3/RA#TissueBlock,http://purl.org/ccf/1.5/3bf6e5a0-a04d-498e-89b1-b2c2562e4483,heart,UBERON:0000948,sc_bulk,http://purl.obolibrary.org/obo/CL_0000115,endothelial cell,851.4040210000001,0.0382445707665535
http://purl.org/ccf/1.5/hca-heart-teichmann/H3/RA#TissueBlock,http://purl.org/ccf/1.5/3bf6e5a0-a04d-498e-89b1-b2c2562e4483,heart,UBERON:0000948,sc_bulk,http://purl.obolibrary.org/obo/CL_0000669,pericyte,663.946785,0.0298241013406703
http://purl.org/ccf/1.5/hca-heart-teichmann/H3/RA#TissueBlock,http://purl.org/ccf/1.5/3bf6e5a0-a04d-498e-89b1-b2c2562e4483,heart,UBERON:0000948,sc_bulk,http://purl.obolibrary.org/obo/CL_0000003,native cell,611.0267719999999,0.02744696530158007
http://purl.org/ccf/1.5/hca-heart-teichmann/H3/RA#TissueBlock,http://purl.org/ccf/1.5/3bf6e5a0-a04d-498e-89b1-b2c2562e4483,heart,UBERON:0000948,sc_bulk,http://purl.obolibrary.org/obo/CL_0002543,vein endothelial cell,409.3443130000001,0.01838750717670704
http://purl.org/ccf/1.5/hca-heart-teichmann/H3/RA#TissueBlock,http://purl.org/ccf/1.5/3bf6e5a0-a04d-498e-89b1-b2c2562e4483,heart,UBERON:0000948,sc_bulk,http://purl.obolibrary.org/obo/CL_0000235,macrophage,386.594205,0.01736558562842633
http://purl.org/ccf/1.5/hca-heart-teichmann/H3/RA#TissueBlock,http://purl.org/ccf/1.5/3bf6e5a0-a04d-498e-89b1-b2c2562e4483,heart,UBERON:0000948,sc_bulk,http://purl.obolibrary.org/obo/CL_0000192,smooth muscle cell,385.8929420000001,0.01733408530452845
http://purl.org/ccf/1.5/hca-heart-teichmann/H3/RA#TissueBlock,http://purl.org/ccf/1.5/3bf6e5a0-a04d-498e-89b1-b2c2562e4483,heart,UBERON:0000948,sc_bulk,http://purl.obolibrary.org/obo/CL_0002144,capillary endothelial cell,367.687397,0.01651630286878379
http://purl.org/ccf/1.5/hca-heart-teichmann/H3/RA#TissueBlock,http://purl.org/ccf/1.5/3bf6e5a0-a04d-498e-89b1-b2c2562e4483,heart,UBERON:0000948,sc_bulk,http://purl.obolibrary.org/obo/CL_1000413,endothelial cell of artery,338.0031960000001,0.01518290591763984
http://purl.org/ccf/1.5/hca-heart-teichmann/H3/RA#TissueBlock,http://purl.org/ccf/1.5/3bf6e5a0-a04d-498e-89b1-b2c2562e4483,heart,UBERON:0000948,sc_bulk,https://purl.org/ccf/ASCTB-TEMP_immune-lymphocyte-,Immune (lymphocyte),222.787746,0.01000749527563947
http://purl.org/ccf/1.5/hca-heart-teichmann/H3/RA#TissueBlock,http://purl.org/ccf/1.5/3bf6e5a0-a04d-498e-89b1-b2c2562e4483,heart,UBERON:0000948,sc_bulk,http://purl.obolibrary.org/obo/CL_0002319,neural cell,202.588141,0.009100140830717337
http://purl.org/ccf/1.5/hca-heart-teichmann/H3/RA#TissueBlock,http://purl.org/ccf/1.5/3bf6e5a0-a04d-498e-89b1-b2c2562e4483,heart,UBERON:0000948,sc_bulk,http://purl.obolibrary.org/obo/CL_1000309,epicardial adipocyte,168.895768,0.007586699137103795
http://purl.org/ccf/1.5/hca-heart-teichmann/H3/RA#TissueBlock,http://purl.org/ccf/1.5/3bf6e5a0-a04d-498e-89b1-b2c2562e4483,heart,UBERON:0000948,sc_bulk,http://purl.obolibrary.org/obo/CL_0000906,"activated CD8-positive, alpha-beta T cell",148.973549,0.006691804709100766
http://purl.org/ccf/1.5/hca-heart-teichmann/H3/RA#TissueBlock,http://purl.org/ccf/1.5/3bf6e5a0-a04d-498e-89b1-b2c2562e4483,heart,UBERON:0000948,sc_bulk,http://purl.obolibrary.org/obo/CL_0000794,"CD8-positive, alpha-beta cytotoxic T cell",135.0168,0.006064875705201304
http://purl.org/ccf/1.5/hca-heart-teichmann/H3/RA#TissueBlock,http://purl.org/ccf/1.5/3bf6e5a0-a04d-498e-89b1-b2c2562e4483,heart,UBERON:0000948,sc_bulk,https://purl.org/ccf/ASCTB-TEMP_glia,Glia,100.986885,0.004536271822324763
http://purl.org/ccf/1.5/hca-heart-teichmann/H3/RA#TissueBlock,http://purl.org/ccf/1.5/3bf6e5a0-a04d-498e-89b1-b2c2562e4483,heart,UBERON:0000948,sc_bulk,http://purl.obolibrary.org/obo/CL_0000236,B cell,96.47351400000001,0.004333533836189259
http://purl.org/ccf/1.5/hca-heart-teichmann/H3/RA#TissueBlock,http://purl.org/ccf/1.5/3bf6e5a0-a04d-498e-89b1-b2c2562e4483,heart,UBERON:0000948,sc_bulk,http://purl.obolibrary.org/obo/CL_0002397,"CD14-positive, CD16-positive monocyte",95.902589,0.004307888219036489
http://purl.org/ccf/1.5/hca-heart-teichmann/H3/RA#TissueBlock,http://purl.org/ccf/1.5/3bf6e5a0-a04d-498e-89b1-b2c2562e4483,heart,UBERON:0000948,sc_bulk,http://purl.obolibrary.org/obo/CL_0000623,natural killer cell,90.56485800000002,0.004068120463743816
http://purl.org/ccf/1.5/hca-heart-teichmann/H3/RA#TissueBlock,http://purl.org/ccf/1.5/3bf6e5a0-a04d-498e-89b1-b2c2562e4483,heart,UBERON:0000948,sc_bulk,http://purl.obolibrary.org/obo/CL_0001054,CD14-positive monocyte,86.091034,0.003867158905723283
http://purl.org/ccf/1.5/hca-heart-teichmann/H3/RA#TissueBlock,http://purl.org/ccf/1.5/3bf6e5a0-a04d-498e-89b1-b2c2562e4483,heart,UBERON:0000948,sc_bulk,http://purl.obolibrary.org/obo/CL_0000934,"CD4-positive, alpha-beta cytotoxic T cell",79.742348,0.003581979642984486
http://purl.org/ccf/1.5/hca-heart-teichmann/H3/RA#TissueBlock,http://purl.org/ccf/1.5/3bf6e5a0-a04d-498e-89b1-b2c2562e4483,heart,UBERON:0000948,sc_bulk,https://purl.org/ccf/ASCTB-TEMP_adipocyte,Adipocyte,67.180884,0.003017726025394966
http://purl.org/ccf/1.5/hca-heart-teichmann/H3/RA#TissueBlock,http://purl.org/ccf/1.5/3bf6e5a0-a04d-498e-89b1-b2c2562e4483,heart,UBERON:0000948,sc_bulk,http://purl.obolibrary.org/obo/CL_0000576,monocyte,55.85651700000001,0.002509042081655495
http://purl.org/ccf/1.5/hca-heart-teichmann/H3/RA#TissueBlock,http://purl.org/ccf/1.5/3bf6e5a0-a04d-498e-89b1-b2c2562e4483,heart,UBERON:0000948,sc_bulk,http://purl.obolibrary.org/obo/CL_0000077,mesothelial cell,54.18161800000001,0.002433806597969273
http://purl.org/ccf/1.5/hca-heart-teichmann/H3/RA#TissueBlock,http://purl.org/ccf/1.5/3bf6e5a0-a04d-498e-89b1-b2c2562e4483,heart,UBERON:0000948,sc_bulk,http://purl.obolibrary.org/obo/CL_0000814,mature NK T cell,33.578188,0.001508312570182985
http://purl.org/ccf/1.5/hca-heart-teichmann/H3/RA#TissueBlock,http://purl.org/ccf/1.5/3bf6e5a0-a04d-498e-89b1-b2c2562e4483,heart,UBERON:0000948,sc_bulk,http://purl.obolibrary.org/obo/CL_0000896,"activated CD4-positive, alpha-beta T cell",31.567975,0.00141801497769094
http://purl.org/ccf/1.5/hca-heart-teichmann/H3/RA#TissueBlock,http://purl.org/ccf/1.5/3bf6e5a0-a04d-498e-89b1-b2c2562e4483,heart,UBERON:0000948,sc_bulk,http://purl.obolibrary.org/obo/CL_0000451,dendritic cell,22.63703700000001,0.001016842465078739
http://purl.org/ccf/1.5/hca-heart-teichmann/H3/RA#TissueBlock,http://purl.org/ccf/1.5/3bf6e5a0-a04d-498e-89b1-b2c2562e4483,heart,UBERON:0000948,sc_bulk,http://purl.obolibrary.org/obo/CL_0000097,mast cell,11.827895,5.313021270624986E-4
http://purl.org/ccf/1.5/hca-heart-teichmann/H3/RA#TissueBlock,http://purl.org/ccf/1.5/3bf6e5a0-a04d-498e-89b1-b2c2562e4483,heart,UBERON:0000948,sc_bulk,http://purl.obolibrary.org/obo/CL_0002138,endothelial cell of lymphatic vessel,4.771819000000001,2.143473191685626E-4
http://purl.org/ccf/1.5/hca-heart-teichmann/H4/LA#TissueBlock,http://purl.org/ccf/1.5/9bd653dd-2309-4ecc-b4c8-e9f3de4bf8ca,heart,UBERON:0000948,sc_bulk,http://purl.obolibrary.org/obo/CL_0000669,pericyte,5176.988872,0.1796743913592813
http://purl.org/ccf/1.5/hca-heart-teichmann/H4/LA#TissueBlock,http://purl.org/ccf/1.5/9bd653dd-2309-4ecc-b4c8-e9f3de4bf8ca,heart,UBERON:0000948,sc_bulk,http://purl.obolibrary.org/obo/CL_0002129,regular atrial cardiac myocyte,4744.609408,0.1646680780464154
http://purl.org/ccf/1.5/hca-heart-teichmann/H4/LA#TissueBlock,http://purl.org/ccf/1.5/9bd653dd-2309-4ecc-b4c8-e9f3de4bf8ca,heart,UBERON:0000948,sc_bulk,http://purl.obolibrary.org/obo/CL_0000057,fibroblast,4536.883383999999,0.157458665808049
http://purl.org/ccf/1.5/hca-heart-teichmann/H4/LA#TissueBlock,http://purl.org/ccf/1.5/9bd653dd-2309-4ecc-b4c8-e9f3de4bf8ca,heart,UBERON:0000948,sc_bulk,http://purl.obolibrary.org/obo/CL_0002144,capillary endothelial cell,3569.067304,0.1238693015229087
http://purl.org/ccf/1.5/hca-heart-teichmann/H4/LA#TissueBlock,http://purl.org/ccf/1.5/9bd653dd-2309-4ecc-b4c8-e9f3de4bf8ca,heart,UBERON:0000948,sc_bulk,http://purl.obolibrary.org/obo/CL_0000235,macrophage,1583.573464,0.05496005600007958
http://purl.org/ccf/1.5/hca-heart-teichmann/H4/LA#TissueBlock,http://purl.org/ccf/1.5/9bd653dd-2309-4ecc-b4c8-e9f3de4bf8ca,heart,UBERON:0000948,sc_bulk,http://purl.obolibrary.org/obo/CL_0000003,native cell,1456.784824,0.05055968499552103
http://purl.org/ccf/1.5/hca-heart-teichmann/H4/LA#TissueBlock,http://purl.org/ccf/1.5/9bd653dd-2309-4ecc-b4c8-e9f3de4bf8ca,heart,UBERON:0000948,sc_bulk,http://purl.obolibrary.org/obo/CL_0000192,smooth muscle cell,1326.839536,0.04604975825843946
http://purl.org/ccf/1.5/hca-heart-teichmann/H4/LA#TissueBlock,http://purl.org/ccf/1.5/9bd653dd-2309-4ecc-b4c8-e9f3de4bf8ca,heart,UBERON:0000948,sc_bulk,http://purl.obolibrary.org/obo/CL_0000115,endothelial cell,1000.545128,0.03472527010309058
http://purl.org/ccf/1.5/hca-heart-teichmann/H4/LA#TissueBlock,http://purl.org/ccf/1.5/9bd653dd-2309-4ecc-b4c8-e9f3de4bf8ca,heart,UBERON:0000948,sc_bulk,http://purl.obolibrary.org/obo/CL_1000413,endothelial cell of artery,896.830704,0.03112572093114512
http://purl.org/ccf/1.5/hca-heart-teichmann/H4/LA#TissueBlock,http://purl.org/ccf/1.5/9bd653dd-2309-4ecc-b4c8-e9f3de4bf8ca,heart,UBERON:0000948,sc_bulk,http://purl.obolibrary.org/obo/CL_0002543,vein endothelial cell,787.9907199999998,0.02734828227630809
http://purl.org/ccf/1.5/hca-heart-teichmann/H4/LA#TissueBlock,http://purl.org/ccf/1.5/9bd653dd-2309-4ecc-b4c8-e9f3de4bf8ca,heart,UBERON:0000948,sc_bulk,http://purl.obolibrary.org/obo/CL_1000309,epicardial adipocyte,596.3605999999999,0.02069750012699193
http://purl.org/ccf/1.5/hca-heart-teichmann/H4/LA#TissueBlock,http://purl.org/ccf/1.5/9bd653dd-2309-4ecc-b4c8-e9f3de4bf8ca,heart,UBERON:0000948,sc_bulk,http://purl.obolibrary.org/obo/CL_0000794,"CD8-positive, alpha-beta cytotoxic T cell",426.7950719999999,0.01481249944567017
http://purl.org/ccf/1.5/hca-heart-teichmann/H4/LA#TissueBlock,http://purl.org/ccf/1.5/9bd653dd-2309-4ecc-b4c8-e9f3de4bf8ca,heart,UBERON:0000948,sc_bulk,http://purl.obolibrary.org/obo/CL_0002319,neural cell,397.271072,0.01378782914761676
http://purl.org/ccf/1.5/hca-heart-teichmann/H4/LA#TissueBlock,http://purl.org/ccf/1.5/9bd653dd-2309-4ecc-b4c8-e9f3de4bf8ca,heart,UBERON:0000948,sc_bulk,http://purl.obolibrary.org/obo/CL_0002397,"CD14-positive, CD16-positive monocyte",363.592416,0.01261896590139138
http://purl.org/ccf/1.5/hca-heart-teichmann/H4/LA#TissueBlock,http://purl.org/ccf/1.5/9bd653dd-2309-4ecc-b4c8-e9f3de4bf8ca,heart,UBERON:0000948,sc_bulk,http://purl.obolibrary.org/obo/CL_0000906,"activated CD8-positive, alpha-beta T cell",354.051808,0.01228784621425648
http://purl.org/ccf/1.5/hca-heart-teichmann/H4/LA#TissueBlock,http://purl.org/ccf/1.5/9bd653dd-2309-4ecc-b4c8-e9f3de4bf8ca,heart,UBERON:0000948,sc_bulk,http://purl.obolibrary.org/obo/CL_0000623,natural killer cell,281.405344,0.009766552557590503
http://purl.org/ccf/1.5/hca-heart-teichmann/H4/LA#TissueBlock,http://purl.org/ccf/1.5/9bd653dd-2309-4ecc-b4c8-e9f3de4bf8ca,heart,UBERON:0000948,sc_bulk,http://purl.obolibrary.org/obo/CL_0000934,"CD4-positive, alpha-beta cytotoxic T cell",225.673712,0.00783231099234044
http://purl.org/ccf/1.5/hca-heart-teichmann/H4/LA#TissueBlock,http://purl.org/ccf/1.5/9bd653dd-2309-4ecc-b4c8-e9f3de4bf8ca,heart,UBERON:0000948,sc_bulk,http://purl.obolibrary.org/obo/CL_0000077,mesothelial cell,211.5563999999999,0.007342350611133523
http://purl.org/ccf/1.5/hca-heart-teichmann/H4/LA#TissueBlock,http://purl.org/ccf/1.5/9bd653dd-2309-4ecc-b4c8-e9f3de4bf8ca,heart,UBERON:0000948,sc_bulk,http://purl.obolibrary.org/obo/CL_0000576,monocyte,168.174512,0.005836723592197079
http://purl.org/ccf/1.5/hca-heart-teichmann/H4/LA#TissueBlock,http://purl.org/ccf/1.5/9bd653dd-2309-4ecc-b4c8-e9f3de4bf8ca,heart,UBERON:0000948,sc_bulk,http://purl.obolibrary.org/obo/CL_0000814,mature NK T cell,141.668736,0.004916804834777458
http://purl.org/ccf/1.5/hca-heart-teichmann/H4/LA#TissueBlock,http://purl.org/ccf/1.5/9bd653dd-2309-4ecc-b4c8-e9f3de4bf8ca,heart,UBERON:0000948,sc_bulk,http://purl.obolibrary.org/obo/CL_0001054,CD14-positive monocyte,131.692528,0.004570567061277838
http://purl.org/ccf/1.5/hca-heart-teichmann/H4/LA#TissueBlock,http://purl.org/ccf/1.5/9bd653dd-2309-4ecc-b4c8-e9f3de4bf8ca,heart,UBERON:0000948,sc_bulk,http://purl.obolibrary.org/obo/CL_0000097,mast cell,104.92152,0.003641443069049475
http://purl.org/ccf/1.5/hca-heart-teichmann/H4/LA#TissueBlock,http://purl.org/ccf/1.5/9bd653dd-2309-4ecc-b4c8-e9f3de4bf8ca,heart,UBERON:0000948,sc_bulk,http://purl.obolibrary.org/obo/CL_0000236,B cell,104.609824,0.003630625238361829
http://purl.org/ccf/1.5/hca-heart-teichmann/H4/LA#TissueBlock,http://purl.org/ccf/1.5/9bd653dd-2309-4ecc-b4c8-e9f3de4bf8ca,heart,UBERON:0000948,sc_bulk,http://purl.obolibrary.org/obo/CL_0000896,"activated CD4-positive, alpha-beta T cell",90.49638399999998,0.003140799240144822
http://purl.org/ccf/1.5/hca-heart-teichmann/H4/LA#TissueBlock,http://purl.org/ccf/1.5/9bd653dd-2309-4ecc-b4c8-e9f3de4bf8ca,heart,UBERON:0000948,sc_bulk,http://purl.obolibrary.org/obo/CL_0000451,dendritic cell,81.75050399999999,0.002837261661688673
http://purl.org/ccf/1.5/hca-heart-teichmann/H4/LA#TissueBlock,http://purl.org/ccf/1.5/9bd653dd-2309-4ecc-b4c8-e9f3de4bf8ca,heart,UBERON:0000948,sc_bulk,http://purl.obolibrary.org/obo/CL_0002138,endothelial cell of lymphatic vessel,53.03671999999999,0.001840711004273648
http://purl.org/ccf/1.5/hca-heart-teichmann/H4/RA#TissueBlock,http://purl.org/ccf/1.5/3bf6e5a0-a04d-498e-89b1-b2c2562e4483,heart,UBERON:0000948,sc_bulk,https://purl.org/ccf/ASCTB-TEMP_muscle,Muscle,4200.828831000001,0.1886987746624205
http://purl.org/ccf/1.5/hca-heart-teichmann/H4/RA#TissueBlock,http://purl.org/ccf/1.5/3bf6e5a0-a04d-498e-89b1-b2c2562e4483,heart,UBERON:0000948,sc_bulk,https://purl.org/ccf/ASCTB-TEMP_fibroblast,Fibroblast,3173.294169,0.1425425184941805
http://purl.org/ccf/1.5/hca-heart-teichmann/H4/RA#TissueBlock,http://purl.org/ccf/1.5/3bf6e5a0-a04d-498e-89b1-b2c2562e4483,heart,UBERON:0000948,sc_bulk,https://purl.org/ccf/ASCTB-TEMP_endothelial-cell,Endothelial cell,2631.410592000001,0.118201425080658
http://purl.org/ccf/1.5/hca-heart-teichmann/H4/RA#TissueBlock,http://purl.org/ccf/1.5/3bf6e5a0-a04d-498e-89b1-b2c2562e4483,heart,UBERON:0000948,sc_bulk,http://purl.obolibrary.org/obo/CL_0000057,fibroblast,2515.301157,0.1129858571552135
http://purl.org/ccf/1.5/hca-heart-teichmann/H4/RA#TissueBlock,http://purl.org/ccf/1.5/3bf6e5a0-a04d-498e-89b1-b2c2562e4483,heart,UBERON:0000948,sc_bulk,http://purl.obolibrary.org/obo/CL_0002129,regular atrial cardiac myocyte,2088.71658,0.0938239274008357
http://purl.org/ccf/1.5/hca-heart-teichmann/H4/RA#TissueBlock,http://purl.org/ccf/1.5/3bf6e5a0-a04d-498e-89b1-b2c2562e4483,heart,UBERON:0000948,sc_bulk,https://purl.org/ccf/ASCTB-TEMP_immune-myeloid-,Immune (myeloid),1929.012426,0.08665011018983436
http://purl.org/ccf/1.5/hca-heart-teichmann/H4/RA#TissueBlock,http://purl.org/ccf/1.5/3bf6e5a0-a04d-498e-89b1-b2c2562e4483,heart,UBERON:0000948,sc_bulk,http://purl.obolibrary.org/obo/CL_0000115,endothelial cell,851.4040210000001,0.0382445707665535
http://purl.org/ccf/1.5/hca-heart-teichmann/H4/RA#TissueBlock,http://purl.org/ccf/1.5/3bf6e5a0-a04d-498e-89b1-b2c2562e4483,heart,UBERON:0000948,sc_bulk,http://purl.obolibrary.org/obo/CL_0000669,pericyte,663.946785,0.0298241013406703
http://purl.org/ccf/1.5/hca-heart-teichmann/H4/RA#TissueBlock,http://purl.org/ccf/1.5/3bf6e5a0-a04d-498e-89b1-b2c2562e4483,heart,UBERON:0000948,sc_bulk,http://purl.obolibrary.org/obo/CL_0000003,native cell,611.0267719999999,0.02744696530158007
http://purl.org/ccf/1.5/hca-heart-teichmann/H4/RA#TissueBlock,http://purl.org/ccf/1.5/3bf6e5a0-a04d-498e-89b1-b2c2562e4483,heart,UBERON:0000948,sc_bulk,http://purl.obolibrary.org/obo/CL_0002543,vein endothelial cell,409.3443130000001,0.01838750717670704
http://purl.org/ccf/1.5/hca-heart-teichmann/H4/RA#TissueBlock,http://purl.org/ccf/1.5/3bf6e5a0-a04d-498e-89b1-b2c2562e4483,heart,UBERON:0000948,sc_bulk,http://purl.obolibrary.org/obo/CL_0000235,macrophage,386.594205,0.01736558562842633
http://purl.org/ccf/1.5/hca-heart-teichmann/H4/RA#TissueBlock,http://purl.org/ccf/1.5/3bf6e5a0-a04d-498e-89b1-b2c2562e4483,heart,UBERON:0000948,sc_bulk,http://purl.obolibrary.org/obo/CL_0000192,smooth muscle cell,385.8929420000001,0.01733408530452845
http://purl.org/ccf/1.5/hca-heart-teichmann/H4/RA#TissueBlock,http://purl.org/ccf/1.5/3bf6e5a0-a04d-498e-89b1-b2c2562e4483,heart,UBERON:0000948,sc_bulk,http://purl.obolibrary.org/obo/CL_0002144,capillary endothelial cell,367.687397,0.01651630286878379
http://purl.org/ccf/1.5/hca-heart-teichmann/H4/RA#TissueBlock,http://purl.org/ccf/1.5/3bf6e5a0-a04d-498e-89b1-b2c2562e4483,heart,UBERON:0000948,sc_bulk,http://purl.obolibrary.org/obo/CL_1000413,endothelial cell of artery,338.0031960000001,0.01518290591763984
http://purl.org/ccf/1.5/hca-heart-teichmann/H4/RA#TissueBlock,http://purl.org/ccf/1.5/3bf6e5a0-a04d-498e-89b1-b2c2562e4483,heart,UBERON:0000948,sc_bulk,https://purl.org/ccf/ASCTB-TEMP_immune-lymphocyte-,Immune (lymphocyte),222.787746,0.01000749527563947
http://purl.org/ccf/1.5/hca-heart-teichmann/H4/RA#TissueBlock,http://purl.org/ccf/1.5/3bf6e5a0-a04d-498e-89b1-b2c2562e4483,heart,UBERON:0000948,sc_bulk,http://purl.obolibrary.org/obo/CL_0002319,neural cell,202.588141,0.009100140830717337
http://purl.org/ccf/1.5/hca-heart-teichmann/H4/RA#TissueBlock,http://purl.org/ccf/1.5/3bf6e5a0-a04d-498e-89b1-b2c2562e4483,heart,UBERON:0000948,sc_bulk,http://purl.obolibrary.org/obo/CL_1000309,epicardial adipocyte,168.895768,0.007586699137103795
http://purl.org/ccf/1.5/hca-heart-teichmann/H4/RA#TissueBlock,http://purl.org/ccf/1.5/3bf6e5a0-a04d-498e-89b1-b2c2562e4483,heart,UBERON:0000948,sc_bulk,http://purl.obolibrary.org/obo/CL_0000906,"activated CD8-positive, alpha-beta T cell",148.973549,0.006691804709100766
http://purl.org/ccf/1.5/hca-heart-teichmann/H4/RA#TissueBlock,http://purl.org/ccf/1.5/3bf6e5a0-a04d-498e-89b1-b2c2562e4483,heart,UBERON:0000948,sc_bulk,http://purl.obolibrary.org/obo/CL_0000794,"CD8-positive, alpha-beta cytotoxic T cell",135.0168,0.006064875705201304
http://purl.org/ccf/1.5/hca-heart-teichmann/H4/RA#TissueBlock,http://purl.org/ccf/1.5/3bf6e5a0-a04d-498e-89b1-b2c2562e4483,heart,UBERON:0000948,sc_bulk,https://purl.org/ccf/ASCTB-TEMP_glia,Glia,100.986885,0.004536271822324763
http://purl.org/ccf/1.5/hca-heart-teichmann/H4/RA#TissueBlock,http://purl.org/ccf/1.5/3bf6e5a0-a04d-498e-89b1-b2c2562e4483,heart,UBERON:0000948,sc_bulk,http://purl.obolibrary.org/obo/CL_0000236,B cell,96.47351400000001,0.004333533836189259
http://purl.org/ccf/1.5/hca-heart-teichmann/H4/RA#TissueBlock,http://purl.org/ccf/1.5/3bf6e5a0-a04d-498e-89b1-b2c2562e4483,heart,UBERON:0000948,sc_bulk,http://purl.obolibrary.org/obo/CL_0002397,"CD14-positive, CD16-positive monocyte",95.902589,0.004307888219036489
http://purl.org/ccf/1.5/hca-heart-teichmann/H4/RA#TissueBlock,http://purl.org/ccf/1.5/3bf6e5a0-a04d-498e-89b1-b2c2562e4483,heart,UBERON:0000948,sc_bulk,http://purl.obolibrary.org/obo/CL_0000623,natural killer cell,90.56485800000002,0.004068120463743816
http://purl.org/ccf/1.5/hca-heart-teichmann/H4/RA#TissueBlock,http://purl.org/ccf/1.5/3bf6e5a0-a04d-498e-89b1-b2c2562e4483,heart,UBERON:0000948,sc_bulk,http://purl.obolibrary.org/obo/CL_0001054,CD14-positive monocyte,86.091034,0.003867158905723283
http://purl.org/ccf/1.5/hca-heart-teichmann/H4/RA#TissueBlock,http://purl.org/ccf/1.5/3bf6e5a0-a04d-498e-89b1-b2c2562e4483,heart,UBERON:0000948,sc_bulk,http://purl.obolibrary.org/obo/CL_0000934,"CD4-positive, alpha-beta cytotoxic T cell",79.742348,0.003581979642984486
http://purl.org/ccf/1.5/hca-heart-teichmann/H4/RA#TissueBlock,http://purl.org/ccf/1.5/3bf6e5a0-a04d-498e-89b1-b2c2562e4483,heart,UBERON:0000948,sc_bulk,https://purl.org/ccf/ASCTB-TEMP_adipocyte,Adipocyte,67.180884,0.003017726025394966
http://purl.org/ccf/1.5/hca-heart-teichmann/H4/RA#TissueBlock,http://purl.org/ccf/1.5/3bf6e5a0-a04d-498e-89b1-b2c2562e4483,heart,UBERON:0000948,sc_bulk,http://purl.obolibrary.org/obo/CL_0000576,monocyte,55.85651700000001,0.002509042081655495
http://purl.org/ccf/1.5/hca-heart-teichmann/H4/RA#TissueBlock,http://purl.org/ccf/1.5/3bf6e5a0-a04d-498e-89b1-b2c2562e4483,heart,UBERON:0000948,sc_bulk,http://purl.obolibrary.org/obo/CL_0000077,mesothelial cell,54.18161800000001,0.002433806597969273
http://purl.org/ccf/1.5/hca-heart-teichmann/H4/RA#TissueBlock,http://purl.org/ccf/1.5/3bf6e5a0-a04d-498e-89b1-b2c2562e4483,heart,UBERON:0000948,sc_bulk,http://purl.obolibrary.org/obo/CL_0000814,mature NK T cell,33.578188,0.001508312570182985
http://purl.org/ccf/1.5/hca-heart-teichmann/H4/RA#TissueBlock,http://purl.org/ccf/1.5/3bf6e5a0-a04d-498e-89b1-b2c2562e4483,heart,UBERON:0000948,sc_bulk,http://purl.obolibrary.org/obo/CL_0000896,"activated CD4-positive, alpha-beta T cell",31.567975,0.00141801497769094
http://purl.org/ccf/1.5/hca-heart-teichmann/H4/RA#TissueBlock,http://purl.org/ccf/1.5/3bf6e5a0-a04d-498e-89b1-b2c2562e4483,heart,UBERON:0000948,sc_bulk,http://purl.obolibrary.org/obo/CL_0000451,dendritic cell,22.63703700000001,0.001016842465078739
http://purl.org/ccf/1.5/hca-heart-teichmann/H4/RA#TissueBlock,http://purl.org/ccf/1.5/3bf6e5a0-a04d-498e-89b1-b2c2562e4483,heart,UBERON:0000948,sc_bulk,http://purl.obolibrary.org/obo/CL_0000097,mast cell,11.827895,5.313021270624986E-4
http://purl.org/ccf/1.5/hca-heart-teichmann/H4/RA#TissueBlock,http://purl.org/ccf/1.5/3bf6e5a0-a04d-498e-89b1-b2c2562e4483,heart,UBERON:0000948,sc_bulk,http://purl.obolibrary.org/obo/CL_0002138,endothelial cell of lymphatic vessel,4.771819000000001,2.143473191685626E-4
http://purl.org/ccf/1.5/hca-heart-teichmann/H5/LA#TissueBlock,http://purl.org/ccf/1.5/502166ab-e841-4b65-9045-7c386166a9e8,heart,UBERON:0000948,sc_bulk,http://purl.obolibrary.org/obo/CL_0000669,pericyte,3663.468365,0.1796743913592813
http://purl.org/ccf/1.5/hca-heart-teichmann/H5/LA#TissueBlock,http://purl.org/ccf/1.5/502166ab-e841-4b65-9045-7c386166a9e8,heart,UBERON:0000948,sc_bulk,http://purl.obolibrary.org/obo/CL_0002129,regular atrial cardiac myocyte,3357.49736,0.1646680780464154
http://purl.org/ccf/1.5/hca-heart-teichmann/H5/LA#TissueBlock,http://purl.org/ccf/1.5/502166ab-e841-4b65-9045-7c386166a9e8,heart,UBERON:0000948,sc_bulk,http://purl.obolibrary.org/obo/CL_0000057,fibroblast,3210.501155,0.157458665808049
http://purl.org/ccf/1.5/hca-heart-teichmann/H5/LA#TissueBlock,http://purl.org/ccf/1.5/502166ab-e841-4b65-9045-7c386166a9e8,heart,UBERON:0000948,sc_bulk,http://purl.obolibrary.org/obo/CL_0002144,capillary endothelial cell,2525.631305,0.1238693015229087
http://purl.org/ccf/1.5/hca-heart-teichmann/H5/LA#TissueBlock,http://purl.org/ccf/1.5/502166ab-e841-4b65-9045-7c386166a9e8,heart,UBERON:0000948,sc_bulk,http://purl.obolibrary.org/obo/CL_0000235,macrophage,1120.607255,0.05496005600007956
http://purl.org/ccf/1.5/hca-heart-teichmann/H5/LA#TissueBlock,http://purl.org/ccf/1.5/502166ab-e841-4b65-9045-7c386166a9e8,heart,UBERON:0000948,sc_bulk,http://purl.obolibrary.org/obo/CL_0000003,native cell,1030.885955,0.05055968499552101
http://purl.org/ccf/1.5/hca-heart-teichmann/H5/LA#TissueBlock,http://purl.org/ccf/1.5/502166ab-e841-4b65-9045-7c386166a9e8,heart,UBERON:0000948,sc_bulk,http://purl.obolibrary.org/obo/CL_0000192,smooth muscle cell,938.9308699999999,0.04604975825843945
http://purl.org/ccf/1.5/hca-heart-teichmann/H5/LA#TissueBlock,http://purl.org/ccf/1.5/502166ab-e841-4b65-9045-7c386166a9e8,heart,UBERON:0000948,sc_bulk,http://purl.obolibrary.org/obo/CL_0000115,endothelial cell,708.0303850000001,0.03472527010309057
http://purl.org/ccf/1.5/hca-heart-teichmann/H5/LA#TissueBlock,http://purl.org/ccf/1.5/502166ab-e841-4b65-9045-7c386166a9e8,heart,UBERON:0000948,sc_bulk,http://purl.obolibrary.org/obo/CL_1000413,endothelial cell of artery,634.63743,0.03112572093114511
http://purl.org/ccf/1.5/hca-heart-teichmann/H5/LA#TissueBlock,http://purl.org/ccf/1.5/502166ab-e841-4b65-9045-7c386166a9e8,heart,UBERON:0000948,sc_bulk,http://purl.obolibrary.org/obo/CL_0002543,vein endothelial cell,557.6174,0.02734828227630809
http://purl.org/ccf/1.5/hca-heart-teichmann/H5/LA#TissueBlock,http://purl.org/ccf/1.5/502166ab-e841-4b65-9045-7c386166a9e8,heart,UBERON:0000948,sc_bulk,http://purl.obolibrary.org/obo/CL_1000309,epicardial adipocyte,422.011375,0.02069750012699192
http://purl.org/ccf/1.5/hca-heart-teichmann/H5/LA#TissueBlock,http://purl.org/ccf/1.5/502166ab-e841-4b65-9045-7c386166a9e8,heart,UBERON:0000948,sc_bulk,http://purl.obolibrary.org/obo/CL_0000794,"CD8-positive, alpha-beta cytotoxic T cell",302.01924,0.01481249944567017
http://purl.org/ccf/1.5/hca-heart-teichmann/H5/LA#TissueBlock,http://purl.org/ccf/1.5/502166ab-e841-4b65-9045-7c386166a9e8,heart,UBERON:0000948,sc_bulk,http://purl.obolibrary.org/obo/CL_0002319,neural cell,281.12674,0.01378782914761676
http://purl.org/ccf/1.5/hca-heart-teichmann/H5/LA#TissueBlock,http://purl.org/ccf/1.5/502166ab-e841-4b65-9045-7c386166a9e8,heart,UBERON:0000948,sc_bulk,http://purl.obolibrary.org/obo/CL_0002397,"CD14-positive, CD16-positive monocyte",257.29422,0.01261896590139137
http://purl.org/ccf/1.5/hca-heart-teichmann/H5/LA#TissueBlock,http://purl.org/ccf/1.5/502166ab-e841-4b65-9045-7c386166a9e8,heart,UBERON:0000948,sc_bulk,http://purl.obolibrary.org/obo/CL_0000906,"activated CD8-positive, alpha-beta T cell",250.54286,0.01228784621425648
http://purl.org/ccf/1.5/hca-heart-teichmann/H5/LA#TissueBlock,http://purl.org/ccf/1.5/502166ab-e841-4b65-9045-7c386166a9e8,heart,UBERON:0000948,sc_bulk,http://purl.obolibrary.org/obo/CL_0000623,natural killer cell,199.13498,0.009766552557590501
http://purl.org/ccf/1.5/hca-heart-teichmann/H5/LA#TissueBlock,http://purl.org/ccf/1.5/502166ab-e841-4b65-9045-7c386166a9e8,heart,UBERON:0000948,sc_bulk,http://purl.obolibrary.org/obo/CL_0000934,"CD4-positive, alpha-beta cytotoxic T cell",159.69679,0.007832310992340438
http://purl.org/ccf/1.5/hca-heart-teichmann/H5/LA#TissueBlock,http://purl.org/ccf/1.5/502166ab-e841-4b65-9045-7c386166a9e8,heart,UBERON:0000948,sc_bulk,http://purl.obolibrary.org/obo/CL_0000077,mesothelial cell,149.70675,0.007342350611133521
http://purl.org/ccf/1.5/hca-heart-teichmann/H5/LA#TissueBlock,http://purl.org/ccf/1.5/502166ab-e841-4b65-9045-7c386166a9e8,heart,UBERON:0000948,sc_bulk,http://purl.obolibrary.org/obo/CL_0000576,monocyte,119.00779,0.005836723592197079
http://purl.org/ccf/1.5/hca-heart-teichmann/H5/LA#TissueBlock,http://purl.org/ccf/1.5/502166ab-e841-4b65-9045-7c386166a9e8,heart,UBERON:0000948,sc_bulk,http://purl.obolibrary.org/obo/CL_0000814,mature NK T cell,100.25112,0.004916804834777457
http://purl.org/ccf/1.5/hca-heart-teichmann/H5/LA#TissueBlock,http://purl.org/ccf/1.5/502166ab-e841-4b65-9045-7c386166a9e8,heart,UBERON:0000948,sc_bulk,http://purl.obolibrary.org/obo/CL_0001054,CD14-positive monocyte,93.19151000000001,0.004570567061277837
http://purl.org/ccf/1.5/hca-heart-teichmann/H5/LA#TissueBlock,http://purl.org/ccf/1.5/502166ab-e841-4b65-9045-7c386166a9e8,heart,UBERON:0000948,sc_bulk,http://purl.obolibrary.org/obo/CL_0000097,mast cell,74.24714999999999,0.003641443069049474
http://purl.org/ccf/1.5/hca-heart-teichmann/H5/LA#TissueBlock,http://purl.org/ccf/1.5/502166ab-e841-4b65-9045-7c386166a9e8,heart,UBERON:0000948,sc_bulk,http://purl.obolibrary.org/obo/CL_0000236,B cell,74.02658,0.003630625238361828
http://purl.org/ccf/1.5/hca-heart-teichmann/H5/LA#TissueBlock,http://purl.org/ccf/1.5/502166ab-e841-4b65-9045-7c386166a9e8,heart,UBERON:0000948,sc_bulk,http://purl.obolibrary.org/obo/CL_0000896,"activated CD4-positive, alpha-beta T cell",64.03927999999999,0.003140799240144821
http://purl.org/ccf/1.5/hca-heart-teichmann/H5/LA#TissueBlock,http://purl.org/ccf/1.5/502166ab-e841-4b65-9045-7c386166a9e8,heart,UBERON:0000948,sc_bulk,http://purl.obolibrary.org/obo/CL_0000451,dendritic cell,57.850305,0.002837261661688673
http://purl.org/ccf/1.5/hca-heart-teichmann/H5/LA#TissueBlock,http://purl.org/ccf/1.5/502166ab-e841-4b65-9045-7c386166a9e8,heart,UBERON:0000948,sc_bulk,http://purl.obolibrary.org/obo/CL_0002138,endothelial cell of lymphatic vessel,37.53115,0.001840711004273648
http://purl.org/ccf/1.5/hca-heart-teichmann/H5/RA#TissueBlock,http://purl.org/ccf/1.5/ca476545-5b98-476c-b2fd-1b8e1708faed,heart,UBERON:0000948,sc_bulk,https://purl.org/ccf/ASCTB-TEMP_muscle,Muscle,7051.660605,0.1886987746624204
http://purl.org/ccf/1.5/hca-heart-teichmann/H5/RA#TissueBlock,http://purl.org/ccf/1.5/ca476545-5b98-476c-b2fd-1b8e1708faed,heart,UBERON:0000948,sc_bulk,https://purl.org/ccf/ASCTB-TEMP_fibroblast,Fibroblast,5326.804395,0.1425425184941804
http://purl.org/ccf/1.5/hca-heart-teichmann/H5/RA#TissueBlock,http://purl.org/ccf/1.5/ca476545-5b98-476c-b2fd-1b8e1708faed,heart,UBERON:0000948,sc_bulk,https://purl.org/ccf/ASCTB-TEMP_endothelial-cell,Endothelial cell,4417.179360000001,0.118201425080658
http://purl.org/ccf/1.5/hca-heart-teichmann/H5/RA#TissueBlock,http://purl.org/ccf/1.5/ca476545-5b98-476c-b2fd-1b8e1708faed,heart,UBERON:0000948,sc_bulk,http://purl.obolibrary.org/obo/CL_0000057,fibroblast,4222.273935,0.1129858571552135
http://purl.org/ccf/1.5/hca-heart-teichmann/H5/RA#TissueBlock,http://purl.org/ccf/1.5/ca476545-5b98-476c-b2fd-1b8e1708faed,heart,UBERON:0000948,sc_bulk,http://purl.obolibrary.org/obo/CL_0002129,regular atrial cardiac myocyte,3506.1939,0.09382392740083569
http://purl.org/ccf/1.5/hca-heart-teichmann/H5/RA#TissueBlock,http://purl.org/ccf/1.5/ca476545-5b98-476c-b2fd-1b8e1708faed,heart,UBERON:0000948,sc_bulk,https://purl.org/ccf/ASCTB-TEMP_immune-myeloid-,Immune (myeloid),3238.10883,0.08665011018983435
http://purl.org/ccf/1.5/hca-heart-teichmann/H5/RA#TissueBlock,http://purl.org/ccf/1.5/ca476545-5b98-476c-b2fd-1b8e1708faed,heart,UBERON:0000948,sc_bulk,http://purl.obolibrary.org/obo/CL_0000115,endothelial cell,1429.197055,0.03824457076655349
http://purl.org/ccf/1.5/hca-heart-teichmann/H5/RA#TissueBlock,http://purl.org/ccf/1.5/ca476545-5b98-476c-b2fd-1b8e1708faed,heart,UBERON:0000948,sc_bulk,http://purl.obolibrary.org/obo/CL_0000669,pericyte,1114.524675,0.02982410134067029
http://purl.org/ccf/1.5/hca-heart-teichmann/H5/RA#TissueBlock,http://purl.org/ccf/1.5/ca476545-5b98-476c-b2fd-1b8e1708faed,heart,UBERON:0000948,sc_bulk,http://purl.obolibrary.org/obo/CL_0000003,native cell,1025.69126,0.02744696530158006
http://purl.org/ccf/1.5/hca-heart-teichmann/H5/RA#TissueBlock,http://purl.org/ccf/1.5/ca476545-5b98-476c-b2fd-1b8e1708faed,heart,UBERON:0000948,sc_bulk,http://purl.obolibrary.org/obo/CL_0002543,vein endothelial cell,687.1399150000001,0.01838750717670703
http://purl.org/ccf/1.5/hca-heart-teichmann/H5/RA#TissueBlock,http://purl.org/ccf/1.5/ca476545-5b98-476c-b2fd-1b8e1708faed,heart,UBERON:0000948,sc_bulk,http://purl.obolibrary.org/obo/CL_0000235,macrophage,648.9507750000001,0.01736558562842633
http://purl.org/ccf/1.5/hca-heart-teichmann/H5/RA#TissueBlock,http://purl.org/ccf/1.5/ca476545-5b98-476c-b2fd-1b8e1708faed,heart,UBERON:0000948,sc_bulk,http://purl.obolibrary.org/obo/CL_0000192,smooth muscle cell,647.7736100000001,0.01733408530452844
http://purl.org/ccf/1.5/hca-heart-teichmann/H5/RA#TissueBlock,http://purl.org/ccf/1.5/ca476545-5b98-476c-b2fd-1b8e1708faed,heart,UBERON:0000948,sc_bulk,http://purl.obolibrary.org/obo/CL_0002144,capillary endothelial cell,617.213135,0.01651630286878378
http://purl.org/ccf/1.5/hca-heart-teichmann/H5/RA#TissueBlock,http://purl.org/ccf/1.5/ca476545-5b98-476c-b2fd-1b8e1708faed,heart,UBERON:0000948,sc_bulk,http://purl.obolibrary.org/obo/CL_1000413,endothelial cell of artery,567.3841800000001,0.01518290591763984
http://purl.org/ccf/1.5/hca-heart-teichmann/H5/RA#TissueBlock,http://purl.org/ccf/1.5/ca476545-5b98-476c-b2fd-1b8e1708faed,heart,UBERON:0000948,sc_bulk,https://purl.org/ccf/ASCTB-TEMP_immune-lymphocyte-,Immune (lymphocyte),373.97943,0.01000749527563947
http://purl.org/ccf/1.5/hca-heart-teichmann/H5/RA#TissueBlock,http://purl.org/ccf/1.5/ca476545-5b98-476c-b2fd-1b8e1708faed,heart,UBERON:0000948,sc_bulk,http://purl.obolibrary.org/obo/CL_0002319,neural cell,340.071655,0.009100140830717333
http://purl.org/ccf/1.5/hca-heart-teichmann/H5/RA#TissueBlock,http://purl.org/ccf/1.5/ca476545-5b98-476c-b2fd-1b8e1708faed,heart,UBERON:0000948,sc_bulk,http://purl.obolibrary.org/obo/CL_1000309,epicardial adipocyte,283.51444,0.007586699137103794
http://purl.org/ccf/1.5/hca-heart-teichmann/H5/RA#TissueBlock,http://purl.org/ccf/1.5/ca476545-5b98-476c-b2fd-1b8e1708faed,heart,UBERON:0000948,sc_bulk,http://purl.obolibrary.org/obo/CL_0000906,"activated CD8-positive, alpha-beta T cell",250.0722950000001,0.006691804709100763
http://purl.org/ccf/1.5/hca-heart-teichmann/H5/RA#TissueBlock,http://purl.org/ccf/1.5/ca476545-5b98-476c-b2fd-1b8e1708faed,heart,UBERON:0000948,sc_bulk,http://purl.obolibrary.org/obo/CL_0000794,"CD8-positive, alpha-beta cytotoxic T cell",226.644,0.006064875705201304
http://purl.org/ccf/1.5/hca-heart-teichmann/H5/RA#TissueBlock,http://purl.org/ccf/1.5/ca476545-5b98-476c-b2fd-1b8e1708faed,heart,UBERON:0000948,sc_bulk,https://purl.org/ccf/ASCTB-TEMP_glia,Glia,169.520175,0.004536271822324762
http://purl.org/ccf/1.5/hca-heart-teichmann/H5/RA#TissueBlock,http://purl.org/ccf/1.5/ca476545-5b98-476c-b2fd-1b8e1708faed,heart,UBERON:0000948,sc_bulk,http://purl.obolibrary.org/obo/CL_0000236,B cell,161.94387,0.004333533836189257
http://purl.org/ccf/1.5/hca-heart-teichmann/H5/RA#TissueBlock,http://purl.org/ccf/1.5/ca476545-5b98-476c-b2fd-1b8e1708faed,heart,UBERON:0000948,sc_bulk,http://purl.obolibrary.org/obo/CL_0002397,"CD14-positive, CD16-positive monocyte",160.985495,0.004307888219036488
http://purl.org/ccf/1.5/hca-heart-teichmann/H5/RA#TissueBlock,http://purl.org/ccf/1.5/ca476545-5b98-476c-b2fd-1b8e1708faed,heart,UBERON:0000948,sc_bulk,http://purl.obolibrary.org/obo/CL_0000623,natural killer cell,152.02539,0.004068120463743815
http://purl.org/ccf/1.5/hca-heart-teichmann/H5/RA#TissueBlock,http://purl.org/ccf/1.5/ca476545-5b98-476c-b2fd-1b8e1708faed,heart,UBERON:0000948,sc_bulk,http://purl.obolibrary.org/obo/CL_0001054,CD14-positive monocyte,144.51547,0.003867158905723283
http://purl.org/ccf/1.5/hca-heart-teichmann/H5/RA#TissueBlock,http://purl.org/ccf/1.5/ca476545-5b98-476c-b2fd-1b8e1708faed,heart,UBERON:0000948,sc_bulk,http://purl.obolibrary.org/obo/CL_0000934,"CD4-positive, alpha-beta cytotoxic T cell",133.85834,0.003581979642984485
http://purl.org/ccf/1.5/hca-heart-teichmann/H5/RA#TissueBlock,http://purl.org/ccf/1.5/ca476545-5b98-476c-b2fd-1b8e1708faed,heart,UBERON:0000948,sc_bulk,https://purl.org/ccf/ASCTB-TEMP_adipocyte,Adipocyte,112.77222,0.003017726025394965
http://purl.org/ccf/1.5/hca-heart-teichmann/H5/RA#TissueBlock,http://purl.org/ccf/1.5/ca476545-5b98-476c-b2fd-1b8e1708faed,heart,UBERON:0000948,sc_bulk,http://purl.obolibrary.org/obo/CL_0000576,monocyte,93.762735,0.002509042081655494
http://purl.org/ccf/1.5/hca-heart-teichmann/H5/RA#TissueBlock,http://purl.org/ccf/1.5/ca476545-5b98-476c-b2fd-1b8e1708faed,heart,UBERON:0000948,sc_bulk,http://purl.obolibrary.org/obo/CL_0000077,mesothelial cell,90.95119000000001,0.002433806597969272
http://purl.org/ccf/1.5/hca-heart-teichmann/H5/RA#TissueBlock,http://purl.org/ccf/1.5/ca476545-5b98-476c-b2fd-1b8e1708faed,heart,UBERON:0000948,sc_bulk,http://purl.obolibrary.org/obo/CL_0000814,mature NK T cell,56.36554000000001,0.001508312570182984
http://purl.org/ccf/1.5/hca-heart-teichmann/H5/RA#TissueBlock,http://purl.org/ccf/1.5/ca476545-5b98-476c-b2fd-1b8e1708faed,heart,UBERON:0000948,sc_bulk,http://purl.obolibrary.org/obo/CL_0000896,"activated CD4-positive, alpha-beta T cell",52.991125,0.00141801497769094
http://purl.org/ccf/1.5/hca-heart-teichmann/H5/RA#TissueBlock,http://purl.org/ccf/1.5/ca476545-5b98-476c-b2fd-1b8e1708faed,heart,UBERON:0000948,sc_bulk,http://purl.obolibrary.org/obo/CL_0000451,dendritic cell,37.99933500000001,0.001016842465078739
http://purl.org/ccf/1.5/hca-heart-teichmann/H5/RA#TissueBlock,http://purl.org/ccf/1.5/ca476545-5b98-476c-b2fd-1b8e1708faed,heart,UBERON:0000948,sc_bulk,http://purl.obolibrary.org/obo/CL_0000097,mast cell,19.854725,5.313021270624985E-4
http://purl.org/ccf/1.5/hca-heart-teichmann/H5/RA#TissueBlock,http://purl.org/ccf/1.5/ca476545-5b98-476c-b2fd-1b8e1708faed,heart,UBERON:0000948,sc_bulk,http://purl.obolibrary.org/obo/CL_0002138,endothelial cell of lymphatic vessel,8.010145000000001,2.143473191685626E-4
http://purl.org/ccf/1.5/hca-heart-teichmann/H6/LA#TissueBlock,http://purl.org/ccf/1.5/502166ab-e841-4b65-9045-7c386166a9e8,heart,UBERON:0000948,sc_bulk,http://purl.obolibrary.org/obo/CL_0000669,pericyte,3663.468365,0.1796743913592813
http://purl.org/ccf/1.5/hca-heart-teichmann/H6/LA#TissueBlock,http://purl.org/ccf/1.5/502166ab-e841-4b65-9045-7c386166a9e8,heart,UBERON:0000948,sc_bulk,http://purl.obolibrary.org/obo/CL_0002129,regular atrial cardiac myocyte,3357.49736,0.1646680780464154
http://purl.org/ccf/1.5/hca-heart-teichmann/H6/LA#TissueBlock,http://purl.org/ccf/1.5/502166ab-e841-4b65-9045-7c386166a9e8,heart,UBERON:0000948,sc_bulk,http://purl.obolibrary.org/obo/CL_0000057,fibroblast,3210.501155,0.157458665808049
http://purl.org/ccf/1.5/hca-heart-teichmann/H6/LA#TissueBlock,http://purl.org/ccf/1.5/502166ab-e841-4b65-9045-7c386166a9e8,heart,UBERON:0000948,sc_bulk,http://purl.obolibrary.org/obo/CL_0002144,capillary endothelial cell,2525.631305,0.1238693015229087
http://purl.org/ccf/1.5/hca-heart-teichmann/H6/LA#TissueBlock,http://purl.org/ccf/1.5/502166ab-e841-4b65-9045-7c386166a9e8,heart,UBERON:0000948,sc_bulk,http://purl.obolibrary.org/obo/CL_0000235,macrophage,1120.607255,0.05496005600007956
http://purl.org/ccf/1.5/hca-heart-teichmann/H6/LA#TissueBlock,http://purl.org/ccf/1.5/502166ab-e841-4b65-9045-7c386166a9e8,heart,UBERON:0000948,sc_bulk,http://purl.obolibrary.org/obo/CL_0000003,native cell,1030.885955,0.05055968499552101
http://purl.org/ccf/1.5/hca-heart-teichmann/H6/LA#TissueBlock,http://purl.org/ccf/1.5/502166ab-e841-4b65-9045-7c386166a9e8,heart,UBERON:0000948,sc_bulk,http://purl.obolibrary.org/obo/CL_0000192,smooth muscle cell,938.9308699999999,0.04604975825843945
http://purl.org/ccf/1.5/hca-heart-teichmann/H6/LA#TissueBlock,http://purl.org/ccf/1.5/502166ab-e841-4b65-9045-7c386166a9e8,heart,UBERON:0000948,sc_bulk,http://purl.obolibrary.org/obo/CL_0000115,endothelial cell,708.0303850000001,0.03472527010309057
http://purl.org/ccf/1.5/hca-heart-teichmann/H6/LA#TissueBlock,http://purl.org/ccf/1.5/502166ab-e841-4b65-9045-7c386166a9e8,heart,UBERON:0000948,sc_bulk,http://purl.obolibrary.org/obo/CL_1000413,endothelial cell of artery,634.63743,0.03112572093114511
http://purl.org/ccf/1.5/hca-heart-teichmann/H6/LA#TissueBlock,http://purl.org/ccf/1.5/502166ab-e841-4b65-9045-7c386166a9e8,heart,UBERON:0000948,sc_bulk,http://purl.obolibrary.org/obo/CL_0002543,vein endothelial cell,557.6174,0.02734828227630809
http://purl.org/ccf/1.5/hca-heart-teichmann/H6/LA#TissueBlock,http://purl.org/ccf/1.5/502166ab-e841-4b65-9045-7c386166a9e8,heart,UBERON:0000948,sc_bulk,http://purl.obolibrary.org/obo/CL_1000309,epicardial adipocyte,422.011375,0.02069750012699192
http://purl.org/ccf/1.5/hca-heart-teichmann/H6/LA#TissueBlock,http://purl.org/ccf/1.5/502166ab-e841-4b65-9045-7c386166a9e8,heart,UBERON:0000948,sc_bulk,http://purl.obolibrary.org/obo/CL_0000794,"CD8-positive, alpha-beta cytotoxic T cell",302.01924,0.01481249944567017
http://purl.org/ccf/1.5/hca-heart-teichmann/H6/LA#TissueBlock,http://purl.org/ccf/1.5/502166ab-e841-4b65-9045-7c386166a9e8,heart,UBERON:0000948,sc_bulk,http://purl.obolibrary.org/obo/CL_0002319,neural cell,281.12674,0.01378782914761676
http://purl.org/ccf/1.5/hca-heart-teichmann/H6/LA#TissueBlock,http://purl.org/ccf/1.5/502166ab-e841-4b65-9045-7c386166a9e8,heart,UBERON:0000948,sc_bulk,http://purl.obolibrary.org/obo/CL_0002397,"CD14-positive, CD16-positive monocyte",257.29422,0.01261896590139137
http://purl.org/ccf/1.5/hca-heart-teichmann/H6/LA#TissueBlock,http://purl.org/ccf/1.5/502166ab-e841-4b65-9045-7c386166a9e8,heart,UBERON:0000948,sc_bulk,http://purl.obolibrary.org/obo/CL_0000906,"activated CD8-positive, alpha-beta T cell",250.54286,0.01228784621425648
http://purl.org/ccf/1.5/hca-heart-teichmann/H6/LA#TissueBlock,http://purl.org/ccf/1.5/502166ab-e841-4b65-9045-7c386166a9e8,heart,UBERON:0000948,sc_bulk,http://purl.obolibrary.org/obo/CL_0000623,natural killer cell,199.13498,0.009766552557590501
http://purl.org/ccf/1.5/hca-heart-teichmann/H6/LA#TissueBlock,http://purl.org/ccf/1.5/502166ab-e841-4b65-9045-7c386166a9e8,heart,UBERON:0000948,sc_bulk,http://purl.obolibrary.org/obo/CL_0000934,"CD4-positive, alpha-beta cytotoxic T cell",159.69679,0.007832310992340438
http://purl.org/ccf/1.5/hca-heart-teichmann/H6/LA#TissueBlock,http://purl.org/ccf/1.5/502166ab-e841-4b65-9045-7c386166a9e8,heart,UBERON:0000948,sc_bulk,http://purl.obolibrary.org/obo/CL_0000077,mesothelial cell,149.70675,0.007342350611133521
http://purl.org/ccf/1.5/hca-heart-teichmann/H6/LA#TissueBlock,http://purl.org/ccf/1.5/502166ab-e841-4b65-9045-7c386166a9e8,heart,UBERON:0000948,sc_bulk,http://purl.obolibrary.org/obo/CL_0000576,monocyte,119.00779,0.005836723592197079
http://purl.org/ccf/1.5/hca-heart-teichmann/H6/LA#TissueBlock,http://purl.org/ccf/1.5/502166ab-e841-4b65-9045-7c386166a9e8,heart,UBERON:0000948,sc_bulk,http://purl.obolibrary.org/obo/CL_0000814,mature NK T cell,100.25112,0.004916804834777457
http://purl.org/ccf/1.5/hca-heart-teichmann/H6/LA#TissueBlock,http://purl.org/ccf/1.5/502166ab-e841-4b65-9045-7c386166a9e8,heart,UBERON:0000948,sc_bulk,http://purl.obolibrary.org/obo/CL_0001054,CD14-positive monocyte,93.19151000000001,0.004570567061277837
http://purl.org/ccf/1.5/hca-heart-teichmann/H6/LA#TissueBlock,http://purl.org/ccf/1.5/502166ab-e841-4b65-9045-7c386166a9e8,heart,UBERON:0000948,sc_bulk,http://purl.obolibrary.org/obo/CL_0000097,mast cell,74.24714999999999,0.003641443069049474
http://purl.org/ccf/1.5/hca-heart-teichmann/H6/LA#TissueBlock,http://purl.org/ccf/1.5/502166ab-e841-4b65-9045-7c386166a9e8,heart,UBERON:0000948,sc_bulk,http://purl.obolibrary.org/obo/CL_0000236,B cell,74.02658,0.003630625238361828
http://purl.org/ccf/1.5/hca-heart-teichmann/H6/LA#TissueBlock,http://purl.org/ccf/1.5/502166ab-e841-4b65-9045-7c386166a9e8,heart,UBERON:0000948,sc_bulk,http://purl.obolibrary.org/obo/CL_0000896,"activated CD4-positive, alpha-beta T cell",64.03927999999999,0.003140799240144821
http://purl.org/ccf/1.5/hca-heart-teichmann/H6/LA#TissueBlock,http://purl.org/ccf/1.5/502166ab-e841-4b65-9045-7c386166a9e8,heart,UBERON:0000948,sc_bulk,http://purl.obolibrary.org/obo/CL_0000451,dendritic cell,57.850305,0.002837261661688673
http://purl.org/ccf/1.5/hca-heart-teichmann/H6/LA#TissueBlock,http://purl.org/ccf/1.5/502166ab-e841-4b65-9045-7c386166a9e8,heart,UBERON:0000948,sc_bulk,http://purl.obolibrary.org/obo/CL_0002138,endothelial cell of lymphatic vessel,37.53115,0.001840711004273648
http://purl.org/ccf/1.5/hca-heart-teichmann/H6/RA#TissueBlock,http://purl.org/ccf/1.5/ca476545-5b98-476c-b2fd-1b8e1708faed,heart,UBERON:0000948,sc_bulk,https://purl.org/ccf/ASCTB-TEMP_muscle,Muscle,7051.660605,0.1886987746624204
http://purl.org/ccf/1.5/hca-heart-teichmann/H6/RA#TissueBlock,http://purl.org/ccf/1.5/ca476545-5b98-476c-b2fd-1b8e1708faed,heart,UBERON:0000948,sc_bulk,https://purl.org/ccf/ASCTB-TEMP_fibroblast,Fibroblast,5326.804395,0.1425425184941804
http://purl.org/ccf/1.5/hca-heart-teichmann/H6/RA#TissueBlock,http://purl.org/ccf/1.5/ca476545-5b98-476c-b2fd-1b8e1708faed,heart,UBERON:0000948,sc_bulk,https://purl.org/ccf/ASCTB-TEMP_endothelial-cell,Endothelial cell,4417.179360000001,0.118201425080658
http://purl.org/ccf/1.5/hca-heart-teichmann/H6/RA#TissueBlock,http://purl.org/ccf/1.5/ca476545-5b98-476c-b2fd-1b8e1708faed,heart,UBERON:0000948,sc_bulk,http://purl.obolibrary.org/obo/CL_0000057,fibroblast,4222.273935,0.1129858571552135
http://purl.org/ccf/1.5/hca-heart-teichmann/H6/RA#TissueBlock,http://purl.org/ccf/1.5/ca476545-5b98-476c-b2fd-1b8e1708faed,heart,UBERON:0000948,sc_bulk,http://purl.obolibrary.org/obo/CL_0002129,regular atrial cardiac myocyte,3506.1939,0.09382392740083569
http://purl.org/ccf/1.5/hca-heart-teichmann/H6/RA#TissueBlock,http://purl.org/ccf/1.5/ca476545-5b98-476c-b2fd-1b8e1708faed,heart,UBERON:0000948,sc_bulk,https://purl.org/ccf/ASCTB-TEMP_immune-myeloid-,Immune (myeloid),3238.10883,0.08665011018983435
http://purl.org/ccf/1.5/hca-heart-teichmann/H6/RA#TissueBlock,http://purl.org/ccf/1.5/ca476545-5b98-476c-b2fd-1b8e1708faed,heart,UBERON:0000948,sc_bulk,http://purl.obolibrary.org/obo/CL_0000115,endothelial cell,1429.197055,0.03824457076655349
http://purl.org/ccf/1.5/hca-heart-teichmann/H6/RA#TissueBlock,http://purl.org/ccf/1.5/ca476545-5b98-476c-b2fd-1b8e1708faed,heart,UBERON:0000948,sc_bulk,http://purl.obolibrary.org/obo/CL_0000669,pericyte,1114.524675,0.02982410134067029
http://purl.org/ccf/1.5/hca-heart-teichmann/H6/RA#TissueBlock,http://purl.org/ccf/1.5/ca476545-5b98-476c-b2fd-1b8e1708faed,heart,UBERON:0000948,sc_bulk,http://purl.obolibrary.org/obo/CL_0000003,native cell,1025.69126,0.02744696530158006
http://purl.org/ccf/1.5/hca-heart-teichmann/H6/RA#TissueBlock,http://purl.org/ccf/1.5/ca476545-5b98-476c-b2fd-1b8e1708faed,heart,UBERON:0000948,sc_bulk,http://purl.obolibrary.org/obo/CL_0002543,vein endothelial cell,687.1399150000001,0.01838750717670703
http://purl.org/ccf/1.5/hca-heart-teichmann/H6/RA#TissueBlock,http://purl.org/ccf/1.5/ca476545-5b98-476c-b2fd-1b8e1708faed,heart,UBERON:0000948,sc_bulk,http://purl.obolibrary.org/obo/CL_0000235,macrophage,648.9507750000001,0.01736558562842633
http://purl.org/ccf/1.5/hca-heart-teichmann/H6/RA#TissueBlock,http://purl.org/ccf/1.5/ca476545-5b98-476c-b2fd-1b8e1708faed,heart,UBERON:0000948,sc_bulk,http://purl.obolibrary.org/obo/CL_0000192,smooth muscle cell,647.7736100000001,0.01733408530452844
http://purl.org/ccf/1.5/hca-heart-teichmann/H6/RA#TissueBlock,http://purl.org/ccf/1.5/ca476545-5b98-476c-b2fd-1b8e1708faed,heart,UBERON:0000948,sc_bulk,http://purl.obolibrary.org/obo/CL_0002144,capillary endothelial cell,617.213135,0.01651630286878378
http://purl.org/ccf/1.5/hca-heart-teichmann/H6/RA#TissueBlock,http://purl.org/ccf/1.5/ca476545-5b98-476c-b2fd-1b8e1708faed,heart,UBERON:0000948,sc_bulk,http://purl.obolibrary.org/obo/CL_1000413,endothelial cell of artery,567.3841800000001,0.01518290591763984
http://purl.org/ccf/1.5/hca-heart-teichmann/H6/RA#TissueBlock,http://purl.org/ccf/1.5/ca476545-5b98-476c-b2fd-1b8e1708faed,heart,UBERON:0000948,sc_bulk,https://purl.org/ccf/ASCTB-TEMP_immune-lymphocyte-,Immune (lymphocyte),373.97943,0.01000749527563947
http://purl.org/ccf/1.5/hca-heart-teichmann/H6/RA#TissueBlock,http://purl.org/ccf/1.5/ca476545-5b98-476c-b2fd-1b8e1708faed,heart,UBERON:0000948,sc_bulk,http://purl.obolibrary.org/obo/CL_0002319,neural cell,340.071655,0.009100140830717333
http://purl.org/ccf/1.5/hca-heart-teichmann/H6/RA#TissueBlock,http://purl.org/ccf/1.5/ca476545-5b98-476c-b2fd-1b8e1708faed,heart,UBERON:0000948,sc_bulk,http://purl.obolibrary.org/obo/CL_1000309,epicardial adipocyte,283.51444,0.007586699137103794
http://purl.org/ccf/1.5/hca-heart-teichmann/H6/RA#TissueBlock,http://purl.org/ccf/1.5/ca476545-5b98-476c-b2fd-1b8e1708faed,heart,UBERON:0000948,sc_bulk,http://purl.obolibrary.org/obo/CL_0000906,"activated CD8-positive, alpha-beta T cell",250.0722950000001,0.006691804709100763
http://purl.org/ccf/1.5/hca-heart-teichmann/H6/RA#TissueBlock,http://purl.org/ccf/1.5/ca476545-5b98-476c-b2fd-1b8e1708faed,heart,UBERON:0000948,sc_bulk,http://purl.obolibrary.org/obo/CL_0000794,"CD8-positive, alpha-beta cytotoxic T cell",226.644,0.006064875705201304
http://purl.org/ccf/1.5/hca-heart-teichmann/H6/RA#TissueBlock,http://purl.org/ccf/1.5/ca476545-5b98-476c-b2fd-1b8e1708faed,heart,UBERON:0000948,sc_bulk,https://purl.org/ccf/ASCTB-TEMP_glia,Glia,169.520175,0.004536271822324762
http://purl.org/ccf/1.5/hca-heart-teichmann/H6/RA#TissueBlock,http://purl.org/ccf/1.5/ca476545-5b98-476c-b2fd-1b8e1708faed,heart,UBERON:0000948,sc_bulk,http://purl.obolibrary.org/obo/CL_0000236,B cell,161.94387,0.004333533836189257
http://purl.org/ccf/1.5/hca-heart-teichmann/H6/RA#TissueBlock,http://purl.org/ccf/1.5/ca476545-5b98-476c-b2fd-1b8e1708faed,heart,UBERON:0000948,sc_bulk,http://purl.obolibrary.org/obo/CL_0002397,"CD14-positive, CD16-positive monocyte",160.985495,0.004307888219036488
http://purl.org/ccf/1.5/hca-heart-teichmann/H6/RA#TissueBlock,http://purl.org/ccf/1.5/ca476545-5b98-476c-b2fd-1b8e1708faed,heart,UBERON:0000948,sc_bulk,http://purl.obolibrary.org/obo/CL_0000623,natural killer cell,152.02539,0.004068120463743815
http://purl.org/ccf/1.5/hca-heart-teichmann/H6/RA#TissueBlock,http://purl.org/ccf/1.5/ca476545-5b98-476c-b2fd-1b8e1708faed,heart,UBERON:0000948,sc_bulk,http://purl.obolibrary.org/obo/CL_0001054,CD14-positive monocyte,144.51547,0.003867158905723283
http://purl.org/ccf/1.5/hca-heart-teichmann/H6/RA#TissueBlock,http://purl.org/ccf/1.5/ca476545-5b98-476c-b2fd-1b8e1708faed,heart,UBERON:0000948,sc_bulk,http://purl.obolibrary.org/obo/CL_0000934,"CD4-positive, alpha-beta cytotoxic T cell",133.85834,0.003581979642984485
http://purl.org/ccf/1.5/hca-heart-teichmann/H6/RA#TissueBlock,http://purl.org/ccf/1.5/ca476545-5b98-476c-b2fd-1b8e1708faed,heart,UBERON:0000948,sc_bulk,https://purl.org/ccf/ASCTB-TEMP_adipocyte,Adipocyte,112.77222,0.003017726025394965
http://purl.org/ccf/1.5/hca-heart-teichmann/H6/RA#TissueBlock,http://purl.org/ccf/1.5/ca476545-5b98-476c-b2fd-1b8e1708faed,heart,UBERON:0000948,sc_bulk,http://purl.obolibrary.org/obo/CL_0000576,monocyte,93.762735,0.002509042081655494
http://purl.org/ccf/1.5/hca-heart-teichmann/H6/RA#TissueBlock,http://purl.org/ccf/1.5/ca476545-5b98-476c-b2fd-1b8e1708faed,heart,UBERON:0000948,sc_bulk,http://purl.obolibrary.org/obo/CL_0000077,mesothelial cell,90.95119000000001,0.002433806597969272
http://purl.org/ccf/1.5/hca-heart-teichmann/H6/RA#TissueBlock,http://purl.org/ccf/1.5/ca476545-5b98-476c-b2fd-1b8e1708faed,heart,UBERON:0000948,sc_bulk,http://purl.obolibrary.org/obo/CL_0000814,mature NK T cell,56.36554000000001,0.001508312570182984
http://purl.org/ccf/1.5/hca-heart-teichmann/H6/RA#TissueBlock,http://purl.org/ccf/1.5/ca476545-5b98-476c-b2fd-1b8e1708faed,heart,UBERON:0000948,sc_bulk,http://purl.obolibrary.org/obo/CL_0000896,"activated CD4-positive, alpha-beta T cell",52.991125,0.00141801497769094
http://purl.org/ccf/1.5/hca-heart-teichmann/H6/RA#TissueBlock,http://purl.org/ccf/1.5/ca476545-5b98-476c-b2fd-1b8e1708faed,heart,UBERON:0000948,sc_bulk,http://purl.obolibrary.org/obo/CL_0000451,dendritic cell,37.99933500000001,0.001016842465078739
http://purl.org/ccf/1.5/hca-heart-teichmann/H6/RA#TissueBlock,http://purl.org/ccf/1.5/ca476545-5b98-476c-b2fd-1b8e1708faed,heart,UBERON:0000948,sc_bulk,http://purl.obolibrary.org/obo/CL_0000097,mast cell,19.854725,5.313021270624985E-4
http://purl.org/ccf/1.5/hca-heart-teichmann/H6/RA#TissueBlock,http://purl.org/ccf/1.5/ca476545-5b98-476c-b2fd-1b8e1708faed,heart,UBERON:0000948,sc_bulk,http://purl.obolibrary.org/obo/CL_0002138,endothelial cell of lymphatic vessel,8.010145000000001,2.143473191685626E-4
http://purl.org/ccf/1.5/hca-heart-teichmann/H7/LA#TissueBlock,http://purl.org/ccf/1.5/502166ab-e841-4b65-9045-7c386166a9e8,heart,UBERON:0000948,sc_bulk,http://purl.obolibrary.org/obo/CL_0000669,pericyte,3663.468365,0.1796743913592813
http://purl.org/ccf/1.5/hca-heart-teichmann/H7/LA#TissueBlock,http://purl.org/ccf/1.5/502166ab-e841-4b65-9045-7c386166a9e8,heart,UBERON:0000948,sc_bulk,http://purl.obolibrary.org/obo/CL_0002129,regular atrial cardiac myocyte,3357.49736,0.1646680780464154
http://purl.org/ccf/1.5/hca-heart-teichmann/H7/LA#TissueBlock,http://purl.org/ccf/1.5/502166ab-e841-4b65-9045-7c386166a9e8,heart,UBERON:0000948,sc_bulk,http://purl.obolibrary.org/obo/CL_0000057,fibroblast,3210.501155,0.157458665808049
http://purl.org/ccf/1.5/hca-heart-teichmann/H7/LA#TissueBlock,http://purl.org/ccf/1.5/502166ab-e841-4b65-9045-7c386166a9e8,heart,UBERON:0000948,sc_bulk,http://purl.obolibrary.org/obo/CL_0002144,capillary endothelial cell,2525.631305,0.1238693015229087
http://purl.org/ccf/1.5/hca-heart-teichmann/H7/LA#TissueBlock,http://purl.org/ccf/1.5/502166ab-e841-4b65-9045-7c386166a9e8,heart,UBERON:0000948,sc_bulk,http://purl.obolibrary.org/obo/CL_0000235,macrophage,1120.607255,0.05496005600007956
http://purl.org/ccf/1.5/hca-heart-teichmann/H7/LA#TissueBlock,http://purl.org/ccf/1.5/502166ab-e841-4b65-9045-7c386166a9e8,heart,UBERON:0000948,sc_bulk,http://purl.obolibrary.org/obo/CL_0000003,native cell,1030.885955,0.05055968499552101
http://purl.org/ccf/1.5/hca-heart-teichmann/H7/LA#TissueBlock,http://purl.org/ccf/1.5/502166ab-e841-4b65-9045-7c386166a9e8,heart,UBERON:0000948,sc_bulk,http://purl.obolibrary.org/obo/CL_0000192,smooth muscle cell,938.9308699999999,0.04604975825843945
http://purl.org/ccf/1.5/hca-heart-teichmann/H7/LA#TissueBlock,http://purl.org/ccf/1.5/502166ab-e841-4b65-9045-7c386166a9e8,heart,UBERON:0000948,sc_bulk,http://purl.obolibrary.org/obo/CL_0000115,endothelial cell,708.0303850000001,0.03472527010309057
http://purl.org/ccf/1.5/hca-heart-teichmann/H7/LA#TissueBlock,http://purl.org/ccf/1.5/502166ab-e841-4b65-9045-7c386166a9e8,heart,UBERON:0000948,sc_bulk,http://purl.obolibrary.org/obo/CL_1000413,endothelial cell of artery,634.63743,0.03112572093114511
http://purl.org/ccf/1.5/hca-heart-teichmann/H7/LA#TissueBlock,http://purl.org/ccf/1.5/502166ab-e841-4b65-9045-7c386166a9e8,heart,UBERON:0000948,sc_bulk,http://purl.obolibrary.org/obo/CL_0002543,vein endothelial cell,557.6174,0.02734828227630809
http://purl.org/ccf/1.5/hca-heart-teichmann/H7/LA#TissueBlock,http://purl.org/ccf/1.5/502166ab-e841-4b65-9045-7c386166a9e8,heart,UBERON:0000948,sc_bulk,http://purl.obolibrary.org/obo/CL_1000309,epicardial adipocyte,422.011375,0.02069750012699192
http://purl.org/ccf/1.5/hca-heart-teichmann/H7/LA#TissueBlock,http://purl.org/ccf/1.5/502166ab-e841-4b65-9045-7c386166a9e8,heart,UBERON:0000948,sc_bulk,http://purl.obolibrary.org/obo/CL_0000794,"CD8-positive, alpha-beta cytotoxic T cell",302.01924,0.01481249944567017
http://purl.org/ccf/1.5/hca-heart-teichmann/H7/LA#TissueBlock,http://purl.org/ccf/1.5/502166ab-e841-4b65-9045-7c386166a9e8,heart,UBERON:0000948,sc_bulk,http://purl.obolibrary.org/obo/CL_0002319,neural cell,281.12674,0.01378782914761676
http://purl.org/ccf/1.5/hca-heart-teichmann/H7/LA#TissueBlock,http://purl.org/ccf/1.5/502166ab-e841-4b65-9045-7c386166a9e8,heart,UBERON:0000948,sc_bulk,http://purl.obolibrary.org/obo/CL_0002397,"CD14-positive, CD16-positive monocyte",257.29422,0.01261896590139137
http://purl.org/ccf/1.5/hca-heart-teichmann/H7/LA#TissueBlock,http://purl.org/ccf/1.5/502166ab-e841-4b65-9045-7c386166a9e8,heart,UBERON:0000948,sc_bulk,http://purl.obolibrary.org/obo/CL_0000906,"activated CD8-positive, alpha-beta T cell",250.54286,0.01228784621425648
http://purl.org/ccf/1.5/hca-heart-teichmann/H7/LA#TissueBlock,http://purl.org/ccf/1.5/502166ab-e841-4b65-9045-7c386166a9e8,heart,UBERON:0000948,sc_bulk,http://purl.obolibrary.org/obo/CL_0000623,natural killer cell,199.13498,0.009766552557590501
http://purl.org/ccf/1.5/hca-heart-teichmann/H7/LA#TissueBlock,http://purl.org/ccf/1.5/502166ab-e841-4b65-9045-7c386166a9e8,heart,UBERON:0000948,sc_bulk,http://purl.obolibrary.org/obo/CL_0000934,"CD4-positive, alpha-beta cytotoxic T cell",159.69679,0.007832310992340438
http://purl.org/ccf/1.5/hca-heart-teichmann/H7/LA#TissueBlock,http://purl.org/ccf/1.5/502166ab-e841-4b65-9045-7c386166a9e8,heart,UBERON:0000948,sc_bulk,http://purl.obolibrary.org/obo/CL_0000077,mesothelial cell,149.70675,0.007342350611133521
http://purl.org/ccf/1.5/hca-heart-teichmann/H7/LA#TissueBlock,http://purl.org/ccf/1.5/502166ab-e841-4b65-9045-7c386166a9e8,heart,UBERON:0000948,sc_bulk,http://purl.obolibrary.org/obo/CL_0000576,monocyte,119.00779,0.005836723592197079
http://purl.org/ccf/1.5/hca-heart-teichmann/H7/LA#TissueBlock,http://purl.org/ccf/1.5/502166ab-e841-4b65-9045-7c386166a9e8,heart,UBERON:0000948,sc_bulk,http://purl.obolibrary.org/obo/CL_0000814,mature NK T cell,100.25112,0.004916804834777457
http://purl.org/ccf/1.5/hca-heart-teichmann/H7/LA#TissueBlock,http://purl.org/ccf/1.5/502166ab-e841-4b65-9045-7c386166a9e8,heart,UBERON:0000948,sc_bulk,http://purl.obolibrary.org/obo/CL_0001054,CD14-positive monocyte,93.19151000000001,0.004570567061277837
http://purl.org/ccf/1.5/hca-heart-teichmann/H7/LA#TissueBlock,http://purl.org/ccf/1.5/502166ab-e841-4b65-9045-7c386166a9e8,heart,UBERON:0000948,sc_bulk,http://purl.obolibrary.org/obo/CL_0000097,mast cell,74.24714999999999,0.003641443069049474
http://purl.org/ccf/1.5/hca-heart-teichmann/H7/LA#TissueBlock,http://purl.org/ccf/1.5/502166ab-e841-4b65-9045-7c386166a9e8,heart,UBERON:0000948,sc_bulk,http://purl.obolibrary.org/obo/CL_0000236,B cell,74.02658,0.003630625238361828
http://purl.org/ccf/1.5/hca-heart-teichmann/H7/LA#TissueBlock,http://purl.org/ccf/1.5/502166ab-e841-4b65-9045-7c386166a9e8,heart,UBERON:0000948,sc_bulk,http://purl.obolibrary.org/obo/CL_0000896,"activated CD4-positive, alpha-beta T cell",64.03927999999999,0.003140799240144821
http://purl.org/ccf/1.5/hca-heart-teichmann/H7/LA#TissueBlock,http://purl.org/ccf/1.5/502166ab-e841-4b65-9045-7c386166a9e8,heart,UBERON:0000948,sc_bulk,http://purl.obolibrary.org/obo/CL_0000451,dendritic cell,57.850305,0.002837261661688673
http://purl.org/ccf/1.5/hca-heart-teichmann/H7/LA#TissueBlock,http://purl.org/ccf/1.5/502166ab-e841-4b65-9045-7c386166a9e8,heart,UBERON:0000948,sc_bulk,http://purl.obolibrary.org/obo/CL_0002138,endothelial cell of lymphatic vessel,37.53115,0.001840711004273648
http://purl.org/ccf/1.5/hca-heart-teichmann/H7/RA#TissueBlock,http://purl.org/ccf/1.5/ca476545-5b98-476c-b2fd-1b8e1708faed,heart,UBERON:0000948,sc_bulk,https://purl.org/ccf/ASCTB-TEMP_muscle,Muscle,7051.660605,0.1886987746624204
http://purl.org/ccf/1.5/hca-heart-teichmann/H7/RA#TissueBlock,http://purl.org/ccf/1.5/ca476545-5b98-476c-b2fd-1b8e1708faed,heart,UBERON:0000948,sc_bulk,https://purl.org/ccf/ASCTB-TEMP_fibroblast,Fibroblast,5326.804395,0.1425425184941804
http://purl.org/ccf/1.5/hca-heart-teichmann/H7/RA#TissueBlock,http://purl.org/ccf/1.5/ca476545-5b98-476c-b2fd-1b8e1708faed,heart,UBERON:0000948,sc_bulk,https://purl.org/ccf/ASCTB-TEMP_endothelial-cell,Endothelial cell,4417.179360000001,0.118201425080658
http://purl.org/ccf/1.5/hca-heart-teichmann/H7/RA#TissueBlock,http://purl.org/ccf/1.5/ca476545-5b98-476c-b2fd-1b8e1708faed,heart,UBERON:0000948,sc_bulk,http://purl.obolibrary.org/obo/CL_0000057,fibroblast,4222.273935,0.1129858571552135
http://purl.org/ccf/1.5/hca-heart-teichmann/H7/RA#TissueBlock,http://purl.org/ccf/1.5/ca476545-5b98-476c-b2fd-1b8e1708faed,heart,UBERON:0000948,sc_bulk,http://purl.obolibrary.org/obo/CL_0002129,regular atrial cardiac myocyte,3506.1939,0.09382392740083569
http://purl.org/ccf/1.5/hca-heart-teichmann/H7/RA#TissueBlock,http://purl.org/ccf/1.5/ca476545-5b98-476c-b2fd-1b8e1708faed,heart,UBERON:0000948,sc_bulk,https://purl.org/ccf/ASCTB-TEMP_immune-myeloid-,Immune (myeloid),3238.10883,0.08665011018983435
http://purl.org/ccf/1.5/hca-heart-teichmann/H7/RA#TissueBlock,http://purl.org/ccf/1.5/ca476545-5b98-476c-b2fd-1b8e1708faed,heart,UBERON:0000948,sc_bulk,http://purl.obolibrary.org/obo/CL_0000115,endothelial cell,1429.197055,0.03824457076655349
http://purl.org/ccf/1.5/hca-heart-teichmann/H7/RA#TissueBlock,http://purl.org/ccf/1.5/ca476545-5b98-476c-b2fd-1b8e1708faed,heart,UBERON:0000948,sc_bulk,http://purl.obolibrary.org/obo/CL_0000669,pericyte,1114.524675,0.02982410134067029
http://purl.org/ccf/1.5/hca-heart-teichmann/H7/RA#TissueBlock,http://purl.org/ccf/1.5/ca476545-5b98-476c-b2fd-1b8e1708faed,heart,UBERON:0000948,sc_bulk,http://purl.obolibrary.org/obo/CL_0000003,native cell,1025.69126,0.02744696530158006
http://purl.org/ccf/1.5/hca-heart-teichmann/H7/RA#TissueBlock,http://purl.org/ccf/1.5/ca476545-5b98-476c-b2fd-1b8e1708faed,heart,UBERON:0000948,sc_bulk,http://purl.obolibrary.org/obo/CL_0002543,vein endothelial cell,687.1399150000001,0.01838750717670703
http://purl.org/ccf/1.5/hca-heart-teichmann/H7/RA#TissueBlock,http://purl.org/ccf/1.5/ca476545-5b98-476c-b2fd-1b8e1708faed,heart,UBERON:0000948,sc_bulk,http://purl.obolibrary.org/obo/CL_0000235,macrophage,648.9507750000001,0.01736558562842633
http://purl.org/ccf/1.5/hca-heart-teichmann/H7/RA#TissueBlock,http://purl.org/ccf/1.5/ca476545-5b98-476c-b2fd-1b8e1708faed,heart,UBERON:0000948,sc_bulk,http://purl.obolibrary.org/obo/CL_0000192,smooth muscle cell,647.7736100000001,0.01733408530452844
http://purl.org/ccf/1.5/hca-heart-teichmann/H7/RA#TissueBlock,http://purl.org/ccf/1.5/ca476545-5b98-476c-b2fd-1b8e1708faed,heart,UBERON:0000948,sc_bulk,http://purl.obolibrary.org/obo/CL_0002144,capillary endothelial cell,617.213135,0.01651630286878378
http://purl.org/ccf/1.5/hca-heart-teichmann/H7/RA#TissueBlock,http://purl.org/ccf/1.5/ca476545-5b98-476c-b2fd-1b8e1708faed,heart,UBERON:0000948,sc_bulk,http://purl.obolibrary.org/obo/CL_1000413,endothelial cell of artery,567.3841800000001,0.01518290591763984
http://purl.org/ccf/1.5/hca-heart-teichmann/H7/RA#TissueBlock,http://purl.org/ccf/1.5/ca476545-5b98-476c-b2fd-1b8e1708faed,heart,UBERON:0000948,sc_bulk,https://purl.org/ccf/ASCTB-TEMP_immune-lymphocyte-,Immune (lymphocyte),373.97943,0.01000749527563947
http://purl.org/ccf/1.5/hca-heart-teichmann/H7/RA#TissueBlock,http://purl.org/ccf/1.5/ca476545-5b98-476c-b2fd-1b8e1708faed,heart,UBERON:0000948,sc_bulk,http://purl.obolibrary.org/obo/CL_0002319,neural cell,340.071655,0.009100140830717333
http://purl.org/ccf/1.5/hca-heart-teichmann/H7/RA#TissueBlock,http://purl.org/ccf/1.5/ca476545-5b98-476c-b2fd-1b8e1708faed,heart,UBERON:0000948,sc_bulk,http://purl.obolibrary.org/obo/CL_1000309,epicardial adipocyte,283.51444,0.007586699137103794
http://purl.org/ccf/1.5/hca-heart-teichmann/H7/RA#TissueBlock,http://purl.org/ccf/1.5/ca476545-5b98-476c-b2fd-1b8e1708faed,heart,UBERON:0000948,sc_bulk,http://purl.obolibrary.org/obo/CL_0000906,"activated CD8-positive, alpha-beta T cell",250.0722950000001,0.006691804709100763
http://purl.org/ccf/1.5/hca-heart-teichmann/H7/RA#TissueBlock,http://purl.org/ccf/1.5/ca476545-5b98-476c-b2fd-1b8e1708faed,heart,UBERON:0000948,sc_bulk,http://purl.obolibrary.org/obo/CL_0000794,"CD8-positive, alpha-beta cytotoxic T cell",226.644,0.006064875705201304
http://purl.org/ccf/1.5/hca-heart-teichmann/H7/RA#TissueBlock,http://purl.org/ccf/1.5/ca476545-5b98-476c-b2fd-1b8e1708faed,heart,UBERON:0000948,sc_bulk,https://purl.org/ccf/ASCTB-TEMP_glia,Glia,169.520175,0.004536271822324762
http://purl.org/ccf/1.5/hca-heart-teichmann/H7/RA#TissueBlock,http://purl.org/ccf/1.5/ca476545-5b98-476c-b2fd-1b8e1708faed,heart,UBERON:0000948,sc_bulk,http://purl.obolibrary.org/obo/CL_0000236,B cell,161.94387,0.004333533836189257
http://purl.org/ccf/1.5/hca-heart-teichmann/H7/RA#TissueBlock,http://purl.org/ccf/1.5/ca476545-5b98-476c-b2fd-1b8e1708faed,heart,UBERON:0000948,sc_bulk,http://purl.obolibrary.org/obo/CL_0002397,"CD14-positive, CD16-positive monocyte",160.985495,0.004307888219036488
http://purl.org/ccf/1.5/hca-heart-teichmann/H7/RA#TissueBlock,http://purl.org/ccf/1.5/ca476545-5b98-476c-b2fd-1b8e1708faed,heart,UBERON:0000948,sc_bulk,http://purl.obolibrary.org/obo/CL_0000623,natural killer cell,152.02539,0.004068120463743815
http://purl.org/ccf/1.5/hca-heart-teichmann/H7/RA#TissueBlock,http://purl.org/ccf/1.5/ca476545-5b98-476c-b2fd-1b8e1708faed,heart,UBERON:0000948,sc_bulk,http://purl.obolibrary.org/obo/CL_0001054,CD14-positive monocyte,144.51547,0.003867158905723283
http://purl.org/ccf/1.5/hca-heart-teichmann/H7/RA#TissueBlock,http://purl.org/ccf/1.5/ca476545-5b98-476c-b2fd-1b8e1708faed,heart,UBERON:0000948,sc_bulk,http://purl.obolibrary.org/obo/CL_0000934,"CD4-positive, alpha-beta cytotoxic T cell",133.85834,0.003581979642984485
http://purl.org/ccf/1.5/hca-heart-teichmann/H7/RA#TissueBlock,http://purl.org/ccf/1.5/ca476545-5b98-476c-b2fd-1b8e1708faed,heart,UBERON:0000948,sc_bulk,https://purl.org/ccf/ASCTB-TEMP_adipocyte,Adipocyte,112.77222,0.003017726025394965
http://purl.org/ccf/1.5/hca-heart-teichmann/H7/RA#TissueBlock,http://purl.org/ccf/1.5/ca476545-5b98-476c-b2fd-1b8e1708faed,heart,UBERON:0000948,sc_bulk,http://purl.obolibrary.org/obo/CL_0000576,monocyte,93.762735,0.002509042081655494
http://purl.org/ccf/1.5/hca-heart-teichmann/H7/RA#TissueBlock,http://purl.org/ccf/1.5/ca476545-5b98-476c-b2fd-1b8e1708faed,heart,UBERON:0000948,sc_bulk,http://purl.obolibrary.org/obo/CL_0000077,mesothelial cell,90.95119000000001,0.002433806597969272
http://purl.org/ccf/1.5/hca-heart-teichmann/H7/RA#TissueBlock,http://purl.org/ccf/1.5/ca476545-5b98-476c-b2fd-1b8e1708faed,heart,UBERON:0000948,sc_bulk,http://purl.obolibrary.org/obo/CL_0000814,mature NK T cell,56.36554000000001,0.001508312570182984
http://purl.org/ccf/1.5/hca-heart-teichmann/H7/RA#TissueBlock,http://purl.org/ccf/1.5/ca476545-5b98-476c-b2fd-1b8e1708faed,heart,UBERON:0000948,sc_bulk,http://purl.obolibrary.org/obo/CL_0000896,"activated CD4-positive, alpha-beta T cell",52.991125,0.00141801497769094
http://purl.org/ccf/1.5/hca-heart-teichmann/H7/RA#TissueBlock,http://purl.org/ccf/1.5/ca476545-5b98-476c-b2fd-1b8e1708faed,heart,UBERON:0000948,sc_bulk,http://purl.obolibrary.org/obo/CL_0000451,dendritic cell,37.99933500000001,0.001016842465078739
http://purl.org/ccf/1.5/hca-heart-teichmann/H7/RA#TissueBlock,http://purl.org/ccf/1.5/ca476545-5b98-476c-b2fd-1b8e1708faed,heart,UBERON:0000948,sc_bulk,http://purl.obolibrary.org/obo/CL_0000097,mast cell,19.854725,5.313021270624985E-4
http://purl.org/ccf/1.5/hca-heart-teichmann/H7/RA#TissueBlock,http://purl.org/ccf/1.5/ca476545-5b98-476c-b2fd-1b8e1708faed,heart,UBERON:0000948,sc_bulk,http://purl.obolibrary.org/obo/CL_0002138,endothelial cell of lymphatic vessel,8.010145000000001,2.143473191685626E-4
https://doi.org/10.1161/CIRCRESAHA.120.318458#Donor10_TissueBlock1,http://purl.org/ccf/1.5/717feefc-95f4-42b4-8255-96ddf65921be,heart,UBERON:0000948,sc_bulk,https://purl.org/ccf/ASCTB-TEMP_muscle,Muscle,362.010384,0.1886987746624205
https://doi.org/10.1161/CIRCRESAHA.120.318458#Donor10_TissueBlock1,http://purl.org/ccf/1.5/717feefc-95f4-42b4-8255-96ddf65921be,heart,UBERON:0000948,sc_bulk,https://purl.org/ccf/ASCTB-TEMP_fibroblast,Fibroblast,273.461616,0.1425425184941805
https://doi.org/10.1161/CIRCRESAHA.120.318458#Donor10_TissueBlock1,http://purl.org/ccf/1.5/717feefc-95f4-42b4-8255-96ddf65921be,heart,UBERON:0000948,sc_bulk,https://purl.org/ccf/ASCTB-TEMP_endothelial-cell,Endothelial cell,226.764288,0.118201425080658
https://doi.org/10.1161/CIRCRESAHA.120.318458#Donor10_TissueBlock1,http://purl.org/ccf/1.5/717feefc-95f4-42b4-8255-96ddf65921be,heart,UBERON:0000948,sc_bulk,http://purl.obolibrary.org/obo/CL_0000057,fibroblast,216.758448,0.1129858571552135
https://doi.org/10.1161/CIRCRESAHA.120.318458#Donor10_TissueBlock1,http://purl.org/ccf/1.5/717feefc-95f4-42b4-8255-96ddf65921be,heart,UBERON:0000948,sc_bulk,http://purl.obolibrary.org/obo/CL_0002129,regular atrial cardiac myocyte,179.99712,0.09382392740083573
https://doi.org/10.1161/CIRCRESAHA.120.318458#Donor10_TissueBlock1,http://purl.org/ccf/1.5/717feefc-95f4-42b4-8255-96ddf65921be,heart,UBERON:0000948,sc_bulk,https://purl.org/ccf/ASCTB-TEMP_immune-myeloid-,Immune (myeloid),166.234464,0.08665011018983439
https://doi.org/10.1161/CIRCRESAHA.120.318458#Donor10_TissueBlock1,http://purl.org/ccf/1.5/717feefc-95f4-42b4-8255-96ddf65921be,heart,UBERON:0000948,sc_bulk,http://purl.obolibrary.org/obo/CL_0000115,endothelial cell,73.370544,0.03824457076655351
https://doi.org/10.1161/CIRCRESAHA.120.318458#Donor10_TissueBlock1,http://purl.org/ccf/1.5/717feefc-95f4-42b4-8255-96ddf65921be,heart,UBERON:0000948,sc_bulk,http://purl.obolibrary.org/obo/CL_0000669,pericyte,57.21623999999999,0.0298241013406703
https://doi.org/10.1161/CIRCRESAHA.120.318458#Donor10_TissueBlock1,http://purl.org/ccf/1.5/717feefc-95f4-42b4-8255-96ddf65921be,heart,UBERON:0000948,sc_bulk,http://purl.obolibrary.org/obo/CL_0000003,native cell,52.65580799999999,0.02744696530158007
https://doi.org/10.1161/CIRCRESAHA.120.318458#Donor10_TissueBlock1,http://purl.org/ccf/1.5/717feefc-95f4-42b4-8255-96ddf65921be,heart,UBERON:0000948,sc_bulk,http://purl.obolibrary.org/obo/CL_0002543,vein endothelial cell,35.275632,0.01838750717670704
https://doi.org/10.1161/CIRCRESAHA.120.318458#Donor10_TissueBlock1,http://purl.org/ccf/1.5/717feefc-95f4-42b4-8255-96ddf65921be,heart,UBERON:0000948,sc_bulk,http://purl.obolibrary.org/obo/CL_0000235,macrophage,33.31512,0.01736558562842633
https://doi.org/10.1161/CIRCRESAHA.120.318458#Donor10_TissueBlock1,http://purl.org/ccf/1.5/717feefc-95f4-42b4-8255-96ddf65921be,heart,UBERON:0000948,sc_bulk,http://purl.obolibrary.org/obo/CL_0000192,smooth muscle cell,33.254688,0.01733408530452845
https://doi.org/10.1161/CIRCRESAHA.120.318458#Donor10_TissueBlock1,http://purl.org/ccf/1.5/717feefc-95f4-42b4-8255-96ddf65921be,heart,UBERON:0000948,sc_bulk,http://purl.obolibrary.org/obo/CL_0002144,capillary endothelial cell,31.685808,0.01651630286878379
https://doi.org/10.1161/CIRCRESAHA.120.318458#Donor10_TissueBlock1,http://purl.org/ccf/1.5/717feefc-95f4-42b4-8255-96ddf65921be,heart,UBERON:0000948,sc_bulk,http://purl.obolibrary.org/obo/CL_1000413,endothelial cell of artery,29.127744,0.01518290591763984
https://doi.org/10.1161/CIRCRESAHA.120.318458#Donor10_TissueBlock1,http://purl.org/ccf/1.5/717feefc-95f4-42b4-8255-96ddf65921be,heart,UBERON:0000948,sc_bulk,https://purl.org/ccf/ASCTB-TEMP_immune-lymphocyte-,Immune (lymphocyte),19.198944,0.01000749527563947
https://doi.org/10.1161/CIRCRESAHA.120.318458#Donor10_TissueBlock1,http://purl.org/ccf/1.5/717feefc-95f4-42b4-8255-96ddf65921be,heart,UBERON:0000948,sc_bulk,http://purl.obolibrary.org/obo/CL_0002319,neural cell,17.458224,0.009100140830717337
https://doi.org/10.1161/CIRCRESAHA.120.318458#Donor10_TissueBlock1,http://purl.org/ccf/1.5/717feefc-95f4-42b4-8255-96ddf65921be,heart,UBERON:0000948,sc_bulk,http://purl.obolibrary.org/obo/CL_1000309,epicardial adipocyte,14.554752,0.007586699137103796
https://doi.org/10.1161/CIRCRESAHA.120.318458#Donor10_TissueBlock1,http://purl.org/ccf/1.5/717feefc-95f4-42b4-8255-96ddf65921be,heart,UBERON:0000948,sc_bulk,http://purl.obolibrary.org/obo/CL_0000906,"activated CD8-positive, alpha-beta T cell",12.837936,0.006691804709100767
https://doi.org/10.1161/CIRCRESAHA.120.318458#Donor10_TissueBlock1,http://purl.org/ccf/1.5/717feefc-95f4-42b4-8255-96ddf65921be,heart,UBERON:0000948,sc_bulk,http://purl.obolibrary.org/obo/CL_0000794,"CD8-positive, alpha-beta cytotoxic T cell",11.6352,0.006064875705201305
https://doi.org/10.1161/CIRCRESAHA.120.318458#Donor10_TissueBlock1,http://purl.org/ccf/1.5/717feefc-95f4-42b4-8255-96ddf65921be,heart,UBERON:0000948,sc_bulk,https://purl.org/ccf/ASCTB-TEMP_glia,Glia,8.70264,0.004536271822324764
https://doi.org/10.1161/CIRCRESAHA.120.318458#Donor10_TissueBlock1,http://purl.org/ccf/1.5/717feefc-95f4-42b4-8255-96ddf65921be,heart,UBERON:0000948,sc_bulk,http://purl.obolibrary.org/obo/CL_0000236,B cell,8.313696,0.004333533836189259
https://doi.org/10.1161/CIRCRESAHA.120.318458#Donor10_TissueBlock1,http://purl.org/ccf/1.5/717feefc-95f4-42b4-8255-96ddf65921be,heart,UBERON:0000948,sc_bulk,http://purl.obolibrary.org/obo/CL_0002397,"CD14-positive, CD16-positive monocyte",8.264496,0.00430788821903649
https://doi.org/10.1161/CIRCRESAHA.120.318458#Donor10_TissueBlock1,http://purl.org/ccf/1.5/717feefc-95f4-42b4-8255-96ddf65921be,heart,UBERON:0000948,sc_bulk,http://purl.obolibrary.org/obo/CL_0000623,natural killer cell,7.804512000000002,0.004068120463743817
https://doi.org/10.1161/CIRCRESAHA.120.318458#Donor10_TissueBlock1,http://purl.org/ccf/1.5/717feefc-95f4-42b4-8255-96ddf65921be,heart,UBERON:0000948,sc_bulk,http://purl.obolibrary.org/obo/CL_0001054,CD14-positive monocyte,7.418976,0.003867158905723284
https://doi.org/10.1161/CIRCRESAHA.120.318458#Donor10_TissueBlock1,http://purl.org/ccf/1.5/717feefc-95f4-42b4-8255-96ddf65921be,heart,UBERON:0000948,sc_bulk,http://purl.obolibrary.org/obo/CL_0000934,"CD4-positive, alpha-beta cytotoxic T cell",6.871872,0.003581979642984487
https://doi.org/10.1161/CIRCRESAHA.120.318458#Donor10_TissueBlock1,http://purl.org/ccf/1.5/717feefc-95f4-42b4-8255-96ddf65921be,heart,UBERON:0000948,sc_bulk,https://purl.org/ccf/ASCTB-TEMP_adipocyte,Adipocyte,5.789376,0.003017726025394966
https://doi.org/10.1161/CIRCRESAHA.120.318458#Donor10_TissueBlock1,http://purl.org/ccf/1.5/717feefc-95f4-42b4-8255-96ddf65921be,heart,UBERON:0000948,sc_bulk,http://purl.obolibrary.org/obo/CL_0000576,monocyte,4.813488,0.002509042081655496
https://doi.org/10.1161/CIRCRESAHA.120.318458#Donor10_TissueBlock1,http://purl.org/ccf/1.5/717feefc-95f4-42b4-8255-96ddf65921be,heart,UBERON:0000948,sc_bulk,http://purl.obolibrary.org/obo/CL_0000077,mesothelial cell,4.669152,0.002433806597969273
https://doi.org/10.1161/CIRCRESAHA.120.318458#Donor10_TissueBlock1,http://purl.org/ccf/1.5/717feefc-95f4-42b4-8255-96ddf65921be,heart,UBERON:0000948,sc_bulk,http://purl.obolibrary.org/obo/CL_0000814,mature NK T cell,2.893632,0.001508312570182985
https://doi.org/10.1161/CIRCRESAHA.120.318458#Donor10_TissueBlock1,http://purl.org/ccf/1.5/717feefc-95f4-42b4-8255-96ddf65921be,heart,UBERON:0000948,sc_bulk,http://purl.obolibrary.org/obo/CL_0000896,"activated CD4-positive, alpha-beta T cell",2.7204,0.001418014977690941
https://doi.org/10.1161/CIRCRESAHA.120.318458#Donor10_TissueBlock1,http://purl.org/ccf/1.5/717feefc-95f4-42b4-8255-96ddf65921be,heart,UBERON:0000948,sc_bulk,http://purl.obolibrary.org/obo/CL_0000451,dendritic cell,1.950768,0.001016842465078739
https://doi.org/10.1161/CIRCRESAHA.120.318458#Donor10_TissueBlock1,http://purl.org/ccf/1.5/717feefc-95f4-42b4-8255-96ddf65921be,heart,UBERON:0000948,sc_bulk,http://purl.obolibrary.org/obo/CL_0000097,mast cell,1.01928,5.313021270624986E-4
https://doi.org/10.1161/CIRCRESAHA.120.318458#Donor10_TissueBlock1,http://purl.org/ccf/1.5/717feefc-95f4-42b4-8255-96ddf65921be,heart,UBERON:0000948,sc_bulk,http://purl.obolibrary.org/obo/CL_0002138,endothelial cell of lymphatic vessel,0.411216,2.143473191685626E-4
https://doi.org/10.1161/CIRCRESAHA.120.318458#Donor11_TissueBlock1,http://purl.org/ccf/1.5/da9a6669-973c-4bee-97e1-7430d21796f8,heart,UBERON:0000948,sc_bulk,http://purl.obolibrary.org/obo/CL_0002131,regular ventricular cardiac myocyte,2250.68598,0.3242498245428998
https://doi.org/10.1161/CIRCRESAHA.120.318458#Donor11_TissueBlock1,http://purl.org/ccf/1.5/da9a6669-973c-4bee-97e1-7430d21796f8,heart,UBERON:0000948,sc_bulk,http://purl.obolibrary.org/obo/CL_0000669,pericyte,962.732193,0.1386980447010432
https://doi.org/10.1161/CIRCRESAHA.120.318458#Donor11_TissueBlock1,http://purl.org/ccf/1.5/da9a6669-973c-4bee-97e1-7430d21796f8,heart,UBERON:0000948,sc_bulk,http://purl.obolibrary.org/obo/CL_0002144,capillary endothelial cell,907.9140450000002,0.1308005525458885
https://doi.org/10.1161/CIRCRESAHA.120.318458#Donor11_TissueBlock1,http://purl.org/ccf/1.5/da9a6669-973c-4bee-97e1-7430d21796f8,heart,UBERON:0000948,sc_bulk,http://purl.obolibrary.org/obo/CL_0000057,fibroblast,646.71678,0.0931706174505735
https://doi.org/10.1161/CIRCRESAHA.120.318458#Donor11_TissueBlock1,http://purl.org/ccf/1.5/da9a6669-973c-4bee-97e1-7430d21796f8,heart,UBERON:0000948,sc_bulk,http://purl.obolibrary.org/obo/CL_0000003,native cell,503.00604,0.0724666264700413
https://doi.org/10.1161/CIRCRESAHA.120.318458#Donor11_TissueBlock1,http://purl.org/ccf/1.5/da9a6669-973c-4bee-97e1-7430d21796f8,heart,UBERON:0000948,sc_bulk,http://purl.obolibrary.org/obo/CL_1000413,endothelial cell of artery,289.2563940000001,0.04167233271805067
https://doi.org/10.1161/CIRCRESAHA.120.318458#Donor11_TissueBlock1,http://purl.org/ccf/1.5/da9a6669-973c-4bee-97e1-7430d21796f8,heart,UBERON:0000948,sc_bulk,https://purl.org/ccf/ASCTB-TEMP_ventricular-cardiomycoyte,Ventricular Cardiomycoyte,284.839218,0.0410359629375915
https://doi.org/10.1161/CIRCRESAHA.120.318458#Donor11_TissueBlock1,http://purl.org/ccf/1.5/da9a6669-973c-4bee-97e1-7430d21796f8,heart,UBERON:0000948,sc_bulk,http://purl.obolibrary.org/obo/CL_0000192,smooth muscle cell,187.177833,0.02696616944695688
https://doi.org/10.1161/CIRCRESAHA.120.318458#Donor11_TissueBlock1,http://purl.org/ccf/1.5/da9a6669-973c-4bee-97e1-7430d21796f8,heart,UBERON:0000948,sc_bulk,http://purl.obolibrary.org/obo/CL_0000235,macrophage,158.721537,0.02286655312236378
https://doi.org/10.1161/CIRCRESAHA.120.318458#Donor11_TissueBlock1,http://purl.org/ccf/1.5/da9a6669-973c-4bee-97e1-7430d21796f8,heart,UBERON:0000948,sc_bulk,http://purl.obolibrary.org/obo/CL_0000115,endothelial cell,104.958975,0.01512113619153242
https://doi.org/10.1161/CIRCRESAHA.120.318458#Donor11_TissueBlock1,http://purl.org/ccf/1.5/da9a6669-973c-4bee-97e1-7430d21796f8,heart,UBERON:0000948,sc_bulk,https://purl.org/ccf/ASCTB-TEMP_fibroblast,Fibroblast,83.08969800000001,0.01197049265745306
https://doi.org/10.1161/CIRCRESAHA.120.318458#Donor11_TissueBlock1,http://purl.org/ccf/1.5/da9a6669-973c-4bee-97e1-7430d21796f8,heart,UBERON:0000948,sc_bulk,http://purl.obolibrary.org/obo/CL_0000623,natural killer cell,82.49819099999998,0.01188527595344804
https://doi.org/10.1161/CIRCRESAHA.120.318458#Donor11_TissueBlock1,http://purl.org/ccf/1.5/da9a6669-973c-4bee-97e1-7430d21796f8,heart,UBERON:0000948,sc_bulk,http://purl.obolibrary.org/obo/CL_0002397,"CD14-positive, CD16-positive monocyte",72.04245300000001,0.01037894799739682
https://doi.org/10.1161/CIRCRESAHA.120.318458#Donor11_TissueBlock1,http://purl.org/ccf/1.5/da9a6669-973c-4bee-97e1-7430d21796f8,heart,UBERON:0000948,sc_bulk,http://purl.obolibrary.org/obo/CL_0002543,vein endothelial cell,65.058513,0.009372791945534743
https://doi.org/10.1161/CIRCRESAHA.120.318458#Donor11_TissueBlock1,http://purl.org/ccf/1.5/da9a6669-973c-4bee-97e1-7430d21796f8,heart,UBERON:0000948,sc_bulk,http://purl.obolibrary.org/obo/CL_0001054,CD14-positive monocyte,39.592101,0.005703919567906479
https://doi.org/10.1161/CIRCRESAHA.120.318458#Donor11_TissueBlock1,http://purl.org/ccf/1.5/da9a6669-973c-4bee-97e1-7430d21796f8,heart,UBERON:0000948,sc_bulk,http://purl.obolibrary.org/obo/CL_0002319,neural cell,35.507148,0.005115412194916137
https://doi.org/10.1161/CIRCRESAHA.120.318458#Donor11_TissueBlock1,http://purl.org/ccf/1.5/da9a6669-973c-4bee-97e1-7430d21796f8,heart,UBERON:0000948,sc_bulk,http://purl.obolibrary.org/obo/CL_0000934,"CD4-positive, alpha-beta cytotoxic T cell",31.500054,0.004538121743039369
https://doi.org/10.1161/CIRCRESAHA.120.318458#Donor11_TissueBlock1,http://purl.org/ccf/1.5/da9a6669-973c-4bee-97e1-7430d21796f8,heart,UBERON:0000948,sc_bulk,http://purl.obolibrary.org/obo/CL_0000576,monocyte,24.55965600000001,0.003538238661278718
https://doi.org/10.1161/CIRCRESAHA.120.318458#Donor11_TissueBlock1,http://purl.org/ccf/1.5/da9a6669-973c-4bee-97e1-7430d21796f8,heart,UBERON:0000948,sc_bulk,http://purl.obolibrary.org/obo/CL_0000794,"CD8-positive, alpha-beta cytotoxic T cell",23.758926,0.003422879804328697
https://doi.org/10.1161/CIRCRESAHA.120.318458#Donor11_TissueBlock1,http://purl.org/ccf/1.5/da9a6669-973c-4bee-97e1-7430d21796f8,heart,UBERON:0000948,sc_bulk,http://purl.obolibrary.org/obo/CL_0000906,"activated CD8-positive, alpha-beta T cell",21.926103,0.003158830291669364
https://doi.org/10.1161/CIRCRESAHA.120.318458#Donor11_TissueBlock1,http://purl.org/ccf/1.5/da9a6669-973c-4bee-97e1-7430d21796f8,heart,UBERON:0000948,sc_bulk,http://purl.obolibrary.org/obo/CL_0000814,mature NK T cell,21.019224,0.003028178855065294
https://doi.org/10.1161/CIRCRESAHA.120.318458#Donor11_TissueBlock1,http://purl.org/ccf/1.5/da9a6669-973c-4bee-97e1-7430d21796f8,heart,UBERON:0000948,sc_bulk,http://purl.obolibrary.org/obo/CL_0000097,mast cell,19.147656,0.002758547462230961
https://doi.org/10.1161/CIRCRESAHA.120.318458#Donor11_TissueBlock1,http://purl.org/ccf/1.5/da9a6669-973c-4bee-97e1-7430d21796f8,heart,UBERON:0000948,sc_bulk,http://purl.obolibrary.org/obo/CL_0000896,"activated CD4-positive, alpha-beta T cell",16.427388,0.002366646313182321
https://doi.org/10.1161/CIRCRESAHA.120.318458#Donor11_TissueBlock1,http://purl.org/ccf/1.5/da9a6669-973c-4bee-97e1-7430d21796f8,heart,UBERON:0000948,sc_bulk,http://purl.obolibrary.org/obo/CL_0000236,B cell,14.758401,0.002126200179548707
https://doi.org/10.1161/CIRCRESAHA.120.318458#Donor11_TissueBlock1,http://purl.org/ccf/1.5/da9a6669-973c-4bee-97e1-7430d21796f8,heart,UBERON:0000948,sc_bulk,https://purl.org/ccf/ASCTB-TEMP_b,B,14.37501,0.002070966146197983
https://doi.org/10.1161/CIRCRESAHA.120.318458#Donor11_TissueBlock1,http://purl.org/ccf/1.5/da9a6669-973c-4bee-97e1-7430d21796f8,heart,UBERON:0000948,sc_bulk,http://purl.obolibrary.org/obo/CL_1000309,epicardial adipocyte,12.992982,0.001871861366368424
https://doi.org/10.1161/CIRCRESAHA.120.318458#Donor11_TissueBlock1,http://purl.org/ccf/1.5/da9a6669-973c-4bee-97e1-7430d21796f8,heart,UBERON:0000948,sc_bulk,http://purl.obolibrary.org/obo/CL_0002138,endothelial cell of lymphatic vessel,11.783031,0.001697547222617679
https://doi.org/10.1161/CIRCRESAHA.120.318458#Donor11_TissueBlock1,http://purl.org/ccf/1.5/da9a6669-973c-4bee-97e1-7430d21796f8,heart,UBERON:0000948,sc_bulk,https://purl.org/ccf/ASCTB-TEMP_monocyte-cdc,Monocyte/cDC,11.464338,0.001651634043146481
https://doi.org/10.1161/CIRCRESAHA.120.318458#Donor11_TissueBlock1,http://purl.org/ccf/1.5/da9a6669-973c-4bee-97e1-7430d21796f8,heart,UBERON:0000948,sc_bulk,https://purl.org/ccf/ASCTB-TEMP_macrophage,Macrophage,7.462164,0.001075052401450665
https://doi.org/10.1161/CIRCRESAHA.120.318458#Donor11_TissueBlock1,http://purl.org/ccf/1.5/da9a6669-973c-4bee-97e1-7430d21796f8,heart,UBERON:0000948,sc_bulk,https://purl.org/ccf/ASCTB-TEMP_pericyte,Pericyte,6.919980000000001,9.96941519509699E-4
https://doi.org/10.1161/CIRCRESAHA.120.318458#Donor11_TissueBlock1,http://purl.org/ccf/1.5/da9a6669-973c-4bee-97e1-7430d21796f8,heart,UBERON:0000948,sc_bulk,http://purl.obolibrary.org/obo/CL_0000451,dendritic cell,6.742737,9.714066327408849E-4
https://doi.org/10.1161/CIRCRESAHA.120.318458#Donor11_TissueBlock1,http://purl.org/ccf/1.5/da9a6669-973c-4bee-97e1-7430d21796f8,heart,UBERON:0000948,sc_bulk,https://purl.org/ccf/ASCTB-TEMP_capillary-endothelial,Capillary Endothelial,6.620352,9.537749794896915E-4
https://doi.org/10.1161/CIRCRESAHA.120.318458#Donor11_TissueBlock1,http://purl.org/ccf/1.5/da9a6669-973c-4bee-97e1-7430d21796f8,heart,UBERON:0000948,sc_bulk,https://purl.org/ccf/ASCTB-TEMP_venous-endothelial,Venous Endothelial,3.410052,4.912763364181815E-4
https://doi.org/10.1161/CIRCRESAHA.120.318458#Donor11_TissueBlock1,http://purl.org/ccf/1.5/da9a6669-973c-4bee-97e1-7430d21796f8,heart,UBERON:0000948,sc_bulk,https://purl.org/ccf/ASCTB-TEMP_nk,NK,2.275746,3.278601491995815E-4
https://doi.org/10.1161/CIRCRESAHA.120.318458#Donor11_TissueBlock1,http://purl.org/ccf/1.5/da9a6669-973c-4bee-97e1-7430d21796f8,heart,UBERON:0000948,sc_bulk,https://purl.org/ccf/ASCTB-TEMP_arterial-endothelial,Arterial Endothelial,2.232942,3.216935006252946E-4
https://doi.org/10.1161/CIRCRESAHA.120.318458#Donor11_TissueBlock1,http://purl.org/ccf/1.5/da9a6669-973c-4bee-97e1-7430d21796f8,heart,UBERON:0000948,sc_bulk,https://purl.org/ccf/ASCTB-TEMP_mesothelial,Mesothelial,1.96185,2.826380596548116E-4
https://doi.org/10.1161/CIRCRESAHA.120.318458#Donor11_TissueBlock1,http://purl.org/ccf/1.5/da9a6669-973c-4bee-97e1-7430d21796f8,heart,UBERON:0000948,sc_bulk,https://purl.org/ccf/ASCTB-TEMP_t,T,1.448202,2.0863827676337E-4
https://doi.org/10.1161/CIRCRESAHA.120.318458#Donor11_TissueBlock1,http://purl.org/ccf/1.5/da9a6669-973c-4bee-97e1-7430d21796f8,heart,UBERON:0000948,sc_bulk,https://purl.org/ccf/ASCTB-TEMP_smooth-muscle,Smooth Muscle,1.348326,1.942494300900341E-4
https://doi.org/10.1161/CIRCRESAHA.120.318458#Donor11_TissueBlock1,http://purl.org/ccf/1.5/da9a6669-973c-4bee-97e1-7430d21796f8,heart,UBERON:0000948,sc_bulk,https://purl.org/ccf/ASCTB-TEMP_lymphatic-endothelial,Lymphatic Endothelial,0.8275440000000001,1.192218724362114E-4
https://doi.org/10.1161/CIRCRESAHA.120.318458#Donor11_TissueBlock1,http://purl.org/ccf/1.5/da9a6669-973c-4bee-97e1-7430d21796f8,heart,UBERON:0000948,sc_bulk,https://purl.org/ccf/ASCTB-TEMP_mast,Mast,0.770472,1.109996743371624E-4
https://doi.org/10.1161/CIRCRESAHA.120.318458#Donor11_TissueBlock1,http://purl.org/ccf/1.5/da9a6669-973c-4bee-97e1-7430d21796f8,heart,UBERON:0000948,sc_bulk,https://purl.org/ccf/ASCTB-TEMP_endocardial,Endocardial,0.670596,9.66108276638265E-5
https://doi.org/10.1161/CIRCRESAHA.120.318458#Donor11_TissueBlock1,http://purl.org/ccf/1.5/da9a6669-973c-4bee-97e1-7430d21796f8,heart,UBERON:0000948,sc_bulk,https://purl.org/ccf/ASCTB-TEMP_neuronal,Neuronal,0.32103,4.624986430715099E-5
https://doi.org/10.1161/CIRCRESAHA.120.318458#Donor11_TissueBlock1,http://purl.org/ccf/1.5/da9a6669-973c-4bee-97e1-7430d21796f8,heart,UBERON:0000948,sc_bulk,https://purl.org/ccf/ASCTB-TEMP_atrial-cardiomyocyte,Atrial Cardiomyocyte,0.242556,3.494434192095852E-5
https://doi.org/10.1161/CIRCRESAHA.120.318458#Donor11_TissueBlock1,http://purl.org/ccf/1.5/da9a6669-973c-4bee-97e1-7430d21796f8,heart,UBERON:0000948,sc_bulk,https://purl.org/ccf/ASCTB-TEMP_adipocyte,Adipocyte,0.235422,3.391656715857739E-5
https://doi.org/10.1161/CIRCRESAHA.120.318458#Donor11_TissueBlock1,http://purl.org/ccf/1.5/da9a6669-973c-4bee-97e1-7430d21796f8,heart,UBERON:0000948,sc_bulk,http://purl.obolibrary.org/obo/CL_0000077,mesothelial cell,0.202581,2.918525920071942E-5
https://doi.org/10.1161/CIRCRESAHA.120.318458#Donor11_TissueBlock1,http://purl.org/ccf/1.5/da9a6669-973c-4bee-97e1-7430d21796f8,heart,UBERON:0000948,sc_bulk,https://purl.org/ccf/ASCTB-TEMP_endothelial,Endothelial,0.007134000000000001,1.027774762381133E-6
https://doi.org/10.1161/CIRCRESAHA.120.318458#Donor12_TissueBlock1,http://purl.org/ccf/1.5/a99b891d-44ce-47ab-91d9-e7dc5743ea46,heart,UBERON:0000948,sc_bulk,https://purl.org/ccf/ASCTB-TEMP_fibroblast,Fibroblast,76885.91657499998,0.3330088912100683
https://doi.org/10.1161/CIRCRESAHA.120.318458#Donor12_TissueBlock1,http://purl.org/ccf/1.5/a99b891d-44ce-47ab-91d9-e7dc5743ea46,heart,UBERON:0000948,sc_bulk,https://purl.org/ccf/ASCTB-TEMP_ventricular-cardiomycoyte,Ventricular Cardiomycoyte,60579.022442,0.2623803421049386
https://doi.org/10.1161/CIRCRESAHA.120.318458#Donor12_TissueBlock1,http://purl.org/ccf/1.5/a99b891d-44ce-47ab-91d9-e7dc5743ea46,heart,UBERON:0000948,sc_bulk,http://purl.obolibrary.org/obo/CL_0002131,regular ventricular cardiac myocyte,21922.73492,0.0949519232287496
https://doi.org/10.1161/CIRCRESAHA.120.318458#Donor12_TissueBlock1,http://purl.org/ccf/1.5/a99b891d-44ce-47ab-91d9-e7dc5743ea46,heart,UBERON:0000948,sc_bulk,http://purl.obolibrary.org/obo/CL_0000669,pericyte,11651.452805,0.05046486472974054
https://doi.org/10.1161/CIRCRESAHA.120.318458#Donor12_TissueBlock1,http://purl.org/ccf/1.5/a99b891d-44ce-47ab-91d9-e7dc5743ea46,heart,UBERON:0000948,sc_bulk,http://purl.obolibrary.org/obo/CL_0002144,capillary endothelial cell,9360.754499,0.04054337407242711
https://doi.org/10.1161/CIRCRESAHA.120.318458#Donor12_TissueBlock1,http://purl.org/ccf/1.5/a99b891d-44ce-47ab-91d9-e7dc5743ea46,heart,UBERON:0000948,sc_bulk,https://purl.org/ccf/ASCTB-TEMP_b,B,9183.629620999998,0.03977620939707383
https://doi.org/10.1161/CIRCRESAHA.120.318458#Donor12_TissueBlock1,http://purl.org/ccf/1.5/a99b891d-44ce-47ab-91d9-e7dc5743ea46,heart,UBERON:0000948,sc_bulk,http://purl.obolibrary.org/obo/CL_0000057,fibroblast,6792.525737000001,0.0294198413045871
https://doi.org/10.1161/CIRCRESAHA.120.318458#Donor12_TissueBlock1,http://purl.org/ccf/1.5/a99b891d-44ce-47ab-91d9-e7dc5743ea46,heart,UBERON:0000948,sc_bulk,http://purl.obolibrary.org/obo/CL_0000003,native cell,4906.634561,0.02125165449692905
https://doi.org/10.1161/CIRCRESAHA.120.318458#Donor12_TissueBlock1,http://purl.org/ccf/1.5/a99b891d-44ce-47ab-91d9-e7dc5743ea46,heart,UBERON:0000948,sc_bulk,http://purl.obolibrary.org/obo/CL_1000413,endothelial cell of artery,3319.363513,0.01437685355430501
https://doi.org/10.1161/CIRCRESAHA.120.318458#Donor12_TissueBlock1,http://purl.org/ccf/1.5/a99b891d-44ce-47ab-91d9-e7dc5743ea46,heart,UBERON:0000948,sc_bulk,https://purl.org/ccf/ASCTB-TEMP_pericyte,Pericyte,2832.992009,0.01227027744156244
https://doi.org/10.1161/CIRCRESAHA.120.318458#Donor12_TissueBlock1,http://purl.org/ccf/1.5/a99b891d-44ce-47ab-91d9-e7dc5743ea46,heart,UBERON:0000948,sc_bulk,https://purl.org/ccf/ASCTB-TEMP_monocyte-cdc,Monocyte/cDC,2615.163843,0.01132681836263967
https://doi.org/10.1161/CIRCRESAHA.120.318458#Donor12_TissueBlock1,http://purl.org/ccf/1.5/a99b891d-44ce-47ab-91d9-e7dc5743ea46,heart,UBERON:0000948,sc_bulk,https://purl.org/ccf/ASCTB-TEMP_capillary-endothelial,Capillary Endothelial,2591.037634,0.01122232273501253
https://doi.org/10.1161/CIRCRESAHA.120.318458#Donor12_TissueBlock1,http://purl.org/ccf/1.5/a99b891d-44ce-47ab-91d9-e7dc5743ea46,heart,UBERON:0000948,sc_bulk,https://purl.org/ccf/ASCTB-TEMP_macrophage,Macrophage,2311.296777999999,0.01001070692248795
https://doi.org/10.1161/CIRCRESAHA.120.318458#Donor12_TissueBlock1,http://purl.org/ccf/1.5/a99b891d-44ce-47ab-91d9-e7dc5743ea46,heart,UBERON:0000948,sc_bulk,http://purl.obolibrary.org/obo/CL_0000192,smooth muscle cell,2151.650331000001,0.00931924496600289
https://doi.org/10.1161/CIRCRESAHA.120.318458#Donor12_TissueBlock1,http://purl.org/ccf/1.5/a99b891d-44ce-47ab-91d9-e7dc5743ea46,heart,UBERON:0000948,sc_bulk,http://purl.obolibrary.org/obo/CL_0000235,macrophage,1823.724904,0.007898931757688138
https://doi.org/10.1161/CIRCRESAHA.120.318458#Donor12_TissueBlock1,http://purl.org/ccf/1.5/a99b891d-44ce-47ab-91d9-e7dc5743ea46,heart,UBERON:0000948,sc_bulk,http://purl.obolibrary.org/obo/CL_0000115,endothelial cell,1191.30122,0.005159773285428922
https://doi.org/10.1161/CIRCRESAHA.120.318458#Donor12_TissueBlock1,http://purl.org/ccf/1.5/a99b891d-44ce-47ab-91d9-e7dc5743ea46,heart,UBERON:0000948,sc_bulk,http://purl.obolibrary.org/obo/CL_0002543,vein endothelial cell,962.663891,0.004169497474055184
https://doi.org/10.1161/CIRCRESAHA.120.318458#Donor12_TissueBlock1,http://purl.org/ccf/1.5/a99b891d-44ce-47ab-91d9-e7dc5743ea46,heart,UBERON:0000948,sc_bulk,https://purl.org/ccf/ASCTB-TEMP_mesothelial,Mesothelial,953.98408,0.004131903407862276
https://doi.org/10.1161/CIRCRESAHA.120.318458#Donor12_TissueBlock1,http://purl.org/ccf/1.5/a99b891d-44ce-47ab-91d9-e7dc5743ea46,heart,UBERON:0000948,sc_bulk,https://purl.org/ccf/ASCTB-TEMP_arterial-endothelial,Arterial Endothelial,911.1634130000001,0.003946438195587208
https://doi.org/10.1161/CIRCRESAHA.120.318458#Donor12_TissueBlock1,http://purl.org/ccf/1.5/a99b891d-44ce-47ab-91d9-e7dc5743ea46,heart,UBERON:0000948,sc_bulk,https://purl.org/ccf/ASCTB-TEMP_venous-endothelial,Venous Endothelial,851.427046,0.003687707569410918
https://doi.org/10.1161/CIRCRESAHA.120.318458#Donor12_TissueBlock1,http://purl.org/ccf/1.5/a99b891d-44ce-47ab-91d9-e7dc5743ea46,heart,UBERON:0000948,sc_bulk,https://purl.org/ccf/ASCTB-TEMP_smooth-muscle,Smooth Muscle,827.3358350000002,0.003583363525398749
https://doi.org/10.1161/CIRCRESAHA.120.318458#Donor12_TissueBlock1,http://purl.org/ccf/1.5/a99b891d-44ce-47ab-91d9-e7dc5743ea46,heart,UBERON:0000948,sc_bulk,https://purl.org/ccf/ASCTB-TEMP_endocardial,Endocardial,617.982097,0.00267660895619157
https://doi.org/10.1161/CIRCRESAHA.120.318458#Donor12_TissueBlock1,http://purl.org/ccf/1.5/a99b891d-44ce-47ab-91d9-e7dc5743ea46,heart,UBERON:0000948,sc_bulk,https://purl.org/ccf/ASCTB-TEMP_nk,NK,616.5548539999999,0.002670427269998707
https://doi.org/10.1161/CIRCRESAHA.120.318458#Donor12_TissueBlock1,http://purl.org/ccf/1.5/a99b891d-44ce-47ab-91d9-e7dc5743ea46,heart,UBERON:0000948,sc_bulk,http://purl.obolibrary.org/obo/CL_0000623,natural killer cell,464.081769,0.002010034635858759
https://doi.org/10.1161/CIRCRESAHA.120.318458#Donor12_TissueBlock1,http://purl.org/ccf/1.5/a99b891d-44ce-47ab-91d9-e7dc5743ea46,heart,UBERON:0000948,sc_bulk,http://purl.obolibrary.org/obo/CL_0000934,"CD4-positive, alpha-beta cytotoxic T cell",432.376344,0.001872711847825209
https://doi.org/10.1161/CIRCRESAHA.120.318458#Donor12_TissueBlock1,http://purl.org/ccf/1.5/a99b891d-44ce-47ab-91d9-e7dc5743ea46,heart,UBERON:0000948,sc_bulk,http://purl.obolibrary.org/obo/CL_0002319,neural cell,382.6233099999999,0.00165722111265897
https://doi.org/10.1161/CIRCRESAHA.120.318458#Donor12_TissueBlock1,http://purl.org/ccf/1.5/a99b891d-44ce-47ab-91d9-e7dc5743ea46,heart,UBERON:0000948,sc_bulk,http://purl.obolibrary.org/obo/CL_0002397,"CD14-positive, CD16-positive monocyte",348.422896,0.001509092008495198
https://doi.org/10.1161/CIRCRESAHA.120.318458#Donor12_TissueBlock1,http://purl.org/ccf/1.5/a99b891d-44ce-47ab-91d9-e7dc5743ea46,heart,UBERON:0000948,sc_bulk,https://purl.org/ccf/ASCTB-TEMP_t,T,348.26387,0.001508403233823676
https://doi.org/10.1161/CIRCRESAHA.120.318458#Donor12_TissueBlock1,http://purl.org/ccf/1.5/a99b891d-44ce-47ab-91d9-e7dc5743ea46,heart,UBERON:0000948,sc_bulk,http://purl.obolibrary.org/obo/CL_1000309,epicardial adipocyte,298.819985,0.001294251487256322
https://doi.org/10.1161/CIRCRESAHA.120.318458#Donor12_TissueBlock1,http://purl.org/ccf/1.5/a99b891d-44ce-47ab-91d9-e7dc5743ea46,heart,UBERON:0000948,sc_bulk,http://purl.obolibrary.org/obo/CL_0000794,"CD8-positive, alpha-beta cytotoxic T cell",282.452894,0.001223362213003767
https://doi.org/10.1161/CIRCRESAHA.120.318458#Donor12_TissueBlock1,http://purl.org/ccf/1.5/a99b891d-44ce-47ab-91d9-e7dc5743ea46,heart,UBERON:0000948,sc_bulk,http://purl.obolibrary.org/obo/CL_0000906,"activated CD8-positive, alpha-beta T cell",281.243621,0.001218124600202371
https://doi.org/10.1161/CIRCRESAHA.120.318458#Donor12_TissueBlock1,http://purl.org/ccf/1.5/a99b891d-44ce-47ab-91d9-e7dc5743ea46,heart,UBERON:0000948,sc_bulk,https://purl.org/ccf/ASCTB-TEMP_adipocyte,Adipocyte,248.469836,0.001076174522869795
https://doi.org/10.1161/CIRCRESAHA.120.318458#Donor12_TissueBlock1,http://purl.org/ccf/1.5/a99b891d-44ce-47ab-91d9-e7dc5743ea46,heart,UBERON:0000948,sc_bulk,http://purl.obolibrary.org/obo/CL_0000097,mast cell,247.6209810000001,0.001072497955366404
https://doi.org/10.1161/CIRCRESAHA.120.318458#Donor12_TissueBlock1,http://purl.org/ccf/1.5/a99b891d-44ce-47ab-91d9-e7dc5743ea46,heart,UBERON:0000948,sc_bulk,https://purl.org/ccf/ASCTB-TEMP_neuronal,Neuronal,200.007737,8.662750956065449E-4
https://doi.org/10.1161/CIRCRESAHA.120.318458#Donor12_TissueBlock1,http://purl.org/ccf/1.5/a99b891d-44ce-47ab-91d9-e7dc5743ea46,heart,UBERON:0000948,sc_bulk,https://purl.org/ccf/ASCTB-TEMP_lymphatic-endothelial,Lymphatic Endothelial,197.07865,8.535886107783862E-4
https://doi.org/10.1161/CIRCRESAHA.120.318458#Donor12_TissueBlock1,http://purl.org/ccf/1.5/a99b891d-44ce-47ab-91d9-e7dc5743ea46,heart,UBERON:0000948,sc_bulk,http://purl.obolibrary.org/obo/CL_0000814,mature NK T cell,194.648745,8.430641869847714E-4
https://doi.org/10.1161/CIRCRESAHA.120.318458#Donor12_TissueBlock1,http://purl.org/ccf/1.5/a99b891d-44ce-47ab-91d9-e7dc5743ea46,heart,UBERON:0000948,sc_bulk,http://purl.obolibrary.org/obo/CL_0001054,CD14-positive monocyte,188.738688,8.174665012676679E-4
https://doi.org/10.1161/CIRCRESAHA.120.318458#Donor12_TissueBlock1,http://purl.org/ccf/1.5/a99b891d-44ce-47ab-91d9-e7dc5743ea46,heart,UBERON:0000948,sc_bulk,https://purl.org/ccf/ASCTB-TEMP_mast,Mast,187.934655,8.139840671659019E-4
https://doi.org/10.1161/CIRCRESAHA.120.318458#Donor12_TissueBlock1,http://purl.org/ccf/1.5/a99b891d-44ce-47ab-91d9-e7dc5743ea46,heart,UBERON:0000948,sc_bulk,http://purl.obolibrary.org/obo/CL_0000576,monocyte,182.340194,7.897532933451767E-4
https://doi.org/10.1161/CIRCRESAHA.120.318458#Donor12_TissueBlock1,http://purl.org/ccf/1.5/a99b891d-44ce-47ab-91d9-e7dc5743ea46,heart,UBERON:0000948,sc_bulk,http://purl.obolibrary.org/obo/CL_0000896,"activated CD4-positive, alpha-beta T cell",142.72737,6.181819160946796E-4
https://doi.org/10.1161/CIRCRESAHA.120.318458#Donor12_TissueBlock1,http://purl.org/ccf/1.5/a99b891d-44ce-47ab-91d9-e7dc5743ea46,heart,UBERON:0000948,sc_bulk,http://purl.obolibrary.org/obo/CL_0002138,endothelial cell of lymphatic vessel,114.592355,4.963233161495355E-4
https://doi.org/10.1161/CIRCRESAHA.120.318458#Donor12_TissueBlock1,http://purl.org/ccf/1.5/a99b891d-44ce-47ab-91d9-e7dc5743ea46,heart,UBERON:0000948,sc_bulk,http://purl.obolibrary.org/obo/CL_0000236,B cell,98.72076200000001,4.275801467615274E-4
https://doi.org/10.1161/CIRCRESAHA.120.318458#Donor12_TissueBlock1,http://purl.org/ccf/1.5/a99b891d-44ce-47ab-91d9-e7dc5743ea46,heart,UBERON:0000948,sc_bulk,http://purl.obolibrary.org/obo/CL_0000451,dendritic cell,94.39175499999999,4.088303173346467E-4
https://doi.org/10.1161/CIRCRESAHA.120.318458#Donor12_TissueBlock1,http://purl.org/ccf/1.5/a99b891d-44ce-47ab-91d9-e7dc5743ea46,heart,UBERON:0000948,sc_bulk,https://purl.org/ccf/ASCTB-TEMP_atrial-cardiomyocyte,Atrial Cardiomyocyte,63.79460000000001,2.763076771084176E-4
https://doi.org/10.1161/CIRCRESAHA.120.318458#Donor12_TissueBlock1,http://purl.org/ccf/1.5/a99b891d-44ce-47ab-91d9-e7dc5743ea46,heart,UBERON:0000948,sc_bulk,https://purl.org/ccf/ASCTB-TEMP_endothelial,Endothelial,12.33526,5.342657587207034E-5
https://doi.org/10.1161/CIRCRESAHA.120.318458#Donor12_TissueBlock1,http://purl.org/ccf/1.5/a99b891d-44ce-47ab-91d9-e7dc5743ea46,heart,UBERON:0000948,sc_bulk,http://purl.obolibrary.org/obo/CL_0000077,mesothelial cell,10.47484,4.536871002376903E-5
https://doi.org/10.1161/CIRCRESAHA.120.318458#Donor13_TissueBlock1,http://purl.org/ccf/1.5/4e5190dc-9290-4d8d-a521-18d8f64c098e,heart,UBERON:0000948,sc_bulk,https://purl.org/ccf/ASCTB-TEMP_fibroblast,Fibroblast,2003.5418,0.3330088912100684
https://doi.org/10.1161/CIRCRESAHA.120.318458#Donor13_TissueBlock1,http://purl.org/ccf/1.5/4e5190dc-9290-4d8d-a521-18d8f64c098e,heart,UBERON:0000948,sc_bulk,https://purl.org/ccf/ASCTB-TEMP_ventricular-cardiomycoyte,Ventricular Cardiomycoyte,1578.606448,0.2623803421049387
https://doi.org/10.1161/CIRCRESAHA.120.318458#Donor13_TissueBlock1,http://purl.org/ccf/1.5/4e5190dc-9290-4d8d-a521-18d8f64c098e,heart,UBERON:0000948,sc_bulk,http://purl.obolibrary.org/obo/CL_0002131,regular ventricular cardiac myocyte,571.27648,0.09495192322874964
https://doi.org/10.1161/CIRCRESAHA.120.318458#Donor13_TissueBlock1,http://purl.org/ccf/1.5/4e5190dc-9290-4d8d-a521-18d8f64c098e,heart,UBERON:0000948,sc_bulk,http://purl.obolibrary.org/obo/CL_0000669,pericyte,303.6209200000001,0.05046486472974056
https://doi.org/10.1161/CIRCRESAHA.120.318458#Donor13_TissueBlock1,http://purl.org/ccf/1.5/4e5190dc-9290-4d8d-a521-18d8f64c098e,heart,UBERON:0000948,sc_bulk,http://purl.obolibrary.org/obo/CL_0002144,capillary endothelial cell,243.928456,0.04054337407242713
https://doi.org/10.1161/CIRCRESAHA.120.318458#Donor13_TissueBlock1,http://purl.org/ccf/1.5/4e5190dc-9290-4d8d-a521-18d8f64c098e,heart,UBERON:0000948,sc_bulk,https://purl.org/ccf/ASCTB-TEMP_b,B,239.312824,0.03977620939707385
https://doi.org/10.1161/CIRCRESAHA.120.318458#Donor13_TissueBlock1,http://purl.org/ccf/1.5/4e5190dc-9290-4d8d-a521-18d8f64c098e,heart,UBERON:0000948,sc_bulk,http://purl.obolibrary.org/obo/CL_0000057,fibroblast,177.003928,0.02941984130458711
https://doi.org/10.1161/CIRCRESAHA.120.318458#Donor13_TissueBlock1,http://purl.org/ccf/1.5/4e5190dc-9290-4d8d-a521-18d8f64c098e,heart,UBERON:0000948,sc_bulk,http://purl.obolibrary.org/obo/CL_0000003,native cell,127.860184,0.02125165449692906
https://doi.org/10.1161/CIRCRESAHA.120.318458#Donor13_TissueBlock1,http://purl.org/ccf/1.5/4e5190dc-9290-4d8d-a521-18d8f64c098e,heart,UBERON:0000948,sc_bulk,http://purl.obolibrary.org/obo/CL_1000413,endothelial cell of artery,86.49807200000001,0.01437685355430502
https://doi.org/10.1161/CIRCRESAHA.120.318458#Donor13_TissueBlock1,http://purl.org/ccf/1.5/4e5190dc-9290-4d8d-a521-18d8f64c098e,heart,UBERON:0000948,sc_bulk,https://purl.org/ccf/ASCTB-TEMP_pericyte,Pericyte,73.82389599999999,0.01227027744156244
https://doi.org/10.1161/CIRCRESAHA.120.318458#Donor13_TissueBlock1,http://purl.org/ccf/1.5/4e5190dc-9290-4d8d-a521-18d8f64c098e,heart,UBERON:0000948,sc_bulk,https://purl.org/ccf/ASCTB-TEMP_monocyte-cdc,Monocyte/cDC,68.147592,0.01132681836263967
https://doi.org/10.1161/CIRCRESAHA.120.318458#Donor13_TissueBlock1,http://purl.org/ccf/1.5/4e5190dc-9290-4d8d-a521-18d8f64c098e,heart,UBERON:0000948,sc_bulk,https://purl.org/ccf/ASCTB-TEMP_capillary-endothelial,Capillary Endothelial,67.518896,0.01122232273501253
https://doi.org/10.1161/CIRCRESAHA.120.318458#Donor13_TissueBlock1,http://purl.org/ccf/1.5/4e5190dc-9290-4d8d-a521-18d8f64c098e,heart,UBERON:0000948,sc_bulk,https://purl.org/ccf/ASCTB-TEMP_macrophage,Macrophage,60.22923199999999,0.01001070692248795
https://doi.org/10.1161/CIRCRESAHA.120.318458#Donor13_TissueBlock1,http://purl.org/ccf/1.5/4e5190dc-9290-4d8d-a521-18d8f64c098e,heart,UBERON:0000948,sc_bulk,http://purl.obolibrary.org/obo/CL_0000192,smooth muscle cell,56.06906400000002,0.009319244966002891
https://doi.org/10.1161/CIRCRESAHA.120.318458#Donor13_TissueBlock1,http://purl.org/ccf/1.5/4e5190dc-9290-4d8d-a521-18d8f64c098e,heart,UBERON:0000948,sc_bulk,http://purl.obolibrary.org/obo/CL_0000235,macrophage,47.52377599999999,0.00789893175768814
https://doi.org/10.1161/CIRCRESAHA.120.318458#Donor13_TissueBlock1,http://purl.org/ccf/1.5/4e5190dc-9290-4d8d-a521-18d8f64c098e,heart,UBERON:0000948,sc_bulk,http://purl.obolibrary.org/obo/CL_0000115,endothelial cell,31.04368,0.005159773285428923
https://doi.org/10.1161/CIRCRESAHA.120.318458#Donor13_TissueBlock1,http://purl.org/ccf/1.5/4e5190dc-9290-4d8d-a521-18d8f64c098e,heart,UBERON:0000948,sc_bulk,http://purl.obolibrary.org/obo/CL_0002543,vein endothelial cell,25.085704,0.004169497474055186
https://doi.org/10.1161/CIRCRESAHA.120.318458#Donor13_TissueBlock1,http://purl.org/ccf/1.5/4e5190dc-9290-4d8d-a521-18d8f64c098e,heart,UBERON:0000948,sc_bulk,https://purl.org/ccf/ASCTB-TEMP_mesothelial,Mesothelial,24.85952,0.004131903407862277
https://doi.org/10.1161/CIRCRESAHA.120.318458#Donor13_TissueBlock1,http://purl.org/ccf/1.5/4e5190dc-9290-4d8d-a521-18d8f64c098e,heart,UBERON:0000948,sc_bulk,https://purl.org/ccf/ASCTB-TEMP_arterial-endothelial,Arterial Endothelial,23.743672,0.00394643819558721
https://doi.org/10.1161/CIRCRESAHA.120.318458#Donor13_TissueBlock1,http://purl.org/ccf/1.5/4e5190dc-9290-4d8d-a521-18d8f64c098e,heart,UBERON:0000948,sc_bulk,https://purl.org/ccf/ASCTB-TEMP_venous-endothelial,Venous Endothelial,22.187024,0.00368770756941092
https://doi.org/10.1161/CIRCRESAHA.120.318458#Donor13_TissueBlock1,http://purl.org/ccf/1.5/4e5190dc-9290-4d8d-a521-18d8f64c098e,heart,UBERON:0000948,sc_bulk,https://purl.org/ccf/ASCTB-TEMP_smooth-muscle,Smooth Muscle,21.55924000000001,0.003583363525398751
https://doi.org/10.1161/CIRCRESAHA.120.318458#Donor13_TissueBlock1,http://purl.org/ccf/1.5/4e5190dc-9290-4d8d-a521-18d8f64c098e,heart,UBERON:0000948,sc_bulk,https://purl.org/ccf/ASCTB-TEMP_endocardial,Endocardial,16.103768,0.002676608956191571
https://doi.org/10.1161/CIRCRESAHA.120.318458#Donor13_TissueBlock1,http://purl.org/ccf/1.5/4e5190dc-9290-4d8d-a521-18d8f64c098e,heart,UBERON:0000948,sc_bulk,https://purl.org/ccf/ASCTB-TEMP_nk,NK,16.066576,0.002670427269998707
https://doi.org/10.1161/CIRCRESAHA.120.318458#Donor13_TissueBlock1,http://purl.org/ccf/1.5/4e5190dc-9290-4d8d-a521-18d8f64c098e,heart,UBERON:0000948,sc_bulk,http://purl.obolibrary.org/obo/CL_0000623,natural killer cell,12.093336,0.00201003463585876
https://doi.org/10.1161/CIRCRESAHA.120.318458#Donor13_TissueBlock1,http://purl.org/ccf/1.5/4e5190dc-9290-4d8d-a521-18d8f64c098e,heart,UBERON:0000948,sc_bulk,http://purl.obolibrary.org/obo/CL_0000934,"CD4-positive, alpha-beta cytotoxic T cell",11.267136,0.001872711847825209
https://doi.org/10.1161/CIRCRESAHA.120.318458#Donor13_TissueBlock1,http://purl.org/ccf/1.5/4e5190dc-9290-4d8d-a521-18d8f64c098e,heart,UBERON:0000948,sc_bulk,http://purl.obolibrary.org/obo/CL_0002319,neural cell,9.97064,0.001657221112658971
https://doi.org/10.1161/CIRCRESAHA.120.318458#Donor13_TissueBlock1,http://purl.org/ccf/1.5/4e5190dc-9290-4d8d-a521-18d8f64c098e,heart,UBERON:0000948,sc_bulk,http://purl.obolibrary.org/obo/CL_0002397,"CD14-positive, CD16-positive monocyte",9.079424000000001,0.001509092008495198
https://doi.org/10.1161/CIRCRESAHA.120.318458#Donor13_TissueBlock1,http://purl.org/ccf/1.5/4e5190dc-9290-4d8d-a521-18d8f64c098e,heart,UBERON:0000948,sc_bulk,https://purl.org/ccf/ASCTB-TEMP_t,T,9.075280000000001,0.001508403233823677
https://doi.org/10.1161/CIRCRESAHA.120.318458#Donor13_TissueBlock1,http://purl.org/ccf/1.5/4e5190dc-9290-4d8d-a521-18d8f64c098e,heart,UBERON:0000948,sc_bulk,http://purl.obolibrary.org/obo/CL_1000309,epicardial adipocyte,7.786840000000001,0.001294251487256323
https://doi.org/10.1161/CIRCRESAHA.120.318458#Donor13_TissueBlock1,http://purl.org/ccf/1.5/4e5190dc-9290-4d8d-a521-18d8f64c098e,heart,UBERON:0000948,sc_bulk,http://purl.obolibrary.org/obo/CL_0000794,"CD8-positive, alpha-beta cytotoxic T cell",7.360336,0.001223362213003767
https://doi.org/10.1161/CIRCRESAHA.120.318458#Donor13_TissueBlock1,http://purl.org/ccf/1.5/4e5190dc-9290-4d8d-a521-18d8f64c098e,heart,UBERON:0000948,sc_bulk,http://purl.obolibrary.org/obo/CL_0000906,"activated CD8-positive, alpha-beta T cell",7.328824,0.001218124600202371
https://doi.org/10.1161/CIRCRESAHA.120.318458#Donor13_TissueBlock1,http://purl.org/ccf/1.5/4e5190dc-9290-4d8d-a521-18d8f64c098e,heart,UBERON:0000948,sc_bulk,https://purl.org/ccf/ASCTB-TEMP_adipocyte,Adipocyte,6.474784,0.001076174522869796
https://doi.org/10.1161/CIRCRESAHA.120.318458#Donor13_TissueBlock1,http://purl.org/ccf/1.5/4e5190dc-9290-4d8d-a521-18d8f64c098e,heart,UBERON:0000948,sc_bulk,http://purl.obolibrary.org/obo/CL_0000097,mast cell,6.452664000000001,0.001072497955366404
https://doi.org/10.1161/CIRCRESAHA.120.318458#Donor13_TissueBlock1,http://purl.org/ccf/1.5/4e5190dc-9290-4d8d-a521-18d8f64c098e,heart,UBERON:0000948,sc_bulk,https://purl.org/ccf/ASCTB-TEMP_neuronal,Neuronal,5.211928,8.662750956065453E-4
https://doi.org/10.1161/CIRCRESAHA.120.318458#Donor13_TissueBlock1,http://purl.org/ccf/1.5/4e5190dc-9290-4d8d-a521-18d8f64c098e,heart,UBERON:0000948,sc_bulk,https://purl.org/ccf/ASCTB-TEMP_lymphatic-endothelial,Lymphatic Endothelial,5.1356,8.535886107783864E-4
https://doi.org/10.1161/CIRCRESAHA.120.318458#Donor13_TissueBlock1,http://purl.org/ccf/1.5/4e5190dc-9290-4d8d-a521-18d8f64c098e,heart,UBERON:0000948,sc_bulk,http://purl.obolibrary.org/obo/CL_0000814,mature NK T cell,5.07228,8.430641869847718E-4
https://doi.org/10.1161/CIRCRESAHA.120.318458#Donor13_TissueBlock1,http://purl.org/ccf/1.5/4e5190dc-9290-4d8d-a521-18d8f64c098e,heart,UBERON:0000948,sc_bulk,http://purl.obolibrary.org/obo/CL_0001054,CD14-positive monocyte,4.918272000000001,8.174665012676682E-4
https://doi.org/10.1161/CIRCRESAHA.120.318458#Donor13_TissueBlock1,http://purl.org/ccf/1.5/4e5190dc-9290-4d8d-a521-18d8f64c098e,heart,UBERON:0000948,sc_bulk,https://purl.org/ccf/ASCTB-TEMP_mast,Mast,4.89732,8.139840671659021E-4
https://doi.org/10.1161/CIRCRESAHA.120.318458#Donor13_TissueBlock1,http://purl.org/ccf/1.5/4e5190dc-9290-4d8d-a521-18d8f64c098e,heart,UBERON:0000948,sc_bulk,http://purl.obolibrary.org/obo/CL_0000576,monocyte,4.751536,7.89753293345177E-4
https://doi.org/10.1161/CIRCRESAHA.120.318458#Donor13_TissueBlock1,http://purl.org/ccf/1.5/4e5190dc-9290-4d8d-a521-18d8f64c098e,heart,UBERON:0000948,sc_bulk,http://purl.obolibrary.org/obo/CL_0000896,"activated CD4-positive, alpha-beta T cell",3.719280000000001,6.181819160946799E-4
https://doi.org/10.1161/CIRCRESAHA.120.318458#Donor13_TissueBlock1,http://purl.org/ccf/1.5/4e5190dc-9290-4d8d-a521-18d8f64c098e,heart,UBERON:0000948,sc_bulk,http://purl.obolibrary.org/obo/CL_0002138,endothelial cell of lymphatic vessel,2.98612,4.963233161495356E-4
https://doi.org/10.1161/CIRCRESAHA.120.318458#Donor13_TissueBlock1,http://purl.org/ccf/1.5/4e5190dc-9290-4d8d-a521-18d8f64c098e,heart,UBERON:0000948,sc_bulk,http://purl.obolibrary.org/obo/CL_0000236,B cell,2.572528,4.275801467615275E-4
https://doi.org/10.1161/CIRCRESAHA.120.318458#Donor13_TissueBlock1,http://purl.org/ccf/1.5/4e5190dc-9290-4d8d-a521-18d8f64c098e,heart,UBERON:0000948,sc_bulk,http://purl.obolibrary.org/obo/CL_0000451,dendritic cell,2.45972,4.088303173346468E-4
https://doi.org/10.1161/CIRCRESAHA.120.318458#Donor13_TissueBlock1,http://purl.org/ccf/1.5/4e5190dc-9290-4d8d-a521-18d8f64c098e,heart,UBERON:0000948,sc_bulk,https://purl.org/ccf/ASCTB-TEMP_atrial-cardiomyocyte,Atrial Cardiomyocyte,1.6624,2.763076771084177E-4
https://doi.org/10.1161/CIRCRESAHA.120.318458#Donor13_TissueBlock1,http://purl.org/ccf/1.5/4e5190dc-9290-4d8d-a521-18d8f64c098e,heart,UBERON:0000948,sc_bulk,https://purl.org/ccf/ASCTB-TEMP_endothelial,Endothelial,0.32144,5.342657587207035E-5
https://doi.org/10.1161/CIRCRESAHA.120.318458#Donor13_TissueBlock1,http://purl.org/ccf/1.5/4e5190dc-9290-4d8d-a521-18d8f64c098e,heart,UBERON:0000948,sc_bulk,http://purl.obolibrary.org/obo/CL_0000077,mesothelial cell,0.27296,4.536871002376905E-5
https://doi.org/10.1161/CIRCRESAHA.120.318458#Donor14_TissueBlock1,http://purl.org/ccf/1.5/455397a4-3d28-4e0b-9a88-c40cd796d3ec,heart,UBERON:0000948,sc_bulk,https://purl.org/ccf/ASCTB-TEMP_fibroblast,Fibroblast,249691.3968249999,0.3330088912100684
https://doi.org/10.1161/CIRCRESAHA.120.318458#Donor14_TissueBlock1,http://purl.org/ccf/1.5/455397a4-3d28-4e0b-9a88-c40cd796d3ec,heart,UBERON:0000948,sc_bulk,https://purl.org/ccf/ASCTB-TEMP_ventricular-cardiomycoyte,Ventricular Cardiomycoyte,196733.828582,0.2623803421049387
https://doi.org/10.1161/CIRCRESAHA.120.318458#Donor14_TissueBlock1,http://purl.org/ccf/1.5/455397a4-3d28-4e0b-9a88-c40cd796d3ec,heart,UBERON:0000948,sc_bulk,http://purl.obolibrary.org/obo/CL_0002131,regular ventricular cardiac myocyte,71195.33132,0.09495192322874964
https://doi.org/10.1161/CIRCRESAHA.120.318458#Donor14_TissueBlock1,http://purl.org/ccf/1.5/455397a4-3d28-4e0b-9a88-c40cd796d3ec,heart,UBERON:0000948,sc_bulk,http://purl.obolibrary.org/obo/CL_0000669,pericyte,37838.75715500001,0.05046486472974056
https://doi.org/10.1161/CIRCRESAHA.120.318458#Donor14_TissueBlock1,http://purl.org/ccf/1.5/455397a4-3d28-4e0b-9a88-c40cd796d3ec,heart,UBERON:0000948,sc_bulk,http://purl.obolibrary.org/obo/CL_0002144,capillary endothelial cell,30399.583829,0.04054337407242713
https://doi.org/10.1161/CIRCRESAHA.120.318458#Donor14_TissueBlock1,http://purl.org/ccf/1.5/455397a4-3d28-4e0b-9a88-c40cd796d3ec,heart,UBERON:0000948,sc_bulk,https://purl.org/ccf/ASCTB-TEMP_b,B,29824.36069099999,0.03977620939707385
https://doi.org/10.1161/CIRCRESAHA.120.318458#Donor14_TissueBlock1,http://purl.org/ccf/1.5/455397a4-3d28-4e0b-9a88-c40cd796d3ec,heart,UBERON:0000948,sc_bulk,http://purl.obolibrary.org/obo/CL_0000057,fibroblast,22059.114527,0.0294198413045871
https://doi.org/10.1161/CIRCRESAHA.120.318458#Donor14_TissueBlock1,http://purl.org/ccf/1.5/455397a4-3d28-4e0b-9a88-c40cd796d3ec,heart,UBERON:0000948,sc_bulk,http://purl.obolibrary.org/obo/CL_0000003,native cell,15934.575431,0.02125165449692906
https://doi.org/10.1161/CIRCRESAHA.120.318458#Donor14_TissueBlock1,http://purl.org/ccf/1.5/455397a4-3d28-4e0b-9a88-c40cd796d3ec,heart,UBERON:0000948,sc_bulk,http://purl.obolibrary.org/obo/CL_1000413,endothelial cell of artery,10779.822223,0.01437685355430502
https://doi.org/10.1161/CIRCRESAHA.120.318458#Donor14_TissueBlock1,http://purl.org/ccf/1.5/455397a4-3d28-4e0b-9a88-c40cd796d3ec,heart,UBERON:0000948,sc_bulk,https://purl.org/ccf/ASCTB-TEMP_pericyte,Pericyte,9200.303038999999,0.01227027744156244
https://doi.org/10.1161/CIRCRESAHA.120.318458#Donor14_TissueBlock1,http://purl.org/ccf/1.5/455397a4-3d28-4e0b-9a88-c40cd796d3ec,heart,UBERON:0000948,sc_bulk,https://purl.org/ccf/ASCTB-TEMP_monocyte-cdc,Monocyte/cDC,8492.893653000001,0.01132681836263967
https://doi.org/10.1161/CIRCRESAHA.120.318458#Donor14_TissueBlock1,http://purl.org/ccf/1.5/455397a4-3d28-4e0b-9a88-c40cd796d3ec,heart,UBERON:0000948,sc_bulk,https://purl.org/ccf/ASCTB-TEMP_capillary-endothelial,Capillary Endothelial,8414.542414,0.01122232273501253
https://doi.org/10.1161/CIRCRESAHA.120.318458#Donor14_TissueBlock1,http://purl.org/ccf/1.5/455397a4-3d28-4e0b-9a88-c40cd796d3ec,heart,UBERON:0000948,sc_bulk,https://purl.org/ccf/ASCTB-TEMP_macrophage,Macrophage,7506.068037999999,0.01001070692248795
https://doi.org/10.1161/CIRCRESAHA.120.318458#Donor14_TissueBlock1,http://purl.org/ccf/1.5/455397a4-3d28-4e0b-9a88-c40cd796d3ec,heart,UBERON:0000948,sc_bulk,http://purl.obolibrary.org/obo/CL_0000192,smooth muscle cell,6987.607101000002,0.009319244966002891
https://doi.org/10.1161/CIRCRESAHA.120.318458#Donor14_TissueBlock1,http://purl.org/ccf/1.5/455397a4-3d28-4e0b-9a88-c40cd796d3ec,heart,UBERON:0000948,sc_bulk,http://purl.obolibrary.org/obo/CL_0000235,macrophage,5922.650583999999,0.007898931757688141
https://doi.org/10.1161/CIRCRESAHA.120.318458#Donor14_TissueBlock1,http://purl.org/ccf/1.5/455397a4-3d28-4e0b-9a88-c40cd796d3ec,heart,UBERON:0000948,sc_bulk,http://purl.obolibrary.org/obo/CL_0000115,endothelial cell,3868.81862,0.005159773285428923
https://doi.org/10.1161/CIRCRESAHA.120.318458#Donor14_TissueBlock1,http://purl.org/ccf/1.5/455397a4-3d28-4e0b-9a88-c40cd796d3ec,heart,UBERON:0000948,sc_bulk,http://purl.obolibrary.org/obo/CL_0002543,vein endothelial cell,3126.305861,0.004169497474055186
https://doi.org/10.1161/CIRCRESAHA.120.318458#Donor14_TissueBlock1,http://purl.org/ccf/1.5/455397a4-3d28-4e0b-9a88-c40cd796d3ec,heart,UBERON:0000948,sc_bulk,https://purl.org/ccf/ASCTB-TEMP_mesothelial,Mesothelial,3098.11768,0.004131903407862277
https://doi.org/10.1161/CIRCRESAHA.120.318458#Donor14_TissueBlock1,http://purl.org/ccf/1.5/455397a4-3d28-4e0b-9a88-c40cd796d3ec,heart,UBERON:0000948,sc_bulk,https://purl.org/ccf/ASCTB-TEMP_arterial-endothelial,Arterial Endothelial,2959.055123,0.003946438195587209
https://doi.org/10.1161/CIRCRESAHA.120.318458#Donor14_TissueBlock1,http://purl.org/ccf/1.5/455397a4-3d28-4e0b-9a88-c40cd796d3ec,heart,UBERON:0000948,sc_bulk,https://purl.org/ccf/ASCTB-TEMP_venous-endothelial,Venous Endothelial,2765.057866,0.00368770756941092
https://doi.org/10.1161/CIRCRESAHA.120.318458#Donor14_TissueBlock1,http://purl.org/ccf/1.5/455397a4-3d28-4e0b-9a88-c40cd796d3ec,heart,UBERON:0000948,sc_bulk,https://purl.org/ccf/ASCTB-TEMP_smooth-muscle,Smooth Muscle,2686.820285000001,0.003583363525398751
https://doi.org/10.1161/CIRCRESAHA.120.318458#Donor14_TissueBlock1,http://purl.org/ccf/1.5/455397a4-3d28-4e0b-9a88-c40cd796d3ec,heart,UBERON:0000948,sc_bulk,https://purl.org/ccf/ASCTB-TEMP_endocardial,Endocardial,2006.932087,0.002676608956191571
https://doi.org/10.1161/CIRCRESAHA.120.318458#Donor14_TissueBlock1,http://purl.org/ccf/1.5/455397a4-3d28-4e0b-9a88-c40cd796d3ec,heart,UBERON:0000948,sc_bulk,https://purl.org/ccf/ASCTB-TEMP_nk,NK,2002.297034,0.002670427269998707
https://doi.org/10.1161/CIRCRESAHA.120.318458#Donor14_TissueBlock1,http://purl.org/ccf/1.5/455397a4-3d28-4e0b-9a88-c40cd796d3ec,heart,UBERON:0000948,sc_bulk,http://purl.obolibrary.org/obo/CL_0000623,natural killer cell,1507.131999,0.00201003463585876
https://doi.org/10.1161/CIRCRESAHA.120.318458#Donor14_TissueBlock1,http://purl.org/ccf/1.5/455397a4-3d28-4e0b-9a88-c40cd796d3ec,heart,UBERON:0000948,sc_bulk,http://purl.obolibrary.org/obo/CL_0000934,"CD4-positive, alpha-beta cytotoxic T cell",1404.166824,0.00187271184782521
https://doi.org/10.1161/CIRCRESAHA.120.318458#Donor14_TissueBlock1,http://purl.org/ccf/1.5/455397a4-3d28-4e0b-9a88-c40cd796d3ec,heart,UBERON:0000948,sc_bulk,http://purl.obolibrary.org/obo/CL_0002319,neural cell,1242.59101,0.001657221112658971
https://doi.org/10.1161/CIRCRESAHA.120.318458#Donor14_TissueBlock1,http://purl.org/ccf/1.5/455397a4-3d28-4e0b-9a88-c40cd796d3ec,heart,UBERON:0000948,sc_bulk,http://purl.obolibrary.org/obo/CL_0002397,"CD14-positive, CD16-positive monocyte",1131.523216,0.001509092008495198
https://doi.org/10.1161/CIRCRESAHA.120.318458#Donor14_TissueBlock1,http://purl.org/ccf/1.5/455397a4-3d28-4e0b-9a88-c40cd796d3ec,heart,UBERON:0000948,sc_bulk,https://purl.org/ccf/ASCTB-TEMP_t,T,1131.00677,0.001508403233823677
https://doi.org/10.1161/CIRCRESAHA.120.318458#Donor14_TissueBlock1,http://purl.org/ccf/1.5/455397a4-3d28-4e0b-9a88-c40cd796d3ec,heart,UBERON:0000948,sc_bulk,http://purl.obolibrary.org/obo/CL_1000309,epicardial adipocyte,970.434935,0.001294251487256322
https://doi.org/10.1161/CIRCRESAHA.120.318458#Donor14_TissueBlock1,http://purl.org/ccf/1.5/455397a4-3d28-4e0b-9a88-c40cd796d3ec,heart,UBERON:0000948,sc_bulk,http://purl.obolibrary.org/obo/CL_0000794,"CD8-positive, alpha-beta cytotoxic T cell",917.281874,0.001223362213003767
https://doi.org/10.1161/CIRCRESAHA.120.318458#Donor14_TissueBlock1,http://purl.org/ccf/1.5/455397a4-3d28-4e0b-9a88-c40cd796d3ec,heart,UBERON:0000948,sc_bulk,http://purl.obolibrary.org/obo/CL_0000906,"activated CD8-positive, alpha-beta T cell",913.354691,0.001218124600202371
https://doi.org/10.1161/CIRCRESAHA.120.318458#Donor14_TissueBlock1,http://purl.org/ccf/1.5/455397a4-3d28-4e0b-9a88-c40cd796d3ec,heart,UBERON:0000948,sc_bulk,https://purl.org/ccf/ASCTB-TEMP_adipocyte,Adipocyte,806.919956,0.001076174522869796
https://doi.org/10.1161/CIRCRESAHA.120.318458#Donor14_TissueBlock1,http://purl.org/ccf/1.5/455397a4-3d28-4e0b-9a88-c40cd796d3ec,heart,UBERON:0000948,sc_bulk,http://purl.obolibrary.org/obo/CL_0000097,mast cell,804.1632510000002,0.001072497955366404
https://doi.org/10.1161/CIRCRESAHA.120.318458#Donor14_TissueBlock1,http://purl.org/ccf/1.5/455397a4-3d28-4e0b-9a88-c40cd796d3ec,heart,UBERON:0000948,sc_bulk,https://purl.org/ccf/ASCTB-TEMP_neuronal,Neuronal,649.536527,8.662750956065452E-4
https://doi.org/10.1161/CIRCRESAHA.120.318458#Donor14_TissueBlock1,http://purl.org/ccf/1.5/455397a4-3d28-4e0b-9a88-c40cd796d3ec,heart,UBERON:0000948,sc_bulk,https://purl.org/ccf/ASCTB-TEMP_lymphatic-endothelial,Lymphatic Endothelial,640.0241500000001,8.535886107783865E-4
https://doi.org/10.1161/CIRCRESAHA.120.318458#Donor14_TissueBlock1,http://purl.org/ccf/1.5/455397a4-3d28-4e0b-9a88-c40cd796d3ec,heart,UBERON:0000948,sc_bulk,http://purl.obolibrary.org/obo/CL_0000814,mature NK T cell,632.132895,8.430641869847717E-4
https://doi.org/10.1161/CIRCRESAHA.120.318458#Donor14_TissueBlock1,http://purl.org/ccf/1.5/455397a4-3d28-4e0b-9a88-c40cd796d3ec,heart,UBERON:0000948,sc_bulk,http://purl.obolibrary.org/obo/CL_0001054,CD14-positive monocyte,612.9396480000001,8.174665012676682E-4
https://doi.org/10.1161/CIRCRESAHA.120.318458#Donor14_TissueBlock1,http://purl.org/ccf/1.5/455397a4-3d28-4e0b-9a88-c40cd796d3ec,heart,UBERON:0000948,sc_bulk,https://purl.org/ccf/ASCTB-TEMP_mast,Mast,610.328505,8.139840671659021E-4
https://doi.org/10.1161/CIRCRESAHA.120.318458#Donor14_TissueBlock1,http://purl.org/ccf/1.5/455397a4-3d28-4e0b-9a88-c40cd796d3ec,heart,UBERON:0000948,sc_bulk,http://purl.obolibrary.org/obo/CL_0000576,monocyte,592.160174,7.89753293345177E-4
https://doi.org/10.1161/CIRCRESAHA.120.318458#Donor14_TissueBlock1,http://purl.org/ccf/1.5/455397a4-3d28-4e0b-9a88-c40cd796d3ec,heart,UBERON:0000948,sc_bulk,http://purl.obolibrary.org/obo/CL_0000896,"activated CD4-positive, alpha-beta T cell",463.5152700000002,6.181819160946799E-4
https://doi.org/10.1161/CIRCRESAHA.120.318458#Donor14_TissueBlock1,http://purl.org/ccf/1.5/455397a4-3d28-4e0b-9a88-c40cd796d3ec,heart,UBERON:0000948,sc_bulk,http://purl.obolibrary.org/obo/CL_0002138,endothelial cell of lymphatic vessel,372.145205,4.963233161495356E-4
https://doi.org/10.1161/CIRCRESAHA.120.318458#Donor14_TissueBlock1,http://purl.org/ccf/1.5/455397a4-3d28-4e0b-9a88-c40cd796d3ec,heart,UBERON:0000948,sc_bulk,http://purl.obolibrary.org/obo/CL_0000236,B cell,320.601302,4.275801467615276E-4
https://doi.org/10.1161/CIRCRESAHA.120.318458#Donor14_TissueBlock1,http://purl.org/ccf/1.5/455397a4-3d28-4e0b-9a88-c40cd796d3ec,heart,UBERON:0000948,sc_bulk,http://purl.obolibrary.org/obo/CL_0000451,dendritic cell,306.542605,4.088303173346468E-4
https://doi.org/10.1161/CIRCRESAHA.120.318458#Donor14_TissueBlock1,http://purl.org/ccf/1.5/455397a4-3d28-4e0b-9a88-c40cd796d3ec,heart,UBERON:0000948,sc_bulk,https://purl.org/ccf/ASCTB-TEMP_atrial-cardiomyocyte,Atrial Cardiomyocyte,207.1766,2.763076771084177E-4
https://doi.org/10.1161/CIRCRESAHA.120.318458#Donor14_TissueBlock1,http://purl.org/ccf/1.5/455397a4-3d28-4e0b-9a88-c40cd796d3ec,heart,UBERON:0000948,sc_bulk,https://purl.org/ccf/ASCTB-TEMP_endothelial,Endothelial,40.05946,5.342657587207036E-5
https://doi.org/10.1161/CIRCRESAHA.120.318458#Donor14_TissueBlock1,http://purl.org/ccf/1.5/455397a4-3d28-4e0b-9a88-c40cd796d3ec,heart,UBERON:0000948,sc_bulk,http://purl.obolibrary.org/obo/CL_0000077,mesothelial cell,34.01764,4.536871002376905E-5
https://doi.org/10.1161/CIRCRESAHA.120.318458#Donor15_TissueBlock1,http://purl.org/ccf/1.5/9c7fd6bb-6ea4-411d-8ad3-d2277ef18b05,heart,UBERON:0000948,sc_bulk,https://purl.org/ccf/ASCTB-TEMP_fibroblast,Fibroblast,119210.7371,0.3330088912100685
https://doi.org/10.1161/CIRCRESAHA.120.318458#Donor15_TissueBlock1,http://purl.org/ccf/1.5/9c7fd6bb-6ea4-411d-8ad3-d2277ef18b05,heart,UBERON:0000948,sc_bulk,https://purl.org/ccf/ASCTB-TEMP_ventricular-cardiomycoyte,Ventricular Cardiomycoyte,93927.083656,0.2623803421049388
https://doi.org/10.1161/CIRCRESAHA.120.318458#Donor15_TissueBlock1,http://purl.org/ccf/1.5/9c7fd6bb-6ea4-411d-8ad3-d2277ef18b05,heart,UBERON:0000948,sc_bulk,http://purl.obolibrary.org/obo/CL_0002131,regular ventricular cardiac myocyte,33990.95056,0.09495192322874965
https://doi.org/10.1161/CIRCRESAHA.120.318458#Donor15_TissueBlock1,http://purl.org/ccf/1.5/9c7fd6bb-6ea4-411d-8ad3-d2277ef18b05,heart,UBERON:0000948,sc_bulk,http://purl.obolibrary.org/obo/CL_0000669,pericyte,18065.44474,0.05046486472974057
https://doi.org/10.1161/CIRCRESAHA.120.318458#Donor15_TissueBlock1,http://purl.org/ccf/1.5/9c7fd6bb-6ea4-411d-8ad3-d2277ef18b05,heart,UBERON:0000948,sc_bulk,http://purl.obolibrary.org/obo/CL_0002144,capillary endothelial cell,14513.743132,0.04054337407242713
https://doi.org/10.1161/CIRCRESAHA.120.318458#Donor15_TissueBlock1,http://purl.org/ccf/1.5/9c7fd6bb-6ea4-411d-8ad3-d2277ef18b05,heart,UBERON:0000948,sc_bulk,https://purl.org/ccf/ASCTB-TEMP_b,B,14239.113028,0.03977620939707386
https://doi.org/10.1161/CIRCRESAHA.120.318458#Donor15_TissueBlock1,http://purl.org/ccf/1.5/9c7fd6bb-6ea4-411d-8ad3-d2277ef18b05,heart,UBERON:0000948,sc_bulk,http://purl.obolibrary.org/obo/CL_0000057,fibroblast,10531.733716,0.02941984130458711
https://doi.org/10.1161/CIRCRESAHA.120.318458#Donor15_TissueBlock1,http://purl.org/ccf/1.5/9c7fd6bb-6ea4-411d-8ad3-d2277ef18b05,heart,UBERON:0000948,sc_bulk,http://purl.obolibrary.org/obo/CL_0000003,native cell,7607.680947999999,0.02125165449692906
https://doi.org/10.1161/CIRCRESAHA.120.318458#Donor15_TissueBlock1,http://purl.org/ccf/1.5/9c7fd6bb-6ea4-411d-8ad3-d2277ef18b05,heart,UBERON:0000948,sc_bulk,http://purl.obolibrary.org/obo/CL_1000413,endothelial cell of artery,5146.635284,0.01437685355430502
https://doi.org/10.1161/CIRCRESAHA.120.318458#Donor15_TissueBlock1,http://purl.org/ccf/1.5/9c7fd6bb-6ea4-411d-8ad3-d2277ef18b05,heart,UBERON:0000948,sc_bulk,https://purl.org/ccf/ASCTB-TEMP_pericyte,Pericyte,4392.521811999999,0.01227027744156244
https://doi.org/10.1161/CIRCRESAHA.120.318458#Donor15_TissueBlock1,http://purl.org/ccf/1.5/9c7fd6bb-6ea4-411d-8ad3-d2277ef18b05,heart,UBERON:0000948,sc_bulk,https://purl.org/ccf/ASCTB-TEMP_monocyte-cdc,Monocyte/cDC,4054.781724,0.01132681836263967
https://doi.org/10.1161/CIRCRESAHA.120.318458#Donor15_TissueBlock1,http://purl.org/ccf/1.5/9c7fd6bb-6ea4-411d-8ad3-d2277ef18b05,heart,UBERON:0000948,sc_bulk,https://purl.org/ccf/ASCTB-TEMP_capillary-endothelial,Capillary Endothelial,4017.374311999999,0.01122232273501253
https://doi.org/10.1161/CIRCRESAHA.120.318458#Donor15_TissueBlock1,http://purl.org/ccf/1.5/9c7fd6bb-6ea4-411d-8ad3-d2277ef18b05,heart,UBERON:0000948,sc_bulk,https://purl.org/ccf/ASCTB-TEMP_macrophage,Macrophage,3583.639303999999,0.01001070692248796
https://doi.org/10.1161/CIRCRESAHA.120.318458#Donor15_TissueBlock1,http://purl.org/ccf/1.5/9c7fd6bb-6ea4-411d-8ad3-d2277ef18b05,heart,UBERON:0000948,sc_bulk,http://purl.obolibrary.org/obo/CL_0000192,smooth muscle cell,3336.109308000001,0.009319244966002895
https://doi.org/10.1161/CIRCRESAHA.120.318458#Donor15_TissueBlock1,http://purl.org/ccf/1.5/9c7fd6bb-6ea4-411d-8ad3-d2277ef18b05,heart,UBERON:0000948,sc_bulk,http://purl.obolibrary.org/obo/CL_0000235,macrophage,2827.664671999999,0.007898931757688143
https://doi.org/10.1161/CIRCRESAHA.120.318458#Donor15_TissueBlock1,http://purl.org/ccf/1.5/9c7fd6bb-6ea4-411d-8ad3-d2277ef18b05,heart,UBERON:0000948,sc_bulk,http://purl.obolibrary.org/obo/CL_0000115,endothelial cell,1847.09896,0.005159773285428925
https://doi.org/10.1161/CIRCRESAHA.120.318458#Donor15_TissueBlock1,http://purl.org/ccf/1.5/9c7fd6bb-6ea4-411d-8ad3-d2277ef18b05,heart,UBERON:0000948,sc_bulk,http://purl.obolibrary.org/obo/CL_0002543,vein endothelial cell,1492.599388,0.004169497474055187
https://doi.org/10.1161/CIRCRESAHA.120.318458#Donor15_TissueBlock1,http://purl.org/ccf/1.5/9c7fd6bb-6ea4-411d-8ad3-d2277ef18b05,heart,UBERON:0000948,sc_bulk,https://purl.org/ccf/ASCTB-TEMP_mesothelial,Mesothelial,1479.14144,0.004131903407862278
https://doi.org/10.1161/CIRCRESAHA.120.318458#Donor15_TissueBlock1,http://purl.org/ccf/1.5/9c7fd6bb-6ea4-411d-8ad3-d2277ef18b05,heart,UBERON:0000948,sc_bulk,https://purl.org/ccf/ASCTB-TEMP_arterial-endothelial,Arterial Endothelial,1412.748484,0.00394643819558721
https://doi.org/10.1161/CIRCRESAHA.120.318458#Donor15_TissueBlock1,http://purl.org/ccf/1.5/9c7fd6bb-6ea4-411d-8ad3-d2277ef18b05,heart,UBERON:0000948,sc_bulk,https://purl.org/ccf/ASCTB-TEMP_venous-endothelial,Venous Endothelial,1320.127928,0.00368770756941092
https://doi.org/10.1161/CIRCRESAHA.120.318458#Donor15_TissueBlock1,http://purl.org/ccf/1.5/9c7fd6bb-6ea4-411d-8ad3-d2277ef18b05,heart,UBERON:0000948,sc_bulk,https://purl.org/ccf/ASCTB-TEMP_smooth-muscle,Smooth Muscle,1282.77478,0.003583363525398751
https://doi.org/10.1161/CIRCRESAHA.120.318458#Donor15_TissueBlock1,http://purl.org/ccf/1.5/9c7fd6bb-6ea4-411d-8ad3-d2277ef18b05,heart,UBERON:0000948,sc_bulk,https://purl.org/ccf/ASCTB-TEMP_endocardial,Endocardial,958.1741959999998,0.002676608956191572
https://doi.org/10.1161/CIRCRESAHA.120.318458#Donor15_TissueBlock1,http://purl.org/ccf/1.5/9c7fd6bb-6ea4-411d-8ad3-d2277ef18b05,heart,UBERON:0000948,sc_bulk,https://purl.org/ccf/ASCTB-TEMP_nk,NK,955.9612719999998,0.002670427269998708
https://doi.org/10.1161/CIRCRESAHA.120.318458#Donor15_TissueBlock1,http://purl.org/ccf/1.5/9c7fd6bb-6ea4-411d-8ad3-d2277ef18b05,heart,UBERON:0000948,sc_bulk,http://purl.obolibrary.org/obo/CL_0000623,natural killer cell,719.5534919999999,0.00201003463585876
https://doi.org/10.1161/CIRCRESAHA.120.318458#Donor15_TissueBlock1,http://purl.org/ccf/1.5/9c7fd6bb-6ea4-411d-8ad3-d2277ef18b05,heart,UBERON:0000948,sc_bulk,http://purl.obolibrary.org/obo/CL_0000934,"CD4-positive, alpha-beta cytotoxic T cell",670.394592,0.00187271184782521
https://doi.org/10.1161/CIRCRESAHA.120.318458#Donor15_TissueBlock1,http://purl.org/ccf/1.5/9c7fd6bb-6ea4-411d-8ad3-d2277ef18b05,heart,UBERON:0000948,sc_bulk,http://purl.obolibrary.org/obo/CL_0002319,neural cell,593.25308,0.001657221112658971
https://doi.org/10.1161/CIRCRESAHA.120.318458#Donor15_TissueBlock1,http://purl.org/ccf/1.5/9c7fd6bb-6ea4-411d-8ad3-d2277ef18b05,heart,UBERON:0000948,sc_bulk,http://purl.obolibrary.org/obo/CL_0002397,"CD14-positive, CD16-positive monocyte",540.225728,0.001509092008495199
https://doi.org/10.1161/CIRCRESAHA.120.318458#Donor15_TissueBlock1,http://purl.org/ccf/1.5/9c7fd6bb-6ea4-411d-8ad3-d2277ef18b05,heart,UBERON:0000948,sc_bulk,https://purl.org/ccf/ASCTB-TEMP_t,T,539.97916,0.001508403233823677
https://doi.org/10.1161/CIRCRESAHA.120.318458#Donor15_TissueBlock1,http://purl.org/ccf/1.5/9c7fd6bb-6ea4-411d-8ad3-d2277ef18b05,heart,UBERON:0000948,sc_bulk,http://purl.obolibrary.org/obo/CL_1000309,epicardial adipocyte,463.31698,0.001294251487256323
https://doi.org/10.1161/CIRCRESAHA.120.318458#Donor15_TissueBlock1,http://purl.org/ccf/1.5/9c7fd6bb-6ea4-411d-8ad3-d2277ef18b05,heart,UBERON:0000948,sc_bulk,http://purl.obolibrary.org/obo/CL_0000794,"CD8-positive, alpha-beta cytotoxic T cell",437.939992,0.001223362213003767
https://doi.org/10.1161/CIRCRESAHA.120.318458#Donor15_TissueBlock1,http://purl.org/ccf/1.5/9c7fd6bb-6ea4-411d-8ad3-d2277ef18b05,heart,UBERON:0000948,sc_bulk,http://purl.obolibrary.org/obo/CL_0000906,"activated CD8-positive, alpha-beta T cell",436.065028,0.001218124600202371
https://doi.org/10.1161/CIRCRESAHA.120.318458#Donor15_TissueBlock1,http://purl.org/ccf/1.5/9c7fd6bb-6ea4-411d-8ad3-d2277ef18b05,heart,UBERON:0000948,sc_bulk,https://purl.org/ccf/ASCTB-TEMP_adipocyte,Adipocyte,385.249648,0.001076174522869796
https://doi.org/10.1161/CIRCRESAHA.120.318458#Donor15_TissueBlock1,http://purl.org/ccf/1.5/9c7fd6bb-6ea4-411d-8ad3-d2277ef18b05,heart,UBERON:0000948,sc_bulk,http://purl.obolibrary.org/obo/CL_0000097,mast cell,383.9335080000001,0.001072497955366405
https://doi.org/10.1161/CIRCRESAHA.120.318458#Donor15_TissueBlock1,http://purl.org/ccf/1.5/9c7fd6bb-6ea4-411d-8ad3-d2277ef18b05,heart,UBERON:0000948,sc_bulk,https://purl.org/ccf/ASCTB-TEMP_neuronal,Neuronal,310.109716,8.662750956065455E-4
https://doi.org/10.1161/CIRCRESAHA.120.318458#Donor15_TissueBlock1,http://purl.org/ccf/1.5/9c7fd6bb-6ea4-411d-8ad3-d2277ef18b05,heart,UBERON:0000948,sc_bulk,https://purl.org/ccf/ASCTB-TEMP_lymphatic-endothelial,Lymphatic Endothelial,305.5682,8.535886107783866E-4
https://doi.org/10.1161/CIRCRESAHA.120.318458#Donor15_TissueBlock1,http://purl.org/ccf/1.5/9c7fd6bb-6ea4-411d-8ad3-d2277ef18b05,heart,UBERON:0000948,sc_bulk,http://purl.obolibrary.org/obo/CL_0000814,mature NK T cell,301.80066,8.430641869847719E-4
https://doi.org/10.1161/CIRCRESAHA.120.318458#Donor15_TissueBlock1,http://purl.org/ccf/1.5/9c7fd6bb-6ea4-411d-8ad3-d2277ef18b05,heart,UBERON:0000948,sc_bulk,http://purl.obolibrary.org/obo/CL_0001054,CD14-positive monocyte,292.637184,8.174665012676684E-4
https://doi.org/10.1161/CIRCRESAHA.120.318458#Donor15_TissueBlock1,http://purl.org/ccf/1.5/9c7fd6bb-6ea4-411d-8ad3-d2277ef18b05,heart,UBERON:0000948,sc_bulk,https://purl.org/ccf/ASCTB-TEMP_mast,Mast,291.39054,8.139840671659023E-4
https://doi.org/10.1161/CIRCRESAHA.120.318458#Donor15_TissueBlock1,http://purl.org/ccf/1.5/9c7fd6bb-6ea4-411d-8ad3-d2277ef18b05,heart,UBERON:0000948,sc_bulk,http://purl.obolibrary.org/obo/CL_0000576,monocyte,282.716392,7.897532933451772E-4
https://doi.org/10.1161/CIRCRESAHA.120.318458#Donor15_TissueBlock1,http://purl.org/ccf/1.5/9c7fd6bb-6ea4-411d-8ad3-d2277ef18b05,heart,UBERON:0000948,sc_bulk,http://purl.obolibrary.org/obo/CL_0000896,"activated CD4-positive, alpha-beta T cell",221.29716,6.181819160946799E-4
https://doi.org/10.1161/CIRCRESAHA.120.318458#Donor15_TissueBlock1,http://purl.org/ccf/1.5/9c7fd6bb-6ea4-411d-8ad3-d2277ef18b05,heart,UBERON:0000948,sc_bulk,http://purl.obolibrary.org/obo/CL_0002138,endothelial cell of lymphatic vessel,177.67414,4.963233161495357E-4
https://doi.org/10.1161/CIRCRESAHA.120.318458#Donor15_TissueBlock1,http://purl.org/ccf/1.5/9c7fd6bb-6ea4-411d-8ad3-d2277ef18b05,heart,UBERON:0000948,sc_bulk,http://purl.obolibrary.org/obo/CL_0000236,B cell,153.065416,4.275801467615276E-4
https://doi.org/10.1161/CIRCRESAHA.120.318458#Donor15_TissueBlock1,http://purl.org/ccf/1.5/9c7fd6bb-6ea4-411d-8ad3-d2277ef18b05,heart,UBERON:0000948,sc_bulk,http://purl.obolibrary.org/obo/CL_0000451,dendritic cell,146.35334,4.08830317334647E-4
https://doi.org/10.1161/CIRCRESAHA.120.318458#Donor15_TissueBlock1,http://purl.org/ccf/1.5/9c7fd6bb-6ea4-411d-8ad3-d2277ef18b05,heart,UBERON:0000948,sc_bulk,https://purl.org/ccf/ASCTB-TEMP_atrial-cardiomyocyte,Atrial Cardiomyocyte,98.91280000000002,2.763076771084177E-4
https://doi.org/10.1161/CIRCRESAHA.120.318458#Donor15_TissueBlock1,http://purl.org/ccf/1.5/9c7fd6bb-6ea4-411d-8ad3-d2277ef18b05,heart,UBERON:0000948,sc_bulk,https://purl.org/ccf/ASCTB-TEMP_endothelial,Endothelial,19.12568,5.342657587207037E-5
https://doi.org/10.1161/CIRCRESAHA.120.318458#Donor15_TissueBlock1,http://purl.org/ccf/1.5/9c7fd6bb-6ea4-411d-8ad3-d2277ef18b05,heart,UBERON:0000948,sc_bulk,http://purl.obolibrary.org/obo/CL_0000077,mesothelial cell,16.24112,4.536871002376906E-5
https://doi.org/10.1161/CIRCRESAHA.120.318458#Donor16_TissueBlock1,http://purl.org/ccf/1.5/bd2df259-b64d-4f5a-b2e4-84be6031c5ef,heart,UBERON:0000948,sc_bulk,https://purl.org/ccf/ASCTB-TEMP_fibroblast,Fibroblast,90660.26644999998,0.3330088912100683
https://doi.org/10.1161/CIRCRESAHA.120.318458#Donor16_TissueBlock1,http://purl.org/ccf/1.5/bd2df259-b64d-4f5a-b2e4-84be6031c5ef,heart,UBERON:0000948,sc_bulk,https://purl.org/ccf/ASCTB-TEMP_ventricular-cardiomycoyte,Ventricular Cardiomycoyte,71431.941772,0.2623803421049386
https://doi.org/10.1161/CIRCRESAHA.120.318458#Donor16_TissueBlock1,http://purl.org/ccf/1.5/bd2df259-b64d-4f5a-b2e4-84be6031c5ef,heart,UBERON:0000948,sc_bulk,http://purl.obolibrary.org/obo/CL_0002131,regular ventricular cardiac myocyte,25850.26072,0.0949519232287496
https://doi.org/10.1161/CIRCRESAHA.120.318458#Donor16_TissueBlock1,http://purl.org/ccf/1.5/bd2df259-b64d-4f5a-b2e4-84be6031c5ef,heart,UBERON:0000948,sc_bulk,http://purl.obolibrary.org/obo/CL_0000669,pericyte,13738.84663,0.05046486472974054
https://doi.org/10.1161/CIRCRESAHA.120.318458#Donor16_TissueBlock1,http://purl.org/ccf/1.5/bd2df259-b64d-4f5a-b2e4-84be6031c5ef,heart,UBERON:0000948,sc_bulk,http://purl.obolibrary.org/obo/CL_0002144,capillary endothelial cell,11037.762634,0.04054337407242711
https://doi.org/10.1161/CIRCRESAHA.120.318458#Donor16_TissueBlock1,http://purl.org/ccf/1.5/bd2df259-b64d-4f5a-b2e4-84be6031c5ef,heart,UBERON:0000948,sc_bulk,https://purl.org/ccf/ASCTB-TEMP_b,B,10828.905286,0.03977620939707383
https://doi.org/10.1161/CIRCRESAHA.120.318458#Donor16_TissueBlock1,http://purl.org/ccf/1.5/bd2df259-b64d-4f5a-b2e4-84be6031c5ef,heart,UBERON:0000948,sc_bulk,http://purl.obolibrary.org/obo/CL_0000057,fibroblast,8009.427742000001,0.02941984130458709
https://doi.org/10.1161/CIRCRESAHA.120.318458#Donor16_TissueBlock1,http://purl.org/ccf/1.5/bd2df259-b64d-4f5a-b2e4-84be6031c5ef,heart,UBERON:0000948,sc_bulk,http://purl.obolibrary.org/obo/CL_0000003,native cell,5785.673325999999,0.02125165449692904
https://doi.org/10.1161/CIRCRESAHA.120.318458#Donor16_TissueBlock1,http://purl.org/ccf/1.5/bd2df259-b64d-4f5a-b2e4-84be6031c5ef,heart,UBERON:0000948,sc_bulk,http://purl.obolibrary.org/obo/CL_1000413,endothelial cell of artery,3914.037758,0.01437685355430501
https://doi.org/10.1161/CIRCRESAHA.120.318458#Donor16_TissueBlock1,http://purl.org/ccf/1.5/bd2df259-b64d-4f5a-b2e4-84be6031c5ef,heart,UBERON:0000948,sc_bulk,https://purl.org/ccf/ASCTB-TEMP_pericyte,Pericyte,3340.531293999999,0.01227027744156244
https://doi.org/10.1161/CIRCRESAHA.120.318458#Donor16_TissueBlock1,http://purl.org/ccf/1.5/bd2df259-b64d-4f5a-b2e4-84be6031c5ef,heart,UBERON:0000948,sc_bulk,https://purl.org/ccf/ASCTB-TEMP_monocyte-cdc,Monocyte/cDC,3083.678538,0.01132681836263966
https://doi.org/10.1161/CIRCRESAHA.120.318458#Donor16_TissueBlock1,http://purl.org/ccf/1.5/bd2df259-b64d-4f5a-b2e4-84be6031c5ef,heart,UBERON:0000948,sc_bulk,https://purl.org/ccf/ASCTB-TEMP_capillary-endothelial,Capillary Endothelial,3055.230043999999,0.01122232273501252
https://doi.org/10.1161/CIRCRESAHA.120.318458#Donor16_TissueBlock1,http://purl.org/ccf/1.5/bd2df259-b64d-4f5a-b2e4-84be6031c5ef,heart,UBERON:0000948,sc_bulk,https://purl.org/ccf/ASCTB-TEMP_macrophage,Macrophage,2725.372747999999,0.01001070692248795
https://doi.org/10.1161/CIRCRESAHA.120.318458#Donor16_TissueBlock1,http://purl.org/ccf/1.5/bd2df259-b64d-4f5a-b2e4-84be6031c5ef,heart,UBERON:0000948,sc_bulk,http://purl.obolibrary.org/obo/CL_0000192,smooth muscle cell,2537.125146000001,0.009319244966002888
https://doi.org/10.1161/CIRCRESAHA.120.318458#Donor16_TissueBlock1,http://purl.org/ccf/1.5/bd2df259-b64d-4f5a-b2e4-84be6031c5ef,heart,UBERON:0000948,sc_bulk,http://purl.obolibrary.org/obo/CL_0000235,macrophage,2150.450863999999,0.007898931757688136
https://doi.org/10.1161/CIRCRESAHA.120.318458#Donor16_TissueBlock1,http://purl.org/ccf/1.5/bd2df259-b64d-4f5a-b2e4-84be6031c5ef,heart,UBERON:0000948,sc_bulk,http://purl.obolibrary.org/obo/CL_0000115,endothelial cell,1404.72652,0.005159773285428921
https://doi.org/10.1161/CIRCRESAHA.120.318458#Donor16_TissueBlock1,http://purl.org/ccf/1.5/bd2df259-b64d-4f5a-b2e4-84be6031c5ef,heart,UBERON:0000948,sc_bulk,http://purl.obolibrary.org/obo/CL_0002543,vein endothelial cell,1135.128106,0.004169497474055184
https://doi.org/10.1161/CIRCRESAHA.120.318458#Donor16_TissueBlock1,http://purl.org/ccf/1.5/bd2df259-b64d-4f5a-b2e4-84be6031c5ef,heart,UBERON:0000948,sc_bulk,https://purl.org/ccf/ASCTB-TEMP_mesothelial,Mesothelial,1124.89328,0.004131903407862276
https://doi.org/10.1161/CIRCRESAHA.120.318458#Donor16_TissueBlock1,http://purl.org/ccf/1.5/bd2df259-b64d-4f5a-b2e4-84be6031c5ef,heart,UBERON:0000948,sc_bulk,https://purl.org/ccf/ASCTB-TEMP_arterial-endothelial,Arterial Endothelial,1074.401158,0.003946438195587208
https://doi.org/10.1161/CIRCRESAHA.120.318458#Donor16_TissueBlock1,http://purl.org/ccf/1.5/bd2df259-b64d-4f5a-b2e4-84be6031c5ef,heart,UBERON:0000948,sc_bulk,https://purl.org/ccf/ASCTB-TEMP_venous-endothelial,Venous Endothelial,1003.962836,0.003687707569410918
https://doi.org/10.1161/CIRCRESAHA.120.318458#Donor16_TissueBlock1,http://purl.org/ccf/1.5/bd2df259-b64d-4f5a-b2e4-84be6031c5ef,heart,UBERON:0000948,sc_bulk,https://purl.org/ccf/ASCTB-TEMP_smooth-muscle,Smooth Muscle,975.5556100000002,0.003583363525398749
https://doi.org/10.1161/CIRCRESAHA.120.318458#Donor16_TissueBlock1,http://purl.org/ccf/1.5/bd2df259-b64d-4f5a-b2e4-84be6031c5ef,heart,UBERON:0000948,sc_bulk,https://purl.org/ccf/ASCTB-TEMP_endocardial,Endocardial,728.6955019999999,0.00267660895619157
https://doi.org/10.1161/CIRCRESAHA.120.318458#Donor16_TissueBlock1,http://purl.org/ccf/1.5/bd2df259-b64d-4f5a-b2e4-84be6031c5ef,heart,UBERON:0000948,sc_bulk,https://purl.org/ccf/ASCTB-TEMP_nk,NK,727.0125639999999,0.002670427269998707
https://doi.org/10.1161/CIRCRESAHA.120.318458#Donor16_TissueBlock1,http://purl.org/ccf/1.5/bd2df259-b64d-4f5a-b2e4-84be6031c5ef,heart,UBERON:0000948,sc_bulk,http://purl.obolibrary.org/obo/CL_0000623,natural killer cell,547.223454,0.002010034635858759
https://doi.org/10.1161/CIRCRESAHA.120.318458#Donor16_TissueBlock1,http://purl.org/ccf/1.5/bd2df259-b64d-4f5a-b2e4-84be6031c5ef,heart,UBERON:0000948,sc_bulk,http://purl.obolibrary.org/obo/CL_0000934,"CD4-positive, alpha-beta cytotoxic T cell",509.837904,0.001872711847825208
https://doi.org/10.1161/CIRCRESAHA.120.318458#Donor16_TissueBlock1,http://purl.org/ccf/1.5/bd2df259-b64d-4f5a-b2e4-84be6031c5ef,heart,UBERON:0000948,sc_bulk,http://purl.obolibrary.org/obo/CL_0002319,neural cell,451.17146,0.00165722111265897
https://doi.org/10.1161/CIRCRESAHA.120.318458#Donor16_TissueBlock1,http://purl.org/ccf/1.5/bd2df259-b64d-4f5a-b2e4-84be6031c5ef,heart,UBERON:0000948,sc_bulk,http://purl.obolibrary.org/obo/CL_0002397,"CD14-positive, CD16-positive monocyte",410.843936,0.001509092008495198
https://doi.org/10.1161/CIRCRESAHA.120.318458#Donor16_TissueBlock1,http://purl.org/ccf/1.5/bd2df259-b64d-4f5a-b2e4-84be6031c5ef,heart,UBERON:0000948,sc_bulk,https://purl.org/ccf/ASCTB-TEMP_t,T,410.65642,0.001508403233823676
https://doi.org/10.1161/CIRCRESAHA.120.318458#Donor16_TissueBlock1,http://purl.org/ccf/1.5/bd2df259-b64d-4f5a-b2e4-84be6031c5ef,heart,UBERON:0000948,sc_bulk,http://purl.obolibrary.org/obo/CL_1000309,epicardial adipocyte,352.35451,0.001294251487256322
https://doi.org/10.1161/CIRCRESAHA.120.318458#Donor16_TissueBlock1,http://purl.org/ccf/1.5/bd2df259-b64d-4f5a-b2e4-84be6031c5ef,heart,UBERON:0000948,sc_bulk,http://purl.obolibrary.org/obo/CL_0000794,"CD8-positive, alpha-beta cytotoxic T cell",333.055204,0.001223362213003767
https://doi.org/10.1161/CIRCRESAHA.120.318458#Donor16_TissueBlock1,http://purl.org/ccf/1.5/bd2df259-b64d-4f5a-b2e4-84be6031c5ef,heart,UBERON:0000948,sc_bulk,http://purl.obolibrary.org/obo/CL_0000906,"activated CD8-positive, alpha-beta T cell",331.629286,0.001218124600202371
https://doi.org/10.1161/CIRCRESAHA.120.318458#Donor16_TissueBlock1,http://purl.org/ccf/1.5/bd2df259-b64d-4f5a-b2e4-84be6031c5ef,heart,UBERON:0000948,sc_bulk,https://purl.org/ccf/ASCTB-TEMP_adipocyte,Adipocyte,292.983976,0.001076174522869795
https://doi.org/10.1161/CIRCRESAHA.120.318458#Donor16_TissueBlock1,http://purl.org/ccf/1.5/bd2df259-b64d-4f5a-b2e4-84be6031c5ef,heart,UBERON:0000948,sc_bulk,http://purl.obolibrary.org/obo/CL_0000097,mast cell,291.9830460000001,0.001072497955366404
https://doi.org/10.1161/CIRCRESAHA.120.318458#Donor16_TissueBlock1,http://purl.org/ccf/1.5/bd2df259-b64d-4f5a-b2e4-84be6031c5ef,heart,UBERON:0000948,sc_bulk,https://purl.org/ccf/ASCTB-TEMP_neuronal,Neuronal,235.839742,8.662750956065449E-4
https://doi.org/10.1161/CIRCRESAHA.120.318458#Donor16_TissueBlock1,http://purl.org/ccf/1.5/bd2df259-b64d-4f5a-b2e4-84be6031c5ef,heart,UBERON:0000948,sc_bulk,https://purl.org/ccf/ASCTB-TEMP_lymphatic-endothelial,Lymphatic Endothelial,232.3859,8.535886107783862E-4
https://doi.org/10.1161/CIRCRESAHA.120.318458#Donor16_TissueBlock1,http://purl.org/ccf/1.5/bd2df259-b64d-4f5a-b2e4-84be6031c5ef,heart,UBERON:0000948,sc_bulk,http://purl.obolibrary.org/obo/CL_0000814,mature NK T cell,229.52067,8.430641869847712E-4
https://doi.org/10.1161/CIRCRESAHA.120.318458#Donor16_TissueBlock1,http://purl.org/ccf/1.5/bd2df259-b64d-4f5a-b2e4-84be6031c5ef,heart,UBERON:0000948,sc_bulk,http://purl.obolibrary.org/obo/CL_0001054,CD14-positive monocyte,222.551808,8.174665012676678E-4
https://doi.org/10.1161/CIRCRESAHA.120.318458#Donor16_TissueBlock1,http://purl.org/ccf/1.5/bd2df259-b64d-4f5a-b2e4-84be6031c5ef,heart,UBERON:0000948,sc_bulk,https://purl.org/ccf/ASCTB-TEMP_mast,Mast,221.60373,8.139840671659018E-4
https://doi.org/10.1161/CIRCRESAHA.120.318458#Donor16_TissueBlock1,http://purl.org/ccf/1.5/bd2df259-b64d-4f5a-b2e4-84be6031c5ef,heart,UBERON:0000948,sc_bulk,http://purl.obolibrary.org/obo/CL_0000576,monocyte,215.007004,7.897532933451766E-4
https://doi.org/10.1161/CIRCRESAHA.120.318458#Donor16_TissueBlock1,http://purl.org/ccf/1.5/bd2df259-b64d-4f5a-b2e4-84be6031c5ef,heart,UBERON:0000948,sc_bulk,http://purl.obolibrary.org/obo/CL_0000896,"activated CD4-positive, alpha-beta T cell",168.29742,6.181819160946796E-4
https://doi.org/10.1161/CIRCRESAHA.120.318458#Donor16_TissueBlock1,http://purl.org/ccf/1.5/bd2df259-b64d-4f5a-b2e4-84be6031c5ef,heart,UBERON:0000948,sc_bulk,http://purl.obolibrary.org/obo/CL_0002138,endothelial cell of lymphatic vessel,135.12193,4.963233161495354E-4
https://doi.org/10.1161/CIRCRESAHA.120.318458#Donor16_TissueBlock1,http://purl.org/ccf/1.5/bd2df259-b64d-4f5a-b2e4-84be6031c5ef,heart,UBERON:0000948,sc_bulk,http://purl.obolibrary.org/obo/CL_0000236,B cell,116.406892,4.275801467615274E-4
https://doi.org/10.1161/CIRCRESAHA.120.318458#Donor16_TissueBlock1,http://purl.org/ccf/1.5/bd2df259-b64d-4f5a-b2e4-84be6031c5ef,heart,UBERON:0000948,sc_bulk,http://purl.obolibrary.org/obo/CL_0000451,dendritic cell,111.30233,4.088303173346467E-4
https://doi.org/10.1161/CIRCRESAHA.120.318458#Donor16_TissueBlock1,http://purl.org/ccf/1.5/bd2df259-b64d-4f5a-b2e4-84be6031c5ef,heart,UBERON:0000948,sc_bulk,https://purl.org/ccf/ASCTB-TEMP_atrial-cardiomyocyte,Atrial Cardiomyocyte,75.22360000000002,2.763076771084176E-4
https://doi.org/10.1161/CIRCRESAHA.120.318458#Donor16_TissueBlock1,http://purl.org/ccf/1.5/bd2df259-b64d-4f5a-b2e4-84be6031c5ef,heart,UBERON:0000948,sc_bulk,https://purl.org/ccf/ASCTB-TEMP_endothelial,Endothelial,14.54516,5.342657587207033E-5
https://doi.org/10.1161/CIRCRESAHA.120.318458#Donor16_TissueBlock1,http://purl.org/ccf/1.5/bd2df259-b64d-4f5a-b2e4-84be6031c5ef,heart,UBERON:0000948,sc_bulk,http://purl.obolibrary.org/obo/CL_0000077,mesothelial cell,12.35144,4.536871002376903E-5
https://doi.org/10.1161/CIRCRESAHA.120.318458#Donor17_TissueBlock1,http://purl.org/ccf/1.5/8ac5f392-021e-452a-845b-a2a5e9e807fb,heart,UBERON:0000948,sc_bulk,https://purl.org/ccf/ASCTB-TEMP_fibroblast,Fibroblast,240425.0159999999,0.3330088912100684
https://doi.org/10.1161/CIRCRESAHA.120.318458#Donor17_TissueBlock1,http://purl.org/ccf/1.5/8ac5f392-021e-452a-845b-a2a5e9e807fb,heart,UBERON:0000948,sc_bulk,https://purl.org/ccf/ASCTB-TEMP_ventricular-cardiomycoyte,Ventricular Cardiomycoyte,189432.77376,0.2623803421049387
https://doi.org/10.1161/CIRCRESAHA.120.318458#Donor17_TissueBlock1,http://purl.org/ccf/1.5/8ac5f392-021e-452a-845b-a2a5e9e807fb,heart,UBERON:0000948,sc_bulk,http://purl.obolibrary.org/obo/CL_0002131,regular ventricular cardiac myocyte,68553.1776,0.09495192322874964
https://doi.org/10.1161/CIRCRESAHA.120.318458#Donor17_TissueBlock1,http://purl.org/ccf/1.5/8ac5f392-021e-452a-845b-a2a5e9e807fb,heart,UBERON:0000948,sc_bulk,http://purl.obolibrary.org/obo/CL_0000669,pericyte,36434.51040000001,0.05046486472974056
https://doi.org/10.1161/CIRCRESAHA.120.318458#Donor17_TissueBlock1,http://purl.org/ccf/1.5/8ac5f392-021e-452a-845b-a2a5e9e807fb,heart,UBERON:0000948,sc_bulk,http://purl.obolibrary.org/obo/CL_0002144,capillary endothelial cell,29271.41472,0.04054337407242713
https://doi.org/10.1161/CIRCRESAHA.120.318458#Donor17_TissueBlock1,http://purl.org/ccf/1.5/8ac5f392-021e-452a-845b-a2a5e9e807fb,heart,UBERON:0000948,sc_bulk,https://purl.org/ccf/ASCTB-TEMP_b,B,28717.53888,0.03977620939707385
https://doi.org/10.1161/CIRCRESAHA.120.318458#Donor17_TissueBlock1,http://purl.org/ccf/1.5/8ac5f392-021e-452a-845b-a2a5e9e807fb,heart,UBERON:0000948,sc_bulk,http://purl.obolibrary.org/obo/CL_0000057,fibroblast,21240.47136,0.0294198413045871
https://doi.org/10.1161/CIRCRESAHA.120.318458#Donor17_TissueBlock1,http://purl.org/ccf/1.5/8ac5f392-021e-452a-845b-a2a5e9e807fb,heart,UBERON:0000948,sc_bulk,http://purl.obolibrary.org/obo/CL_0000003,native cell,15343.22208,0.02125165449692906
https://doi.org/10.1161/CIRCRESAHA.120.318458#Donor17_TissueBlock1,http://purl.org/ccf/1.5/8ac5f392-021e-452a-845b-a2a5e9e807fb,heart,UBERON:0000948,sc_bulk,http://purl.obolibrary.org/obo/CL_1000413,endothelial cell of artery,10379.76864,0.01437685355430502
https://doi.org/10.1161/CIRCRESAHA.120.318458#Donor17_TissueBlock1,http://purl.org/ccf/1.5/8ac5f392-021e-452a-845b-a2a5e9e807fb,heart,UBERON:0000948,sc_bulk,https://purl.org/ccf/ASCTB-TEMP_pericyte,Pericyte,8858.867519999998,0.01227027744156244
https://doi.org/10.1161/CIRCRESAHA.120.318458#Donor17_TissueBlock1,http://purl.org/ccf/1.5/8ac5f392-021e-452a-845b-a2a5e9e807fb,heart,UBERON:0000948,sc_bulk,https://purl.org/ccf/ASCTB-TEMP_monocyte-cdc,Monocyte/cDC,8177.71104,0.01132681836263967
https://doi.org/10.1161/CIRCRESAHA.120.318458#Donor17_TissueBlock1,http://purl.org/ccf/1.5/8ac5f392-021e-452a-845b-a2a5e9e807fb,heart,UBERON:0000948,sc_bulk,https://purl.org/ccf/ASCTB-TEMP_capillary-endothelial,Capillary Endothelial,8102.267519999999,0.01122232273501253
https://doi.org/10.1161/CIRCRESAHA.120.318458#Donor17_TissueBlock1,http://purl.org/ccf/1.5/8ac5f392-021e-452a-845b-a2a5e9e807fb,heart,UBERON:0000948,sc_bulk,https://purl.org/ccf/ASCTB-TEMP_macrophage,Macrophage,7227.507839999998,0.01001070692248795
https://doi.org/10.1161/CIRCRESAHA.120.318458#Donor17_TissueBlock1,http://purl.org/ccf/1.5/8ac5f392-021e-452a-845b-a2a5e9e807fb,heart,UBERON:0000948,sc_bulk,http://purl.obolibrary.org/obo/CL_0000192,smooth muscle cell,6728.287680000002,0.009319244966002891
https://doi.org/10.1161/CIRCRESAHA.120.318458#Donor17_TissueBlock1,http://purl.org/ccf/1.5/8ac5f392-021e-452a-845b-a2a5e9e807fb,heart,UBERON:0000948,sc_bulk,http://purl.obolibrary.org/obo/CL_0000235,macrophage,5702.853119999999,0.007898931757688141
https://doi.org/10.1161/CIRCRESAHA.120.318458#Donor17_TissueBlock1,http://purl.org/ccf/1.5/8ac5f392-021e-452a-845b-a2a5e9e807fb,heart,UBERON:0000948,sc_bulk,http://purl.obolibrary.org/obo/CL_0000115,endothelial cell,3725.2416,0.005159773285428923
https://doi.org/10.1161/CIRCRESAHA.120.318458#Donor17_TissueBlock1,http://purl.org/ccf/1.5/8ac5f392-021e-452a-845b-a2a5e9e807fb,heart,UBERON:0000948,sc_bulk,http://purl.obolibrary.org/obo/CL_0002543,vein endothelial cell,3010.28448,0.004169497474055186
https://doi.org/10.1161/CIRCRESAHA.120.318458#Donor17_TissueBlock1,http://purl.org/ccf/1.5/8ac5f392-021e-452a-845b-a2a5e9e807fb,heart,UBERON:0000948,sc_bulk,https://purl.org/ccf/ASCTB-TEMP_mesothelial,Mesothelial,2983.1424,0.004131903407862277
https://doi.org/10.1161/CIRCRESAHA.120.318458#Donor17_TissueBlock1,http://purl.org/ccf/1.5/8ac5f392-021e-452a-845b-a2a5e9e807fb,heart,UBERON:0000948,sc_bulk,https://purl.org/ccf/ASCTB-TEMP_arterial-endothelial,Arterial Endothelial,2849.24064,0.003946438195587209
https://doi.org/10.1161/CIRCRESAHA.120.318458#Donor17_TissueBlock1,http://purl.org/ccf/1.5/8ac5f392-021e-452a-845b-a2a5e9e807fb,heart,UBERON:0000948,sc_bulk,https://purl.org/ccf/ASCTB-TEMP_venous-endothelial,Venous Endothelial,2662.44288,0.00368770756941092
https://doi.org/10.1161/CIRCRESAHA.120.318458#Donor17_TissueBlock1,http://purl.org/ccf/1.5/8ac5f392-021e-452a-845b-a2a5e9e807fb,heart,UBERON:0000948,sc_bulk,https://purl.org/ccf/ASCTB-TEMP_smooth-muscle,Smooth Muscle,2587.1088,0.003583363525398751
https://doi.org/10.1161/CIRCRESAHA.120.318458#Donor17_TissueBlock1,http://purl.org/ccf/1.5/8ac5f392-021e-452a-845b-a2a5e9e807fb,heart,UBERON:0000948,sc_bulk,https://purl.org/ccf/ASCTB-TEMP_endocardial,Endocardial,1932.45216,0.002676608956191571
https://doi.org/10.1161/CIRCRESAHA.120.318458#Donor17_TissueBlock1,http://purl.org/ccf/1.5/8ac5f392-021e-452a-845b-a2a5e9e807fb,heart,UBERON:0000948,sc_bulk,https://purl.org/ccf/ASCTB-TEMP_nk,NK,1927.98912,0.002670427269998707
https://doi.org/10.1161/CIRCRESAHA.120.318458#Donor17_TissueBlock1,http://purl.org/ccf/1.5/8ac5f392-021e-452a-845b-a2a5e9e807fb,heart,UBERON:0000948,sc_bulk,http://purl.obolibrary.org/obo/CL_0000623,natural killer cell,1451.20032,0.00201003463585876
https://doi.org/10.1161/CIRCRESAHA.120.318458#Donor17_TissueBlock1,http://purl.org/ccf/1.5/8ac5f392-021e-452a-845b-a2a5e9e807fb,heart,UBERON:0000948,sc_bulk,http://purl.obolibrary.org/obo/CL_0000934,"CD4-positive, alpha-beta cytotoxic T cell",1352.05632,0.001872711847825209
https://doi.org/10.1161/CIRCRESAHA.120.318458#Donor17_TissueBlock1,http://purl.org/ccf/1.5/8ac5f392-021e-452a-845b-a2a5e9e807fb,heart,UBERON:0000948,sc_bulk,http://purl.obolibrary.org/obo/CL_0002319,neural cell,1196.4768,0.001657221112658971
https://doi.org/10.1161/CIRCRESAHA.120.318458#Donor17_TissueBlock1,http://purl.org/ccf/1.5/8ac5f392-021e-452a-845b-a2a5e9e807fb,heart,UBERON:0000948,sc_bulk,http://purl.obolibrary.org/obo/CL_0002397,"CD14-positive, CD16-positive monocyte",1089.53088,0.001509092008495198
https://doi.org/10.1161/CIRCRESAHA.120.318458#Donor17_TissueBlock1,http://purl.org/ccf/1.5/8ac5f392-021e-452a-845b-a2a5e9e807fb,heart,UBERON:0000948,sc_bulk,https://purl.org/ccf/ASCTB-TEMP_t,T,1089.0336,0.001508403233823677
https://doi.org/10.1161/CIRCRESAHA.120.318458#Donor17_TissueBlock1,http://purl.org/ccf/1.5/8ac5f392-021e-452a-845b-a2a5e9e807fb,heart,UBERON:0000948,sc_bulk,http://purl.obolibrary.org/obo/CL_1000309,epicardial adipocyte,934.4208,0.001294251487256323
https://doi.org/10.1161/CIRCRESAHA.120.318458#Donor17_TissueBlock1,http://purl.org/ccf/1.5/8ac5f392-021e-452a-845b-a2a5e9e807fb,heart,UBERON:0000948,sc_bulk,http://purl.obolibrary.org/obo/CL_0000794,"CD8-positive, alpha-beta cytotoxic T cell",883.24032,0.001223362213003767
https://doi.org/10.1161/CIRCRESAHA.120.318458#Donor17_TissueBlock1,http://purl.org/ccf/1.5/8ac5f392-021e-452a-845b-a2a5e9e807fb,heart,UBERON:0000948,sc_bulk,http://purl.obolibrary.org/obo/CL_0000906,"activated CD8-positive, alpha-beta T cell",879.4588799999999,0.001218124600202371
https://doi.org/10.1161/CIRCRESAHA.120.318458#Donor17_TissueBlock1,http://purl.org/ccf/1.5/8ac5f392-021e-452a-845b-a2a5e9e807fb,heart,UBERON:0000948,sc_bulk,https://purl.org/ccf/ASCTB-TEMP_adipocyte,Adipocyte,776.97408,0.001076174522869796
https://doi.org/10.1161/CIRCRESAHA.120.318458#Donor17_TissueBlock1,http://purl.org/ccf/1.5/8ac5f392-021e-452a-845b-a2a5e9e807fb,heart,UBERON:0000948,sc_bulk,http://purl.obolibrary.org/obo/CL_0000097,mast cell,774.3196800000002,0.001072497955366405
https://doi.org/10.1161/CIRCRESAHA.120.318458#Donor17_TissueBlock1,http://purl.org/ccf/1.5/8ac5f392-021e-452a-845b-a2a5e9e807fb,heart,UBERON:0000948,sc_bulk,https://purl.org/ccf/ASCTB-TEMP_neuronal,Neuronal,625.4313599999999,8.662750956065452E-4
https://doi.org/10.1161/CIRCRESAHA.120.318458#Donor17_TissueBlock1,http://purl.org/ccf/1.5/8ac5f392-021e-452a-845b-a2a5e9e807fb,heart,UBERON:0000948,sc_bulk,https://purl.org/ccf/ASCTB-TEMP_lymphatic-endothelial,Lymphatic Endothelial,616.272,8.535886107783865E-4
https://doi.org/10.1161/CIRCRESAHA.120.318458#Donor17_TissueBlock1,http://purl.org/ccf/1.5/8ac5f392-021e-452a-845b-a2a5e9e807fb,heart,UBERON:0000948,sc_bulk,http://purl.obolibrary.org/obo/CL_0000814,mature NK T cell,608.6736,8.430641869847717E-4
https://doi.org/10.1161/CIRCRESAHA.120.318458#Donor17_TissueBlock1,http://purl.org/ccf/1.5/8ac5f392-021e-452a-845b-a2a5e9e807fb,heart,UBERON:0000948,sc_bulk,http://purl.obolibrary.org/obo/CL_0001054,CD14-positive monocyte,590.1926400000001,8.174665012676682E-4
https://doi.org/10.1161/CIRCRESAHA.120.318458#Donor17_TissueBlock1,http://purl.org/ccf/1.5/8ac5f392-021e-452a-845b-a2a5e9e807fb,heart,UBERON:0000948,sc_bulk,https://purl.org/ccf/ASCTB-TEMP_mast,Mast,587.6783999999999,8.139840671659021E-4
https://doi.org/10.1161/CIRCRESAHA.120.318458#Donor17_TissueBlock1,http://purl.org/ccf/1.5/8ac5f392-021e-452a-845b-a2a5e9e807fb,heart,UBERON:0000948,sc_bulk,http://purl.obolibrary.org/obo/CL_0000576,monocyte,570.18432,7.89753293345177E-4
https://doi.org/10.1161/CIRCRESAHA.120.318458#Donor17_TissueBlock1,http://purl.org/ccf/1.5/8ac5f392-021e-452a-845b-a2a5e9e807fb,heart,UBERON:0000948,sc_bulk,http://purl.obolibrary.org/obo/CL_0000896,"activated CD4-positive, alpha-beta T cell",446.3136000000001,6.181819160946798E-4
https://doi.org/10.1161/CIRCRESAHA.120.318458#Donor17_TissueBlock1,http://purl.org/ccf/1.5/8ac5f392-021e-452a-845b-a2a5e9e807fb,heart,UBERON:0000948,sc_bulk,http://purl.obolibrary.org/obo/CL_0002138,endothelial cell of lymphatic vessel,358.3344,4.963233161495356E-4
https://doi.org/10.1161/CIRCRESAHA.120.318458#Donor17_TissueBlock1,http://purl.org/ccf/1.5/8ac5f392-021e-452a-845b-a2a5e9e807fb,heart,UBERON:0000948,sc_bulk,http://purl.obolibrary.org/obo/CL_0000236,B cell,308.70336,4.275801467615276E-4
https://doi.org/10.1161/CIRCRESAHA.120.318458#Donor17_TissueBlock1,http://purl.org/ccf/1.5/8ac5f392-021e-452a-845b-a2a5e9e807fb,heart,UBERON:0000948,sc_bulk,http://purl.obolibrary.org/obo/CL_0000451,dendritic cell,295.1664,4.088303173346468E-4
https://doi.org/10.1161/CIRCRESAHA.120.318458#Donor17_TissueBlock1,http://purl.org/ccf/1.5/8ac5f392-021e-452a-845b-a2a5e9e807fb,heart,UBERON:0000948,sc_bulk,https://purl.org/ccf/ASCTB-TEMP_atrial-cardiomyocyte,Atrial Cardiomyocyte,199.488,2.763076771084177E-4
https://doi.org/10.1161/CIRCRESAHA.120.318458#Donor17_TissueBlock1,http://purl.org/ccf/1.5/8ac5f392-021e-452a-845b-a2a5e9e807fb,heart,UBERON:0000948,sc_bulk,https://purl.org/ccf/ASCTB-TEMP_endothelial,Endothelial,38.5728,5.342657587207036E-5
https://doi.org/10.1161/CIRCRESAHA.120.318458#Donor17_TissueBlock1,http://purl.org/ccf/1.5/8ac5f392-021e-452a-845b-a2a5e9e807fb,heart,UBERON:0000948,sc_bulk,http://purl.obolibrary.org/obo/CL_0000077,mesothelial cell,32.75519999999999,4.536871002376904E-5
https://doi.org/10.1161/CIRCRESAHA.120.318458#Donor18_TissueBlock1,http://purl.org/ccf/1.5/5b8ac863-a3ac-4f61-b856-0243634ca18b,heart,UBERON:0000948,sc_bulk,https://purl.org/ccf/ASCTB-TEMP_fibroblast,Fibroblast,41323.04962499999,0.3330088912100683
https://doi.org/10.1161/CIRCRESAHA.120.318458#Donor18_TissueBlock1,http://purl.org/ccf/1.5/5b8ac863-a3ac-4f61-b856-0243634ca18b,heart,UBERON:0000948,sc_bulk,https://purl.org/ccf/ASCTB-TEMP_ventricular-cardiomycoyte,Ventricular Cardiomycoyte,32558.75799,0.2623803421049386
https://doi.org/10.1161/CIRCRESAHA.120.318458#Donor18_TissueBlock1,http://purl.org/ccf/1.5/5b8ac863-a3ac-4f61-b856-0243634ca18b,heart,UBERON:0000948,sc_bulk,http://purl.obolibrary.org/obo/CL_0002131,regular ventricular cardiac myocyte,11782.5774,0.09495192322874961
https://doi.org/10.1161/CIRCRESAHA.120.318458#Donor18_TissueBlock1,http://purl.org/ccf/1.5/5b8ac863-a3ac-4f61-b856-0243634ca18b,heart,UBERON:0000948,sc_bulk,http://purl.obolibrary.org/obo/CL_0000669,pericyte,6262.181475000001,0.05046486472974054
https://doi.org/10.1161/CIRCRESAHA.120.318458#Donor18_TissueBlock1,http://purl.org/ccf/1.5/5b8ac863-a3ac-4f61-b856-0243634ca18b,heart,UBERON:0000948,sc_bulk,http://purl.obolibrary.org/obo/CL_0002144,capillary endothelial cell,5031.024405,0.04054337407242711
https://doi.org/10.1161/CIRCRESAHA.120.318458#Donor18_TissueBlock1,http://purl.org/ccf/1.5/5b8ac863-a3ac-4f61-b856-0243634ca18b,heart,UBERON:0000948,sc_bulk,https://purl.org/ccf/ASCTB-TEMP_b,B,4935.826994999999,0.03977620939707384
https://doi.org/10.1161/CIRCRESAHA.120.318458#Donor18_TissueBlock1,http://purl.org/ccf/1.5/5b8ac863-a3ac-4f61-b856-0243634ca18b,heart,UBERON:0000948,sc_bulk,http://purl.obolibrary.org/obo/CL_0000057,fibroblast,3650.706015000001,0.0294198413045871
https://doi.org/10.1161/CIRCRESAHA.120.318458#Donor18_TissueBlock1,http://purl.org/ccf/1.5/5b8ac863-a3ac-4f61-b856-0243634ca18b,heart,UBERON:0000948,sc_bulk,http://purl.obolibrary.org/obo/CL_0000003,native cell,2637.116295,0.02125165449692905
https://doi.org/10.1161/CIRCRESAHA.120.318458#Donor18_TissueBlock1,http://purl.org/ccf/1.5/5b8ac863-a3ac-4f61-b856-0243634ca18b,heart,UBERON:0000948,sc_bulk,http://purl.obolibrary.org/obo/CL_1000413,endothelial cell of artery,1784.022735,0.01437685355430501
https://doi.org/10.1161/CIRCRESAHA.120.318458#Donor18_TissueBlock1,http://purl.org/ccf/1.5/5b8ac863-a3ac-4f61-b856-0243634ca18b,heart,UBERON:0000948,sc_bulk,https://purl.org/ccf/ASCTB-TEMP_pericyte,Pericyte,1522.617855,0.01227027744156244
https://doi.org/10.1161/CIRCRESAHA.120.318458#Donor18_TissueBlock1,http://purl.org/ccf/1.5/5b8ac863-a3ac-4f61-b856-0243634ca18b,heart,UBERON:0000948,sc_bulk,https://purl.org/ccf/ASCTB-TEMP_monocyte-cdc,Monocyte/cDC,1405.544085,0.01132681836263967
https://doi.org/10.1161/CIRCRESAHA.120.318458#Donor18_TissueBlock1,http://purl.org/ccf/1.5/5b8ac863-a3ac-4f61-b856-0243634ca18b,heart,UBERON:0000948,sc_bulk,https://purl.org/ccf/ASCTB-TEMP_capillary-endothelial,Capillary Endothelial,1392.57723,0.01122232273501252
https://doi.org/10.1161/CIRCRESAHA.120.318458#Donor18_TissueBlock1,http://purl.org/ccf/1.5/5b8ac863-a3ac-4f61-b856-0243634ca18b,heart,UBERON:0000948,sc_bulk,https://purl.org/ccf/ASCTB-TEMP_macrophage,Macrophage,1242.22791,0.01001070692248795
https://doi.org/10.1161/CIRCRESAHA.120.318458#Donor18_TissueBlock1,http://purl.org/ccf/1.5/5b8ac863-a3ac-4f61-b856-0243634ca18b,heart,UBERON:0000948,sc_bulk,http://purl.obolibrary.org/obo/CL_0000192,smooth muscle cell,1156.424445000001,0.00931924496600289
https://doi.org/10.1161/CIRCRESAHA.120.318458#Donor18_TissueBlock1,http://purl.org/ccf/1.5/5b8ac863-a3ac-4f61-b856-0243634ca18b,heart,UBERON:0000948,sc_bulk,http://purl.obolibrary.org/obo/CL_0000235,macrophage,980.1778799999998,0.007898931757688138
https://doi.org/10.1161/CIRCRESAHA.120.318458#Donor18_TissueBlock1,http://purl.org/ccf/1.5/5b8ac863-a3ac-4f61-b856-0243634ca18b,heart,UBERON:0000948,sc_bulk,http://purl.obolibrary.org/obo/CL_0000115,endothelial cell,640.2759000000001,0.005159773285428922
https://doi.org/10.1161/CIRCRESAHA.120.318458#Donor18_TissueBlock1,http://purl.org/ccf/1.5/5b8ac863-a3ac-4f61-b856-0243634ca18b,heart,UBERON:0000948,sc_bulk,http://purl.obolibrary.org/obo/CL_0002543,vein endothelial cell,517.392645,0.004169497474055184
https://doi.org/10.1161/CIRCRESAHA.120.318458#Donor18_TissueBlock1,http://purl.org/ccf/1.5/5b8ac863-a3ac-4f61-b856-0243634ca18b,heart,UBERON:0000948,sc_bulk,https://purl.org/ccf/ASCTB-TEMP_mesothelial,Mesothelial,512.7276,0.004131903407862276
https://doi.org/10.1161/CIRCRESAHA.120.318458#Donor18_TissueBlock1,http://purl.org/ccf/1.5/5b8ac863-a3ac-4f61-b856-0243634ca18b,heart,UBERON:0000948,sc_bulk,https://purl.org/ccf/ASCTB-TEMP_arterial-endothelial,Arterial Endothelial,489.7132350000001,0.003946438195587208
https://doi.org/10.1161/CIRCRESAHA.120.318458#Donor18_TissueBlock1,http://purl.org/ccf/1.5/5b8ac863-a3ac-4f61-b856-0243634ca18b,heart,UBERON:0000948,sc_bulk,https://purl.org/ccf/ASCTB-TEMP_venous-endothelial,Venous Endothelial,457.6073700000001,0.003687707569410919
https://doi.org/10.1161/CIRCRESAHA.120.318458#Donor18_TissueBlock1,http://purl.org/ccf/1.5/5b8ac863-a3ac-4f61-b856-0243634ca18b,heart,UBERON:0000948,sc_bulk,https://purl.org/ccf/ASCTB-TEMP_smooth-muscle,Smooth Muscle,444.6593250000001,0.00358336352539875
https://doi.org/10.1161/CIRCRESAHA.120.318458#Donor18_TissueBlock1,http://purl.org/ccf/1.5/5b8ac863-a3ac-4f61-b856-0243634ca18b,heart,UBERON:0000948,sc_bulk,https://purl.org/ccf/ASCTB-TEMP_endocardial,Endocardial,332.140215,0.00267660895619157
https://doi.org/10.1161/CIRCRESAHA.120.318458#Donor18_TissueBlock1,http://purl.org/ccf/1.5/5b8ac863-a3ac-4f61-b856-0243634ca18b,heart,UBERON:0000948,sc_bulk,https://purl.org/ccf/ASCTB-TEMP_nk,NK,331.3731299999999,0.002670427269998707
https://doi.org/10.1161/CIRCRESAHA.120.318458#Donor18_TissueBlock1,http://purl.org/ccf/1.5/5b8ac863-a3ac-4f61-b856-0243634ca18b,heart,UBERON:0000948,sc_bulk,http://purl.obolibrary.org/obo/CL_0000623,natural killer cell,249.425055,0.002010034635858759
https://doi.org/10.1161/CIRCRESAHA.120.318458#Donor18_TissueBlock1,http://purl.org/ccf/1.5/5b8ac863-a3ac-4f61-b856-0243634ca18b,heart,UBERON:0000948,sc_bulk,http://purl.obolibrary.org/obo/CL_0000934,"CD4-positive, alpha-beta cytotoxic T cell",232.38468,0.001872711847825209
https://doi.org/10.1161/CIRCRESAHA.120.318458#Donor18_TissueBlock1,http://purl.org/ccf/1.5/5b8ac863-a3ac-4f61-b856-0243634ca18b,heart,UBERON:0000948,sc_bulk,http://purl.obolibrary.org/obo/CL_0002319,neural cell,205.64445,0.00165722111265897
https://doi.org/10.1161/CIRCRESAHA.120.318458#Donor18_TissueBlock1,http://purl.org/ccf/1.5/5b8ac863-a3ac-4f61-b856-0243634ca18b,heart,UBERON:0000948,sc_bulk,http://purl.obolibrary.org/obo/CL_0002397,"CD14-positive, CD16-positive monocyte",187.26312,0.001509092008495198
https://doi.org/10.1161/CIRCRESAHA.120.318458#Donor18_TissueBlock1,http://purl.org/ccf/1.5/5b8ac863-a3ac-4f61-b856-0243634ca18b,heart,UBERON:0000948,sc_bulk,https://purl.org/ccf/ASCTB-TEMP_t,T,187.17765,0.001508403233823677
https://doi.org/10.1161/CIRCRESAHA.120.318458#Donor18_TissueBlock1,http://purl.org/ccf/1.5/5b8ac863-a3ac-4f61-b856-0243634ca18b,heart,UBERON:0000948,sc_bulk,http://purl.obolibrary.org/obo/CL_1000309,epicardial adipocyte,160.603575,0.001294251487256322
https://doi.org/10.1161/CIRCRESAHA.120.318458#Donor18_TissueBlock1,http://purl.org/ccf/1.5/5b8ac863-a3ac-4f61-b856-0243634ca18b,heart,UBERON:0000948,sc_bulk,http://purl.obolibrary.org/obo/CL_0000794,"CD8-positive, alpha-beta cytotoxic T cell",151.80693,0.001223362213003767
https://doi.org/10.1161/CIRCRESAHA.120.318458#Donor18_TissueBlock1,http://purl.org/ccf/1.5/5b8ac863-a3ac-4f61-b856-0243634ca18b,heart,UBERON:0000948,sc_bulk,http://purl.obolibrary.org/obo/CL_0000906,"activated CD8-positive, alpha-beta T cell",151.156995,0.001218124600202371
https://doi.org/10.1161/CIRCRESAHA.120.318458#Donor18_TissueBlock1,http://purl.org/ccf/1.5/5b8ac863-a3ac-4f61-b856-0243634ca18b,heart,UBERON:0000948,sc_bulk,https://purl.org/ccf/ASCTB-TEMP_adipocyte,Adipocyte,133.54242,0.001076174522869795
https://doi.org/10.1161/CIRCRESAHA.120.318458#Donor18_TissueBlock1,http://purl.org/ccf/1.5/5b8ac863-a3ac-4f61-b856-0243634ca18b,heart,UBERON:0000948,sc_bulk,http://purl.obolibrary.org/obo/CL_0000097,mast cell,133.086195,0.001072497955366404
https://doi.org/10.1161/CIRCRESAHA.120.318458#Donor18_TissueBlock1,http://purl.org/ccf/1.5/5b8ac863-a3ac-4f61-b856-0243634ca18b,heart,UBERON:0000948,sc_bulk,https://purl.org/ccf/ASCTB-TEMP_neuronal,Neuronal,107.496015,8.662750956065449E-4
https://doi.org/10.1161/CIRCRESAHA.120.318458#Donor18_TissueBlock1,http://purl.org/ccf/1.5/5b8ac863-a3ac-4f61-b856-0243634ca18b,heart,UBERON:0000948,sc_bulk,https://purl.org/ccf/ASCTB-TEMP_lymphatic-endothelial,Lymphatic Endothelial,105.92175,8.535886107783863E-4
https://doi.org/10.1161/CIRCRESAHA.120.318458#Donor18_TissueBlock1,http://purl.org/ccf/1.5/5b8ac863-a3ac-4f61-b856-0243634ca18b,heart,UBERON:0000948,sc_bulk,http://purl.obolibrary.org/obo/CL_0000814,mature NK T cell,104.615775,8.430641869847714E-4
https://doi.org/10.1161/CIRCRESAHA.120.318458#Donor18_TissueBlock1,http://purl.org/ccf/1.5/5b8ac863-a3ac-4f61-b856-0243634ca18b,heart,UBERON:0000948,sc_bulk,http://purl.obolibrary.org/obo/CL_0001054,CD14-positive monocyte,101.43936,8.17466501267668E-4
https://doi.org/10.1161/CIRCRESAHA.120.318458#Donor18_TissueBlock1,http://purl.org/ccf/1.5/5b8ac863-a3ac-4f61-b856-0243634ca18b,heart,UBERON:0000948,sc_bulk,https://purl.org/ccf/ASCTB-TEMP_mast,Mast,101.007225,8.13984067165902E-4
https://doi.org/10.1161/CIRCRESAHA.120.318458#Donor18_TissueBlock1,http://purl.org/ccf/1.5/5b8ac863-a3ac-4f61-b856-0243634ca18b,heart,UBERON:0000948,sc_bulk,http://purl.obolibrary.org/obo/CL_0000576,monocyte,98.00043000000001,7.897532933451768E-4
https://doi.org/10.1161/CIRCRESAHA.120.318458#Donor18_TissueBlock1,http://purl.org/ccf/1.5/5b8ac863-a3ac-4f61-b856-0243634ca18b,heart,UBERON:0000948,sc_bulk,http://purl.obolibrary.org/obo/CL_0000896,"activated CD4-positive, alpha-beta T cell",76.71015000000003,6.181819160946797E-4
https://doi.org/10.1161/CIRCRESAHA.120.318458#Donor18_TissueBlock1,http://purl.org/ccf/1.5/5b8ac863-a3ac-4f61-b856-0243634ca18b,heart,UBERON:0000948,sc_bulk,http://purl.obolibrary.org/obo/CL_0002138,endothelial cell of lymphatic vessel,61.588725,4.963233161495355E-4
https://doi.org/10.1161/CIRCRESAHA.120.318458#Donor18_TissueBlock1,http://purl.org/ccf/1.5/5b8ac863-a3ac-4f61-b856-0243634ca18b,heart,UBERON:0000948,sc_bulk,http://purl.obolibrary.org/obo/CL_0000236,B cell,53.05839000000001,4.275801467615275E-4
https://doi.org/10.1161/CIRCRESAHA.120.318458#Donor18_TissueBlock1,http://purl.org/ccf/1.5/5b8ac863-a3ac-4f61-b856-0243634ca18b,heart,UBERON:0000948,sc_bulk,http://purl.obolibrary.org/obo/CL_0000451,dendritic cell,50.731725,4.088303173346467E-4
https://doi.org/10.1161/CIRCRESAHA.120.318458#Donor18_TissueBlock1,http://purl.org/ccf/1.5/5b8ac863-a3ac-4f61-b856-0243634ca18b,heart,UBERON:0000948,sc_bulk,https://purl.org/ccf/ASCTB-TEMP_atrial-cardiomyocyte,Atrial Cardiomyocyte,34.28700000000001,2.763076771084176E-4
https://doi.org/10.1161/CIRCRESAHA.120.318458#Donor18_TissueBlock1,http://purl.org/ccf/1.5/5b8ac863-a3ac-4f61-b856-0243634ca18b,heart,UBERON:0000948,sc_bulk,https://purl.org/ccf/ASCTB-TEMP_endothelial,Endothelial,6.629700000000001,5.342657587207035E-5
https://doi.org/10.1161/CIRCRESAHA.120.318458#Donor18_TissueBlock1,http://purl.org/ccf/1.5/5b8ac863-a3ac-4f61-b856-0243634ca18b,heart,UBERON:0000948,sc_bulk,http://purl.obolibrary.org/obo/CL_0000077,mesothelial cell,5.629799999999999,4.536871002376903E-5
https://doi.org/10.1161/CIRCRESAHA.120.318458#Donor19_TissueBlock1,http://purl.org/ccf/1.5/597935ff-e86d-4a23-a3d6-bd88ede49a3f,heart,UBERON:0000948,sc_bulk,https://purl.org/ccf/ASCTB-TEMP_fibroblast,Fibroblast,90910.70917499998,0.3330088912100684
https://doi.org/10.1161/CIRCRESAHA.120.318458#Donor19_TissueBlock1,http://purl.org/ccf/1.5/597935ff-e86d-4a23-a3d6-bd88ede49a3f,heart,UBERON:0000948,sc_bulk,https://purl.org/ccf/ASCTB-TEMP_ventricular-cardiomycoyte,Ventricular Cardiomycoyte,71629.267578,0.2623803421049387
https://doi.org/10.1161/CIRCRESAHA.120.318458#Donor19_TissueBlock1,http://purl.org/ccf/1.5/597935ff-e86d-4a23-a3d6-bd88ede49a3f,heart,UBERON:0000948,sc_bulk,http://purl.obolibrary.org/obo/CL_0002131,regular ventricular cardiac myocyte,25921.67028,0.09495192322874964
https://doi.org/10.1161/CIRCRESAHA.120.318458#Donor19_TissueBlock1,http://purl.org/ccf/1.5/597935ff-e86d-4a23-a3d6-bd88ede49a3f,heart,UBERON:0000948,sc_bulk,http://purl.obolibrary.org/obo/CL_0000669,pericyte,13776.799245,0.05046486472974056
https://doi.org/10.1161/CIRCRESAHA.120.318458#Donor19_TissueBlock1,http://purl.org/ccf/1.5/597935ff-e86d-4a23-a3d6-bd88ede49a3f,heart,UBERON:0000948,sc_bulk,http://purl.obolibrary.org/obo/CL_0002144,capillary endothelial cell,11068.253691,0.04054337407242713
https://doi.org/10.1161/CIRCRESAHA.120.318458#Donor19_TissueBlock1,http://purl.org/ccf/1.5/597935ff-e86d-4a23-a3d6-bd88ede49a3f,heart,UBERON:0000948,sc_bulk,https://purl.org/ccf/ASCTB-TEMP_b,B,10858.819389,0.03977620939707385
https://doi.org/10.1161/CIRCRESAHA.120.318458#Donor19_TissueBlock1,http://purl.org/ccf/1.5/597935ff-e86d-4a23-a3d6-bd88ede49a3f,heart,UBERON:0000948,sc_bulk,http://purl.obolibrary.org/obo/CL_0000057,fibroblast,8031.553233000001,0.02941984130458711
https://doi.org/10.1161/CIRCRESAHA.120.318458#Donor19_TissueBlock1,http://purl.org/ccf/1.5/597935ff-e86d-4a23-a3d6-bd88ede49a3f,heart,UBERON:0000948,sc_bulk,http://purl.obolibrary.org/obo/CL_0000003,native cell,5801.655849,0.02125165449692906
https://doi.org/10.1161/CIRCRESAHA.120.318458#Donor19_TissueBlock1,http://purl.org/ccf/1.5/597935ff-e86d-4a23-a3d6-bd88ede49a3f,heart,UBERON:0000948,sc_bulk,http://purl.obolibrary.org/obo/CL_1000413,endothelial cell of artery,3924.850017,0.01437685355430502
https://doi.org/10.1161/CIRCRESAHA.120.318458#Donor19_TissueBlock1,http://purl.org/ccf/1.5/597935ff-e86d-4a23-a3d6-bd88ede49a3f,heart,UBERON:0000948,sc_bulk,https://purl.org/ccf/ASCTB-TEMP_pericyte,Pericyte,3349.759281,0.01227027744156244
https://doi.org/10.1161/CIRCRESAHA.120.318458#Donor19_TissueBlock1,http://purl.org/ccf/1.5/597935ff-e86d-4a23-a3d6-bd88ede49a3f,heart,UBERON:0000948,sc_bulk,https://purl.org/ccf/ASCTB-TEMP_monocyte-cdc,Monocyte/cDC,3092.196987,0.01132681836263967
https://doi.org/10.1161/CIRCRESAHA.120.318458#Donor19_TissueBlock1,http://purl.org/ccf/1.5/597935ff-e86d-4a23-a3d6-bd88ede49a3f,heart,UBERON:0000948,sc_bulk,https://purl.org/ccf/ASCTB-TEMP_capillary-endothelial,Capillary Endothelial,3063.669906,0.01122232273501253
https://doi.org/10.1161/CIRCRESAHA.120.318458#Donor19_TissueBlock1,http://purl.org/ccf/1.5/597935ff-e86d-4a23-a3d6-bd88ede49a3f,heart,UBERON:0000948,sc_bulk,https://purl.org/ccf/ASCTB-TEMP_macrophage,Macrophage,2732.901402,0.01001070692248795
https://doi.org/10.1161/CIRCRESAHA.120.318458#Donor19_TissueBlock1,http://purl.org/ccf/1.5/597935ff-e86d-4a23-a3d6-bd88ede49a3f,heart,UBERON:0000948,sc_bulk,http://purl.obolibrary.org/obo/CL_0000192,smooth muscle cell,2544.133779000001,0.009319244966002891
https://doi.org/10.1161/CIRCRESAHA.120.318458#Donor19_TissueBlock1,http://purl.org/ccf/1.5/597935ff-e86d-4a23-a3d6-bd88ede49a3f,heart,UBERON:0000948,sc_bulk,http://purl.obolibrary.org/obo/CL_0000235,macrophage,2156.391336,0.007898931757688141
https://doi.org/10.1161/CIRCRESAHA.120.318458#Donor19_TissueBlock1,http://purl.org/ccf/1.5/597935ff-e86d-4a23-a3d6-bd88ede49a3f,heart,UBERON:0000948,sc_bulk,http://purl.obolibrary.org/obo/CL_0000115,endothelial cell,1408.60698,0.005159773285428924
https://doi.org/10.1161/CIRCRESAHA.120.318458#Donor19_TissueBlock1,http://purl.org/ccf/1.5/597935ff-e86d-4a23-a3d6-bd88ede49a3f,heart,UBERON:0000948,sc_bulk,http://purl.obolibrary.org/obo/CL_0002543,vein endothelial cell,1138.263819,0.004169497474055186
https://doi.org/10.1161/CIRCRESAHA.120.318458#Donor19_TissueBlock1,http://purl.org/ccf/1.5/597935ff-e86d-4a23-a3d6-bd88ede49a3f,heart,UBERON:0000948,sc_bulk,https://purl.org/ccf/ASCTB-TEMP_mesothelial,Mesothelial,1128.00072,0.004131903407862278
https://doi.org/10.1161/CIRCRESAHA.120.318458#Donor19_TissueBlock1,http://purl.org/ccf/1.5/597935ff-e86d-4a23-a3d6-bd88ede49a3f,heart,UBERON:0000948,sc_bulk,https://purl.org/ccf/ASCTB-TEMP_arterial-endothelial,Arterial Endothelial,1077.369117,0.00394643819558721
https://doi.org/10.1161/CIRCRESAHA.120.318458#Donor19_TissueBlock1,http://purl.org/ccf/1.5/597935ff-e86d-4a23-a3d6-bd88ede49a3f,heart,UBERON:0000948,sc_bulk,https://purl.org/ccf/ASCTB-TEMP_venous-endothelial,Venous Endothelial,1006.736214,0.00368770756941092
https://doi.org/10.1161/CIRCRESAHA.120.318458#Donor19_TissueBlock1,http://purl.org/ccf/1.5/597935ff-e86d-4a23-a3d6-bd88ede49a3f,heart,UBERON:0000948,sc_bulk,https://purl.org/ccf/ASCTB-TEMP_smooth-muscle,Smooth Muscle,978.2505150000002,0.003583363525398751
https://doi.org/10.1161/CIRCRESAHA.120.318458#Donor19_TissueBlock1,http://purl.org/ccf/1.5/597935ff-e86d-4a23-a3d6-bd88ede49a3f,heart,UBERON:0000948,sc_bulk,https://purl.org/ccf/ASCTB-TEMP_endocardial,Endocardial,730.7084729999999,0.002676608956191571
https://doi.org/10.1161/CIRCRESAHA.120.318458#Donor19_TissueBlock1,http://purl.org/ccf/1.5/597935ff-e86d-4a23-a3d6-bd88ede49a3f,heart,UBERON:0000948,sc_bulk,https://purl.org/ccf/ASCTB-TEMP_nk,NK,729.0208859999999,0.002670427269998708
https://doi.org/10.1161/CIRCRESAHA.120.318458#Donor19_TissueBlock1,http://purl.org/ccf/1.5/597935ff-e86d-4a23-a3d6-bd88ede49a3f,heart,UBERON:0000948,sc_bulk,http://purl.obolibrary.org/obo/CL_0000623,natural killer cell,548.7351209999999,0.00201003463585876
https://doi.org/10.1161/CIRCRESAHA.120.318458#Donor19_TissueBlock1,http://purl.org/ccf/1.5/597935ff-e86d-4a23-a3d6-bd88ede49a3f,heart,UBERON:0000948,sc_bulk,http://purl.obolibrary.org/obo/CL_0000934,"CD4-positive, alpha-beta cytotoxic T cell",511.246296,0.00187271184782521
https://doi.org/10.1161/CIRCRESAHA.120.318458#Donor19_TissueBlock1,http://purl.org/ccf/1.5/597935ff-e86d-4a23-a3d6-bd88ede49a3f,heart,UBERON:0000948,sc_bulk,http://purl.obolibrary.org/obo/CL_0002319,neural cell,452.41779,0.001657221112658971
https://doi.org/10.1161/CIRCRESAHA.120.318458#Donor19_TissueBlock1,http://purl.org/ccf/1.5/597935ff-e86d-4a23-a3d6-bd88ede49a3f,heart,UBERON:0000948,sc_bulk,http://purl.obolibrary.org/obo/CL_0002397,"CD14-positive, CD16-positive monocyte",411.978864,0.001509092008495199
https://doi.org/10.1161/CIRCRESAHA.120.318458#Donor19_TissueBlock1,http://purl.org/ccf/1.5/597935ff-e86d-4a23-a3d6-bd88ede49a3f,heart,UBERON:0000948,sc_bulk,https://purl.org/ccf/ASCTB-TEMP_t,T,411.79083,0.001508403233823677
https://doi.org/10.1161/CIRCRESAHA.120.318458#Donor19_TissueBlock1,http://purl.org/ccf/1.5/597935ff-e86d-4a23-a3d6-bd88ede49a3f,heart,UBERON:0000948,sc_bulk,http://purl.obolibrary.org/obo/CL_1000309,epicardial adipocyte,353.327865,0.001294251487256322
https://doi.org/10.1161/CIRCRESAHA.120.318458#Donor19_TissueBlock1,http://purl.org/ccf/1.5/597935ff-e86d-4a23-a3d6-bd88ede49a3f,heart,UBERON:0000948,sc_bulk,http://purl.obolibrary.org/obo/CL_0000794,"CD8-positive, alpha-beta cytotoxic T cell",333.975246,0.001223362213003767
https://doi.org/10.1161/CIRCRESAHA.120.318458#Donor19_TissueBlock1,http://purl.org/ccf/1.5/597935ff-e86d-4a23-a3d6-bd88ede49a3f,heart,UBERON:0000948,sc_bulk,http://purl.obolibrary.org/obo/CL_0000906,"activated CD8-positive, alpha-beta T cell",332.545389,0.001218124600202371
https://doi.org/10.1161/CIRCRESAHA.120.318458#Donor19_TissueBlock1,http://purl.org/ccf/1.5/597935ff-e86d-4a23-a3d6-bd88ede49a3f,heart,UBERON:0000948,sc_bulk,https://purl.org/ccf/ASCTB-TEMP_adipocyte,Adipocyte,293.793324,0.001076174522869796
https://doi.org/10.1161/CIRCRESAHA.120.318458#Donor19_TissueBlock1,http://purl.org/ccf/1.5/597935ff-e86d-4a23-a3d6-bd88ede49a3f,heart,UBERON:0000948,sc_bulk,http://purl.obolibrary.org/obo/CL_0000097,mast cell,292.789629,0.001072497955366404
https://doi.org/10.1161/CIRCRESAHA.120.318458#Donor19_TissueBlock1,http://purl.org/ccf/1.5/597935ff-e86d-4a23-a3d6-bd88ede49a3f,heart,UBERON:0000948,sc_bulk,https://purl.org/ccf/ASCTB-TEMP_neuronal,Neuronal,236.491233,8.662750956065453E-4
https://doi.org/10.1161/CIRCRESAHA.120.318458#Donor19_TissueBlock1,http://purl.org/ccf/1.5/597935ff-e86d-4a23-a3d6-bd88ede49a3f,heart,UBERON:0000948,sc_bulk,https://purl.org/ccf/ASCTB-TEMP_lymphatic-endothelial,Lymphatic Endothelial,233.02785,8.535886107783865E-4
https://doi.org/10.1161/CIRCRESAHA.120.318458#Donor19_TissueBlock1,http://purl.org/ccf/1.5/597935ff-e86d-4a23-a3d6-bd88ede49a3f,heart,UBERON:0000948,sc_bulk,http://purl.obolibrary.org/obo/CL_0000814,mature NK T cell,230.154705,8.430641869847717E-4
https://doi.org/10.1161/CIRCRESAHA.120.318458#Donor19_TissueBlock1,http://purl.org/ccf/1.5/597935ff-e86d-4a23-a3d6-bd88ede49a3f,heart,UBERON:0000948,sc_bulk,http://purl.obolibrary.org/obo/CL_0001054,CD14-positive monocyte,223.166592,8.174665012676682E-4
https://doi.org/10.1161/CIRCRESAHA.120.318458#Donor19_TissueBlock1,http://purl.org/ccf/1.5/597935ff-e86d-4a23-a3d6-bd88ede49a3f,heart,UBERON:0000948,sc_bulk,https://purl.org/ccf/ASCTB-TEMP_mast,Mast,222.215895,8.139840671659022E-4
https://doi.org/10.1161/CIRCRESAHA.120.318458#Donor19_TissueBlock1,http://purl.org/ccf/1.5/597935ff-e86d-4a23-a3d6-bd88ede49a3f,heart,UBERON:0000948,sc_bulk,http://purl.obolibrary.org/obo/CL_0000576,monocyte,215.600946,7.897532933451771E-4
https://doi.org/10.1161/CIRCRESAHA.120.318458#Donor19_TissueBlock1,http://purl.org/ccf/1.5/597935ff-e86d-4a23-a3d6-bd88ede49a3f,heart,UBERON:0000948,sc_bulk,http://purl.obolibrary.org/obo/CL_0000896,"activated CD4-positive, alpha-beta T cell",168.76233,6.181819160946799E-4
https://doi.org/10.1161/CIRCRESAHA.120.318458#Donor19_TissueBlock1,http://purl.org/ccf/1.5/597935ff-e86d-4a23-a3d6-bd88ede49a3f,heart,UBERON:0000948,sc_bulk,http://purl.obolibrary.org/obo/CL_0002138,endothelial cell of lymphatic vessel,135.495195,4.963233161495356E-4
https://doi.org/10.1161/CIRCRESAHA.120.318458#Donor19_TissueBlock1,http://purl.org/ccf/1.5/597935ff-e86d-4a23-a3d6-bd88ede49a3f,heart,UBERON:0000948,sc_bulk,http://purl.obolibrary.org/obo/CL_0000236,B cell,116.728458,4.275801467615276E-4
https://doi.org/10.1161/CIRCRESAHA.120.318458#Donor19_TissueBlock1,http://purl.org/ccf/1.5/597935ff-e86d-4a23-a3d6-bd88ede49a3f,heart,UBERON:0000948,sc_bulk,http://purl.obolibrary.org/obo/CL_0000451,dendritic cell,111.609795,4.088303173346469E-4
https://doi.org/10.1161/CIRCRESAHA.120.318458#Donor19_TissueBlock1,http://purl.org/ccf/1.5/597935ff-e86d-4a23-a3d6-bd88ede49a3f,heart,UBERON:0000948,sc_bulk,https://purl.org/ccf/ASCTB-TEMP_atrial-cardiomyocyte,Atrial Cardiomyocyte,75.43140000000001,2.763076771084177E-4
https://doi.org/10.1161/CIRCRESAHA.120.318458#Donor19_TissueBlock1,http://purl.org/ccf/1.5/597935ff-e86d-4a23-a3d6-bd88ede49a3f,heart,UBERON:0000948,sc_bulk,https://purl.org/ccf/ASCTB-TEMP_endothelial,Endothelial,14.58534,5.342657587207035E-5
https://doi.org/10.1161/CIRCRESAHA.120.318458#Donor19_TissueBlock1,http://purl.org/ccf/1.5/597935ff-e86d-4a23-a3d6-bd88ede49a3f,heart,UBERON:0000948,sc_bulk,http://purl.obolibrary.org/obo/CL_0000077,mesothelial cell,12.38556,4.536871002376905E-5
https://doi.org/10.1161/CIRCRESAHA.120.318458#Donor1_TissueBlock1,http://purl.org/ccf/1.5/36d378f4-d4b5-456f-a32c-12a4c60d8159,heart,UBERON:0000948,sc_bulk,http://purl.obolibrary.org/obo/CL_0002131,regular ventricular cardiac myocyte,18206.7687,0.3242498245428998
https://doi.org/10.1161/CIRCRESAHA.120.318458#Donor1_TissueBlock1,http://purl.org/ccf/1.5/36d378f4-d4b5-456f-a32c-12a4c60d8159,heart,UBERON:0000948,sc_bulk,http://purl.obolibrary.org/obo/CL_0000669,pericyte,7787.955545000001,0.1386980447010432
https://doi.org/10.1161/CIRCRESAHA.120.318458#Donor1_TissueBlock1,http://purl.org/ccf/1.5/36d378f4-d4b5-456f-a32c-12a4c60d8159,heart,UBERON:0000948,sc_bulk,http://purl.obolibrary.org/obo/CL_0002144,capillary endothelial cell,7344.507925000002,0.1308005525458885
https://doi.org/10.1161/CIRCRESAHA.120.318458#Donor1_TissueBlock1,http://purl.org/ccf/1.5/36d378f4-d4b5-456f-a32c-12a4c60d8159,heart,UBERON:0000948,sc_bulk,http://purl.obolibrary.org/obo/CL_0000057,fibroblast,5231.570699999999,0.0931706174505735
https://doi.org/10.1161/CIRCRESAHA.120.318458#Donor1_TissueBlock1,http://purl.org/ccf/1.5/36d378f4-d4b5-456f-a32c-12a4c60d8159,heart,UBERON:0000948,sc_bulk,http://purl.obolibrary.org/obo/CL_0000003,native cell,4069.0326,0.07246662647004132
https://doi.org/10.1161/CIRCRESAHA.120.318458#Donor1_TissueBlock1,http://purl.org/ccf/1.5/36d378f4-d4b5-456f-a32c-12a4c60d8159,heart,UBERON:0000948,sc_bulk,http://purl.obolibrary.org/obo/CL_1000413,endothelial cell of artery,2339.919610000001,0.04167233271805067
https://doi.org/10.1161/CIRCRESAHA.120.318458#Donor1_TissueBlock1,http://purl.org/ccf/1.5/36d378f4-d4b5-456f-a32c-12a4c60d8159,heart,UBERON:0000948,sc_bulk,https://purl.org/ccf/ASCTB-TEMP_ventricular-cardiomycoyte,Ventricular Cardiomycoyte,2304.18717,0.04103596293759151
https://doi.org/10.1161/CIRCRESAHA.120.318458#Donor1_TissueBlock1,http://purl.org/ccf/1.5/36d378f4-d4b5-456f-a32c-12a4c60d8159,heart,UBERON:0000948,sc_bulk,http://purl.obolibrary.org/obo/CL_0000192,smooth muscle cell,1514.162145,0.02696616944695688
https://doi.org/10.1161/CIRCRESAHA.120.318458#Donor1_TissueBlock1,http://purl.org/ccf/1.5/36d378f4-d4b5-456f-a32c-12a4c60d8159,heart,UBERON:0000948,sc_bulk,http://purl.obolibrary.org/obo/CL_0000235,macrophage,1283.966905,0.02286655312236378
https://doi.org/10.1161/CIRCRESAHA.120.318458#Donor1_TissueBlock1,http://purl.org/ccf/1.5/36d378f4-d4b5-456f-a32c-12a4c60d8159,heart,UBERON:0000948,sc_bulk,http://purl.obolibrary.org/obo/CL_0000115,endothelial cell,849.0583750000002,0.01512113619153242
https://doi.org/10.1161/CIRCRESAHA.120.318458#Donor1_TissueBlock1,http://purl.org/ccf/1.5/36d378f4-d4b5-456f-a32c-12a4c60d8159,heart,UBERON:0000948,sc_bulk,https://purl.org/ccf/ASCTB-TEMP_fibroblast,Fibroblast,672.1483700000001,0.01197049265745306
https://doi.org/10.1161/CIRCRESAHA.120.318458#Donor1_TissueBlock1,http://purl.org/ccf/1.5/36d378f4-d4b5-456f-a32c-12a4c60d8159,heart,UBERON:0000948,sc_bulk,http://purl.obolibrary.org/obo/CL_0000623,natural killer cell,667.3634149999999,0.01188527595344804
https://doi.org/10.1161/CIRCRESAHA.120.318458#Donor1_TissueBlock1,http://purl.org/ccf/1.5/36d378f4-d4b5-456f-a32c-12a4c60d8159,heart,UBERON:0000948,sc_bulk,http://purl.obolibrary.org/obo/CL_0002397,"CD14-positive, CD16-positive monocyte",582.7824450000002,0.01037894799739683
https://doi.org/10.1161/CIRCRESAHA.120.318458#Donor1_TissueBlock1,http://purl.org/ccf/1.5/36d378f4-d4b5-456f-a32c-12a4c60d8159,heart,UBERON:0000948,sc_bulk,http://purl.obolibrary.org/obo/CL_0002543,vein endothelial cell,526.286345,0.009372791945534743
https://doi.org/10.1161/CIRCRESAHA.120.318458#Donor1_TissueBlock1,http://purl.org/ccf/1.5/36d378f4-d4b5-456f-a32c-12a4c60d8159,heart,UBERON:0000948,sc_bulk,http://purl.obolibrary.org/obo/CL_0001054,CD14-positive monocyte,320.277565,0.005703919567906479
https://doi.org/10.1161/CIRCRESAHA.120.318458#Donor1_TissueBlock1,http://purl.org/ccf/1.5/36d378f4-d4b5-456f-a32c-12a4c60d8159,heart,UBERON:0000948,sc_bulk,http://purl.obolibrary.org/obo/CL_0002319,neural cell,287.23262,0.005115412194916138
https://doi.org/10.1161/CIRCRESAHA.120.318458#Donor1_TissueBlock1,http://purl.org/ccf/1.5/36d378f4-d4b5-456f-a32c-12a4c60d8159,heart,UBERON:0000948,sc_bulk,http://purl.obolibrary.org/obo/CL_0000934,"CD4-positive, alpha-beta cytotoxic T cell",254.81751,0.00453812174303937
https://doi.org/10.1161/CIRCRESAHA.120.318458#Donor1_TissueBlock1,http://purl.org/ccf/1.5/36d378f4-d4b5-456f-a32c-12a4c60d8159,heart,UBERON:0000948,sc_bulk,http://purl.obolibrary.org/obo/CL_0000576,monocyte,198.6736400000001,0.003538238661278718
https://doi.org/10.1161/CIRCRESAHA.120.318458#Donor1_TissueBlock1,http://purl.org/ccf/1.5/36d378f4-d4b5-456f-a32c-12a4c60d8159,heart,UBERON:0000948,sc_bulk,http://purl.obolibrary.org/obo/CL_0000794,"CD8-positive, alpha-beta cytotoxic T cell",192.19619,0.003422879804328697
https://doi.org/10.1161/CIRCRESAHA.120.318458#Donor1_TissueBlock1,http://purl.org/ccf/1.5/36d378f4-d4b5-456f-a32c-12a4c60d8159,heart,UBERON:0000948,sc_bulk,http://purl.obolibrary.org/obo/CL_0000906,"activated CD8-positive, alpha-beta T cell",177.369695,0.003158830291669365
https://doi.org/10.1161/CIRCRESAHA.120.318458#Donor1_TissueBlock1,http://purl.org/ccf/1.5/36d378f4-d4b5-456f-a32c-12a4c60d8159,heart,UBERON:0000948,sc_bulk,http://purl.obolibrary.org/obo/CL_0000814,mature NK T cell,170.03356,0.003028178855065294
https://doi.org/10.1161/CIRCRESAHA.120.318458#Donor1_TissueBlock1,http://purl.org/ccf/1.5/36d378f4-d4b5-456f-a32c-12a4c60d8159,heart,UBERON:0000948,sc_bulk,http://purl.obolibrary.org/obo/CL_0000097,mast cell,154.89364,0.002758547462230962
https://doi.org/10.1161/CIRCRESAHA.120.318458#Donor1_TissueBlock1,http://purl.org/ccf/1.5/36d378f4-d4b5-456f-a32c-12a4c60d8159,heart,UBERON:0000948,sc_bulk,http://purl.obolibrary.org/obo/CL_0000896,"activated CD4-positive, alpha-beta T cell",132.88822,0.002366646313182321
https://doi.org/10.1161/CIRCRESAHA.120.318458#Donor1_TissueBlock1,http://purl.org/ccf/1.5/36d378f4-d4b5-456f-a32c-12a4c60d8159,heart,UBERON:0000948,sc_bulk,http://purl.obolibrary.org/obo/CL_0000236,B cell,119.387065,0.002126200179548707
https://doi.org/10.1161/CIRCRESAHA.120.318458#Donor1_TissueBlock1,http://purl.org/ccf/1.5/36d378f4-d4b5-456f-a32c-12a4c60d8159,heart,UBERON:0000948,sc_bulk,https://purl.org/ccf/ASCTB-TEMP_b,B,116.28565,0.002070966146197983
https://doi.org/10.1161/CIRCRESAHA.120.318458#Donor1_TissueBlock1,http://purl.org/ccf/1.5/36d378f4-d4b5-456f-a32c-12a4c60d8159,heart,UBERON:0000948,sc_bulk,http://purl.obolibrary.org/obo/CL_1000309,epicardial adipocyte,105.10583,0.001871861366368425
https://doi.org/10.1161/CIRCRESAHA.120.318458#Donor1_TissueBlock1,http://purl.org/ccf/1.5/36d378f4-d4b5-456f-a32c-12a4c60d8159,heart,UBERON:0000948,sc_bulk,http://purl.obolibrary.org/obo/CL_0002138,endothelial cell of lymphatic vessel,95.31801500000002,0.00169754722261768
https://doi.org/10.1161/CIRCRESAHA.120.318458#Donor1_TissueBlock1,http://purl.org/ccf/1.5/36d378f4-d4b5-456f-a32c-12a4c60d8159,heart,UBERON:0000948,sc_bulk,https://purl.org/ccf/ASCTB-TEMP_monocyte-cdc,Monocyte/cDC,92.73997,0.001651634043146481
https://doi.org/10.1161/CIRCRESAHA.120.318458#Donor1_TissueBlock1,http://purl.org/ccf/1.5/36d378f4-d4b5-456f-a32c-12a4c60d8159,heart,UBERON:0000948,sc_bulk,https://purl.org/ccf/ASCTB-TEMP_macrophage,Macrophage,60.36466000000001,0.001075052401450665
https://doi.org/10.1161/CIRCRESAHA.120.318458#Donor1_TissueBlock1,http://purl.org/ccf/1.5/36d378f4-d4b5-456f-a32c-12a4c60d8159,heart,UBERON:0000948,sc_bulk,https://purl.org/ccf/ASCTB-TEMP_pericyte,Pericyte,55.9787,9.969415195096993E-4
https://doi.org/10.1161/CIRCRESAHA.120.318458#Donor1_TissueBlock1,http://purl.org/ccf/1.5/36d378f4-d4b5-456f-a32c-12a4c60d8159,heart,UBERON:0000948,sc_bulk,http://purl.obolibrary.org/obo/CL_0000451,dendritic cell,54.544905,9.71406632740885E-4
https://doi.org/10.1161/CIRCRESAHA.120.318458#Donor1_TissueBlock1,http://purl.org/ccf/1.5/36d378f4-d4b5-456f-a32c-12a4c60d8159,heart,UBERON:0000948,sc_bulk,https://purl.org/ccf/ASCTB-TEMP_capillary-endothelial,Capillary Endothelial,53.55488,9.537749794896916E-4
https://doi.org/10.1161/CIRCRESAHA.120.318458#Donor1_TissueBlock1,http://purl.org/ccf/1.5/36d378f4-d4b5-456f-a32c-12a4c60d8159,heart,UBERON:0000948,sc_bulk,https://purl.org/ccf/ASCTB-TEMP_venous-endothelial,Venous Endothelial,27.58538,4.912763364181816E-4
https://doi.org/10.1161/CIRCRESAHA.120.318458#Donor1_TissueBlock1,http://purl.org/ccf/1.5/36d378f4-d4b5-456f-a32c-12a4c60d8159,heart,UBERON:0000948,sc_bulk,https://purl.org/ccf/ASCTB-TEMP_nk,NK,18.40949,3.278601491995815E-4
https://doi.org/10.1161/CIRCRESAHA.120.318458#Donor1_TissueBlock1,http://purl.org/ccf/1.5/36d378f4-d4b5-456f-a32c-12a4c60d8159,heart,UBERON:0000948,sc_bulk,https://purl.org/ccf/ASCTB-TEMP_arterial-endothelial,Arterial Endothelial,18.06323,3.216935006252946E-4
https://doi.org/10.1161/CIRCRESAHA.120.318458#Donor1_TissueBlock1,http://purl.org/ccf/1.5/36d378f4-d4b5-456f-a32c-12a4c60d8159,heart,UBERON:0000948,sc_bulk,https://purl.org/ccf/ASCTB-TEMP_mesothelial,Mesothelial,15.87025,2.826380596548116E-4
https://doi.org/10.1161/CIRCRESAHA.120.318458#Donor1_TissueBlock1,http://purl.org/ccf/1.5/36d378f4-d4b5-456f-a32c-12a4c60d8159,heart,UBERON:0000948,sc_bulk,https://purl.org/ccf/ASCTB-TEMP_t,T,11.71513,2.0863827676337E-4
https://doi.org/10.1161/CIRCRESAHA.120.318458#Donor1_TissueBlock1,http://purl.org/ccf/1.5/36d378f4-d4b5-456f-a32c-12a4c60d8159,heart,UBERON:0000948,sc_bulk,https://purl.org/ccf/ASCTB-TEMP_smooth-muscle,Smooth Muscle,10.90719,1.942494300900342E-4
https://doi.org/10.1161/CIRCRESAHA.120.318458#Donor1_TissueBlock1,http://purl.org/ccf/1.5/36d378f4-d4b5-456f-a32c-12a4c60d8159,heart,UBERON:0000948,sc_bulk,https://purl.org/ccf/ASCTB-TEMP_lymphatic-endothelial,Lymphatic Endothelial,6.694360000000001,1.192218724362115E-4
https://doi.org/10.1161/CIRCRESAHA.120.318458#Donor1_TissueBlock1,http://purl.org/ccf/1.5/36d378f4-d4b5-456f-a32c-12a4c60d8159,heart,UBERON:0000948,sc_bulk,https://purl.org/ccf/ASCTB-TEMP_mast,Mast,6.23268,1.109996743371624E-4
https://doi.org/10.1161/CIRCRESAHA.120.318458#Donor1_TissueBlock1,http://purl.org/ccf/1.5/36d378f4-d4b5-456f-a32c-12a4c60d8159,heart,UBERON:0000948,sc_bulk,https://purl.org/ccf/ASCTB-TEMP_endocardial,Endocardial,5.42474,9.661082766382651E-5
https://doi.org/10.1161/CIRCRESAHA.120.318458#Donor1_TissueBlock1,http://purl.org/ccf/1.5/36d378f4-d4b5-456f-a32c-12a4c60d8159,heart,UBERON:0000948,sc_bulk,https://purl.org/ccf/ASCTB-TEMP_neuronal,Neuronal,2.59695,4.624986430715099E-5
https://doi.org/10.1161/CIRCRESAHA.120.318458#Donor1_TissueBlock1,http://purl.org/ccf/1.5/36d378f4-d4b5-456f-a32c-12a4c60d8159,heart,UBERON:0000948,sc_bulk,https://purl.org/ccf/ASCTB-TEMP_atrial-cardiomyocyte,Atrial Cardiomyocyte,1.96214,3.494434192095853E-5
https://doi.org/10.1161/CIRCRESAHA.120.318458#Donor1_TissueBlock1,http://purl.org/ccf/1.5/36d378f4-d4b5-456f-a32c-12a4c60d8159,heart,UBERON:0000948,sc_bulk,https://purl.org/ccf/ASCTB-TEMP_adipocyte,Adipocyte,1.90443,3.391656715857739E-5
https://doi.org/10.1161/CIRCRESAHA.120.318458#Donor1_TissueBlock1,http://purl.org/ccf/1.5/36d378f4-d4b5-456f-a32c-12a4c60d8159,heart,UBERON:0000948,sc_bulk,http://purl.obolibrary.org/obo/CL_0000077,mesothelial cell,1.638765,2.918525920071942E-5
https://doi.org/10.1161/CIRCRESAHA.120.318458#Donor1_TissueBlock1,http://purl.org/ccf/1.5/36d378f4-d4b5-456f-a32c-12a4c60d8159,heart,UBERON:0000948,sc_bulk,https://purl.org/ccf/ASCTB-TEMP_endothelial,Endothelial,0.05771,1.027774762381133E-6
https://doi.org/10.1161/CIRCRESAHA.120.318458#Donor20_TissueBlock1,http://purl.org/ccf/1.5/a4137bf0-6e8f-4dfd-b341-e3ac3ee51772,heart,UBERON:0000948,sc_bulk,https://purl.org/ccf/ASCTB-TEMP_fibroblast,Fibroblast,112699.22625,0.3330088912100684
https://doi.org/10.1161/CIRCRESAHA.120.318458#Donor20_TissueBlock1,http://purl.org/ccf/1.5/a4137bf0-6e8f-4dfd-b341-e3ac3ee51772,heart,UBERON:0000948,sc_bulk,https://purl.org/ccf/ASCTB-TEMP_ventricular-cardiomycoyte,Ventricular Cardiomycoyte,88796.61270000001,0.2623803421049388
https://doi.org/10.1161/CIRCRESAHA.120.318458#Donor20_TissueBlock1,http://purl.org/ccf/1.5/a4137bf0-6e8f-4dfd-b341-e3ac3ee51772,heart,UBERON:0000948,sc_bulk,http://purl.obolibrary.org/obo/CL_0002131,regular ventricular cardiac myocyte,32134.302,0.09495192322874965
https://doi.org/10.1161/CIRCRESAHA.120.318458#Donor20_TissueBlock1,http://purl.org/ccf/1.5/a4137bf0-6e8f-4dfd-b341-e3ac3ee51772,heart,UBERON:0000948,sc_bulk,http://purl.obolibrary.org/obo/CL_0000669,pericyte,17078.67675,0.05046486472974057
https://doi.org/10.1161/CIRCRESAHA.120.318458#Donor20_TissueBlock1,http://purl.org/ccf/1.5/a4137bf0-6e8f-4dfd-b341-e3ac3ee51772,heart,UBERON:0000948,sc_bulk,http://purl.obolibrary.org/obo/CL_0002144,capillary endothelial cell,13720.97565,0.04054337407242713
https://doi.org/10.1161/CIRCRESAHA.120.318458#Donor20_TissueBlock1,http://purl.org/ccf/1.5/a4137bf0-6e8f-4dfd-b341-e3ac3ee51772,heart,UBERON:0000948,sc_bulk,https://purl.org/ccf/ASCTB-TEMP_b,B,13461.34635,0.03977620939707385
https://doi.org/10.1161/CIRCRESAHA.120.318458#Donor20_TissueBlock1,http://purl.org/ccf/1.5/a4137bf0-6e8f-4dfd-b341-e3ac3ee51772,heart,UBERON:0000948,sc_bulk,http://purl.obolibrary.org/obo/CL_0000057,fibroblast,9956.47095,0.02941984130458711
https://doi.org/10.1161/CIRCRESAHA.120.318458#Donor20_TissueBlock1,http://purl.org/ccf/1.5/a4137bf0-6e8f-4dfd-b341-e3ac3ee51772,heart,UBERON:0000948,sc_bulk,http://purl.obolibrary.org/obo/CL_0000003,native cell,7192.13535,0.02125165449692906
https://doi.org/10.1161/CIRCRESAHA.120.318458#Donor20_TissueBlock1,http://purl.org/ccf/1.5/a4137bf0-6e8f-4dfd-b341-e3ac3ee51772,heart,UBERON:0000948,sc_bulk,http://purl.obolibrary.org/obo/CL_1000413,endothelial cell of artery,4865.51655,0.01437685355430502
https://doi.org/10.1161/CIRCRESAHA.120.318458#Donor20_TissueBlock1,http://purl.org/ccf/1.5/a4137bf0-6e8f-4dfd-b341-e3ac3ee51772,heart,UBERON:0000948,sc_bulk,https://purl.org/ccf/ASCTB-TEMP_pericyte,Pericyte,4152.59415,0.01227027744156244
https://doi.org/10.1161/CIRCRESAHA.120.318458#Donor20_TissueBlock1,http://purl.org/ccf/1.5/a4137bf0-6e8f-4dfd-b341-e3ac3ee51772,heart,UBERON:0000948,sc_bulk,https://purl.org/ccf/ASCTB-TEMP_monocyte-cdc,Monocyte/cDC,3833.30205,0.01132681836263967
https://doi.org/10.1161/CIRCRESAHA.120.318458#Donor20_TissueBlock1,http://purl.org/ccf/1.5/a4137bf0-6e8f-4dfd-b341-e3ac3ee51772,heart,UBERON:0000948,sc_bulk,https://purl.org/ccf/ASCTB-TEMP_capillary-endothelial,Capillary Endothelial,3797.9379,0.01122232273501253
https://doi.org/10.1161/CIRCRESAHA.120.318458#Donor20_TissueBlock1,http://purl.org/ccf/1.5/a4137bf0-6e8f-4dfd-b341-e3ac3ee51772,heart,UBERON:0000948,sc_bulk,https://purl.org/ccf/ASCTB-TEMP_macrophage,Macrophage,3387.894299999999,0.01001070692248795
https://doi.org/10.1161/CIRCRESAHA.120.318458#Donor20_TissueBlock1,http://purl.org/ccf/1.5/a4137bf0-6e8f-4dfd-b341-e3ac3ee51772,heart,UBERON:0000948,sc_bulk,http://purl.obolibrary.org/obo/CL_0000192,smooth muscle cell,3153.884850000001,0.009319244966002895
https://doi.org/10.1161/CIRCRESAHA.120.318458#Donor20_TissueBlock1,http://purl.org/ccf/1.5/a4137bf0-6e8f-4dfd-b341-e3ac3ee51772,heart,UBERON:0000948,sc_bulk,http://purl.obolibrary.org/obo/CL_0000235,macrophage,2673.212399999999,0.007898931757688141
https://doi.org/10.1161/CIRCRESAHA.120.318458#Donor20_TissueBlock1,http://purl.org/ccf/1.5/a4137bf0-6e8f-4dfd-b341-e3ac3ee51772,heart,UBERON:0000948,sc_bulk,http://purl.obolibrary.org/obo/CL_0000115,endothelial cell,1746.207,0.005159773285428924
https://doi.org/10.1161/CIRCRESAHA.120.318458#Donor20_TissueBlock1,http://purl.org/ccf/1.5/a4137bf0-6e8f-4dfd-b341-e3ac3ee51772,heart,UBERON:0000948,sc_bulk,http://purl.obolibrary.org/obo/CL_0002543,vein endothelial cell,1411.07085,0.004169497474055186
https://doi.org/10.1161/CIRCRESAHA.120.318458#Donor20_TissueBlock1,http://purl.org/ccf/1.5/a4137bf0-6e8f-4dfd-b341-e3ac3ee51772,heart,UBERON:0000948,sc_bulk,https://purl.org/ccf/ASCTB-TEMP_mesothelial,Mesothelial,1398.348,0.004131903407862278
https://doi.org/10.1161/CIRCRESAHA.120.318458#Donor20_TissueBlock1,http://purl.org/ccf/1.5/a4137bf0-6e8f-4dfd-b341-e3ac3ee51772,heart,UBERON:0000948,sc_bulk,https://purl.org/ccf/ASCTB-TEMP_arterial-endothelial,Arterial Endothelial,1335.58155,0.00394643819558721
https://doi.org/10.1161/CIRCRESAHA.120.318458#Donor20_TissueBlock1,http://purl.org/ccf/1.5/a4137bf0-6e8f-4dfd-b341-e3ac3ee51772,heart,UBERON:0000948,sc_bulk,https://purl.org/ccf/ASCTB-TEMP_venous-endothelial,Venous Endothelial,1248.0201,0.00368770756941092
https://doi.org/10.1161/CIRCRESAHA.120.318458#Donor20_TissueBlock1,http://purl.org/ccf/1.5/a4137bf0-6e8f-4dfd-b341-e3ac3ee51772,heart,UBERON:0000948,sc_bulk,https://purl.org/ccf/ASCTB-TEMP_smooth-muscle,Smooth Muscle,1212.70725,0.003583363525398751
https://doi.org/10.1161/CIRCRESAHA.120.318458#Donor20_TissueBlock1,http://purl.org/ccf/1.5/a4137bf0-6e8f-4dfd-b341-e3ac3ee51772,heart,UBERON:0000948,sc_bulk,https://purl.org/ccf/ASCTB-TEMP_endocardial,Endocardial,905.8369499999999,0.002676608956191571
https://doi.org/10.1161/CIRCRESAHA.120.318458#Donor20_TissueBlock1,http://purl.org/ccf/1.5/a4137bf0-6e8f-4dfd-b341-e3ac3ee51772,heart,UBERON:0000948,sc_bulk,https://purl.org/ccf/ASCTB-TEMP_nk,NK,903.7448999999999,0.002670427269998708
https://doi.org/10.1161/CIRCRESAHA.120.318458#Donor20_TissueBlock1,http://purl.org/ccf/1.5/a4137bf0-6e8f-4dfd-b341-e3ac3ee51772,heart,UBERON:0000948,sc_bulk,http://purl.obolibrary.org/obo/CL_0000623,natural killer cell,680.25015,0.00201003463585876
https://doi.org/10.1161/CIRCRESAHA.120.318458#Donor20_TissueBlock1,http://purl.org/ccf/1.5/a4137bf0-6e8f-4dfd-b341-e3ac3ee51772,heart,UBERON:0000948,sc_bulk,http://purl.obolibrary.org/obo/CL_0000934,"CD4-positive, alpha-beta cytotoxic T cell",633.7764000000001,0.00187271184782521
https://doi.org/10.1161/CIRCRESAHA.120.318458#Donor20_TissueBlock1,http://purl.org/ccf/1.5/a4137bf0-6e8f-4dfd-b341-e3ac3ee51772,heart,UBERON:0000948,sc_bulk,http://purl.obolibrary.org/obo/CL_0002319,neural cell,560.8485,0.001657221112658971
https://doi.org/10.1161/CIRCRESAHA.120.318458#Donor20_TissueBlock1,http://purl.org/ccf/1.5/a4137bf0-6e8f-4dfd-b341-e3ac3ee51772,heart,UBERON:0000948,sc_bulk,http://purl.obolibrary.org/obo/CL_0002397,"CD14-positive, CD16-positive monocyte",510.7176000000001,0.001509092008495199
https://doi.org/10.1161/CIRCRESAHA.120.318458#Donor20_TissueBlock1,http://purl.org/ccf/1.5/a4137bf0-6e8f-4dfd-b341-e3ac3ee51772,heart,UBERON:0000948,sc_bulk,https://purl.org/ccf/ASCTB-TEMP_t,T,510.4845,0.001508403233823677
https://doi.org/10.1161/CIRCRESAHA.120.318458#Donor20_TissueBlock1,http://purl.org/ccf/1.5/a4137bf0-6e8f-4dfd-b341-e3ac3ee51772,heart,UBERON:0000948,sc_bulk,http://purl.obolibrary.org/obo/CL_1000309,epicardial adipocyte,438.00975,0.001294251487256323
https://doi.org/10.1161/CIRCRESAHA.120.318458#Donor20_TissueBlock1,http://purl.org/ccf/1.5/a4137bf0-6e8f-4dfd-b341-e3ac3ee51772,heart,UBERON:0000948,sc_bulk,http://purl.obolibrary.org/obo/CL_0000794,"CD8-positive, alpha-beta cytotoxic T cell",414.0189,0.001223362213003767
https://doi.org/10.1161/CIRCRESAHA.120.318458#Donor20_TissueBlock1,http://purl.org/ccf/1.5/a4137bf0-6e8f-4dfd-b341-e3ac3ee51772,heart,UBERON:0000948,sc_bulk,http://purl.obolibrary.org/obo/CL_0000906,"activated CD8-positive, alpha-beta T cell",412.24635,0.001218124600202371
https://doi.org/10.1161/CIRCRESAHA.120.318458#Donor20_TissueBlock1,http://purl.org/ccf/1.5/a4137bf0-6e8f-4dfd-b341-e3ac3ee51772,heart,UBERON:0000948,sc_bulk,https://purl.org/ccf/ASCTB-TEMP_adipocyte,Adipocyte,364.2066,0.001076174522869796
https://doi.org/10.1161/CIRCRESAHA.120.318458#Donor20_TissueBlock1,http://purl.org/ccf/1.5/a4137bf0-6e8f-4dfd-b341-e3ac3ee51772,heart,UBERON:0000948,sc_bulk,http://purl.obolibrary.org/obo/CL_0000097,mast cell,362.9623500000001,0.001072497955366405
https://doi.org/10.1161/CIRCRESAHA.120.318458#Donor20_TissueBlock1,http://purl.org/ccf/1.5/a4137bf0-6e8f-4dfd-b341-e3ac3ee51772,heart,UBERON:0000948,sc_bulk,https://purl.org/ccf/ASCTB-TEMP_neuronal,Neuronal,293.17095,8.662750956065454E-4
https://doi.org/10.1161/CIRCRESAHA.120.318458#Donor20_TissueBlock1,http://purl.org/ccf/1.5/a4137bf0-6e8f-4dfd-b341-e3ac3ee51772,heart,UBERON:0000948,sc_bulk,https://purl.org/ccf/ASCTB-TEMP_lymphatic-endothelial,Lymphatic Endothelial,288.8775000000001,8.535886107783867E-4
https://doi.org/10.1161/CIRCRESAHA.120.318458#Donor20_TissueBlock1,http://purl.org/ccf/1.5/a4137bf0-6e8f-4dfd-b341-e3ac3ee51772,heart,UBERON:0000948,sc_bulk,http://purl.obolibrary.org/obo/CL_0000814,mature NK T cell,285.31575,8.430641869847718E-4
https://doi.org/10.1161/CIRCRESAHA.120.318458#Donor20_TissueBlock1,http://purl.org/ccf/1.5/a4137bf0-6e8f-4dfd-b341-e3ac3ee51772,heart,UBERON:0000948,sc_bulk,http://purl.obolibrary.org/obo/CL_0001054,CD14-positive monocyte,276.6528000000001,8.174665012676684E-4
https://doi.org/10.1161/CIRCRESAHA.120.318458#Donor20_TissueBlock1,http://purl.org/ccf/1.5/a4137bf0-6e8f-4dfd-b341-e3ac3ee51772,heart,UBERON:0000948,sc_bulk,https://purl.org/ccf/ASCTB-TEMP_mast,Mast,275.47425,8.139840671659022E-4
https://doi.org/10.1161/CIRCRESAHA.120.318458#Donor20_TissueBlock1,http://purl.org/ccf/1.5/a4137bf0-6e8f-4dfd-b341-e3ac3ee51772,heart,UBERON:0000948,sc_bulk,http://purl.obolibrary.org/obo/CL_0000576,monocyte,267.2739,7.897532933451772E-4
https://doi.org/10.1161/CIRCRESAHA.120.318458#Donor20_TissueBlock1,http://purl.org/ccf/1.5/a4137bf0-6e8f-4dfd-b341-e3ac3ee51772,heart,UBERON:0000948,sc_bulk,http://purl.obolibrary.org/obo/CL_0000896,"activated CD4-positive, alpha-beta T cell",209.2095000000001,6.1818191609468E-4
https://doi.org/10.1161/CIRCRESAHA.120.318458#Donor20_TissueBlock1,http://purl.org/ccf/1.5/a4137bf0-6e8f-4dfd-b341-e3ac3ee51772,heart,UBERON:0000948,sc_bulk,http://purl.obolibrary.org/obo/CL_0002138,endothelial cell of lymphatic vessel,167.96925,4.963233161495357E-4
https://doi.org/10.1161/CIRCRESAHA.120.318458#Donor20_TissueBlock1,http://purl.org/ccf/1.5/a4137bf0-6e8f-4dfd-b341-e3ac3ee51772,heart,UBERON:0000948,sc_bulk,http://purl.obolibrary.org/obo/CL_0000236,B cell,144.7047,4.275801467615277E-4
https://doi.org/10.1161/CIRCRESAHA.120.318458#Donor20_TissueBlock1,http://purl.org/ccf/1.5/a4137bf0-6e8f-4dfd-b341-e3ac3ee51772,heart,UBERON:0000948,sc_bulk,http://purl.obolibrary.org/obo/CL_0000451,dendritic cell,138.35925,4.08830317334647E-4
https://doi.org/10.1161/CIRCRESAHA.120.318458#Donor20_TissueBlock1,http://purl.org/ccf/1.5/a4137bf0-6e8f-4dfd-b341-e3ac3ee51772,heart,UBERON:0000948,sc_bulk,https://purl.org/ccf/ASCTB-TEMP_atrial-cardiomyocyte,Atrial Cardiomyocyte,93.51000000000002,2.763076771084177E-4
https://doi.org/10.1161/CIRCRESAHA.120.318458#Donor20_TissueBlock1,http://purl.org/ccf/1.5/a4137bf0-6e8f-4dfd-b341-e3ac3ee51772,heart,UBERON:0000948,sc_bulk,https://purl.org/ccf/ASCTB-TEMP_endothelial,Endothelial,18.081,5.342657587207036E-5
https://doi.org/10.1161/CIRCRESAHA.120.318458#Donor20_TissueBlock1,http://purl.org/ccf/1.5/a4137bf0-6e8f-4dfd-b341-e3ac3ee51772,heart,UBERON:0000948,sc_bulk,http://purl.obolibrary.org/obo/CL_0000077,mesothelial cell,15.354,4.536871002376906E-5
https://doi.org/10.1161/CIRCRESAHA.120.318458#Donor21_TissueBlock1,http://purl.org/ccf/1.5/9815616b-4e3f-4c2a-bf64-14dc26f484a4,heart,UBERON:0000948,sc_bulk,http://purl.obolibrary.org/obo/CL_0002131,regular ventricular cardiac myocyte,18298.26,0.3242498245428999
https://doi.org/10.1161/CIRCRESAHA.120.318458#Donor21_TissueBlock1,http://purl.org/ccf/1.5/9815616b-4e3f-4c2a-bf64-14dc26f484a4,heart,UBERON:0000948,sc_bulk,http://purl.obolibrary.org/obo/CL_0000669,pericyte,7827.091,0.1386980447010432
https://doi.org/10.1161/CIRCRESAHA.120.318458#Donor21_TissueBlock1,http://purl.org/ccf/1.5/9815616b-4e3f-4c2a-bf64-14dc26f484a4,heart,UBERON:0000948,sc_bulk,http://purl.obolibrary.org/obo/CL_0002144,capillary endothelial cell,7381.415000000002,0.1308005525458885
https://doi.org/10.1161/CIRCRESAHA.120.318458#Donor21_TissueBlock1,http://purl.org/ccf/1.5/9815616b-4e3f-4c2a-bf64-14dc26f484a4,heart,UBERON:0000948,sc_bulk,http://purl.obolibrary.org/obo/CL_0000057,fibroblast,5257.86,0.09317061745057352
https://doi.org/10.1161/CIRCRESAHA.120.318458#Donor21_TissueBlock1,http://purl.org/ccf/1.5/9815616b-4e3f-4c2a-bf64-14dc26f484a4,heart,UBERON:0000948,sc_bulk,http://purl.obolibrary.org/obo/CL_0000003,native cell,4089.48,0.07246662647004133
https://doi.org/10.1161/CIRCRESAHA.120.318458#Donor21_TissueBlock1,http://purl.org/ccf/1.5/9815616b-4e3f-4c2a-bf64-14dc26f484a4,heart,UBERON:0000948,sc_bulk,http://purl.obolibrary.org/obo/CL_1000413,endothelial cell of artery,2351.678000000001,0.04167233271805067
https://doi.org/10.1161/CIRCRESAHA.120.318458#Donor21_TissueBlock1,http://purl.org/ccf/1.5/9815616b-4e3f-4c2a-bf64-14dc26f484a4,heart,UBERON:0000948,sc_bulk,https://purl.org/ccf/ASCTB-TEMP_ventricular-cardiomycoyte,Ventricular Cardiomycoyte,2315.766,0.04103596293759151
https://doi.org/10.1161/CIRCRESAHA.120.318458#Donor21_TissueBlock1,http://purl.org/ccf/1.5/9815616b-4e3f-4c2a-bf64-14dc26f484a4,heart,UBERON:0000948,sc_bulk,http://purl.obolibrary.org/obo/CL_0000192,smooth muscle cell,1521.771,0.02696616944695689
https://doi.org/10.1161/CIRCRESAHA.120.318458#Donor21_TissueBlock1,http://purl.org/ccf/1.5/9815616b-4e3f-4c2a-bf64-14dc26f484a4,heart,UBERON:0000948,sc_bulk,http://purl.obolibrary.org/obo/CL_0000235,macrophage,1290.419,0.02286655312236378
https://doi.org/10.1161/CIRCRESAHA.120.318458#Donor21_TissueBlock1,http://purl.org/ccf/1.5/9815616b-4e3f-4c2a-bf64-14dc26f484a4,heart,UBERON:0000948,sc_bulk,http://purl.obolibrary.org/obo/CL_0000115,endothelial cell,853.3250000000002,0.01512113619153242
https://doi.org/10.1161/CIRCRESAHA.120.318458#Donor21_TissueBlock1,http://purl.org/ccf/1.5/9815616b-4e3f-4c2a-bf64-14dc26f484a4,heart,UBERON:0000948,sc_bulk,https://purl.org/ccf/ASCTB-TEMP_fibroblast,Fibroblast,675.5260000000001,0.01197049265745306
https://doi.org/10.1161/CIRCRESAHA.120.318458#Donor21_TissueBlock1,http://purl.org/ccf/1.5/9815616b-4e3f-4c2a-bf64-14dc26f484a4,heart,UBERON:0000948,sc_bulk,http://purl.obolibrary.org/obo/CL_0000623,natural killer cell,670.7169999999999,0.01188527595344804
https://doi.org/10.1161/CIRCRESAHA.120.318458#Donor21_TissueBlock1,http://purl.org/ccf/1.5/9815616b-4e3f-4c2a-bf64-14dc26f484a4,heart,UBERON:0000948,sc_bulk,http://purl.obolibrary.org/obo/CL_0002397,"CD14-positive, CD16-positive monocyte",585.7110000000001,0.01037894799739683
https://doi.org/10.1161/CIRCRESAHA.120.318458#Donor21_TissueBlock1,http://purl.org/ccf/1.5/9815616b-4e3f-4c2a-bf64-14dc26f484a4,heart,UBERON:0000948,sc_bulk,http://purl.obolibrary.org/obo/CL_0002543,vein endothelial cell,528.931,0.009372791945534744
https://doi.org/10.1161/CIRCRESAHA.120.318458#Donor21_TissueBlock1,http://purl.org/ccf/1.5/9815616b-4e3f-4c2a-bf64-14dc26f484a4,heart,UBERON:0000948,sc_bulk,http://purl.obolibrary.org/obo/CL_0001054,CD14-positive monocyte,321.887,0.00570391956790648
https://doi.org/10.1161/CIRCRESAHA.120.318458#Donor21_TissueBlock1,http://purl.org/ccf/1.5/9815616b-4e3f-4c2a-bf64-14dc26f484a4,heart,UBERON:0000948,sc_bulk,http://purl.obolibrary.org/obo/CL_0002319,neural cell,288.676,0.005115412194916138
https://doi.org/10.1161/CIRCRESAHA.120.318458#Donor21_TissueBlock1,http://purl.org/ccf/1.5/9815616b-4e3f-4c2a-bf64-14dc26f484a4,heart,UBERON:0000948,sc_bulk,http://purl.obolibrary.org/obo/CL_0000934,"CD4-positive, alpha-beta cytotoxic T cell",256.098,0.00453812174303937
https://doi.org/10.1161/CIRCRESAHA.120.318458#Donor21_TissueBlock1,http://purl.org/ccf/1.5/9815616b-4e3f-4c2a-bf64-14dc26f484a4,heart,UBERON:0000948,sc_bulk,http://purl.obolibrary.org/obo/CL_0000576,monocyte,199.6720000000001,0.003538238661278718
https://doi.org/10.1161/CIRCRESAHA.120.318458#Donor21_TissueBlock1,http://purl.org/ccf/1.5/9815616b-4e3f-4c2a-bf64-14dc26f484a4,heart,UBERON:0000948,sc_bulk,http://purl.obolibrary.org/obo/CL_0000794,"CD8-positive, alpha-beta cytotoxic T cell",193.162,0.003422879804328697
https://doi.org/10.1161/CIRCRESAHA.120.318458#Donor21_TissueBlock1,http://purl.org/ccf/1.5/9815616b-4e3f-4c2a-bf64-14dc26f484a4,heart,UBERON:0000948,sc_bulk,http://purl.obolibrary.org/obo/CL_0000906,"activated CD8-positive, alpha-beta T cell",178.261,0.003158830291669365
https://doi.org/10.1161/CIRCRESAHA.120.318458#Donor21_TissueBlock1,http://purl.org/ccf/1.5/9815616b-4e3f-4c2a-bf64-14dc26f484a4,heart,UBERON:0000948,sc_bulk,http://purl.obolibrary.org/obo/CL_0000814,mature NK T cell,170.888,0.003028178855065294
https://doi.org/10.1161/CIRCRESAHA.120.318458#Donor21_TissueBlock1,http://purl.org/ccf/1.5/9815616b-4e3f-4c2a-bf64-14dc26f484a4,heart,UBERON:0000948,sc_bulk,http://purl.obolibrary.org/obo/CL_0000097,mast cell,155.672,0.002758547462230962
https://doi.org/10.1161/CIRCRESAHA.120.318458#Donor21_TissueBlock1,http://purl.org/ccf/1.5/9815616b-4e3f-4c2a-bf64-14dc26f484a4,heart,UBERON:0000948,sc_bulk,http://purl.obolibrary.org/obo/CL_0000896,"activated CD4-positive, alpha-beta T cell",133.556,0.002366646313182321
https://doi.org/10.1161/CIRCRESAHA.120.318458#Donor21_TissueBlock1,http://purl.org/ccf/1.5/9815616b-4e3f-4c2a-bf64-14dc26f484a4,heart,UBERON:0000948,sc_bulk,http://purl.obolibrary.org/obo/CL_0000236,B cell,119.987,0.002126200179548707
https://doi.org/10.1161/CIRCRESAHA.120.318458#Donor21_TissueBlock1,http://purl.org/ccf/1.5/9815616b-4e3f-4c2a-bf64-14dc26f484a4,heart,UBERON:0000948,sc_bulk,https://purl.org/ccf/ASCTB-TEMP_b,B,116.87,0.002070966146197983
https://doi.org/10.1161/CIRCRESAHA.120.318458#Donor21_TissueBlock1,http://purl.org/ccf/1.5/9815616b-4e3f-4c2a-bf64-14dc26f484a4,heart,UBERON:0000948,sc_bulk,http://purl.obolibrary.org/obo/CL_1000309,epicardial adipocyte,105.634,0.001871861366368425
https://doi.org/10.1161/CIRCRESAHA.120.318458#Donor21_TissueBlock1,http://purl.org/ccf/1.5/9815616b-4e3f-4c2a-bf64-14dc26f484a4,heart,UBERON:0000948,sc_bulk,http://purl.obolibrary.org/obo/CL_0002138,endothelial cell of lymphatic vessel,95.79700000000001,0.00169754722261768
https://doi.org/10.1161/CIRCRESAHA.120.318458#Donor21_TissueBlock1,http://purl.org/ccf/1.5/9815616b-4e3f-4c2a-bf64-14dc26f484a4,heart,UBERON:0000948,sc_bulk,https://purl.org/ccf/ASCTB-TEMP_monocyte-cdc,Monocyte/cDC,93.206,0.001651634043146481
https://doi.org/10.1161/CIRCRESAHA.120.318458#Donor21_TissueBlock1,http://purl.org/ccf/1.5/9815616b-4e3f-4c2a-bf64-14dc26f484a4,heart,UBERON:0000948,sc_bulk,https://purl.org/ccf/ASCTB-TEMP_macrophage,Macrophage,60.66800000000001,0.001075052401450665
https://doi.org/10.1161/CIRCRESAHA.120.318458#Donor21_TissueBlock1,http://purl.org/ccf/1.5/9815616b-4e3f-4c2a-bf64-14dc26f484a4,heart,UBERON:0000948,sc_bulk,https://purl.org/ccf/ASCTB-TEMP_pericyte,Pericyte,56.26000000000001,9.969415195096993E-4
https://doi.org/10.1161/CIRCRESAHA.120.318458#Donor21_TissueBlock1,http://purl.org/ccf/1.5/9815616b-4e3f-4c2a-bf64-14dc26f484a4,heart,UBERON:0000948,sc_bulk,http://purl.obolibrary.org/obo/CL_0000451,dendritic cell,54.819,9.714066327408851E-4
https://doi.org/10.1161/CIRCRESAHA.120.318458#Donor21_TissueBlock1,http://purl.org/ccf/1.5/9815616b-4e3f-4c2a-bf64-14dc26f484a4,heart,UBERON:0000948,sc_bulk,https://purl.org/ccf/ASCTB-TEMP_capillary-endothelial,Capillary Endothelial,53.82400000000001,9.537749794896916E-4
https://doi.org/10.1161/CIRCRESAHA.120.318458#Donor21_TissueBlock1,http://purl.org/ccf/1.5/9815616b-4e3f-4c2a-bf64-14dc26f484a4,heart,UBERON:0000948,sc_bulk,https://purl.org/ccf/ASCTB-TEMP_venous-endothelial,Venous Endothelial,27.724,4.912763364181816E-4
https://doi.org/10.1161/CIRCRESAHA.120.318458#Donor21_TissueBlock1,http://purl.org/ccf/1.5/9815616b-4e3f-4c2a-bf64-14dc26f484a4,heart,UBERON:0000948,sc_bulk,https://purl.org/ccf/ASCTB-TEMP_nk,NK,18.502,3.278601491995815E-4
https://doi.org/10.1161/CIRCRESAHA.120.318458#Donor21_TissueBlock1,http://purl.org/ccf/1.5/9815616b-4e3f-4c2a-bf64-14dc26f484a4,heart,UBERON:0000948,sc_bulk,https://purl.org/ccf/ASCTB-TEMP_arterial-endothelial,Arterial Endothelial,18.154,3.216935006252946E-4
https://doi.org/10.1161/CIRCRESAHA.120.318458#Donor21_TissueBlock1,http://purl.org/ccf/1.5/9815616b-4e3f-4c2a-bf64-14dc26f484a4,heart,UBERON:0000948,sc_bulk,https://purl.org/ccf/ASCTB-TEMP_mesothelial,Mesothelial,15.95,2.826380596548116E-4
https://doi.org/10.1161/CIRCRESAHA.120.318458#Donor21_TissueBlock1,http://purl.org/ccf/1.5/9815616b-4e3f-4c2a-bf64-14dc26f484a4,heart,UBERON:0000948,sc_bulk,https://purl.org/ccf/ASCTB-TEMP_t,T,11.774,2.0863827676337E-4
https://doi.org/10.1161/CIRCRESAHA.120.318458#Donor21_TissueBlock1,http://purl.org/ccf/1.5/9815616b-4e3f-4c2a-bf64-14dc26f484a4,heart,UBERON:0000948,sc_bulk,https://purl.org/ccf/ASCTB-TEMP_smooth-muscle,Smooth Muscle,10.962,1.942494300900342E-4
https://doi.org/10.1161/CIRCRESAHA.120.318458#Donor21_TissueBlock1,http://purl.org/ccf/1.5/9815616b-4e3f-4c2a-bf64-14dc26f484a4,heart,UBERON:0000948,sc_bulk,https://purl.org/ccf/ASCTB-TEMP_lymphatic-endothelial,Lymphatic Endothelial,6.728000000000001,1.192218724362115E-4
https://doi.org/10.1161/CIRCRESAHA.120.318458#Donor21_TissueBlock1,http://purl.org/ccf/1.5/9815616b-4e3f-4c2a-bf64-14dc26f484a4,heart,UBERON:0000948,sc_bulk,https://purl.org/ccf/ASCTB-TEMP_mast,Mast,6.264,1.109996743371624E-4
https://doi.org/10.1161/CIRCRESAHA.120.318458#Donor21_TissueBlock1,http://purl.org/ccf/1.5/9815616b-4e3f-4c2a-bf64-14dc26f484a4,heart,UBERON:0000948,sc_bulk,https://purl.org/ccf/ASCTB-TEMP_endocardial,Endocardial,5.452,9.661082766382651E-5
https://doi.org/10.1161/CIRCRESAHA.120.318458#Donor21_TissueBlock1,http://purl.org/ccf/1.5/9815616b-4e3f-4c2a-bf64-14dc26f484a4,heart,UBERON:0000948,sc_bulk,https://purl.org/ccf/ASCTB-TEMP_neuronal,Neuronal,2.61,4.6249864307151E-5
https://doi.org/10.1161/CIRCRESAHA.120.318458#Donor21_TissueBlock1,http://purl.org/ccf/1.5/9815616b-4e3f-4c2a-bf64-14dc26f484a4,heart,UBERON:0000948,sc_bulk,https://purl.org/ccf/ASCTB-TEMP_atrial-cardiomyocyte,Atrial Cardiomyocyte,1.972,3.494434192095853E-5
https://doi.org/10.1161/CIRCRESAHA.120.318458#Donor21_TissueBlock1,http://purl.org/ccf/1.5/9815616b-4e3f-4c2a-bf64-14dc26f484a4,heart,UBERON:0000948,sc_bulk,https://purl.org/ccf/ASCTB-TEMP_adipocyte,Adipocyte,1.914,3.39165671585774E-5
https://doi.org/10.1161/CIRCRESAHA.120.318458#Donor21_TissueBlock1,http://purl.org/ccf/1.5/9815616b-4e3f-4c2a-bf64-14dc26f484a4,heart,UBERON:0000948,sc_bulk,http://purl.obolibrary.org/obo/CL_0000077,mesothelial cell,1.647,2.918525920071942E-5
https://doi.org/10.1161/CIRCRESAHA.120.318458#Donor21_TissueBlock1,http://purl.org/ccf/1.5/9815616b-4e3f-4c2a-bf64-14dc26f484a4,heart,UBERON:0000948,sc_bulk,https://purl.org/ccf/ASCTB-TEMP_endothelial,Endothelial,0.058,1.027774762381133E-6
https://doi.org/10.1161/CIRCRESAHA.120.318458#Donor22_TissueBlock1,http://purl.org/ccf/1.5/3c25705a-5769-425a-a481-d1f6d5a95cab,heart,UBERON:0000948,sc_bulk,https://purl.org/ccf/ASCTB-TEMP_fibroblast,Fibroblast,170801.93845,0.3330088912100683
https://doi.org/10.1161/CIRCRESAHA.120.318458#Donor22_TissueBlock1,http://purl.org/ccf/1.5/3c25705a-5769-425a-a481-d1f6d5a95cab,heart,UBERON:0000948,sc_bulk,https://purl.org/ccf/ASCTB-TEMP_ventricular-cardiomycoyte,Ventricular Cardiomycoyte,134576.199692,0.2623803421049387
https://doi.org/10.1161/CIRCRESAHA.120.318458#Donor22_TissueBlock1,http://purl.org/ccf/1.5/3c25705a-5769-425a-a481-d1f6d5a95cab,heart,UBERON:0000948,sc_bulk,http://purl.obolibrary.org/obo/CL_0002131,regular ventricular cardiac myocyte,48701.31992,0.09495192322874961
https://doi.org/10.1161/CIRCRESAHA.120.318458#Donor22_TissueBlock1,http://purl.org/ccf/1.5/3c25705a-5769-425a-a481-d1f6d5a95cab,heart,UBERON:0000948,sc_bulk,http://purl.obolibrary.org/obo/CL_0000669,pericyte,25883.68343,0.05046486472974055
https://doi.org/10.1161/CIRCRESAHA.120.318458#Donor22_TissueBlock1,http://purl.org/ccf/1.5/3c25705a-5769-425a-a481-d1f6d5a95cab,heart,UBERON:0000948,sc_bulk,http://purl.obolibrary.org/obo/CL_0002144,capillary endothelial cell,20794.900874,0.04054337407242712
https://doi.org/10.1161/CIRCRESAHA.120.318458#Donor22_TissueBlock1,http://purl.org/ccf/1.5/3c25705a-5769-425a-a481-d1f6d5a95cab,heart,UBERON:0000948,sc_bulk,https://purl.org/ccf/ASCTB-TEMP_b,B,20401.418246,0.03977620939707384
https://doi.org/10.1161/CIRCRESAHA.120.318458#Donor22_TissueBlock1,http://purl.org/ccf/1.5/3c25705a-5769-425a-a481-d1f6d5a95cab,heart,UBERON:0000948,sc_bulk,http://purl.obolibrary.org/obo/CL_0000057,fibroblast,15089.584862,0.0294198413045871
https://doi.org/10.1161/CIRCRESAHA.120.318458#Donor22_TissueBlock1,http://purl.org/ccf/1.5/3c25705a-5769-425a-a481-d1f6d5a95cab,heart,UBERON:0000948,sc_bulk,http://purl.obolibrary.org/obo/CL_0000003,native cell,10900.080686,0.02125165449692905
https://doi.org/10.1161/CIRCRESAHA.120.318458#Donor22_TissueBlock1,http://purl.org/ccf/1.5/3c25705a-5769-425a-a481-d1f6d5a95cab,heart,UBERON:0000948,sc_bulk,http://purl.obolibrary.org/obo/CL_1000413,endothelial cell of artery,7373.960638,0.01437685355430501
https://doi.org/10.1161/CIRCRESAHA.120.318458#Donor22_TissueBlock1,http://purl.org/ccf/1.5/3c25705a-5769-425a-a481-d1f6d5a95cab,heart,UBERON:0000948,sc_bulk,https://purl.org/ccf/ASCTB-TEMP_pericyte,Pericyte,6293.487134,0.01227027744156244
https://doi.org/10.1161/CIRCRESAHA.120.318458#Donor22_TissueBlock1,http://purl.org/ccf/1.5/3c25705a-5769-425a-a481-d1f6d5a95cab,heart,UBERON:0000948,sc_bulk,https://purl.org/ccf/ASCTB-TEMP_monocyte-cdc,Monocyte/cDC,5809.582218,0.01132681836263967
https://doi.org/10.1161/CIRCRESAHA.120.318458#Donor22_TissueBlock1,http://purl.org/ccf/1.5/3c25705a-5769-425a-a481-d1f6d5a95cab,heart,UBERON:0000948,sc_bulk,https://purl.org/ccf/ASCTB-TEMP_capillary-endothelial,Capillary Endothelial,5755.985884,0.01122232273501253
https://doi.org/10.1161/CIRCRESAHA.120.318458#Donor22_TissueBlock1,http://purl.org/ccf/1.5/3c25705a-5769-425a-a481-d1f6d5a95cab,heart,UBERON:0000948,sc_bulk,https://purl.org/ccf/ASCTB-TEMP_macrophage,Macrophage,5134.542028,0.01001070692248795
https://doi.org/10.1161/CIRCRESAHA.120.318458#Donor22_TissueBlock1,http://purl.org/ccf/1.5/3c25705a-5769-425a-a481-d1f6d5a95cab,heart,UBERON:0000948,sc_bulk,http://purl.obolibrary.org/obo/CL_0000192,smooth muscle cell,4779.887706000002,0.00931924496600289
https://doi.org/10.1161/CIRCRESAHA.120.318458#Donor22_TissueBlock1,http://purl.org/ccf/1.5/3c25705a-5769-425a-a481-d1f6d5a95cab,heart,UBERON:0000948,sc_bulk,http://purl.obolibrary.org/obo/CL_0000235,macrophage,4051.401903999999,0.007898931757688138
https://doi.org/10.1161/CIRCRESAHA.120.318458#Donor22_TissueBlock1,http://purl.org/ccf/1.5/3c25705a-5769-425a-a481-d1f6d5a95cab,heart,UBERON:0000948,sc_bulk,http://purl.obolibrary.org/obo/CL_0000115,endothelial cell,2646.47372,0.005159773285428922
https://doi.org/10.1161/CIRCRESAHA.120.318458#Donor22_TissueBlock1,http://purl.org/ccf/1.5/3c25705a-5769-425a-a481-d1f6d5a95cab,heart,UBERON:0000948,sc_bulk,http://purl.obolibrary.org/obo/CL_0002543,vein endothelial cell,2138.556266000001,0.004169497474055185
https://doi.org/10.1161/CIRCRESAHA.120.318458#Donor22_TissueBlock1,http://purl.org/ccf/1.5/3c25705a-5769-425a-a481-d1f6d5a95cab,heart,UBERON:0000948,sc_bulk,https://purl.org/ccf/ASCTB-TEMP_mesothelial,Mesothelial,2119.27408,0.004131903407862276
https://doi.org/10.1161/CIRCRESAHA.120.318458#Donor22_TissueBlock1,http://purl.org/ccf/1.5/3c25705a-5769-425a-a481-d1f6d5a95cab,heart,UBERON:0000948,sc_bulk,https://purl.org/ccf/ASCTB-TEMP_arterial-endothelial,Arterial Endothelial,2024.148038,0.003946438195587209
https://doi.org/10.1161/CIRCRESAHA.120.318458#Donor22_TissueBlock1,http://purl.org/ccf/1.5/3c25705a-5769-425a-a481-d1f6d5a95cab,heart,UBERON:0000948,sc_bulk,https://purl.org/ccf/ASCTB-TEMP_venous-endothelial,Venous Endothelial,1891.443796,0.003687707569410919
https://doi.org/10.1161/CIRCRESAHA.120.318458#Donor22_TissueBlock1,http://purl.org/ccf/1.5/3c25705a-5769-425a-a481-d1f6d5a95cab,heart,UBERON:0000948,sc_bulk,https://purl.org/ccf/ASCTB-TEMP_smooth-muscle,Smooth Muscle,1837.925210000001,0.00358336352539875
https://doi.org/10.1161/CIRCRESAHA.120.318458#Donor22_TissueBlock1,http://purl.org/ccf/1.5/3c25705a-5769-425a-a481-d1f6d5a95cab,heart,UBERON:0000948,sc_bulk,https://purl.org/ccf/ASCTB-TEMP_endocardial,Endocardial,1372.846222,0.00267660895619157
https://doi.org/10.1161/CIRCRESAHA.120.318458#Donor22_TissueBlock1,http://purl.org/ccf/1.5/3c25705a-5769-425a-a481-d1f6d5a95cab,heart,UBERON:0000948,sc_bulk,https://purl.org/ccf/ASCTB-TEMP_nk,NK,1369.675604,0.002670427269998707
https://doi.org/10.1161/CIRCRESAHA.120.318458#Donor22_TissueBlock1,http://purl.org/ccf/1.5/3c25705a-5769-425a-a481-d1f6d5a95cab,heart,UBERON:0000948,sc_bulk,http://purl.obolibrary.org/obo/CL_0000623,natural killer cell,1030.956894,0.002010034635858759
https://doi.org/10.1161/CIRCRESAHA.120.318458#Donor22_TissueBlock1,http://purl.org/ccf/1.5/3c25705a-5769-425a-a481-d1f6d5a95cab,heart,UBERON:0000948,sc_bulk,http://purl.obolibrary.org/obo/CL_0000934,"CD4-positive, alpha-beta cytotoxic T cell",960.5233440000001,0.001872711847825209
https://doi.org/10.1161/CIRCRESAHA.120.318458#Donor22_TissueBlock1,http://purl.org/ccf/1.5/3c25705a-5769-425a-a481-d1f6d5a95cab,heart,UBERON:0000948,sc_bulk,http://purl.obolibrary.org/obo/CL_0002319,neural cell,849.99706,0.00165722111265897
https://doi.org/10.1161/CIRCRESAHA.120.318458#Donor22_TissueBlock1,http://purl.org/ccf/1.5/3c25705a-5769-425a-a481-d1f6d5a95cab,heart,UBERON:0000948,sc_bulk,http://purl.obolibrary.org/obo/CL_0002397,"CD14-positive, CD16-positive monocyte",774.0208960000001,0.001509092008495198
https://doi.org/10.1161/CIRCRESAHA.120.318458#Donor22_TissueBlock1,http://purl.org/ccf/1.5/3c25705a-5769-425a-a481-d1f6d5a95cab,heart,UBERON:0000948,sc_bulk,https://purl.org/ccf/ASCTB-TEMP_t,T,773.6676200000002,0.001508403233823677
https://doi.org/10.1161/CIRCRESAHA.120.318458#Donor22_TissueBlock1,http://purl.org/ccf/1.5/3c25705a-5769-425a-a481-d1f6d5a95cab,heart,UBERON:0000948,sc_bulk,http://purl.obolibrary.org/obo/CL_1000309,epicardial adipocyte,663.82811,0.001294251487256322
https://doi.org/10.1161/CIRCRESAHA.120.318458#Donor22_TissueBlock1,http://purl.org/ccf/1.5/3c25705a-5769-425a-a481-d1f6d5a95cab,heart,UBERON:0000948,sc_bulk,http://purl.obolibrary.org/obo/CL_0000794,"CD8-positive, alpha-beta cytotoxic T cell",627.468644,0.001223362213003767
https://doi.org/10.1161/CIRCRESAHA.120.318458#Donor22_TissueBlock1,http://purl.org/ccf/1.5/3c25705a-5769-425a-a481-d1f6d5a95cab,heart,UBERON:0000948,sc_bulk,http://purl.obolibrary.org/obo/CL_0000906,"activated CD8-positive, alpha-beta T cell",624.782246,0.001218124600202371
https://doi.org/10.1161/CIRCRESAHA.120.318458#Donor22_TissueBlock1,http://purl.org/ccf/1.5/3c25705a-5769-425a-a481-d1f6d5a95cab,heart,UBERON:0000948,sc_bulk,https://purl.org/ccf/ASCTB-TEMP_adipocyte,Adipocyte,551.975336,0.001076174522869795
https://doi.org/10.1161/CIRCRESAHA.120.318458#Donor22_TissueBlock1,http://purl.org/ccf/1.5/3c25705a-5769-425a-a481-d1f6d5a95cab,heart,UBERON:0000948,sc_bulk,http://purl.obolibrary.org/obo/CL_0000097,mast cell,550.0896060000002,0.001072497955366404
https://doi.org/10.1161/CIRCRESAHA.120.318458#Donor22_TissueBlock1,http://purl.org/ccf/1.5/3c25705a-5769-425a-a481-d1f6d5a95cab,heart,UBERON:0000948,sc_bulk,https://purl.org/ccf/ASCTB-TEMP_neuronal,Neuronal,444.316862,8.66275095606545E-4
https://doi.org/10.1161/CIRCRESAHA.120.318458#Donor22_TissueBlock1,http://purl.org/ccf/1.5/3c25705a-5769-425a-a481-d1f6d5a95cab,heart,UBERON:0000948,sc_bulk,https://purl.org/ccf/ASCTB-TEMP_lymphatic-endothelial,Lymphatic Endothelial,437.8099000000001,8.535886107783863E-4
https://doi.org/10.1161/CIRCRESAHA.120.318458#Donor22_TissueBlock1,http://purl.org/ccf/1.5/3c25705a-5769-425a-a481-d1f6d5a95cab,heart,UBERON:0000948,sc_bulk,http://purl.obolibrary.org/obo/CL_0000814,mature NK T cell,432.41187,8.430641869847716E-4
https://doi.org/10.1161/CIRCRESAHA.120.318458#Donor22_TissueBlock1,http://purl.org/ccf/1.5/3c25705a-5769-425a-a481-d1f6d5a95cab,heart,UBERON:0000948,sc_bulk,http://purl.obolibrary.org/obo/CL_0001054,CD14-positive monocyte,419.2826880000001,8.17466501267668E-4
https://doi.org/10.1161/CIRCRESAHA.120.318458#Donor22_TissueBlock1,http://purl.org/ccf/1.5/3c25705a-5769-425a-a481-d1f6d5a95cab,heart,UBERON:0000948,sc_bulk,https://purl.org/ccf/ASCTB-TEMP_mast,Mast,417.49653,8.13984067165902E-4
https://doi.org/10.1161/CIRCRESAHA.120.318458#Donor22_TissueBlock1,http://purl.org/ccf/1.5/3c25705a-5769-425a-a481-d1f6d5a95cab,heart,UBERON:0000948,sc_bulk,http://purl.obolibrary.org/obo/CL_0000576,monocyte,405.0684440000001,7.897532933451768E-4
https://doi.org/10.1161/CIRCRESAHA.120.318458#Donor22_TissueBlock1,http://purl.org/ccf/1.5/3c25705a-5769-425a-a481-d1f6d5a95cab,heart,UBERON:0000948,sc_bulk,http://purl.obolibrary.org/obo/CL_0000896,"activated CD4-positive, alpha-beta T cell",317.0686200000001,6.181819160946797E-4
https://doi.org/10.1161/CIRCRESAHA.120.318458#Donor22_TissueBlock1,http://purl.org/ccf/1.5/3c25705a-5769-425a-a481-d1f6d5a95cab,heart,UBERON:0000948,sc_bulk,http://purl.obolibrary.org/obo/CL_0002138,endothelial cell of lymphatic vessel,254.56673,4.963233161495355E-4
https://doi.org/10.1161/CIRCRESAHA.120.318458#Donor22_TissueBlock1,http://purl.org/ccf/1.5/3c25705a-5769-425a-a481-d1f6d5a95cab,heart,UBERON:0000948,sc_bulk,http://purl.obolibrary.org/obo/CL_0000236,B cell,219.308012,4.275801467615275E-4
https://doi.org/10.1161/CIRCRESAHA.120.318458#Donor22_TissueBlock1,http://purl.org/ccf/1.5/3c25705a-5769-425a-a481-d1f6d5a95cab,heart,UBERON:0000948,sc_bulk,http://purl.obolibrary.org/obo/CL_0000451,dendritic cell,209.69113,4.088303173346467E-4
https://doi.org/10.1161/CIRCRESAHA.120.318458#Donor22_TissueBlock1,http://purl.org/ccf/1.5/3c25705a-5769-425a-a481-d1f6d5a95cab,heart,UBERON:0000948,sc_bulk,https://purl.org/ccf/ASCTB-TEMP_atrial-cardiomyocyte,Atrial Cardiomyocyte,141.7196,2.763076771084176E-4
https://doi.org/10.1161/CIRCRESAHA.120.318458#Donor22_TissueBlock1,http://purl.org/ccf/1.5/3c25705a-5769-425a-a481-d1f6d5a95cab,heart,UBERON:0000948,sc_bulk,https://purl.org/ccf/ASCTB-TEMP_endothelial,Endothelial,27.40276,5.342657587207034E-5
https://doi.org/10.1161/CIRCRESAHA.120.318458#Donor22_TissueBlock1,http://purl.org/ccf/1.5/3c25705a-5769-425a-a481-d1f6d5a95cab,heart,UBERON:0000948,sc_bulk,http://purl.obolibrary.org/obo/CL_0000077,mesothelial cell,23.26984,4.536871002376904E-5
https://doi.org/10.1161/CIRCRESAHA.120.318458#Donor24_TissueBlock1,http://purl.org/ccf/1.5/5d1aa5f0-f399-4bc2-96fd-e999a2326626,heart,UBERON:0000948,sc_bulk,http://purl.obolibrary.org/obo/CL_0002131,regular ventricular cardiac myocyte,832.911417,0.2906960807811061
https://doi.org/10.1161/CIRCRESAHA.120.318458#Donor24_TissueBlock1,http://purl.org/ccf/1.5/5d1aa5f0-f399-4bc2-96fd-e999a2326626,heart,UBERON:0000948,sc_bulk,http://purl.obolibrary.org/obo/CL_0000669,pericyte,353.9136779999999,0.1235201211432384
https://doi.org/10.1161/CIRCRESAHA.120.318458#Donor24_TissueBlock1,http://purl.org/ccf/1.5/5d1aa5f0-f399-4bc2-96fd-e999a2326626,heart,UBERON:0000948,sc_bulk,https://purl.org/ccf/ASCTB-TEMP_fibroblast,Fibroblast,341.889552,0.119323556860799
https://doi.org/10.1161/CIRCRESAHA.120.318458#Donor24_TissueBlock1,http://purl.org/ccf/1.5/5d1aa5f0-f399-4bc2-96fd-e999a2326626,heart,UBERON:0000948,sc_bulk,http://purl.obolibrary.org/obo/CL_0002144,capillary endothelial cell,247.006206,0.08620813035728928
https://doi.org/10.1161/CIRCRESAHA.120.318458#Donor24_TissueBlock1,http://purl.org/ccf/1.5/5d1aa5f0-f399-4bc2-96fd-e999a2326626,heart,UBERON:0000948,sc_bulk,http://purl.obolibrary.org/obo/CL_0000057,fibroblast,240.746985,0.08402358710778451
https://doi.org/10.1161/CIRCRESAHA.120.318458#Donor24_TissueBlock1,http://purl.org/ccf/1.5/5d1aa5f0-f399-4bc2-96fd-e999a2326626,heart,UBERON:0000948,sc_bulk,https://purl.org/ccf/ASCTB-TEMP_ventricular-cardiomycoyte,Ventricular Cardiomycoyte,194.073732,0.06773406165827925
https://doi.org/10.1161/CIRCRESAHA.120.318458#Donor24_TissueBlock1,http://purl.org/ccf/1.5/5d1aa5f0-f399-4bc2-96fd-e999a2326626,heart,UBERON:0000948,sc_bulk,http://purl.obolibrary.org/obo/CL_0000003,native cell,182.866977,0.06382276966457848
https://doi.org/10.1161/CIRCRESAHA.120.318458#Donor24_TissueBlock1,http://purl.org/ccf/1.5/5d1aa5f0-f399-4bc2-96fd-e999a2326626,heart,UBERON:0000948,sc_bulk,http://purl.obolibrary.org/obo/CL_1000413,endothelial cell of artery,85.014144,0.02967095655955042
https://doi.org/10.1161/CIRCRESAHA.120.318458#Donor24_TissueBlock1,http://purl.org/ccf/1.5/5d1aa5f0-f399-4bc2-96fd-e999a2326626,heart,UBERON:0000948,sc_bulk,http://purl.obolibrary.org/obo/CL_0000192,smooth muscle cell,60.511212,0.02111913921779588
https://doi.org/10.1161/CIRCRESAHA.120.318458#Donor24_TissueBlock1,http://purl.org/ccf/1.5/5d1aa5f0-f399-4bc2-96fd-e999a2326626,heart,UBERON:0000948,sc_bulk,http://purl.obolibrary.org/obo/CL_0000235,macrophage,53.025786,0.01850663570690092
https://doi.org/10.1161/CIRCRESAHA.120.318458#Donor24_TissueBlock1,http://purl.org/ccf/1.5/5d1aa5f0-f399-4bc2-96fd-e999a2326626,heart,UBERON:0000948,sc_bulk,http://purl.obolibrary.org/obo/CL_0000115,endothelial cell,39.611862,0.0138250152426978
https://doi.org/10.1161/CIRCRESAHA.120.318458#Donor24_TissueBlock1,http://purl.org/ccf/1.5/5d1aa5f0-f399-4bc2-96fd-e999a2326626,heart,UBERON:0000948,sc_bulk,http://purl.obolibrary.org/obo/CL_0002543,vein endothelial cell,26.588142,0.009279580657556913
https://doi.org/10.1161/CIRCRESAHA.120.318458#Donor24_TissueBlock1,http://purl.org/ccf/1.5/5d1aa5f0-f399-4bc2-96fd-e999a2326626,heart,UBERON:0000948,sc_bulk,https://purl.org/ccf/ASCTB-TEMP_b,B,25.413615,0.008869656638384068
https://doi.org/10.1161/CIRCRESAHA.120.318458#Donor24_TissueBlock1,http://purl.org/ccf/1.5/5d1aa5f0-f399-4bc2-96fd-e999a2326626,heart,UBERON:0000948,sc_bulk,http://purl.obolibrary.org/obo/CL_0000623,natural killer cell,13.550058,0.004729132864025412
https://doi.org/10.1161/CIRCRESAHA.120.318458#Donor24_TissueBlock1,http://purl.org/ccf/1.5/5d1aa5f0-f399-4bc2-96fd-e999a2326626,heart,UBERON:0000948,sc_bulk,http://purl.obolibrary.org/obo/CL_0000934,"CD4-positive, alpha-beta cytotoxic T cell",13.120623,0.004579254895129429
https://doi.org/10.1161/CIRCRESAHA.120.318458#Donor24_TissueBlock1,http://purl.org/ccf/1.5/5d1aa5f0-f399-4bc2-96fd-e999a2326626,heart,UBERON:0000948,sc_bulk,https://purl.org/ccf/ASCTB-TEMP_monocyte-cdc,Monocyte/cDC,12.231162,0.004268822331197311
https://doi.org/10.1161/CIRCRESAHA.120.318458#Donor24_TissueBlock1,http://purl.org/ccf/1.5/5d1aa5f0-f399-4bc2-96fd-e999a2326626,heart,UBERON:0000948,sc_bulk,http://purl.obolibrary.org/obo/CL_0002397,"CD14-positive, CD16-positive monocyte",11.955438,0.004172591346075288
https://doi.org/10.1161/CIRCRESAHA.120.318458#Donor24_TissueBlock1,http://purl.org/ccf/1.5/5d1aa5f0-f399-4bc2-96fd-e999a2326626,heart,UBERON:0000948,sc_bulk,http://purl.obolibrary.org/obo/CL_0002319,neural cell,11.86623,0.004141456683438864
https://doi.org/10.1161/CIRCRESAHA.120.318458#Donor24_TissueBlock1,http://purl.org/ccf/1.5/5d1aa5f0-f399-4bc2-96fd-e999a2326626,heart,UBERON:0000948,sc_bulk,http://purl.obolibrary.org/obo/CL_0000906,"activated CD8-positive, alpha-beta T cell",11.074779,0.003865230785781026
https://doi.org/10.1161/CIRCRESAHA.120.318458#Donor24_TissueBlock1,http://purl.org/ccf/1.5/5d1aa5f0-f399-4bc2-96fd-e999a2326626,heart,UBERON:0000948,sc_bulk,https://purl.org/ccf/ASCTB-TEMP_capillary-endothelial,Capillary Endothelial,9.401373,0.003281192008274884
https://doi.org/10.1161/CIRCRESAHA.120.318458#Donor24_TissueBlock1,http://purl.org/ccf/1.5/5d1aa5f0-f399-4bc2-96fd-e999a2326626,heart,UBERON:0000948,sc_bulk,https://purl.org/ccf/ASCTB-TEMP_pericyte,Pericyte,9.023670000000001,0.003149369128244335
https://doi.org/10.1161/CIRCRESAHA.120.318458#Donor24_TissueBlock1,http://purl.org/ccf/1.5/5d1aa5f0-f399-4bc2-96fd-e999a2326626,heart,UBERON:0000948,sc_bulk,http://purl.obolibrary.org/obo/CL_1000309,epicardial adipocyte,8.909000999999998,0.003109348271035831
https://doi.org/10.1161/CIRCRESAHA.120.318458#Donor24_TissueBlock1,http://purl.org/ccf/1.5/5d1aa5f0-f399-4bc2-96fd-e999a2326626,heart,UBERON:0000948,sc_bulk,https://purl.org/ccf/ASCTB-TEMP_macrophage,Macrophage,8.850411,0.003088899657863604
https://doi.org/10.1161/CIRCRESAHA.120.318458#Donor24_TissueBlock1,http://purl.org/ccf/1.5/5d1aa5f0-f399-4bc2-96fd-e999a2326626,heart,UBERON:0000948,sc_bulk,http://purl.obolibrary.org/obo/CL_0000794,"CD8-positive, alpha-beta cytotoxic T cell",8.702046,0.00303711849225006
https://doi.org/10.1161/CIRCRESAHA.120.318458#Donor24_TissueBlock1,http://purl.org/ccf/1.5/5d1aa5f0-f399-4bc2-96fd-e999a2326626,heart,UBERON:0000948,sc_bulk,http://purl.obolibrary.org/obo/CL_0000576,monocyte,7.186130999999999,0.002508045963883829
https://doi.org/10.1161/CIRCRESAHA.120.318458#Donor24_TissueBlock1,http://purl.org/ccf/1.5/5d1aa5f0-f399-4bc2-96fd-e999a2326626,heart,UBERON:0000948,sc_bulk,http://purl.obolibrary.org/obo/CL_0001054,CD14-positive monocyte,6.712416,0.002342713743558145
https://doi.org/10.1161/CIRCRESAHA.120.318458#Donor24_TissueBlock1,http://purl.org/ccf/1.5/5d1aa5f0-f399-4bc2-96fd-e999a2326626,heart,UBERON:0000948,sc_bulk,http://purl.obolibrary.org/obo/CL_0000097,mast cell,5.958305999999999,0.002079520303051085
https://doi.org/10.1161/CIRCRESAHA.120.318458#Donor24_TissueBlock1,http://purl.org/ccf/1.5/5d1aa5f0-f399-4bc2-96fd-e999a2326626,heart,UBERON:0000948,sc_bulk,https://purl.org/ccf/ASCTB-TEMP_mesothelial,Mesothelial,5.7915,0.002021303007116513
https://doi.org/10.1161/CIRCRESAHA.120.318458#Donor24_TissueBlock1,http://purl.org/ccf/1.5/5d1aa5f0-f399-4bc2-96fd-e999a2326626,heart,UBERON:0000948,sc_bulk,http://purl.obolibrary.org/obo/CL_0000814,mature NK T cell,5.220557999999999,0.001822037396913782
https://doi.org/10.1161/CIRCRESAHA.120.318458#Donor24_TissueBlock1,http://purl.org/ccf/1.5/5d1aa5f0-f399-4bc2-96fd-e999a2326626,heart,UBERON:0000948,sc_bulk,http://purl.obolibrary.org/obo/CL_0000451,dendritic cell,3.914972999999999,0.001366372562838635
https://doi.org/10.1161/CIRCRESAHA.120.318458#Donor24_TissueBlock1,http://purl.org/ccf/1.5/5d1aa5f0-f399-4bc2-96fd-e999a2326626,heart,UBERON:0000948,sc_bulk,http://purl.obolibrary.org/obo/CL_0002138,endothelial cell of lymphatic vessel,3.622292999999999,0.001264223730217922
https://doi.org/10.1161/CIRCRESAHA.120.318458#Donor24_TissueBlock1,http://purl.org/ccf/1.5/5d1aa5f0-f399-4bc2-96fd-e999a2326626,heart,UBERON:0000948,sc_bulk,http://purl.obolibrary.org/obo/CL_0000236,B cell,3.156839999999999,0.001101775047049243
https://doi.org/10.1161/CIRCRESAHA.120.318458#Donor24_TissueBlock1,http://purl.org/ccf/1.5/5d1aa5f0-f399-4bc2-96fd-e999a2326626,heart,UBERON:0000948,sc_bulk,https://purl.org/ccf/ASCTB-TEMP_nk,NK,3.113154,0.001086528108748477
https://doi.org/10.1161/CIRCRESAHA.120.318458#Donor24_TissueBlock1,http://purl.org/ccf/1.5/5d1aa5f0-f399-4bc2-96fd-e999a2326626,heart,UBERON:0000948,sc_bulk,http://purl.obolibrary.org/obo/CL_0000896,"activated CD4-positive, alpha-beta T cell",3.062717999999999,0.001068925339437084
https://doi.org/10.1161/CIRCRESAHA.120.318458#Donor24_TissueBlock1,http://purl.org/ccf/1.5/5d1aa5f0-f399-4bc2-96fd-e999a2326626,heart,UBERON:0000948,sc_bulk,https://purl.org/ccf/ASCTB-TEMP_smooth-muscle,Smooth Muscle,2.922399,0.001019952324388205
https://doi.org/10.1161/CIRCRESAHA.120.318458#Donor24_TissueBlock1,http://purl.org/ccf/1.5/5d1aa5f0-f399-4bc2-96fd-e999a2326626,heart,UBERON:0000948,sc_bulk,https://purl.org/ccf/ASCTB-TEMP_venous-endothelial,Venous Endothelial,2.417823,8.438492446819425E-4
https://doi.org/10.1161/CIRCRESAHA.120.318458#Donor24_TissueBlock1,http://purl.org/ccf/1.5/5d1aa5f0-f399-4bc2-96fd-e999a2326626,heart,UBERON:0000948,sc_bulk,https://purl.org/ccf/ASCTB-TEMP_arterial-endothelial,Arterial Endothelial,2.203983,7.692165182653326E-4
https://doi.org/10.1161/CIRCRESAHA.120.318458#Donor24_TissueBlock1,http://purl.org/ccf/1.5/5d1aa5f0-f399-4bc2-96fd-e999a2326626,heart,UBERON:0000948,sc_bulk,https://purl.org/ccf/ASCTB-TEMP_t,T,1.823823,6.365361157469155E-4
https://doi.org/10.1161/CIRCRESAHA.120.318458#Donor24_TissueBlock1,http://purl.org/ccf/1.5/5d1aa5f0-f399-4bc2-96fd-e999a2326626,heart,UBERON:0000948,sc_bulk,https://purl.org/ccf/ASCTB-TEMP_endocardial,Endocardial,1.774629,6.193668193414781E-4
https://doi.org/10.1161/CIRCRESAHA.120.318458#Donor24_TissueBlock1,http://purl.org/ccf/1.5/5d1aa5f0-f399-4bc2-96fd-e999a2326626,heart,UBERON:0000948,sc_bulk,https://purl.org/ccf/ASCTB-TEMP_lymphatic-endothelial,Lymphatic Endothelial,1.281906,4.474005788898732E-4
https://doi.org/10.1161/CIRCRESAHA.120.318458#Donor24_TissueBlock1,http://purl.org/ccf/1.5/5d1aa5f0-f399-4bc2-96fd-e999a2326626,heart,UBERON:0000948,sc_bulk,https://purl.org/ccf/ASCTB-TEMP_mast,Mast,1.188378,4.147581844066491E-4
https://doi.org/10.1161/CIRCRESAHA.120.318458#Donor24_TissueBlock1,http://purl.org/ccf/1.5/5d1aa5f0-f399-4bc2-96fd-e999a2326626,heart,UBERON:0000948,sc_bulk,https://purl.org/ccf/ASCTB-TEMP_adipocyte,Adipocyte,0.578853,2.020266441471838E-4
https://doi.org/10.1161/CIRCRESAHA.120.318458#Donor24_TissueBlock1,http://purl.org/ccf/1.5/5d1aa5f0-f399-4bc2-96fd-e999a2326626,heart,UBERON:0000948,sc_bulk,http://purl.obolibrary.org/obo/CL_0000077,mesothelial cell,0.41877,1.46155755899194E-4
https://doi.org/10.1161/CIRCRESAHA.120.318458#Donor24_TissueBlock1,http://purl.org/ccf/1.5/5d1aa5f0-f399-4bc2-96fd-e999a2326626,heart,UBERON:0000948,sc_bulk,https://purl.org/ccf/ASCTB-TEMP_neuronal,Neuronal,0.377595,1.317851867343797E-4
https://doi.org/10.1161/CIRCRESAHA.120.318458#Donor24_TissueBlock1,http://purl.org/ccf/1.5/5d1aa5f0-f399-4bc2-96fd-e999a2326626,heart,UBERON:0000948,sc_bulk,https://purl.org/ccf/ASCTB-TEMP_atrial-cardiomyocyte,Atrial Cardiomyocyte,0.241569,8.431048020825846E-5
https://doi.org/10.1161/CIRCRESAHA.120.318458#Donor24_TissueBlock1,http://purl.org/ccf/1.5/5d1aa5f0-f399-4bc2-96fd-e999a2326626,heart,UBERON:0000948,sc_bulk,https://purl.org/ccf/ASCTB-TEMP_endothelial,Endothelial,0.004266,1.488885198715194E-6
https://doi.org/10.1161/CIRCRESAHA.120.318458#Donor25_TissueBlock1,http://purl.org/ccf/1.5/50ee1b49-9d08-46f3-87cb-a3faafb1f555,heart,UBERON:0000948,sc_bulk,http://purl.obolibrary.org/obo/CL_0002131,regular ventricular cardiac myocyte,616.97142,0.2906960807811061
https://doi.org/10.1161/CIRCRESAHA.120.318458#Donor25_TissueBlock1,http://purl.org/ccf/1.5/50ee1b49-9d08-46f3-87cb-a3faafb1f555,heart,UBERON:0000948,sc_bulk,http://purl.obolibrary.org/obo/CL_0000669,pericyte,262.15828,0.1235201211432384
https://doi.org/10.1161/CIRCRESAHA.120.318458#Donor25_TissueBlock1,http://purl.org/ccf/1.5/50ee1b49-9d08-46f3-87cb-a3faafb1f555,heart,UBERON:0000948,sc_bulk,https://purl.org/ccf/ASCTB-TEMP_fibroblast,Fibroblast,253.25152,0.119323556860799
https://doi.org/10.1161/CIRCRESAHA.120.318458#Donor25_TissueBlock1,http://purl.org/ccf/1.5/50ee1b49-9d08-46f3-87cb-a3faafb1f555,heart,UBERON:0000948,sc_bulk,http://purl.obolibrary.org/obo/CL_0002144,capillary endothelial cell,182.96756,0.08620813035728928
https://doi.org/10.1161/CIRCRESAHA.120.318458#Donor25_TissueBlock1,http://purl.org/ccf/1.5/50ee1b49-9d08-46f3-87cb-a3faafb1f555,heart,UBERON:0000948,sc_bulk,http://purl.obolibrary.org/obo/CL_0000057,fibroblast,178.3311,0.0840235871077845
https://doi.org/10.1161/CIRCRESAHA.120.318458#Donor25_TissueBlock1,http://purl.org/ccf/1.5/50ee1b49-9d08-46f3-87cb-a3faafb1f555,heart,UBERON:0000948,sc_bulk,https://purl.org/ccf/ASCTB-TEMP_ventricular-cardiomycoyte,Ventricular Cardiomycoyte,143.75832,0.06773406165827925
https://doi.org/10.1161/CIRCRESAHA.120.318458#Donor25_TissueBlock1,http://purl.org/ccf/1.5/50ee1b49-9d08-46f3-87cb-a3faafb1f555,heart,UBERON:0000948,sc_bulk,http://purl.obolibrary.org/obo/CL_0000003,native cell,135.45702,0.06382276966457848
https://doi.org/10.1161/CIRCRESAHA.120.318458#Donor25_TissueBlock1,http://purl.org/ccf/1.5/50ee1b49-9d08-46f3-87cb-a3faafb1f555,heart,UBERON:0000948,sc_bulk,http://purl.obolibrary.org/obo/CL_1000413,endothelial cell of artery,62.97344,0.02967095655955042
https://doi.org/10.1161/CIRCRESAHA.120.318458#Donor25_TissueBlock1,http://purl.org/ccf/1.5/50ee1b49-9d08-46f3-87cb-a3faafb1f555,heart,UBERON:0000948,sc_bulk,http://purl.obolibrary.org/obo/CL_0000192,smooth muscle cell,44.82312,0.02111913921779588
https://doi.org/10.1161/CIRCRESAHA.120.318458#Donor25_TissueBlock1,http://purl.org/ccf/1.5/50ee1b49-9d08-46f3-87cb-a3faafb1f555,heart,UBERON:0000948,sc_bulk,http://purl.obolibrary.org/obo/CL_0000235,macrophage,39.27836,0.01850663570690092
https://doi.org/10.1161/CIRCRESAHA.120.318458#Donor25_TissueBlock1,http://purl.org/ccf/1.5/50ee1b49-9d08-46f3-87cb-a3faafb1f555,heart,UBERON:0000948,sc_bulk,http://purl.obolibrary.org/obo/CL_0000115,endothelial cell,29.34211999999999,0.0138250152426978
https://doi.org/10.1161/CIRCRESAHA.120.318458#Donor25_TissueBlock1,http://purl.org/ccf/1.5/50ee1b49-9d08-46f3-87cb-a3faafb1f555,heart,UBERON:0000948,sc_bulk,http://purl.obolibrary.org/obo/CL_0002543,vein endothelial cell,19.69492,0.00927958065755691
https://doi.org/10.1161/CIRCRESAHA.120.318458#Donor25_TissueBlock1,http://purl.org/ccf/1.5/50ee1b49-9d08-46f3-87cb-a3faafb1f555,heart,UBERON:0000948,sc_bulk,https://purl.org/ccf/ASCTB-TEMP_b,B,18.8249,0.008869656638384066
https://doi.org/10.1161/CIRCRESAHA.120.318458#Donor25_TissueBlock1,http://purl.org/ccf/1.5/50ee1b49-9d08-46f3-87cb-a3faafb1f555,heart,UBERON:0000948,sc_bulk,http://purl.obolibrary.org/obo/CL_0000623,natural killer cell,10.03708,0.004729132864025411
https://doi.org/10.1161/CIRCRESAHA.120.318458#Donor25_TissueBlock1,http://purl.org/ccf/1.5/50ee1b49-9d08-46f3-87cb-a3faafb1f555,heart,UBERON:0000948,sc_bulk,http://purl.obolibrary.org/obo/CL_0000934,"CD4-positive, alpha-beta cytotoxic T cell",9.71898,0.004579254895129429
https://doi.org/10.1161/CIRCRESAHA.120.318458#Donor25_TissueBlock1,http://purl.org/ccf/1.5/50ee1b49-9d08-46f3-87cb-a3faafb1f555,heart,UBERON:0000948,sc_bulk,https://purl.org/ccf/ASCTB-TEMP_monocyte-cdc,Monocyte/cDC,9.060120000000001,0.004268822331197311
https://doi.org/10.1161/CIRCRESAHA.120.318458#Donor25_TissueBlock1,http://purl.org/ccf/1.5/50ee1b49-9d08-46f3-87cb-a3faafb1f555,heart,UBERON:0000948,sc_bulk,http://purl.obolibrary.org/obo/CL_0002397,"CD14-positive, CD16-positive monocyte",8.855879999999999,0.004172591346075287
https://doi.org/10.1161/CIRCRESAHA.120.318458#Donor25_TissueBlock1,http://purl.org/ccf/1.5/50ee1b49-9d08-46f3-87cb-a3faafb1f555,heart,UBERON:0000948,sc_bulk,http://purl.obolibrary.org/obo/CL_0002319,neural cell,8.7898,0.004141456683438864
https://doi.org/10.1161/CIRCRESAHA.120.318458#Donor25_TissueBlock1,http://purl.org/ccf/1.5/50ee1b49-9d08-46f3-87cb-a3faafb1f555,heart,UBERON:0000948,sc_bulk,http://purl.obolibrary.org/obo/CL_0000906,"activated CD8-positive, alpha-beta T cell",8.20354,0.003865230785781026
https://doi.org/10.1161/CIRCRESAHA.120.318458#Donor25_TissueBlock1,http://purl.org/ccf/1.5/50ee1b49-9d08-46f3-87cb-a3faafb1f555,heart,UBERON:0000948,sc_bulk,https://purl.org/ccf/ASCTB-TEMP_capillary-endothelial,Capillary Endothelial,6.96398,0.003281192008274885
https://doi.org/10.1161/CIRCRESAHA.120.318458#Donor25_TissueBlock1,http://purl.org/ccf/1.5/50ee1b49-9d08-46f3-87cb-a3faafb1f555,heart,UBERON:0000948,sc_bulk,https://purl.org/ccf/ASCTB-TEMP_pericyte,Pericyte,6.684200000000001,0.003149369128244335
https://doi.org/10.1161/CIRCRESAHA.120.318458#Donor25_TissueBlock1,http://purl.org/ccf/1.5/50ee1b49-9d08-46f3-87cb-a3faafb1f555,heart,UBERON:0000948,sc_bulk,http://purl.obolibrary.org/obo/CL_1000309,epicardial adipocyte,6.599259999999999,0.003109348271035832
https://doi.org/10.1161/CIRCRESAHA.120.318458#Donor25_TissueBlock1,http://purl.org/ccf/1.5/50ee1b49-9d08-46f3-87cb-a3faafb1f555,heart,UBERON:0000948,sc_bulk,https://purl.org/ccf/ASCTB-TEMP_macrophage,Macrophage,6.55586,0.003088899657863604
https://doi.org/10.1161/CIRCRESAHA.120.318458#Donor25_TissueBlock1,http://purl.org/ccf/1.5/50ee1b49-9d08-46f3-87cb-a3faafb1f555,heart,UBERON:0000948,sc_bulk,http://purl.obolibrary.org/obo/CL_0000794,"CD8-positive, alpha-beta cytotoxic T cell",6.44596,0.00303711849225006
https://doi.org/10.1161/CIRCRESAHA.120.318458#Donor25_TissueBlock1,http://purl.org/ccf/1.5/50ee1b49-9d08-46f3-87cb-a3faafb1f555,heart,UBERON:0000948,sc_bulk,http://purl.obolibrary.org/obo/CL_0000576,monocyte,5.323059999999999,0.002508045963883828
https://doi.org/10.1161/CIRCRESAHA.120.318458#Donor25_TissueBlock1,http://purl.org/ccf/1.5/50ee1b49-9d08-46f3-87cb-a3faafb1f555,heart,UBERON:0000948,sc_bulk,http://purl.obolibrary.org/obo/CL_0001054,CD14-positive monocyte,4.972160000000001,0.002342713743558145
https://doi.org/10.1161/CIRCRESAHA.120.318458#Donor25_TissueBlock1,http://purl.org/ccf/1.5/50ee1b49-9d08-46f3-87cb-a3faafb1f555,heart,UBERON:0000948,sc_bulk,http://purl.obolibrary.org/obo/CL_0000097,mast cell,4.413559999999999,0.002079520303051085
https://doi.org/10.1161/CIRCRESAHA.120.318458#Donor25_TissueBlock1,http://purl.org/ccf/1.5/50ee1b49-9d08-46f3-87cb-a3faafb1f555,heart,UBERON:0000948,sc_bulk,https://purl.org/ccf/ASCTB-TEMP_mesothelial,Mesothelial,4.29,0.002021303007116513
https://doi.org/10.1161/CIRCRESAHA.120.318458#Donor25_TissueBlock1,http://purl.org/ccf/1.5/50ee1b49-9d08-46f3-87cb-a3faafb1f555,heart,UBERON:0000948,sc_bulk,http://purl.obolibrary.org/obo/CL_0000814,mature NK T cell,3.867079999999999,0.001822037396913782
https://doi.org/10.1161/CIRCRESAHA.120.318458#Donor25_TissueBlock1,http://purl.org/ccf/1.5/50ee1b49-9d08-46f3-87cb-a3faafb1f555,heart,UBERON:0000948,sc_bulk,http://purl.obolibrary.org/obo/CL_0000451,dendritic cell,2.899979999999999,0.001366372562838635
https://doi.org/10.1161/CIRCRESAHA.120.318458#Donor25_TissueBlock1,http://purl.org/ccf/1.5/50ee1b49-9d08-46f3-87cb-a3faafb1f555,heart,UBERON:0000948,sc_bulk,http://purl.obolibrary.org/obo/CL_0002138,endothelial cell of lymphatic vessel,2.683179999999999,0.001264223730217922
https://doi.org/10.1161/CIRCRESAHA.120.318458#Donor25_TissueBlock1,http://purl.org/ccf/1.5/50ee1b49-9d08-46f3-87cb-a3faafb1f555,heart,UBERON:0000948,sc_bulk,http://purl.obolibrary.org/obo/CL_0000236,B cell,2.3384,0.001101775047049243
https://doi.org/10.1161/CIRCRESAHA.120.318458#Donor25_TissueBlock1,http://purl.org/ccf/1.5/50ee1b49-9d08-46f3-87cb-a3faafb1f555,heart,UBERON:0000948,sc_bulk,https://purl.org/ccf/ASCTB-TEMP_nk,NK,2.30604,0.001086528108748477
https://doi.org/10.1161/CIRCRESAHA.120.318458#Donor25_TissueBlock1,http://purl.org/ccf/1.5/50ee1b49-9d08-46f3-87cb-a3faafb1f555,heart,UBERON:0000948,sc_bulk,http://purl.obolibrary.org/obo/CL_0000896,"activated CD4-positive, alpha-beta T cell",2.26868,0.001068925339437084
https://doi.org/10.1161/CIRCRESAHA.120.318458#Donor25_TissueBlock1,http://purl.org/ccf/1.5/50ee1b49-9d08-46f3-87cb-a3faafb1f555,heart,UBERON:0000948,sc_bulk,https://purl.org/ccf/ASCTB-TEMP_smooth-muscle,Smooth Muscle,2.16474,0.001019952324388205
https://doi.org/10.1161/CIRCRESAHA.120.318458#Donor25_TissueBlock1,http://purl.org/ccf/1.5/50ee1b49-9d08-46f3-87cb-a3faafb1f555,heart,UBERON:0000948,sc_bulk,https://purl.org/ccf/ASCTB-TEMP_venous-endothelial,Venous Endothelial,1.79098,8.438492446819424E-4
https://doi.org/10.1161/CIRCRESAHA.120.318458#Donor25_TissueBlock1,http://purl.org/ccf/1.5/50ee1b49-9d08-46f3-87cb-a3faafb1f555,heart,UBERON:0000948,sc_bulk,https://purl.org/ccf/ASCTB-TEMP_arterial-endothelial,Arterial Endothelial,1.63258,7.692165182653326E-4
https://doi.org/10.1161/CIRCRESAHA.120.318458#Donor25_TissueBlock1,http://purl.org/ccf/1.5/50ee1b49-9d08-46f3-87cb-a3faafb1f555,heart,UBERON:0000948,sc_bulk,https://purl.org/ccf/ASCTB-TEMP_t,T,1.35098,6.365361157469154E-4
https://doi.org/10.1161/CIRCRESAHA.120.318458#Donor25_TissueBlock1,http://purl.org/ccf/1.5/50ee1b49-9d08-46f3-87cb-a3faafb1f555,heart,UBERON:0000948,sc_bulk,https://purl.org/ccf/ASCTB-TEMP_endocardial,Endocardial,1.31454,6.193668193414781E-4
https://doi.org/10.1161/CIRCRESAHA.120.318458#Donor25_TissueBlock1,http://purl.org/ccf/1.5/50ee1b49-9d08-46f3-87cb-a3faafb1f555,heart,UBERON:0000948,sc_bulk,https://purl.org/ccf/ASCTB-TEMP_lymphatic-endothelial,Lymphatic Endothelial,0.9495600000000001,4.474005788898732E-4
https://doi.org/10.1161/CIRCRESAHA.120.318458#Donor25_TissueBlock1,http://purl.org/ccf/1.5/50ee1b49-9d08-46f3-87cb-a3faafb1f555,heart,UBERON:0000948,sc_bulk,https://purl.org/ccf/ASCTB-TEMP_mast,Mast,0.8802800000000001,4.14758184406649E-4
https://doi.org/10.1161/CIRCRESAHA.120.318458#Donor25_TissueBlock1,http://purl.org/ccf/1.5/50ee1b49-9d08-46f3-87cb-a3faafb1f555,heart,UBERON:0000948,sc_bulk,https://purl.org/ccf/ASCTB-TEMP_adipocyte,Adipocyte,0.42878,2.020266441471838E-4
https://doi.org/10.1161/CIRCRESAHA.120.318458#Donor25_TissueBlock1,http://purl.org/ccf/1.5/50ee1b49-9d08-46f3-87cb-a3faafb1f555,heart,UBERON:0000948,sc_bulk,http://purl.obolibrary.org/obo/CL_0000077,mesothelial cell,0.3102,1.46155755899194E-4
https://doi.org/10.1161/CIRCRESAHA.120.318458#Donor25_TissueBlock1,http://purl.org/ccf/1.5/50ee1b49-9d08-46f3-87cb-a3faafb1f555,heart,UBERON:0000948,sc_bulk,https://purl.org/ccf/ASCTB-TEMP_neuronal,Neuronal,0.2797,1.317851867343797E-4
https://doi.org/10.1161/CIRCRESAHA.120.318458#Donor25_TissueBlock1,http://purl.org/ccf/1.5/50ee1b49-9d08-46f3-87cb-a3faafb1f555,heart,UBERON:0000948,sc_bulk,https://purl.org/ccf/ASCTB-TEMP_atrial-cardiomyocyte,Atrial Cardiomyocyte,0.17894,8.431048020825846E-5
https://doi.org/10.1161/CIRCRESAHA.120.318458#Donor25_TissueBlock1,http://purl.org/ccf/1.5/50ee1b49-9d08-46f3-87cb-a3faafb1f555,heart,UBERON:0000948,sc_bulk,https://purl.org/ccf/ASCTB-TEMP_endothelial,Endothelial,0.00316,1.488885198715194E-6
https://doi.org/10.1161/CIRCRESAHA.120.318458#Donor26_TissueBlock1,http://purl.org/ccf/1.5/61c613a2-0030-48bf-8b6e-be631f24ce8e,heart,UBERON:0000948,sc_bulk,http://purl.obolibrary.org/obo/CL_0002131,regular ventricular cardiac myocyte,22920.488253,0.2906960807811061
https://doi.org/10.1161/CIRCRESAHA.120.318458#Donor26_TissueBlock1,http://purl.org/ccf/1.5/61c613a2-0030-48bf-8b6e-be631f24ce8e,heart,UBERON:0000948,sc_bulk,http://purl.obolibrary.org/obo/CL_0000669,pericyte,9739.180101999998,0.1235201211432384
https://doi.org/10.1161/CIRCRESAHA.120.318458#Donor26_TissueBlock1,http://purl.org/ccf/1.5/61c613a2-0030-48bf-8b6e-be631f24ce8e,heart,UBERON:0000948,sc_bulk,https://purl.org/ccf/ASCTB-TEMP_fibroblast,Fibroblast,9408.293968,0.119323556860799
https://doi.org/10.1161/CIRCRESAHA.120.318458#Donor26_TissueBlock1,http://purl.org/ccf/1.5/61c613a2-0030-48bf-8b6e-be631f24ce8e,heart,UBERON:0000948,sc_bulk,http://purl.obolibrary.org/obo/CL_0002144,capillary endothelial cell,6797.244853999999,0.08620813035728928
https://doi.org/10.1161/CIRCRESAHA.120.318458#Donor26_TissueBlock1,http://purl.org/ccf/1.5/61c613a2-0030-48bf-8b6e-be631f24ce8e,heart,UBERON:0000948,sc_bulk,http://purl.obolibrary.org/obo/CL_0000057,fibroblast,6625.000364999999,0.08402358710778451
https://doi.org/10.1161/CIRCRESAHA.120.318458#Donor26_TissueBlock1,http://purl.org/ccf/1.5/61c613a2-0030-48bf-8b6e-be631f24ce8e,heart,UBERON:0000948,sc_bulk,https://purl.org/ccf/ASCTB-TEMP_ventricular-cardiomycoyte,Ventricular Cardiomycoyte,5340.621588,0.06773406165827925
https://doi.org/10.1161/CIRCRESAHA.120.318458#Donor26_TissueBlock1,http://purl.org/ccf/1.5/61c613a2-0030-48bf-8b6e-be631f24ce8e,heart,UBERON:0000948,sc_bulk,http://purl.obolibrary.org/obo/CL_0000003,native cell,5032.228293,0.06382276966457848
https://doi.org/10.1161/CIRCRESAHA.120.318458#Donor26_TissueBlock1,http://purl.org/ccf/1.5/61c613a2-0030-48bf-8b6e-be631f24ce8e,heart,UBERON:0000948,sc_bulk,http://purl.obolibrary.org/obo/CL_1000413,endothelial cell of artery,2339.463296,0.02967095655955042
https://doi.org/10.1161/CIRCRESAHA.120.318458#Donor26_TissueBlock1,http://purl.org/ccf/1.5/61c613a2-0030-48bf-8b6e-be631f24ce8e,heart,UBERON:0000948,sc_bulk,http://purl.obolibrary.org/obo/CL_0000192,smooth muscle cell,1665.178908,0.02111913921779588
https://doi.org/10.1161/CIRCRESAHA.120.318458#Donor26_TissueBlock1,http://purl.org/ccf/1.5/61c613a2-0030-48bf-8b6e-be631f24ce8e,heart,UBERON:0000948,sc_bulk,http://purl.obolibrary.org/obo/CL_0000235,macrophage,1459.191074,0.01850663570690092
https://doi.org/10.1161/CIRCRESAHA.120.318458#Donor26_TissueBlock1,http://purl.org/ccf/1.5/61c613a2-0030-48bf-8b6e-be631f24ce8e,heart,UBERON:0000948,sc_bulk,http://purl.obolibrary.org/obo/CL_0000115,endothelial cell,1090.059758,0.0138250152426978
https://doi.org/10.1161/CIRCRESAHA.120.318458#Donor26_TissueBlock1,http://purl.org/ccf/1.5/61c613a2-0030-48bf-8b6e-be631f24ce8e,heart,UBERON:0000948,sc_bulk,http://purl.obolibrary.org/obo/CL_0002543,vein endothelial cell,731.6662779999999,0.009279580657556913
https://doi.org/10.1161/CIRCRESAHA.120.318458#Donor26_TissueBlock1,http://purl.org/ccf/1.5/61c613a2-0030-48bf-8b6e-be631f24ce8e,heart,UBERON:0000948,sc_bulk,https://purl.org/ccf/ASCTB-TEMP_b,B,699.345035,0.008869656638384068
https://doi.org/10.1161/CIRCRESAHA.120.318458#Donor26_TissueBlock1,http://purl.org/ccf/1.5/61c613a2-0030-48bf-8b6e-be631f24ce8e,heart,UBERON:0000948,sc_bulk,http://purl.obolibrary.org/obo/CL_0000623,natural killer cell,372.8775220000001,0.004729132864025412
https://doi.org/10.1161/CIRCRESAHA.120.318458#Donor26_TissueBlock1,http://purl.org/ccf/1.5/61c613a2-0030-48bf-8b6e-be631f24ce8e,heart,UBERON:0000948,sc_bulk,http://purl.obolibrary.org/obo/CL_0000934,"CD4-positive, alpha-beta cytotoxic T cell",361.060107,0.004579254895129429
https://doi.org/10.1161/CIRCRESAHA.120.318458#Donor26_TissueBlock1,http://purl.org/ccf/1.5/61c613a2-0030-48bf-8b6e-be631f24ce8e,heart,UBERON:0000948,sc_bulk,https://purl.org/ccf/ASCTB-TEMP_monocyte-cdc,Monocyte/cDC,336.583458,0.004268822331197311
https://doi.org/10.1161/CIRCRESAHA.120.318458#Donor26_TissueBlock1,http://purl.org/ccf/1.5/61c613a2-0030-48bf-8b6e-be631f24ce8e,heart,UBERON:0000948,sc_bulk,http://purl.obolibrary.org/obo/CL_0002397,"CD14-positive, CD16-positive monocyte",328.995942,0.004172591346075288
https://doi.org/10.1161/CIRCRESAHA.120.318458#Donor26_TissueBlock1,http://purl.org/ccf/1.5/61c613a2-0030-48bf-8b6e-be631f24ce8e,heart,UBERON:0000948,sc_bulk,http://purl.obolibrary.org/obo/CL_0002319,neural cell,326.54107,0.004141456683438864
https://doi.org/10.1161/CIRCRESAHA.120.318458#Donor26_TissueBlock1,http://purl.org/ccf/1.5/61c613a2-0030-48bf-8b6e-be631f24ce8e,heart,UBERON:0000948,sc_bulk,http://purl.obolibrary.org/obo/CL_0000906,"activated CD8-positive, alpha-beta T cell",304.761511,0.003865230785781026
https://doi.org/10.1161/CIRCRESAHA.120.318458#Donor26_TissueBlock1,http://purl.org/ccf/1.5/61c613a2-0030-48bf-8b6e-be631f24ce8e,heart,UBERON:0000948,sc_bulk,https://purl.org/ccf/ASCTB-TEMP_capillary-endothelial,Capillary Endothelial,258.711857,0.003281192008274885
https://doi.org/10.1161/CIRCRESAHA.120.318458#Donor26_TissueBlock1,http://purl.org/ccf/1.5/61c613a2-0030-48bf-8b6e-be631f24ce8e,heart,UBERON:0000948,sc_bulk,https://purl.org/ccf/ASCTB-TEMP_pericyte,Pericyte,248.31803,0.003149369128244335
https://doi.org/10.1161/CIRCRESAHA.120.318458#Donor26_TissueBlock1,http://purl.org/ccf/1.5/61c613a2-0030-48bf-8b6e-be631f24ce8e,heart,UBERON:0000948,sc_bulk,http://purl.obolibrary.org/obo/CL_1000309,epicardial adipocyte,245.162509,0.003109348271035832
https://doi.org/10.1161/CIRCRESAHA.120.318458#Donor26_TissueBlock1,http://purl.org/ccf/1.5/61c613a2-0030-48bf-8b6e-be631f24ce8e,heart,UBERON:0000948,sc_bulk,https://purl.org/ccf/ASCTB-TEMP_macrophage,Macrophage,243.550199,0.003088899657863605
https://doi.org/10.1161/CIRCRESAHA.120.318458#Donor26_TissueBlock1,http://purl.org/ccf/1.5/61c613a2-0030-48bf-8b6e-be631f24ce8e,heart,UBERON:0000948,sc_bulk,http://purl.obolibrary.org/obo/CL_0000794,"CD8-positive, alpha-beta cytotoxic T cell",239.467414,0.00303711849225006
https://doi.org/10.1161/CIRCRESAHA.120.318458#Donor26_TissueBlock1,http://purl.org/ccf/1.5/61c613a2-0030-48bf-8b6e-be631f24ce8e,heart,UBERON:0000948,sc_bulk,http://purl.obolibrary.org/obo/CL_0000576,monocyte,197.751679,0.002508045963883829
https://doi.org/10.1161/CIRCRESAHA.120.318458#Donor26_TissueBlock1,http://purl.org/ccf/1.5/61c613a2-0030-48bf-8b6e-be631f24ce8e,heart,UBERON:0000948,sc_bulk,http://purl.obolibrary.org/obo/CL_0001054,CD14-positive monocyte,184.715744,0.002342713743558145
https://doi.org/10.1161/CIRCRESAHA.120.318458#Donor26_TissueBlock1,http://purl.org/ccf/1.5/61c613a2-0030-48bf-8b6e-be631f24ce8e,heart,UBERON:0000948,sc_bulk,http://purl.obolibrary.org/obo/CL_0000097,mast cell,163.963754,0.002079520303051085
https://doi.org/10.1161/CIRCRESAHA.120.318458#Donor26_TissueBlock1,http://purl.org/ccf/1.5/61c613a2-0030-48bf-8b6e-be631f24ce8e,heart,UBERON:0000948,sc_bulk,https://purl.org/ccf/ASCTB-TEMP_mesothelial,Mesothelial,159.3735,0.002021303007116513
https://doi.org/10.1161/CIRCRESAHA.120.318458#Donor26_TissueBlock1,http://purl.org/ccf/1.5/61c613a2-0030-48bf-8b6e-be631f24ce8e,heart,UBERON:0000948,sc_bulk,http://purl.obolibrary.org/obo/CL_0000814,mature NK T cell,143.662022,0.001822037396913782
https://doi.org/10.1161/CIRCRESAHA.120.318458#Donor26_TissueBlock1,http://purl.org/ccf/1.5/61c613a2-0030-48bf-8b6e-be631f24ce8e,heart,UBERON:0000948,sc_bulk,http://purl.obolibrary.org/obo/CL_0000451,dendritic cell,107.734257,0.001366372562838635
https://doi.org/10.1161/CIRCRESAHA.120.318458#Donor26_TissueBlock1,http://purl.org/ccf/1.5/61c613a2-0030-48bf-8b6e-be631f24ce8e,heart,UBERON:0000948,sc_bulk,http://purl.obolibrary.org/obo/CL_0002138,endothelial cell of lymphatic vessel,99.68013699999997,0.001264223730217922
https://doi.org/10.1161/CIRCRESAHA.120.318458#Donor26_TissueBlock1,http://purl.org/ccf/1.5/61c613a2-0030-48bf-8b6e-be631f24ce8e,heart,UBERON:0000948,sc_bulk,http://purl.obolibrary.org/obo/CL_0000236,B cell,86.87155999999999,0.001101775047049243
https://doi.org/10.1161/CIRCRESAHA.120.318458#Donor26_TissueBlock1,http://purl.org/ccf/1.5/61c613a2-0030-48bf-8b6e-be631f24ce8e,heart,UBERON:0000948,sc_bulk,https://purl.org/ccf/ASCTB-TEMP_nk,NK,85.669386,0.001086528108748477
https://doi.org/10.1161/CIRCRESAHA.120.318458#Donor26_TissueBlock1,http://purl.org/ccf/1.5/61c613a2-0030-48bf-8b6e-be631f24ce8e,heart,UBERON:0000948,sc_bulk,http://purl.obolibrary.org/obo/CL_0000896,"activated CD4-positive, alpha-beta T cell",84.28146199999999,0.001068925339437084
https://doi.org/10.1161/CIRCRESAHA.120.318458#Donor26_TissueBlock1,http://purl.org/ccf/1.5/61c613a2-0030-48bf-8b6e-be631f24ce8e,heart,UBERON:0000948,sc_bulk,https://purl.org/ccf/ASCTB-TEMP_smooth-muscle,Smooth Muscle,80.420091,0.001019952324388205
https://doi.org/10.1161/CIRCRESAHA.120.318458#Donor26_TissueBlock1,http://purl.org/ccf/1.5/61c613a2-0030-48bf-8b6e-be631f24ce8e,heart,UBERON:0000948,sc_bulk,https://purl.org/ccf/ASCTB-TEMP_venous-endothelial,Venous Endothelial,66.534907,8.438492446819424E-4
https://doi.org/10.1161/CIRCRESAHA.120.318458#Donor26_TissueBlock1,http://purl.org/ccf/1.5/61c613a2-0030-48bf-8b6e-be631f24ce8e,heart,UBERON:0000948,sc_bulk,https://purl.org/ccf/ASCTB-TEMP_arterial-endothelial,Arterial Endothelial,60.650347,7.692165182653326E-4
https://doi.org/10.1161/CIRCRESAHA.120.318458#Donor26_TissueBlock1,http://purl.org/ccf/1.5/61c613a2-0030-48bf-8b6e-be631f24ce8e,heart,UBERON:0000948,sc_bulk,https://purl.org/ccf/ASCTB-TEMP_t,T,50.18890700000001,6.365361157469155E-4
https://doi.org/10.1161/CIRCRESAHA.120.318458#Donor26_TissueBlock1,http://purl.org/ccf/1.5/61c613a2-0030-48bf-8b6e-be631f24ce8e,heart,UBERON:0000948,sc_bulk,https://purl.org/ccf/ASCTB-TEMP_endocardial,Endocardial,48.835161,6.193668193414781E-4
https://doi.org/10.1161/CIRCRESAHA.120.318458#Donor26_TissueBlock1,http://purl.org/ccf/1.5/61c613a2-0030-48bf-8b6e-be631f24ce8e,heart,UBERON:0000948,sc_bulk,https://purl.org/ccf/ASCTB-TEMP_lymphatic-endothelial,Lymphatic Endothelial,35.276154,4.474005788898732E-4
https://doi.org/10.1161/CIRCRESAHA.120.318458#Donor26_TissueBlock1,http://purl.org/ccf/1.5/61c613a2-0030-48bf-8b6e-be631f24ce8e,heart,UBERON:0000948,sc_bulk,https://purl.org/ccf/ASCTB-TEMP_mast,Mast,32.702402,4.14758184406649E-4
https://doi.org/10.1161/CIRCRESAHA.120.318458#Donor26_TissueBlock1,http://purl.org/ccf/1.5/61c613a2-0030-48bf-8b6e-be631f24ce8e,heart,UBERON:0000948,sc_bulk,https://purl.org/ccf/ASCTB-TEMP_adipocyte,Adipocyte,15.929177,2.020266441471838E-4
https://doi.org/10.1161/CIRCRESAHA.120.318458#Donor26_TissueBlock1,http://purl.org/ccf/1.5/61c613a2-0030-48bf-8b6e-be631f24ce8e,heart,UBERON:0000948,sc_bulk,http://purl.obolibrary.org/obo/CL_0000077,mesothelial cell,11.52393,1.46155755899194E-4
https://doi.org/10.1161/CIRCRESAHA.120.318458#Donor26_TissueBlock1,http://purl.org/ccf/1.5/61c613a2-0030-48bf-8b6e-be631f24ce8e,heart,UBERON:0000948,sc_bulk,https://purl.org/ccf/ASCTB-TEMP_neuronal,Neuronal,10.390855,1.317851867343797E-4
https://doi.org/10.1161/CIRCRESAHA.120.318458#Donor26_TissueBlock1,http://purl.org/ccf/1.5/61c613a2-0030-48bf-8b6e-be631f24ce8e,heart,UBERON:0000948,sc_bulk,https://purl.org/ccf/ASCTB-TEMP_atrial-cardiomyocyte,Atrial Cardiomyocyte,6.647620999999999,8.431048020825846E-5
https://doi.org/10.1161/CIRCRESAHA.120.318458#Donor26_TissueBlock1,http://purl.org/ccf/1.5/61c613a2-0030-48bf-8b6e-be631f24ce8e,heart,UBERON:0000948,sc_bulk,https://purl.org/ccf/ASCTB-TEMP_endothelial,Endothelial,0.117394,1.488885198715194E-6
https://doi.org/10.1161/CIRCRESAHA.120.318458#Donor2_TissueBlock1,http://purl.org/ccf/1.5/521967fe-9c54-4b71-a9aa-398950ed47ae,heart,UBERON:0000948,sc_bulk,http://purl.obolibrary.org/obo/CL_0002131,regular ventricular cardiac myocyte,7172.91792,0.3242498245428997
https://doi.org/10.1161/CIRCRESAHA.120.318458#Donor2_TissueBlock1,http://purl.org/ccf/1.5/521967fe-9c54-4b71-a9aa-398950ed47ae,heart,UBERON:0000948,sc_bulk,http://purl.obolibrary.org/obo/CL_0000669,pericyte,3068.219672,0.1386980447010432
https://doi.org/10.1161/CIRCRESAHA.120.318458#Donor2_TissueBlock1,http://purl.org/ccf/1.5/521967fe-9c54-4b71-a9aa-398950ed47ae,heart,UBERON:0000948,sc_bulk,http://purl.obolibrary.org/obo/CL_0002144,capillary endothelial cell,2893.514680000001,0.1308005525458885
https://doi.org/10.1161/CIRCRESAHA.120.318458#Donor2_TissueBlock1,http://purl.org/ccf/1.5/521967fe-9c54-4b71-a9aa-398950ed47ae,heart,UBERON:0000948,sc_bulk,http://purl.obolibrary.org/obo/CL_0000057,fibroblast,2061.08112,0.09317061745057349
https://doi.org/10.1161/CIRCRESAHA.120.318458#Donor2_TissueBlock1,http://purl.org/ccf/1.5/521967fe-9c54-4b71-a9aa-398950ed47ae,heart,UBERON:0000948,sc_bulk,http://purl.obolibrary.org/obo/CL_0000003,native cell,1603.07616,0.0724666264700413
https://doi.org/10.1161/CIRCRESAHA.120.318458#Donor2_TissueBlock1,http://purl.org/ccf/1.5/521967fe-9c54-4b71-a9aa-398950ed47ae,heart,UBERON:0000948,sc_bulk,http://purl.obolibrary.org/obo/CL_1000413,endothelial cell of artery,921.8577760000004,0.04167233271805067
https://doi.org/10.1161/CIRCRESAHA.120.318458#Donor2_TissueBlock1,http://purl.org/ccf/1.5/521967fe-9c54-4b71-a9aa-398950ed47ae,heart,UBERON:0000948,sc_bulk,https://purl.org/ccf/ASCTB-TEMP_ventricular-cardiomycoyte,Ventricular Cardiomycoyte,907.7802720000001,0.04103596293759149
https://doi.org/10.1161/CIRCRESAHA.120.318458#Donor2_TissueBlock1,http://purl.org/ccf/1.5/521967fe-9c54-4b71-a9aa-398950ed47ae,heart,UBERON:0000948,sc_bulk,http://purl.obolibrary.org/obo/CL_0000192,smooth muscle cell,596.534232,0.02696616944695688
https://doi.org/10.1161/CIRCRESAHA.120.318458#Donor2_TissueBlock1,http://purl.org/ccf/1.5/521967fe-9c54-4b71-a9aa-398950ed47ae,heart,UBERON:0000948,sc_bulk,http://purl.obolibrary.org/obo/CL_0000235,macrophage,505.8442480000001,0.02286655312236378
https://doi.org/10.1161/CIRCRESAHA.120.318458#Donor2_TissueBlock1,http://purl.org/ccf/1.5/521967fe-9c54-4b71-a9aa-398950ed47ae,heart,UBERON:0000948,sc_bulk,http://purl.obolibrary.org/obo/CL_0000115,endothelial cell,334.5034000000001,0.01512113619153242
https://doi.org/10.1161/CIRCRESAHA.120.318458#Donor2_TissueBlock1,http://purl.org/ccf/1.5/521967fe-9c54-4b71-a9aa-398950ed47ae,heart,UBERON:0000948,sc_bulk,https://purl.org/ccf/ASCTB-TEMP_fibroblast,Fibroblast,264.806192,0.01197049265745305
https://doi.org/10.1161/CIRCRESAHA.120.318458#Donor2_TissueBlock1,http://purl.org/ccf/1.5/521967fe-9c54-4b71-a9aa-398950ed47ae,heart,UBERON:0000948,sc_bulk,http://purl.obolibrary.org/obo/CL_0000623,natural killer cell,262.9210639999999,0.01188527595344804
https://doi.org/10.1161/CIRCRESAHA.120.318458#Donor2_TissueBlock1,http://purl.org/ccf/1.5/521967fe-9c54-4b71-a9aa-398950ed47ae,heart,UBERON:0000948,sc_bulk,http://purl.obolibrary.org/obo/CL_0002397,"CD14-positive, CD16-positive monocyte",229.5987120000001,0.01037894799739682
https://doi.org/10.1161/CIRCRESAHA.120.318458#Donor2_TissueBlock1,http://purl.org/ccf/1.5/521967fe-9c54-4b71-a9aa-398950ed47ae,heart,UBERON:0000948,sc_bulk,http://purl.obolibrary.org/obo/CL_0002543,vein endothelial cell,207.340952,0.009372791945534741
https://doi.org/10.1161/CIRCRESAHA.120.318458#Donor2_TissueBlock1,http://purl.org/ccf/1.5/521967fe-9c54-4b71-a9aa-398950ed47ae,heart,UBERON:0000948,sc_bulk,http://purl.obolibrary.org/obo/CL_0001054,CD14-positive monocyte,126.179704,0.005703919567906477
https://doi.org/10.1161/CIRCRESAHA.120.318458#Donor2_TissueBlock1,http://purl.org/ccf/1.5/521967fe-9c54-4b71-a9aa-398950ed47ae,heart,UBERON:0000948,sc_bulk,http://purl.obolibrary.org/obo/CL_0002319,neural cell,113.160992,0.005115412194916136
https://doi.org/10.1161/CIRCRESAHA.120.318458#Donor2_TissueBlock1,http://purl.org/ccf/1.5/521967fe-9c54-4b71-a9aa-398950ed47ae,heart,UBERON:0000948,sc_bulk,http://purl.obolibrary.org/obo/CL_0000934,"CD4-positive, alpha-beta cytotoxic T cell",100.390416,0.004538121743039369
https://doi.org/10.1161/CIRCRESAHA.120.318458#Donor2_TissueBlock1,http://purl.org/ccf/1.5/521967fe-9c54-4b71-a9aa-398950ed47ae,heart,UBERON:0000948,sc_bulk,http://purl.obolibrary.org/obo/CL_0000576,monocyte,78.27142400000002,0.003538238661278718
https://doi.org/10.1161/CIRCRESAHA.120.318458#Donor2_TissueBlock1,http://purl.org/ccf/1.5/521967fe-9c54-4b71-a9aa-398950ed47ae,heart,UBERON:0000948,sc_bulk,http://purl.obolibrary.org/obo/CL_0000794,"CD8-positive, alpha-beta cytotoxic T cell",75.719504,0.003422879804328696
https://doi.org/10.1161/CIRCRESAHA.120.318458#Donor2_TissueBlock1,http://purl.org/ccf/1.5/521967fe-9c54-4b71-a9aa-398950ed47ae,heart,UBERON:0000948,sc_bulk,http://purl.obolibrary.org/obo/CL_0000906,"activated CD8-positive, alpha-beta T cell",69.878312,0.003158830291669364
https://doi.org/10.1161/CIRCRESAHA.120.318458#Donor2_TissueBlock1,http://purl.org/ccf/1.5/521967fe-9c54-4b71-a9aa-398950ed47ae,heart,UBERON:0000948,sc_bulk,http://purl.obolibrary.org/obo/CL_0000814,mature NK T cell,66.988096,0.003028178855065294
https://doi.org/10.1161/CIRCRESAHA.120.318458#Donor2_TissueBlock1,http://purl.org/ccf/1.5/521967fe-9c54-4b71-a9aa-398950ed47ae,heart,UBERON:0000948,sc_bulk,http://purl.obolibrary.org/obo/CL_0000097,mast cell,61.02342400000001,0.002758547462230961
https://doi.org/10.1161/CIRCRESAHA.120.318458#Donor2_TissueBlock1,http://purl.org/ccf/1.5/521967fe-9c54-4b71-a9aa-398950ed47ae,heart,UBERON:0000948,sc_bulk,http://purl.obolibrary.org/obo/CL_0000896,"activated CD4-positive, alpha-beta T cell",52.35395200000001,0.00236664631318232
https://doi.org/10.1161/CIRCRESAHA.120.318458#Donor2_TissueBlock1,http://purl.org/ccf/1.5/521967fe-9c54-4b71-a9aa-398950ed47ae,heart,UBERON:0000948,sc_bulk,http://purl.obolibrary.org/obo/CL_0000236,B cell,47.034904,0.002126200179548707
https://doi.org/10.1161/CIRCRESAHA.120.318458#Donor2_TissueBlock1,http://purl.org/ccf/1.5/521967fe-9c54-4b71-a9aa-398950ed47ae,heart,UBERON:0000948,sc_bulk,https://purl.org/ccf/ASCTB-TEMP_b,B,45.81304,0.002070966146197983
https://doi.org/10.1161/CIRCRESAHA.120.318458#Donor2_TissueBlock1,http://purl.org/ccf/1.5/521967fe-9c54-4b71-a9aa-398950ed47ae,heart,UBERON:0000948,sc_bulk,http://purl.obolibrary.org/obo/CL_1000309,epicardial adipocyte,41.408528,0.001871861366368424
https://doi.org/10.1161/CIRCRESAHA.120.318458#Donor2_TissueBlock1,http://purl.org/ccf/1.5/521967fe-9c54-4b71-a9aa-398950ed47ae,heart,UBERON:0000948,sc_bulk,http://purl.obolibrary.org/obo/CL_0002138,endothelial cell of lymphatic vessel,37.55242400000001,0.001697547222617679
https://doi.org/10.1161/CIRCRESAHA.120.318458#Donor2_TissueBlock1,http://purl.org/ccf/1.5/521967fe-9c54-4b71-a9aa-398950ed47ae,heart,UBERON:0000948,sc_bulk,https://purl.org/ccf/ASCTB-TEMP_monocyte-cdc,Monocyte/cDC,36.536752,0.00165163404314648
https://doi.org/10.1161/CIRCRESAHA.120.318458#Donor2_TissueBlock1,http://purl.org/ccf/1.5/521967fe-9c54-4b71-a9aa-398950ed47ae,heart,UBERON:0000948,sc_bulk,https://purl.org/ccf/ASCTB-TEMP_macrophage,Macrophage,23.781856,0.001075052401450665
https://doi.org/10.1161/CIRCRESAHA.120.318458#Donor2_TissueBlock1,http://purl.org/ccf/1.5/521967fe-9c54-4b71-a9aa-398950ed47ae,heart,UBERON:0000948,sc_bulk,https://purl.org/ccf/ASCTB-TEMP_pericyte,Pericyte,22.05392,9.969415195096988E-4
https://doi.org/10.1161/CIRCRESAHA.120.318458#Donor2_TissueBlock1,http://purl.org/ccf/1.5/521967fe-9c54-4b71-a9aa-398950ed47ae,heart,UBERON:0000948,sc_bulk,http://purl.obolibrary.org/obo/CL_0000451,dendritic cell,21.489048,9.714066327408848E-4
https://doi.org/10.1161/CIRCRESAHA.120.318458#Donor2_TissueBlock1,http://purl.org/ccf/1.5/521967fe-9c54-4b71-a9aa-398950ed47ae,heart,UBERON:0000948,sc_bulk,https://purl.org/ccf/ASCTB-TEMP_capillary-endothelial,Capillary Endothelial,21.099008,9.537749794896913E-4
https://doi.org/10.1161/CIRCRESAHA.120.318458#Donor2_TissueBlock1,http://purl.org/ccf/1.5/521967fe-9c54-4b71-a9aa-398950ed47ae,heart,UBERON:0000948,sc_bulk,https://purl.org/ccf/ASCTB-TEMP_venous-endothelial,Venous Endothelial,10.867808,4.912763364181815E-4
https://doi.org/10.1161/CIRCRESAHA.120.318458#Donor2_TissueBlock1,http://purl.org/ccf/1.5/521967fe-9c54-4b71-a9aa-398950ed47ae,heart,UBERON:0000948,sc_bulk,https://purl.org/ccf/ASCTB-TEMP_nk,NK,7.252784000000001,3.278601491995814E-4
https://doi.org/10.1161/CIRCRESAHA.120.318458#Donor2_TissueBlock1,http://purl.org/ccf/1.5/521967fe-9c54-4b71-a9aa-398950ed47ae,heart,UBERON:0000948,sc_bulk,https://purl.org/ccf/ASCTB-TEMP_arterial-endothelial,Arterial Endothelial,7.116368,3.216935006252946E-4
https://doi.org/10.1161/CIRCRESAHA.120.318458#Donor2_TissueBlock1,http://purl.org/ccf/1.5/521967fe-9c54-4b71-a9aa-398950ed47ae,heart,UBERON:0000948,sc_bulk,https://purl.org/ccf/ASCTB-TEMP_mesothelial,Mesothelial,6.252400000000001,2.826380596548116E-4
https://doi.org/10.1161/CIRCRESAHA.120.318458#Donor2_TissueBlock1,http://purl.org/ccf/1.5/521967fe-9c54-4b71-a9aa-398950ed47ae,heart,UBERON:0000948,sc_bulk,https://purl.org/ccf/ASCTB-TEMP_t,T,4.615408,2.0863827676337E-4
https://doi.org/10.1161/CIRCRESAHA.120.318458#Donor2_TissueBlock1,http://purl.org/ccf/1.5/521967fe-9c54-4b71-a9aa-398950ed47ae,heart,UBERON:0000948,sc_bulk,https://purl.org/ccf/ASCTB-TEMP_smooth-muscle,Smooth Muscle,4.297104,1.942494300900341E-4
https://doi.org/10.1161/CIRCRESAHA.120.318458#Donor2_TissueBlock1,http://purl.org/ccf/1.5/521967fe-9c54-4b71-a9aa-398950ed47ae,heart,UBERON:0000948,sc_bulk,https://purl.org/ccf/ASCTB-TEMP_lymphatic-endothelial,Lymphatic Endothelial,2.637376,1.192218724362114E-4
https://doi.org/10.1161/CIRCRESAHA.120.318458#Donor2_TissueBlock1,http://purl.org/ccf/1.5/521967fe-9c54-4b71-a9aa-398950ed47ae,heart,UBERON:0000948,sc_bulk,https://purl.org/ccf/ASCTB-TEMP_mast,Mast,2.455488,1.109996743371624E-4
https://doi.org/10.1161/CIRCRESAHA.120.318458#Donor2_TissueBlock1,http://purl.org/ccf/1.5/521967fe-9c54-4b71-a9aa-398950ed47ae,heart,UBERON:0000948,sc_bulk,https://purl.org/ccf/ASCTB-TEMP_endocardial,Endocardial,2.137184,9.661082766382648E-5
https://doi.org/10.1161/CIRCRESAHA.120.318458#Donor2_TissueBlock1,http://purl.org/ccf/1.5/521967fe-9c54-4b71-a9aa-398950ed47ae,heart,UBERON:0000948,sc_bulk,https://purl.org/ccf/ASCTB-TEMP_neuronal,Neuronal,1.02312,4.624986430715099E-5
https://doi.org/10.1161/CIRCRESAHA.120.318458#Donor2_TissueBlock1,http://purl.org/ccf/1.5/521967fe-9c54-4b71-a9aa-398950ed47ae,heart,UBERON:0000948,sc_bulk,https://purl.org/ccf/ASCTB-TEMP_atrial-cardiomyocyte,Atrial Cardiomyocyte,0.7730240000000002,3.494434192095852E-5
https://doi.org/10.1161/CIRCRESAHA.120.318458#Donor2_TissueBlock1,http://purl.org/ccf/1.5/521967fe-9c54-4b71-a9aa-398950ed47ae,heart,UBERON:0000948,sc_bulk,https://purl.org/ccf/ASCTB-TEMP_adipocyte,Adipocyte,0.7502880000000001,3.391656715857738E-5
https://doi.org/10.1161/CIRCRESAHA.120.318458#Donor2_TissueBlock1,http://purl.org/ccf/1.5/521967fe-9c54-4b71-a9aa-398950ed47ae,heart,UBERON:0000948,sc_bulk,http://purl.obolibrary.org/obo/CL_0000077,mesothelial cell,0.6456240000000001,2.918525920071941E-5
https://doi.org/10.1161/CIRCRESAHA.120.318458#Donor2_TissueBlock1,http://purl.org/ccf/1.5/521967fe-9c54-4b71-a9aa-398950ed47ae,heart,UBERON:0000948,sc_bulk,https://purl.org/ccf/ASCTB-TEMP_endothelial,Endothelial,0.022736,1.027774762381133E-6
https://doi.org/10.1161/CIRCRESAHA.120.318458#Donor3_TissueBlock1,http://purl.org/ccf/1.5/6d7cca9f-1fe3-442d-8ac9-43896f194326,heart,UBERON:0000948,sc_bulk,https://purl.org/ccf/ASCTB-TEMP_fibroblast,Fibroblast,213878.0871499999,0.3330088912100684
https://doi.org/10.1161/CIRCRESAHA.120.318458#Donor3_TissueBlock1,http://purl.org/ccf/1.5/6d7cca9f-1fe3-442d-8ac9-43896f194326,heart,UBERON:0000948,sc_bulk,https://purl.org/ccf/ASCTB-TEMP_ventricular-cardiomycoyte,Ventricular Cardiomycoyte,168516.238324,0.2623803421049387
https://doi.org/10.1161/CIRCRESAHA.120.318458#Donor3_TissueBlock1,http://purl.org/ccf/1.5/6d7cca9f-1fe3-442d-8ac9-43896f194326,heart,UBERON:0000948,sc_bulk,http://purl.obolibrary.org/obo/CL_0002131,regular ventricular cardiac myocyte,60983.76424,0.09495192322874964
https://doi.org/10.1161/CIRCRESAHA.120.318458#Donor3_TissueBlock1,http://purl.org/ccf/1.5/6d7cca9f-1fe3-442d-8ac9-43896f194326,heart,UBERON:0000948,sc_bulk,http://purl.obolibrary.org/obo/CL_0000669,pericyte,32411.53321000001,0.05046486472974056
https://doi.org/10.1161/CIRCRESAHA.120.318458#Donor3_TissueBlock1,http://purl.org/ccf/1.5/6d7cca9f-1fe3-442d-8ac9-43896f194326,heart,UBERON:0000948,sc_bulk,http://purl.obolibrary.org/obo/CL_0002144,capillary endothelial cell,26039.362678,0.04054337407242713
https://doi.org/10.1161/CIRCRESAHA.120.318458#Donor3_TissueBlock1,http://purl.org/ccf/1.5/6d7cca9f-1fe3-442d-8ac9-43896f194326,heart,UBERON:0000948,sc_bulk,https://purl.org/ccf/ASCTB-TEMP_b,B,25546.64396199999,0.03977620939707385
https://doi.org/10.1161/CIRCRESAHA.120.318458#Donor3_TissueBlock1,http://purl.org/ccf/1.5/6d7cca9f-1fe3-442d-8ac9-43896f194326,heart,UBERON:0000948,sc_bulk,http://purl.obolibrary.org/obo/CL_0000057,fibroblast,18895.169314,0.02941984130458711
https://doi.org/10.1161/CIRCRESAHA.120.318458#Donor3_TissueBlock1,http://purl.org/ccf/1.5/6d7cca9f-1fe3-442d-8ac9-43896f194326,heart,UBERON:0000948,sc_bulk,http://purl.obolibrary.org/obo/CL_0000003,native cell,13649.074642,0.02125165449692906
https://doi.org/10.1161/CIRCRESAHA.120.318458#Donor3_TissueBlock1,http://purl.org/ccf/1.5/6d7cca9f-1fe3-442d-8ac9-43896f194326,heart,UBERON:0000948,sc_bulk,http://purl.obolibrary.org/obo/CL_1000413,endothelial cell of artery,9233.669186,0.01437685355430502
https://doi.org/10.1161/CIRCRESAHA.120.318458#Donor3_TissueBlock1,http://purl.org/ccf/1.5/6d7cca9f-1fe3-442d-8ac9-43896f194326,heart,UBERON:0000948,sc_bulk,https://purl.org/ccf/ASCTB-TEMP_pericyte,Pericyte,7880.700897999999,0.01227027744156244
https://doi.org/10.1161/CIRCRESAHA.120.318458#Donor3_TissueBlock1,http://purl.org/ccf/1.5/6d7cca9f-1fe3-442d-8ac9-43896f194326,heart,UBERON:0000948,sc_bulk,https://purl.org/ccf/ASCTB-TEMP_monocyte-cdc,Monocyte/cDC,7274.755446,0.01132681836263967
https://doi.org/10.1161/CIRCRESAHA.120.318458#Donor3_TissueBlock1,http://purl.org/ccf/1.5/6d7cca9f-1fe3-442d-8ac9-43896f194326,heart,UBERON:0000948,sc_bulk,https://purl.org/ccf/ASCTB-TEMP_capillary-endothelial,Capillary Endothelial,7207.642147999999,0.01122232273501253
https://doi.org/10.1161/CIRCRESAHA.120.318458#Donor3_TissueBlock1,http://purl.org/ccf/1.5/6d7cca9f-1fe3-442d-8ac9-43896f194326,heart,UBERON:0000948,sc_bulk,https://purl.org/ccf/ASCTB-TEMP_macrophage,Macrophage,6429.470515999998,0.01001070692248795
https://doi.org/10.1161/CIRCRESAHA.120.318458#Donor3_TissueBlock1,http://purl.org/ccf/1.5/6d7cca9f-1fe3-442d-8ac9-43896f194326,heart,UBERON:0000948,sc_bulk,http://purl.obolibrary.org/obo/CL_0000192,smooth muscle cell,5985.372582000002,0.009319244966002893
https://doi.org/10.1161/CIRCRESAHA.120.318458#Donor3_TissueBlock1,http://purl.org/ccf/1.5/6d7cca9f-1fe3-442d-8ac9-43896f194326,heart,UBERON:0000948,sc_bulk,http://purl.obolibrary.org/obo/CL_0000235,macrophage,5073.163087999999,0.007898931757688141
https://doi.org/10.1161/CIRCRESAHA.120.318458#Donor3_TissueBlock1,http://purl.org/ccf/1.5/6d7cca9f-1fe3-442d-8ac9-43896f194326,heart,UBERON:0000948,sc_bulk,http://purl.obolibrary.org/obo/CL_0000115,endothelial cell,3313.91284,0.005159773285428924
https://doi.org/10.1161/CIRCRESAHA.120.318458#Donor3_TissueBlock1,http://purl.org/ccf/1.5/6d7cca9f-1fe3-442d-8ac9-43896f194326,heart,UBERON:0000948,sc_bulk,http://purl.obolibrary.org/obo/CL_0002543,vein endothelial cell,2677.898902,0.004169497474055186
https://doi.org/10.1161/CIRCRESAHA.120.318458#Donor3_TissueBlock1,http://purl.org/ccf/1.5/6d7cca9f-1fe3-442d-8ac9-43896f194326,heart,UBERON:0000948,sc_bulk,https://purl.org/ccf/ASCTB-TEMP_mesothelial,Mesothelial,2653.75376,0.004131903407862278
https://doi.org/10.1161/CIRCRESAHA.120.318458#Donor3_TissueBlock1,http://purl.org/ccf/1.5/6d7cca9f-1fe3-442d-8ac9-43896f194326,heart,UBERON:0000948,sc_bulk,https://purl.org/ccf/ASCTB-TEMP_arterial-endothelial,Arterial Endothelial,2534.636986,0.00394643819558721
https://doi.org/10.1161/CIRCRESAHA.120.318458#Donor3_TissueBlock1,http://purl.org/ccf/1.5/6d7cca9f-1fe3-442d-8ac9-43896f194326,heart,UBERON:0000948,sc_bulk,https://purl.org/ccf/ASCTB-TEMP_venous-endothelial,Venous Endothelial,2368.464812,0.00368770756941092
https://doi.org/10.1161/CIRCRESAHA.120.318458#Donor3_TissueBlock1,http://purl.org/ccf/1.5/6d7cca9f-1fe3-442d-8ac9-43896f194326,heart,UBERON:0000948,sc_bulk,https://purl.org/ccf/ASCTB-TEMP_smooth-muscle,Smooth Muscle,2301.448870000001,0.003583363525398751
https://doi.org/10.1161/CIRCRESAHA.120.318458#Donor3_TissueBlock1,http://purl.org/ccf/1.5/6d7cca9f-1fe3-442d-8ac9-43896f194326,heart,UBERON:0000948,sc_bulk,https://purl.org/ccf/ASCTB-TEMP_endocardial,Endocardial,1719.077234,0.002676608956191571
https://doi.org/10.1161/CIRCRESAHA.120.318458#Donor3_TissueBlock1,http://purl.org/ccf/1.5/6d7cca9f-1fe3-442d-8ac9-43896f194326,heart,UBERON:0000948,sc_bulk,https://purl.org/ccf/ASCTB-TEMP_nk,NK,1715.106988,0.002670427269998708
https://doi.org/10.1161/CIRCRESAHA.120.318458#Donor3_TissueBlock1,http://purl.org/ccf/1.5/6d7cca9f-1fe3-442d-8ac9-43896f194326,heart,UBERON:0000948,sc_bulk,http://purl.obolibrary.org/obo/CL_0000623,natural killer cell,1290.963618,0.00201003463585876
https://doi.org/10.1161/CIRCRESAHA.120.318458#Donor3_TissueBlock1,http://purl.org/ccf/1.5/6d7cca9f-1fe3-442d-8ac9-43896f194326,heart,UBERON:0000948,sc_bulk,http://purl.obolibrary.org/obo/CL_0000934,"CD4-positive, alpha-beta cytotoxic T cell",1202.766768,0.00187271184782521
https://doi.org/10.1161/CIRCRESAHA.120.318458#Donor3_TissueBlock1,http://purl.org/ccf/1.5/6d7cca9f-1fe3-442d-8ac9-43896f194326,heart,UBERON:0000948,sc_bulk,http://purl.obolibrary.org/obo/CL_0002319,neural cell,1064.36582,0.001657221112658971
https://doi.org/10.1161/CIRCRESAHA.120.318458#Donor3_TissueBlock1,http://purl.org/ccf/1.5/6d7cca9f-1fe3-442d-8ac9-43896f194326,heart,UBERON:0000948,sc_bulk,http://purl.obolibrary.org/obo/CL_0002397,"CD14-positive, CD16-positive monocyte",969.228512,0.001509092008495198
https://doi.org/10.1161/CIRCRESAHA.120.318458#Donor3_TissueBlock1,http://purl.org/ccf/1.5/6d7cca9f-1fe3-442d-8ac9-43896f194326,heart,UBERON:0000948,sc_bulk,https://purl.org/ccf/ASCTB-TEMP_t,T,968.78614,0.001508403233823677
https://doi.org/10.1161/CIRCRESAHA.120.318458#Donor3_TissueBlock1,http://purl.org/ccf/1.5/6d7cca9f-1fe3-442d-8ac9-43896f194326,heart,UBERON:0000948,sc_bulk,http://purl.obolibrary.org/obo/CL_1000309,epicardial adipocyte,831.24517,0.001294251487256323
https://doi.org/10.1161/CIRCRESAHA.120.318458#Donor3_TissueBlock1,http://purl.org/ccf/1.5/6d7cca9f-1fe3-442d-8ac9-43896f194326,heart,UBERON:0000948,sc_bulk,http://purl.obolibrary.org/obo/CL_0000794,"CD8-positive, alpha-beta cytotoxic T cell",785.715868,0.001223362213003767
https://doi.org/10.1161/CIRCRESAHA.120.318458#Donor3_TissueBlock1,http://purl.org/ccf/1.5/6d7cca9f-1fe3-442d-8ac9-43896f194326,heart,UBERON:0000948,sc_bulk,http://purl.obolibrary.org/obo/CL_0000906,"activated CD8-positive, alpha-beta T cell",782.351962,0.001218124600202371
https://doi.org/10.1161/CIRCRESAHA.120.318458#Donor3_TissueBlock1,http://purl.org/ccf/1.5/6d7cca9f-1fe3-442d-8ac9-43896f194326,heart,UBERON:0000948,sc_bulk,https://purl.org/ccf/ASCTB-TEMP_adipocyte,Adipocyte,691.183192,0.001076174522869796
https://doi.org/10.1161/CIRCRESAHA.120.318458#Donor3_TissueBlock1,http://purl.org/ccf/1.5/6d7cca9f-1fe3-442d-8ac9-43896f194326,heart,UBERON:0000948,sc_bulk,http://purl.obolibrary.org/obo/CL_0000097,mast cell,688.8218820000002,0.001072497955366405
https://doi.org/10.1161/CIRCRESAHA.120.318458#Donor3_TissueBlock1,http://purl.org/ccf/1.5/6d7cca9f-1fe3-442d-8ac9-43896f194326,heart,UBERON:0000948,sc_bulk,https://purl.org/ccf/ASCTB-TEMP_neuronal,Neuronal,556.3733139999999,8.662750956065453E-4
https://doi.org/10.1161/CIRCRESAHA.120.318458#Donor3_TissueBlock1,http://purl.org/ccf/1.5/6d7cca9f-1fe3-442d-8ac9-43896f194326,heart,UBERON:0000948,sc_bulk,https://purl.org/ccf/ASCTB-TEMP_lymphatic-endothelial,Lymphatic Endothelial,548.2253000000001,8.535886107783866E-4
https://doi.org/10.1161/CIRCRESAHA.120.318458#Donor3_TissueBlock1,http://purl.org/ccf/1.5/6d7cca9f-1fe3-442d-8ac9-43896f194326,heart,UBERON:0000948,sc_bulk,http://purl.obolibrary.org/obo/CL_0000814,mature NK T cell,541.46589,8.430641869847718E-4
https://doi.org/10.1161/CIRCRESAHA.120.318458#Donor3_TissueBlock1,http://purl.org/ccf/1.5/6d7cca9f-1fe3-442d-8ac9-43896f194326,heart,UBERON:0000948,sc_bulk,http://purl.obolibrary.org/obo/CL_0001054,CD14-positive monocyte,525.0255360000001,8.174665012676683E-4
https://doi.org/10.1161/CIRCRESAHA.120.318458#Donor3_TissueBlock1,http://purl.org/ccf/1.5/6d7cca9f-1fe3-442d-8ac9-43896f194326,heart,UBERON:0000948,sc_bulk,https://purl.org/ccf/ASCTB-TEMP_mast,Mast,522.78891,8.139840671659022E-4
https://doi.org/10.1161/CIRCRESAHA.120.318458#Donor3_TissueBlock1,http://purl.org/ccf/1.5/6d7cca9f-1fe3-442d-8ac9-43896f194326,heart,UBERON:0000948,sc_bulk,http://purl.obolibrary.org/obo/CL_0000576,monocyte,507.226468,7.897532933451771E-4
https://doi.org/10.1161/CIRCRESAHA.120.318458#Donor3_TissueBlock1,http://purl.org/ccf/1.5/6d7cca9f-1fe3-442d-8ac9-43896f194326,heart,UBERON:0000948,sc_bulk,http://purl.obolibrary.org/obo/CL_0000896,"activated CD4-positive, alpha-beta T cell",397.0331400000001,6.181819160946799E-4
https://doi.org/10.1161/CIRCRESAHA.120.318458#Donor3_TissueBlock1,http://purl.org/ccf/1.5/6d7cca9f-1fe3-442d-8ac9-43896f194326,heart,UBERON:0000948,sc_bulk,http://purl.obolibrary.org/obo/CL_0002138,endothelial cell of lymphatic vessel,318.76831,4.963233161495356E-4
https://doi.org/10.1161/CIRCRESAHA.120.318458#Donor3_TissueBlock1,http://purl.org/ccf/1.5/6d7cca9f-1fe3-442d-8ac9-43896f194326,heart,UBERON:0000948,sc_bulk,http://purl.obolibrary.org/obo/CL_0000236,B cell,274.617364,4.275801467615276E-4
https://doi.org/10.1161/CIRCRESAHA.120.318458#Donor3_TissueBlock1,http://purl.org/ccf/1.5/6d7cca9f-1fe3-442d-8ac9-43896f194326,heart,UBERON:0000948,sc_bulk,http://purl.obolibrary.org/obo/CL_0000451,dendritic cell,262.57511,4.088303173346469E-4
https://doi.org/10.1161/CIRCRESAHA.120.318458#Donor3_TissueBlock1,http://purl.org/ccf/1.5/6d7cca9f-1fe3-442d-8ac9-43896f194326,heart,UBERON:0000948,sc_bulk,https://purl.org/ccf/ASCTB-TEMP_atrial-cardiomyocyte,Atrial Cardiomyocyte,177.4612,2.763076771084177E-4
https://doi.org/10.1161/CIRCRESAHA.120.318458#Donor3_TissueBlock1,http://purl.org/ccf/1.5/6d7cca9f-1fe3-442d-8ac9-43896f194326,heart,UBERON:0000948,sc_bulk,https://purl.org/ccf/ASCTB-TEMP_endothelial,Endothelial,34.31372,5.342657587207035E-5
https://doi.org/10.1161/CIRCRESAHA.120.318458#Donor3_TissueBlock1,http://purl.org/ccf/1.5/6d7cca9f-1fe3-442d-8ac9-43896f194326,heart,UBERON:0000948,sc_bulk,http://purl.obolibrary.org/obo/CL_0000077,mesothelial cell,29.13848,4.536871002376905E-5
https://doi.org/10.1161/CIRCRESAHA.120.318458#Donor4_TissueBlock1,http://purl.org/ccf/1.5/ee4110ca-9ea3-4580-a79c-30471359f11c,heart,UBERON:0000948,sc_bulk,https://purl.org/ccf/ASCTB-TEMP_fibroblast,Fibroblast,143002.795975,0.3330088912100684
https://doi.org/10.1161/CIRCRESAHA.120.318458#Donor4_TissueBlock1,http://purl.org/ccf/1.5/ee4110ca-9ea3-4580-a79c-30471359f11c,heart,UBERON:0000948,sc_bulk,https://purl.org/ccf/ASCTB-TEMP_ventricular-cardiomycoyte,Ventricular Cardiomycoyte,112673.035226,0.2623803421049387
https://doi.org/10.1161/CIRCRESAHA.120.318458#Donor4_TissueBlock1,http://purl.org/ccf/1.5/ee4110ca-9ea3-4580-a79c-30471359f11c,heart,UBERON:0000948,sc_bulk,http://purl.obolibrary.org/obo/CL_0002131,regular ventricular cardiac myocyte,40774.85876,0.09495192322874962
https://doi.org/10.1161/CIRCRESAHA.120.318458#Donor4_TissueBlock1,http://purl.org/ccf/1.5/ee4110ca-9ea3-4580-a79c-30471359f11c,heart,UBERON:0000948,sc_bulk,http://purl.obolibrary.org/obo/CL_0000669,pericyte,21670.943165,0.05046486472974056
https://doi.org/10.1161/CIRCRESAHA.120.318458#Donor4_TissueBlock1,http://purl.org/ccf/1.5/ee4110ca-9ea3-4580-a79c-30471359f11c,heart,UBERON:0000948,sc_bulk,http://purl.obolibrary.org/obo/CL_0002144,capillary endothelial cell,17410.393547,0.04054337407242713
https://doi.org/10.1161/CIRCRESAHA.120.318458#Donor4_TissueBlock1,http://purl.org/ccf/1.5/ee4110ca-9ea3-4580-a79c-30471359f11c,heart,UBERON:0000948,sc_bulk,https://purl.org/ccf/ASCTB-TEMP_b,B,17080.952813,0.03977620939707385
https://doi.org/10.1161/CIRCRESAHA.120.318458#Donor4_TissueBlock1,http://purl.org/ccf/1.5/ee4110ca-9ea3-4580-a79c-30471359f11c,heart,UBERON:0000948,sc_bulk,http://purl.obolibrary.org/obo/CL_0000057,fibroblast,12633.655361,0.0294198413045871
https://doi.org/10.1161/CIRCRESAHA.120.318458#Donor4_TissueBlock1,http://purl.org/ccf/1.5/ee4110ca-9ea3-4580-a79c-30471359f11c,heart,UBERON:0000948,sc_bulk,http://purl.obolibrary.org/obo/CL_0000003,native cell,9126.020632999998,0.02125165449692906
https://doi.org/10.1161/CIRCRESAHA.120.318458#Donor4_TissueBlock1,http://purl.org/ccf/1.5/ee4110ca-9ea3-4580-a79c-30471359f11c,heart,UBERON:0000948,sc_bulk,http://purl.obolibrary.org/obo/CL_1000413,endothelial cell of artery,6173.799889,0.01437685355430502
https://doi.org/10.1161/CIRCRESAHA.120.318458#Donor4_TissueBlock1,http://purl.org/ccf/1.5/ee4110ca-9ea3-4580-a79c-30471359f11c,heart,UBERON:0000948,sc_bulk,https://purl.org/ccf/ASCTB-TEMP_pericyte,Pericyte,5269.180576999999,0.01227027744156244
https://doi.org/10.1161/CIRCRESAHA.120.318458#Donor4_TissueBlock1,http://purl.org/ccf/1.5/ee4110ca-9ea3-4580-a79c-30471359f11c,heart,UBERON:0000948,sc_bulk,https://purl.org/ccf/ASCTB-TEMP_monocyte-cdc,Monocyte/cDC,4864.034379,0.01132681836263967
https://doi.org/10.1161/CIRCRESAHA.120.318458#Donor4_TissueBlock1,http://purl.org/ccf/1.5/ee4110ca-9ea3-4580-a79c-30471359f11c,heart,UBERON:0000948,sc_bulk,https://purl.org/ccf/ASCTB-TEMP_capillary-endothelial,Capillary Endothelial,4819.161201999999,0.01122232273501253
https://doi.org/10.1161/CIRCRESAHA.120.318458#Donor4_TissueBlock1,http://purl.org/ccf/1.5/ee4110ca-9ea3-4580-a79c-30471359f11c,heart,UBERON:0000948,sc_bulk,https://purl.org/ccf/ASCTB-TEMP_macrophage,Macrophage,4298.861433999999,0.01001070692248795
https://doi.org/10.1161/CIRCRESAHA.120.318458#Donor4_TissueBlock1,http://purl.org/ccf/1.5/ee4110ca-9ea3-4580-a79c-30471359f11c,heart,UBERON:0000948,sc_bulk,http://purl.obolibrary.org/obo/CL_0000192,smooth muscle cell,4001.929443000001,0.009319244966002891
https://doi.org/10.1161/CIRCRESAHA.120.318458#Donor4_TissueBlock1,http://purl.org/ccf/1.5/ee4110ca-9ea3-4580-a79c-30471359f11c,heart,UBERON:0000948,sc_bulk,http://purl.obolibrary.org/obo/CL_0000235,macrophage,3392.009511999999,0.00789893175768814
https://doi.org/10.1161/CIRCRESAHA.120.318458#Donor4_TissueBlock1,http://purl.org/ccf/1.5/ee4110ca-9ea3-4580-a79c-30471359f11c,heart,UBERON:0000948,sc_bulk,http://purl.obolibrary.org/obo/CL_0000115,endothelial cell,2215.74266,0.005159773285428923
https://doi.org/10.1161/CIRCRESAHA.120.318458#Donor4_TissueBlock1,http://purl.org/ccf/1.5/ee4110ca-9ea3-4580-a79c-30471359f11c,heart,UBERON:0000948,sc_bulk,http://purl.obolibrary.org/obo/CL_0002543,vein endothelial cell,1790.492123,0.004169497474055186
https://doi.org/10.1161/CIRCRESAHA.120.318458#Donor4_TissueBlock1,http://purl.org/ccf/1.5/ee4110ca-9ea3-4580-a79c-30471359f11c,heart,UBERON:0000948,sc_bulk,https://purl.org/ccf/ASCTB-TEMP_mesothelial,Mesothelial,1774.34824,0.004131903407862277
https://doi.org/10.1161/CIRCRESAHA.120.318458#Donor4_TissueBlock1,http://purl.org/ccf/1.5/ee4110ca-9ea3-4580-a79c-30471359f11c,heart,UBERON:0000948,sc_bulk,https://purl.org/ccf/ASCTB-TEMP_arterial-endothelial,Arterial Endothelial,1694.704589,0.003946438195587209
https://doi.org/10.1161/CIRCRESAHA.120.318458#Donor4_TissueBlock1,http://purl.org/ccf/1.5/ee4110ca-9ea3-4580-a79c-30471359f11c,heart,UBERON:0000948,sc_bulk,https://purl.org/ccf/ASCTB-TEMP_venous-endothelial,Venous Endothelial,1583.598838,0.003687707569410919
https://doi.org/10.1161/CIRCRESAHA.120.318458#Donor4_TissueBlock1,http://purl.org/ccf/1.5/ee4110ca-9ea3-4580-a79c-30471359f11c,heart,UBERON:0000948,sc_bulk,https://purl.org/ccf/ASCTB-TEMP_smooth-muscle,Smooth Muscle,1538.790755,0.003583363525398751
https://doi.org/10.1161/CIRCRESAHA.120.318458#Donor4_TissueBlock1,http://purl.org/ccf/1.5/ee4110ca-9ea3-4580-a79c-30471359f11c,heart,UBERON:0000948,sc_bulk,https://purl.org/ccf/ASCTB-TEMP_endocardial,Endocardial,1149.406441,0.002676608956191571
https://doi.org/10.1161/CIRCRESAHA.120.318458#Donor4_TissueBlock1,http://purl.org/ccf/1.5/ee4110ca-9ea3-4580-a79c-30471359f11c,heart,UBERON:0000948,sc_bulk,https://purl.org/ccf/ASCTB-TEMP_nk,NK,1146.751862,0.002670427269998707
https://doi.org/10.1161/CIRCRESAHA.120.318458#Donor4_TissueBlock1,http://purl.org/ccf/1.5/ee4110ca-9ea3-4580-a79c-30471359f11c,heart,UBERON:0000948,sc_bulk,http://purl.obolibrary.org/obo/CL_0000623,natural killer cell,863.1618569999998,0.00201003463585876
https://doi.org/10.1161/CIRCRESAHA.120.318458#Donor4_TissueBlock1,http://purl.org/ccf/1.5/ee4110ca-9ea3-4580-a79c-30471359f11c,heart,UBERON:0000948,sc_bulk,http://purl.obolibrary.org/obo/CL_0000934,"CD4-positive, alpha-beta cytotoxic T cell",804.191832,0.001872711847825209
https://doi.org/10.1161/CIRCRESAHA.120.318458#Donor4_TissueBlock1,http://purl.org/ccf/1.5/ee4110ca-9ea3-4580-a79c-30471359f11c,heart,UBERON:0000948,sc_bulk,http://purl.obolibrary.org/obo/CL_0002319,neural cell,711.6544299999999,0.001657221112658971
https://doi.org/10.1161/CIRCRESAHA.120.318458#Donor4_TissueBlock1,http://purl.org/ccf/1.5/ee4110ca-9ea3-4580-a79c-30471359f11c,heart,UBERON:0000948,sc_bulk,http://purl.obolibrary.org/obo/CL_0002397,"CD14-positive, CD16-positive monocyte",648.043888,0.001509092008495198
https://doi.org/10.1161/CIRCRESAHA.120.318458#Donor4_TissueBlock1,http://purl.org/ccf/1.5/ee4110ca-9ea3-4580-a79c-30471359f11c,heart,UBERON:0000948,sc_bulk,https://purl.org/ccf/ASCTB-TEMP_t,T,647.74811,0.001508403233823677
https://doi.org/10.1161/CIRCRESAHA.120.318458#Donor4_TissueBlock1,http://purl.org/ccf/1.5/ee4110ca-9ea3-4580-a79c-30471359f11c,heart,UBERON:0000948,sc_bulk,http://purl.obolibrary.org/obo/CL_1000309,epicardial adipocyte,555.785705,0.001294251487256323
https://doi.org/10.1161/CIRCRESAHA.120.318458#Donor4_TissueBlock1,http://purl.org/ccf/1.5/ee4110ca-9ea3-4580-a79c-30471359f11c,heart,UBERON:0000948,sc_bulk,http://purl.obolibrary.org/obo/CL_0000794,"CD8-positive, alpha-beta cytotoxic T cell",525.343982,0.001223362213003767
https://doi.org/10.1161/CIRCRESAHA.120.318458#Donor4_TissueBlock1,http://purl.org/ccf/1.5/ee4110ca-9ea3-4580-a79c-30471359f11c,heart,UBERON:0000948,sc_bulk,http://purl.obolibrary.org/obo/CL_0000906,"activated CD8-positive, alpha-beta T cell",523.0948129999999,0.001218124600202371
https://doi.org/10.1161/CIRCRESAHA.120.318458#Donor4_TissueBlock1,http://purl.org/ccf/1.5/ee4110ca-9ea3-4580-a79c-30471359f11c,heart,UBERON:0000948,sc_bulk,https://purl.org/ccf/ASCTB-TEMP_adipocyte,Adipocyte,462.1377079999999,0.001076174522869796
https://doi.org/10.1161/CIRCRESAHA.120.318458#Donor4_TissueBlock1,http://purl.org/ccf/1.5/ee4110ca-9ea3-4580-a79c-30471359f11c,heart,UBERON:0000948,sc_bulk,http://purl.obolibrary.org/obo/CL_0000097,mast cell,460.5588930000001,0.001072497955366404
https://doi.org/10.1161/CIRCRESAHA.120.318458#Donor4_TissueBlock1,http://purl.org/ccf/1.5/ee4110ca-9ea3-4580-a79c-30471359f11c,heart,UBERON:0000948,sc_bulk,https://purl.org/ccf/ASCTB-TEMP_neuronal,Neuronal,372.001361,8.662750956065453E-4
https://doi.org/10.1161/CIRCRESAHA.120.318458#Donor4_TissueBlock1,http://purl.org/ccf/1.5/ee4110ca-9ea3-4580-a79c-30471359f11c,heart,UBERON:0000948,sc_bulk,https://purl.org/ccf/ASCTB-TEMP_lymphatic-endothelial,Lymphatic Endothelial,366.55345,8.535886107783864E-4
https://doi.org/10.1161/CIRCRESAHA.120.318458#Donor4_TissueBlock1,http://purl.org/ccf/1.5/ee4110ca-9ea3-4580-a79c-30471359f11c,heart,UBERON:0000948,sc_bulk,http://purl.obolibrary.org/obo/CL_0000814,mature NK T cell,362.033985,8.430641869847717E-4
https://doi.org/10.1161/CIRCRESAHA.120.318458#Donor4_TissueBlock1,http://purl.org/ccf/1.5/ee4110ca-9ea3-4580-a79c-30471359f11c,heart,UBERON:0000948,sc_bulk,http://purl.obolibrary.org/obo/CL_0001054,CD14-positive monocyte,351.041664,8.174665012676681E-4
https://doi.org/10.1161/CIRCRESAHA.120.318458#Donor4_TissueBlock1,http://purl.org/ccf/1.5/ee4110ca-9ea3-4580-a79c-30471359f11c,heart,UBERON:0000948,sc_bulk,https://purl.org/ccf/ASCTB-TEMP_mast,Mast,349.546215,8.139840671659021E-4
https://doi.org/10.1161/CIRCRESAHA.120.318458#Donor4_TissueBlock1,http://purl.org/ccf/1.5/ee4110ca-9ea3-4580-a79c-30471359f11c,heart,UBERON:0000948,sc_bulk,http://purl.obolibrary.org/obo/CL_0000576,monocyte,339.140882,7.89753293345177E-4
https://doi.org/10.1161/CIRCRESAHA.120.318458#Donor4_TissueBlock1,http://purl.org/ccf/1.5/ee4110ca-9ea3-4580-a79c-30471359f11c,heart,UBERON:0000948,sc_bulk,http://purl.obolibrary.org/obo/CL_0000896,"activated CD4-positive, alpha-beta T cell",265.4636100000001,6.181819160946799E-4
https://doi.org/10.1161/CIRCRESAHA.120.318458#Donor4_TissueBlock1,http://purl.org/ccf/1.5/ee4110ca-9ea3-4580-a79c-30471359f11c,heart,UBERON:0000948,sc_bulk,http://purl.obolibrary.org/obo/CL_0002138,endothelial cell of lymphatic vessel,213.134315,4.963233161495356E-4
https://doi.org/10.1161/CIRCRESAHA.120.318458#Donor4_TissueBlock1,http://purl.org/ccf/1.5/ee4110ca-9ea3-4580-a79c-30471359f11c,heart,UBERON:0000948,sc_bulk,http://purl.obolibrary.org/obo/CL_0000236,B cell,183.614186,4.275801467615275E-4
https://doi.org/10.1161/CIRCRESAHA.120.318458#Donor4_TissueBlock1,http://purl.org/ccf/1.5/ee4110ca-9ea3-4580-a79c-30471359f11c,heart,UBERON:0000948,sc_bulk,http://purl.obolibrary.org/obo/CL_0000451,dendritic cell,175.562515,4.088303173346468E-4
https://doi.org/10.1161/CIRCRESAHA.120.318458#Donor4_TissueBlock1,http://purl.org/ccf/1.5/ee4110ca-9ea3-4580-a79c-30471359f11c,heart,UBERON:0000948,sc_bulk,https://purl.org/ccf/ASCTB-TEMP_atrial-cardiomyocyte,Atrial Cardiomyocyte,118.6538,2.763076771084177E-4
https://doi.org/10.1161/CIRCRESAHA.120.318458#Donor4_TissueBlock1,http://purl.org/ccf/1.5/ee4110ca-9ea3-4580-a79c-30471359f11c,heart,UBERON:0000948,sc_bulk,https://purl.org/ccf/ASCTB-TEMP_endothelial,Endothelial,22.94278,5.342657587207035E-5
https://doi.org/10.1161/CIRCRESAHA.120.318458#Donor4_TissueBlock1,http://purl.org/ccf/1.5/ee4110ca-9ea3-4580-a79c-30471359f11c,heart,UBERON:0000948,sc_bulk,http://purl.obolibrary.org/obo/CL_0000077,mesothelial cell,19.48252,4.536871002376905E-5
https://doi.org/10.1161/CIRCRESAHA.120.318458#Donor5_TissueBlock1,http://purl.org/ccf/1.5/35247281-a3a5-4e0e-b4d5-5dda314c25f2,heart,UBERON:0000948,sc_bulk,https://purl.org/ccf/ASCTB-TEMP_fibroblast,Fibroblast,99175.31909999998,0.3330088912100683
https://doi.org/10.1161/CIRCRESAHA.120.318458#Donor5_TissueBlock1,http://purl.org/ccf/1.5/35247281-a3a5-4e0e-b4d5-5dda314c25f2,heart,UBERON:0000948,sc_bulk,https://purl.org/ccf/ASCTB-TEMP_ventricular-cardiomycoyte,Ventricular Cardiomycoyte,78141.019176,0.2623803421049387
https://doi.org/10.1161/CIRCRESAHA.120.318458#Donor5_TissueBlock1,http://purl.org/ccf/1.5/35247281-a3a5-4e0e-b4d5-5dda314c25f2,heart,UBERON:0000948,sc_bulk,http://purl.obolibrary.org/obo/CL_0002131,regular ventricular cardiac myocyte,28278.18576,0.09495192322874962
https://doi.org/10.1161/CIRCRESAHA.120.318458#Donor5_TissueBlock1,http://purl.org/ccf/1.5/35247281-a3a5-4e0e-b4d5-5dda314c25f2,heart,UBERON:0000948,sc_bulk,http://purl.obolibrary.org/obo/CL_0000669,pericyte,15029.23554,0.05046486472974056
https://doi.org/10.1161/CIRCRESAHA.120.318458#Donor5_TissueBlock1,http://purl.org/ccf/1.5/35247281-a3a5-4e0e-b4d5-5dda314c25f2,heart,UBERON:0000948,sc_bulk,http://purl.obolibrary.org/obo/CL_0002144,capillary endothelial cell,12074.458572,0.04054337407242713
https://doi.org/10.1161/CIRCRESAHA.120.318458#Donor5_TissueBlock1,http://purl.org/ccf/1.5/35247281-a3a5-4e0e-b4d5-5dda314c25f2,heart,UBERON:0000948,sc_bulk,https://purl.org/ccf/ASCTB-TEMP_b,B,11845.984788,0.03977620939707384
https://doi.org/10.1161/CIRCRESAHA.120.318458#Donor5_TissueBlock1,http://purl.org/ccf/1.5/35247281-a3a5-4e0e-b4d5-5dda314c25f2,heart,UBERON:0000948,sc_bulk,http://purl.obolibrary.org/obo/CL_0000057,fibroblast,8761.694436000002,0.0294198413045871
https://doi.org/10.1161/CIRCRESAHA.120.318458#Donor5_TissueBlock1,http://purl.org/ccf/1.5/35247281-a3a5-4e0e-b4d5-5dda314c25f2,heart,UBERON:0000948,sc_bulk,http://purl.obolibrary.org/obo/CL_0000003,native cell,6329.079108,0.02125165449692905
https://doi.org/10.1161/CIRCRESAHA.120.318458#Donor5_TissueBlock1,http://purl.org/ccf/1.5/35247281-a3a5-4e0e-b4d5-5dda314c25f2,heart,UBERON:0000948,sc_bulk,http://purl.obolibrary.org/obo/CL_1000413,endothelial cell of artery,4281.654564,0.01437685355430502
https://doi.org/10.1161/CIRCRESAHA.120.318458#Donor5_TissueBlock1,http://purl.org/ccf/1.5/35247281-a3a5-4e0e-b4d5-5dda314c25f2,heart,UBERON:0000948,sc_bulk,https://purl.org/ccf/ASCTB-TEMP_pericyte,Pericyte,3654.282852,0.01227027744156244
https://doi.org/10.1161/CIRCRESAHA.120.318458#Donor5_TissueBlock1,http://purl.org/ccf/1.5/35247281-a3a5-4e0e-b4d5-5dda314c25f2,heart,UBERON:0000948,sc_bulk,https://purl.org/ccf/ASCTB-TEMP_monocyte-cdc,Monocyte/cDC,3373.305804000001,0.01132681836263967
https://doi.org/10.1161/CIRCRESAHA.120.318458#Donor5_TissueBlock1,http://purl.org/ccf/1.5/35247281-a3a5-4e0e-b4d5-5dda314c25f2,heart,UBERON:0000948,sc_bulk,https://purl.org/ccf/ASCTB-TEMP_capillary-endothelial,Capillary Endothelial,3342.185352,0.01122232273501253
https://doi.org/10.1161/CIRCRESAHA.120.318458#Donor5_TissueBlock1,http://purl.org/ccf/1.5/35247281-a3a5-4e0e-b4d5-5dda314c25f2,heart,UBERON:0000948,sc_bulk,https://purl.org/ccf/ASCTB-TEMP_macrophage,Macrophage,2981.346984,0.01001070692248795
https://doi.org/10.1161/CIRCRESAHA.120.318458#Donor5_TissueBlock1,http://purl.org/ccf/1.5/35247281-a3a5-4e0e-b4d5-5dda314c25f2,heart,UBERON:0000948,sc_bulk,http://purl.obolibrary.org/obo/CL_0000192,smooth muscle cell,2775.418668000001,0.009319244966002891
https://doi.org/10.1161/CIRCRESAHA.120.318458#Donor5_TissueBlock1,http://purl.org/ccf/1.5/35247281-a3a5-4e0e-b4d5-5dda314c25f2,heart,UBERON:0000948,sc_bulk,http://purl.obolibrary.org/obo/CL_0000235,macrophage,2352.426911999999,0.007898931757688138
https://doi.org/10.1161/CIRCRESAHA.120.318458#Donor5_TissueBlock1,http://purl.org/ccf/1.5/35247281-a3a5-4e0e-b4d5-5dda314c25f2,heart,UBERON:0000948,sc_bulk,http://purl.obolibrary.org/obo/CL_0000115,endothelial cell,1536.66216,0.005159773285428922
https://doi.org/10.1161/CIRCRESAHA.120.318458#Donor5_TissueBlock1,http://purl.org/ccf/1.5/35247281-a3a5-4e0e-b4d5-5dda314c25f2,heart,UBERON:0000948,sc_bulk,http://purl.obolibrary.org/obo/CL_0002543,vein endothelial cell,1241.742348,0.004169497474055185
https://doi.org/10.1161/CIRCRESAHA.120.318458#Donor5_TissueBlock1,http://purl.org/ccf/1.5/35247281-a3a5-4e0e-b4d5-5dda314c25f2,heart,UBERON:0000948,sc_bulk,https://purl.org/ccf/ASCTB-TEMP_mesothelial,Mesothelial,1230.54624,0.004131903407862277
https://doi.org/10.1161/CIRCRESAHA.120.318458#Donor5_TissueBlock1,http://purl.org/ccf/1.5/35247281-a3a5-4e0e-b4d5-5dda314c25f2,heart,UBERON:0000948,sc_bulk,https://purl.org/ccf/ASCTB-TEMP_arterial-endothelial,Arterial Endothelial,1175.311764,0.00394643819558721
https://doi.org/10.1161/CIRCRESAHA.120.318458#Donor5_TissueBlock1,http://purl.org/ccf/1.5/35247281-a3a5-4e0e-b4d5-5dda314c25f2,heart,UBERON:0000948,sc_bulk,https://purl.org/ccf/ASCTB-TEMP_venous-endothelial,Venous Endothelial,1098.257688,0.003687707569410919
https://doi.org/10.1161/CIRCRESAHA.120.318458#Donor5_TissueBlock1,http://purl.org/ccf/1.5/35247281-a3a5-4e0e-b4d5-5dda314c25f2,heart,UBERON:0000948,sc_bulk,https://purl.org/ccf/ASCTB-TEMP_smooth-muscle,Smooth Muscle,1067.18238,0.003583363525398751
https://doi.org/10.1161/CIRCRESAHA.120.318458#Donor5_TissueBlock1,http://purl.org/ccf/1.5/35247281-a3a5-4e0e-b4d5-5dda314c25f2,heart,UBERON:0000948,sc_bulk,https://purl.org/ccf/ASCTB-TEMP_endocardial,Endocardial,797.1365159999999,0.00267660895619157
https://doi.org/10.1161/CIRCRESAHA.120.318458#Donor5_TissueBlock1,http://purl.org/ccf/1.5/35247281-a3a5-4e0e-b4d5-5dda314c25f2,heart,UBERON:0000948,sc_bulk,https://purl.org/ccf/ASCTB-TEMP_nk,NK,795.2955119999999,0.002670427269998707
https://doi.org/10.1161/CIRCRESAHA.120.318458#Donor5_TissueBlock1,http://purl.org/ccf/1.5/35247281-a3a5-4e0e-b4d5-5dda314c25f2,heart,UBERON:0000948,sc_bulk,http://purl.obolibrary.org/obo/CL_0000623,natural killer cell,598.620132,0.00201003463585876
https://doi.org/10.1161/CIRCRESAHA.120.318458#Donor5_TissueBlock1,http://purl.org/ccf/1.5/35247281-a3a5-4e0e-b4d5-5dda314c25f2,heart,UBERON:0000948,sc_bulk,http://purl.obolibrary.org/obo/CL_0000934,"CD4-positive, alpha-beta cytotoxic T cell",557.723232,0.001872711847825209
https://doi.org/10.1161/CIRCRESAHA.120.318458#Donor5_TissueBlock1,http://purl.org/ccf/1.5/35247281-a3a5-4e0e-b4d5-5dda314c25f2,heart,UBERON:0000948,sc_bulk,http://purl.obolibrary.org/obo/CL_0002319,neural cell,493.54668,0.00165722111265897
https://doi.org/10.1161/CIRCRESAHA.120.318458#Donor5_TissueBlock1,http://purl.org/ccf/1.5/35247281-a3a5-4e0e-b4d5-5dda314c25f2,heart,UBERON:0000948,sc_bulk,http://purl.obolibrary.org/obo/CL_0002397,"CD14-positive, CD16-positive monocyte",449.4314880000001,0.001509092008495198
https://doi.org/10.1161/CIRCRESAHA.120.318458#Donor5_TissueBlock1,http://purl.org/ccf/1.5/35247281-a3a5-4e0e-b4d5-5dda314c25f2,heart,UBERON:0000948,sc_bulk,https://purl.org/ccf/ASCTB-TEMP_t,T,449.2263600000001,0.001508403233823677
https://doi.org/10.1161/CIRCRESAHA.120.318458#Donor5_TissueBlock1,http://purl.org/ccf/1.5/35247281-a3a5-4e0e-b4d5-5dda314c25f2,heart,UBERON:0000948,sc_bulk,http://purl.obolibrary.org/obo/CL_1000309,epicardial adipocyte,385.44858,0.001294251487256322
https://doi.org/10.1161/CIRCRESAHA.120.318458#Donor5_TissueBlock1,http://purl.org/ccf/1.5/35247281-a3a5-4e0e-b4d5-5dda314c25f2,heart,UBERON:0000948,sc_bulk,http://purl.obolibrary.org/obo/CL_0000794,"CD8-positive, alpha-beta cytotoxic T cell",364.336632,0.001223362213003767
https://doi.org/10.1161/CIRCRESAHA.120.318458#Donor5_TissueBlock1,http://purl.org/ccf/1.5/35247281-a3a5-4e0e-b4d5-5dda314c25f2,heart,UBERON:0000948,sc_bulk,http://purl.obolibrary.org/obo/CL_0000906,"activated CD8-positive, alpha-beta T cell",362.776788,0.001218124600202371
https://doi.org/10.1161/CIRCRESAHA.120.318458#Donor5_TissueBlock1,http://purl.org/ccf/1.5/35247281-a3a5-4e0e-b4d5-5dda314c25f2,heart,UBERON:0000948,sc_bulk,https://purl.org/ccf/ASCTB-TEMP_adipocyte,Adipocyte,320.501808,0.001076174522869796
https://doi.org/10.1161/CIRCRESAHA.120.318458#Donor5_TissueBlock1,http://purl.org/ccf/1.5/35247281-a3a5-4e0e-b4d5-5dda314c25f2,heart,UBERON:0000948,sc_bulk,http://purl.obolibrary.org/obo/CL_0000097,mast cell,319.4068680000001,0.001072497955366404
https://doi.org/10.1161/CIRCRESAHA.120.318458#Donor5_TissueBlock1,http://purl.org/ccf/1.5/35247281-a3a5-4e0e-b4d5-5dda314c25f2,heart,UBERON:0000948,sc_bulk,https://purl.org/ccf/ASCTB-TEMP_neuronal,Neuronal,257.990436,8.66275095606545E-4
https://doi.org/10.1161/CIRCRESAHA.120.318458#Donor5_TissueBlock1,http://purl.org/ccf/1.5/35247281-a3a5-4e0e-b4d5-5dda314c25f2,heart,UBERON:0000948,sc_bulk,https://purl.org/ccf/ASCTB-TEMP_lymphatic-endothelial,Lymphatic Endothelial,254.2122,8.535886107783863E-4
https://doi.org/10.1161/CIRCRESAHA.120.318458#Donor5_TissueBlock1,http://purl.org/ccf/1.5/35247281-a3a5-4e0e-b4d5-5dda314c25f2,heart,UBERON:0000948,sc_bulk,http://purl.obolibrary.org/obo/CL_0000814,mature NK T cell,251.07786,8.430641869847716E-4
https://doi.org/10.1161/CIRCRESAHA.120.318458#Donor5_TissueBlock1,http://purl.org/ccf/1.5/35247281-a3a5-4e0e-b4d5-5dda314c25f2,heart,UBERON:0000948,sc_bulk,http://purl.obolibrary.org/obo/CL_0001054,CD14-positive monocyte,243.4544640000001,8.174665012676681E-4
https://doi.org/10.1161/CIRCRESAHA.120.318458#Donor5_TissueBlock1,http://purl.org/ccf/1.5/35247281-a3a5-4e0e-b4d5-5dda314c25f2,heart,UBERON:0000948,sc_bulk,https://purl.org/ccf/ASCTB-TEMP_mast,Mast,242.41734,8.13984067165902E-4
https://doi.org/10.1161/CIRCRESAHA.120.318458#Donor5_TissueBlock1,http://purl.org/ccf/1.5/35247281-a3a5-4e0e-b4d5-5dda314c25f2,heart,UBERON:0000948,sc_bulk,http://purl.obolibrary.org/obo/CL_0000576,monocyte,235.201032,7.89753293345177E-4
https://doi.org/10.1161/CIRCRESAHA.120.318458#Donor5_TissueBlock1,http://purl.org/ccf/1.5/35247281-a3a5-4e0e-b4d5-5dda314c25f2,heart,UBERON:0000948,sc_bulk,http://purl.obolibrary.org/obo/CL_0000896,"activated CD4-positive, alpha-beta T cell",184.1043600000001,6.181819160946798E-4
https://doi.org/10.1161/CIRCRESAHA.120.318458#Donor5_TissueBlock1,http://purl.org/ccf/1.5/35247281-a3a5-4e0e-b4d5-5dda314c25f2,heart,UBERON:0000948,sc_bulk,http://purl.obolibrary.org/obo/CL_0002138,endothelial cell of lymphatic vessel,147.81294,4.963233161495355E-4
https://doi.org/10.1161/CIRCRESAHA.120.318458#Donor5_TissueBlock1,http://purl.org/ccf/1.5/35247281-a3a5-4e0e-b4d5-5dda314c25f2,heart,UBERON:0000948,sc_bulk,http://purl.obolibrary.org/obo/CL_0000236,B cell,127.340136,4.275801467615275E-4
https://doi.org/10.1161/CIRCRESAHA.120.318458#Donor5_TissueBlock1,http://purl.org/ccf/1.5/35247281-a3a5-4e0e-b4d5-5dda314c25f2,heart,UBERON:0000948,sc_bulk,http://purl.obolibrary.org/obo/CL_0000451,dendritic cell,121.75614,4.088303173346468E-4
https://doi.org/10.1161/CIRCRESAHA.120.318458#Donor5_TissueBlock1,http://purl.org/ccf/1.5/35247281-a3a5-4e0e-b4d5-5dda314c25f2,heart,UBERON:0000948,sc_bulk,https://purl.org/ccf/ASCTB-TEMP_atrial-cardiomyocyte,Atrial Cardiomyocyte,82.28880000000002,2.763076771084177E-4
https://doi.org/10.1161/CIRCRESAHA.120.318458#Donor5_TissueBlock1,http://purl.org/ccf/1.5/35247281-a3a5-4e0e-b4d5-5dda314c25f2,heart,UBERON:0000948,sc_bulk,https://purl.org/ccf/ASCTB-TEMP_endothelial,Endothelial,15.91128,5.342657587207035E-5
https://doi.org/10.1161/CIRCRESAHA.120.318458#Donor5_TissueBlock1,http://purl.org/ccf/1.5/35247281-a3a5-4e0e-b4d5-5dda314c25f2,heart,UBERON:0000948,sc_bulk,http://purl.obolibrary.org/obo/CL_0000077,mesothelial cell,13.51152,4.536871002376904E-5
https://doi.org/10.1161/CIRCRESAHA.120.318458#Donor6_TissueBlock1,http://purl.org/ccf/1.5/273dd4c3-5442-4c31-8ffb-163cbc0f303d,heart,UBERON:0000948,sc_bulk,https://purl.org/ccf/ASCTB-TEMP_fibroblast,Fibroblast,3255.755424999999,0.3330088912100683
https://doi.org/10.1161/CIRCRESAHA.120.318458#Donor6_TissueBlock1,http://purl.org/ccf/1.5/273dd4c3-5442-4c31-8ffb-163cbc0f303d,heart,UBERON:0000948,sc_bulk,https://purl.org/ccf/ASCTB-TEMP_ventricular-cardiomycoyte,Ventricular Cardiomycoyte,2565.235478,0.2623803421049386
https://doi.org/10.1161/CIRCRESAHA.120.318458#Donor6_TissueBlock1,http://purl.org/ccf/1.5/273dd4c3-5442-4c31-8ffb-163cbc0f303d,heart,UBERON:0000948,sc_bulk,http://purl.obolibrary.org/obo/CL_0002131,regular ventricular cardiac myocyte,928.3242799999999,0.09495192322874961
https://doi.org/10.1161/CIRCRESAHA.120.318458#Donor6_TissueBlock1,http://purl.org/ccf/1.5/273dd4c3-5442-4c31-8ffb-163cbc0f303d,heart,UBERON:0000948,sc_bulk,http://purl.obolibrary.org/obo/CL_0000669,pericyte,493.383995,0.05046486472974054
https://doi.org/10.1161/CIRCRESAHA.120.318458#Donor6_TissueBlock1,http://purl.org/ccf/1.5/273dd4c3-5442-4c31-8ffb-163cbc0f303d,heart,UBERON:0000948,sc_bulk,http://purl.obolibrary.org/obo/CL_0002144,capillary endothelial cell,396.383741,0.04054337407242712
https://doi.org/10.1161/CIRCRESAHA.120.318458#Donor6_TissueBlock1,http://purl.org/ccf/1.5/273dd4c3-5442-4c31-8ffb-163cbc0f303d,heart,UBERON:0000948,sc_bulk,https://purl.org/ccf/ASCTB-TEMP_b,B,388.8833389999999,0.03977620939707384
https://doi.org/10.1161/CIRCRESAHA.120.318458#Donor6_TissueBlock1,http://purl.org/ccf/1.5/273dd4c3-5442-4c31-8ffb-163cbc0f303d,heart,UBERON:0000948,sc_bulk,http://purl.obolibrary.org/obo/CL_0000057,fibroblast,287.631383,0.0294198413045871
https://doi.org/10.1161/CIRCRESAHA.120.318458#Donor6_TissueBlock1,http://purl.org/ccf/1.5/273dd4c3-5442-4c31-8ffb-163cbc0f303d,heart,UBERON:0000948,sc_bulk,http://purl.obolibrary.org/obo/CL_0000003,native cell,207.772799,0.02125165449692905
https://doi.org/10.1161/CIRCRESAHA.120.318458#Donor6_TissueBlock1,http://purl.org/ccf/1.5/273dd4c3-5442-4c31-8ffb-163cbc0f303d,heart,UBERON:0000948,sc_bulk,http://purl.obolibrary.org/obo/CL_1000413,endothelial cell of artery,140.559367,0.01437685355430501
https://doi.org/10.1161/CIRCRESAHA.120.318458#Donor6_TissueBlock1,http://purl.org/ccf/1.5/273dd4c3-5442-4c31-8ffb-163cbc0f303d,heart,UBERON:0000948,sc_bulk,https://purl.org/ccf/ASCTB-TEMP_pericyte,Pericyte,119.963831,0.01227027744156244
https://doi.org/10.1161/CIRCRESAHA.120.318458#Donor6_TissueBlock1,http://purl.org/ccf/1.5/273dd4c3-5442-4c31-8ffb-163cbc0f303d,heart,UBERON:0000948,sc_bulk,https://purl.org/ccf/ASCTB-TEMP_monocyte-cdc,Monocyte/cDC,110.739837,0.01132681836263967
https://doi.org/10.1161/CIRCRESAHA.120.318458#Donor6_TissueBlock1,http://purl.org/ccf/1.5/273dd4c3-5442-4c31-8ffb-163cbc0f303d,heart,UBERON:0000948,sc_bulk,https://purl.org/ccf/ASCTB-TEMP_capillary-endothelial,Capillary Endothelial,109.718206,0.01122232273501253
https://doi.org/10.1161/CIRCRESAHA.120.318458#Donor6_TissueBlock1,http://purl.org/ccf/1.5/273dd4c3-5442-4c31-8ffb-163cbc0f303d,heart,UBERON:0000948,sc_bulk,https://purl.org/ccf/ASCTB-TEMP_macrophage,Macrophage,97.87250199999998,0.01001070692248795
https://doi.org/10.1161/CIRCRESAHA.120.318458#Donor6_TissueBlock1,http://purl.org/ccf/1.5/273dd4c3-5442-4c31-8ffb-163cbc0f303d,heart,UBERON:0000948,sc_bulk,http://purl.obolibrary.org/obo/CL_0000192,smooth muscle cell,91.11222900000003,0.00931924496600289
https://doi.org/10.1161/CIRCRESAHA.120.318458#Donor6_TissueBlock1,http://purl.org/ccf/1.5/273dd4c3-5442-4c31-8ffb-163cbc0f303d,heart,UBERON:0000948,sc_bulk,http://purl.obolibrary.org/obo/CL_0000235,macrophage,77.22613599999998,0.007898931757688138
https://doi.org/10.1161/CIRCRESAHA.120.318458#Donor6_TissueBlock1,http://purl.org/ccf/1.5/273dd4c3-5442-4c31-8ffb-163cbc0f303d,heart,UBERON:0000948,sc_bulk,http://purl.obolibrary.org/obo/CL_0000115,endothelial cell,50.44598,0.005159773285428922
https://doi.org/10.1161/CIRCRESAHA.120.318458#Donor6_TissueBlock1,http://purl.org/ccf/1.5/273dd4c3-5442-4c31-8ffb-163cbc0f303d,heart,UBERON:0000948,sc_bulk,http://purl.obolibrary.org/obo/CL_0002543,vein endothelial cell,40.764269,0.004169497474055184
https://doi.org/10.1161/CIRCRESAHA.120.318458#Donor6_TissueBlock1,http://purl.org/ccf/1.5/273dd4c3-5442-4c31-8ffb-163cbc0f303d,heart,UBERON:0000948,sc_bulk,https://purl.org/ccf/ASCTB-TEMP_mesothelial,Mesothelial,40.39672,0.004131903407862277
https://doi.org/10.1161/CIRCRESAHA.120.318458#Donor6_TissueBlock1,http://purl.org/ccf/1.5/273dd4c3-5442-4c31-8ffb-163cbc0f303d,heart,UBERON:0000948,sc_bulk,https://purl.org/ccf/ASCTB-TEMP_arterial-endothelial,Arterial Endothelial,38.583467,0.003946438195587208
https://doi.org/10.1161/CIRCRESAHA.120.318458#Donor6_TissueBlock1,http://purl.org/ccf/1.5/273dd4c3-5442-4c31-8ffb-163cbc0f303d,heart,UBERON:0000948,sc_bulk,https://purl.org/ccf/ASCTB-TEMP_venous-endothelial,Venous Endothelial,36.053914,0.003687707569410919
https://doi.org/10.1161/CIRCRESAHA.120.318458#Donor6_TissueBlock1,http://purl.org/ccf/1.5/273dd4c3-5442-4c31-8ffb-163cbc0f303d,heart,UBERON:0000948,sc_bulk,https://purl.org/ccf/ASCTB-TEMP_smooth-muscle,Smooth Muscle,35.03376500000001,0.00358336352539875
https://doi.org/10.1161/CIRCRESAHA.120.318458#Donor6_TissueBlock1,http://purl.org/ccf/1.5/273dd4c3-5442-4c31-8ffb-163cbc0f303d,heart,UBERON:0000948,sc_bulk,https://purl.org/ccf/ASCTB-TEMP_endocardial,Endocardial,26.168623,0.00267660895619157
https://doi.org/10.1161/CIRCRESAHA.120.318458#Donor6_TissueBlock1,http://purl.org/ccf/1.5/273dd4c3-5442-4c31-8ffb-163cbc0f303d,heart,UBERON:0000948,sc_bulk,https://purl.org/ccf/ASCTB-TEMP_nk,NK,26.10818599999999,0.002670427269998707
https://doi.org/10.1161/CIRCRESAHA.120.318458#Donor6_TissueBlock1,http://purl.org/ccf/1.5/273dd4c3-5442-4c31-8ffb-163cbc0f303d,heart,UBERON:0000948,sc_bulk,http://purl.obolibrary.org/obo/CL_0000623,natural killer cell,19.651671,0.002010034635858759
https://doi.org/10.1161/CIRCRESAHA.120.318458#Donor6_TissueBlock1,http://purl.org/ccf/1.5/273dd4c3-5442-4c31-8ffb-163cbc0f303d,heart,UBERON:0000948,sc_bulk,http://purl.obolibrary.org/obo/CL_0000934,"CD4-positive, alpha-beta cytotoxic T cell",18.309096,0.001872711847825209
https://doi.org/10.1161/CIRCRESAHA.120.318458#Donor6_TissueBlock1,http://purl.org/ccf/1.5/273dd4c3-5442-4c31-8ffb-163cbc0f303d,heart,UBERON:0000948,sc_bulk,http://purl.obolibrary.org/obo/CL_0002319,neural cell,16.20229,0.00165722111265897
https://doi.org/10.1161/CIRCRESAHA.120.318458#Donor6_TissueBlock1,http://purl.org/ccf/1.5/273dd4c3-5442-4c31-8ffb-163cbc0f303d,heart,UBERON:0000948,sc_bulk,http://purl.obolibrary.org/obo/CL_0002397,"CD14-positive, CD16-positive monocyte",14.754064,0.001509092008495198
https://doi.org/10.1161/CIRCRESAHA.120.318458#Donor6_TissueBlock1,http://purl.org/ccf/1.5/273dd4c3-5442-4c31-8ffb-163cbc0f303d,heart,UBERON:0000948,sc_bulk,https://purl.org/ccf/ASCTB-TEMP_t,T,14.74733,0.001508403233823677
https://doi.org/10.1161/CIRCRESAHA.120.318458#Donor6_TissueBlock1,http://purl.org/ccf/1.5/273dd4c3-5442-4c31-8ffb-163cbc0f303d,heart,UBERON:0000948,sc_bulk,http://purl.obolibrary.org/obo/CL_1000309,epicardial adipocyte,12.653615,0.001294251487256322
https://doi.org/10.1161/CIRCRESAHA.120.318458#Donor6_TissueBlock1,http://purl.org/ccf/1.5/273dd4c3-5442-4c31-8ffb-163cbc0f303d,heart,UBERON:0000948,sc_bulk,http://purl.obolibrary.org/obo/CL_0000794,"CD8-positive, alpha-beta cytotoxic T cell",11.960546,0.001223362213003767
https://doi.org/10.1161/CIRCRESAHA.120.318458#Donor6_TissueBlock1,http://purl.org/ccf/1.5/273dd4c3-5442-4c31-8ffb-163cbc0f303d,heart,UBERON:0000948,sc_bulk,http://purl.obolibrary.org/obo/CL_0000906,"activated CD8-positive, alpha-beta T cell",11.909339,0.001218124600202371
https://doi.org/10.1161/CIRCRESAHA.120.318458#Donor6_TissueBlock1,http://purl.org/ccf/1.5/273dd4c3-5442-4c31-8ffb-163cbc0f303d,heart,UBERON:0000948,sc_bulk,https://purl.org/ccf/ASCTB-TEMP_adipocyte,Adipocyte,10.521524,0.001076174522869796
https://doi.org/10.1161/CIRCRESAHA.120.318458#Donor6_TissueBlock1,http://purl.org/ccf/1.5/273dd4c3-5442-4c31-8ffb-163cbc0f303d,heart,UBERON:0000948,sc_bulk,http://purl.obolibrary.org/obo/CL_0000097,mast cell,10.485579,0.001072497955366404
https://doi.org/10.1161/CIRCRESAHA.120.318458#Donor6_TissueBlock1,http://purl.org/ccf/1.5/273dd4c3-5442-4c31-8ffb-163cbc0f303d,heart,UBERON:0000948,sc_bulk,https://purl.org/ccf/ASCTB-TEMP_neuronal,Neuronal,8.469382999999999,8.662750956065449E-4
https://doi.org/10.1161/CIRCRESAHA.120.318458#Donor6_TissueBlock1,http://purl.org/ccf/1.5/273dd4c3-5442-4c31-8ffb-163cbc0f303d,heart,UBERON:0000948,sc_bulk,https://purl.org/ccf/ASCTB-TEMP_lymphatic-endothelial,Lymphatic Endothelial,8.34535,8.535886107783862E-4
https://doi.org/10.1161/CIRCRESAHA.120.318458#Donor6_TissueBlock1,http://purl.org/ccf/1.5/273dd4c3-5442-4c31-8ffb-163cbc0f303d,heart,UBERON:0000948,sc_bulk,http://purl.obolibrary.org/obo/CL_0000814,mature NK T cell,8.242455,8.430641869847716E-4
https://doi.org/10.1161/CIRCRESAHA.120.318458#Donor6_TissueBlock1,http://purl.org/ccf/1.5/273dd4c3-5442-4c31-8ffb-163cbc0f303d,heart,UBERON:0000948,sc_bulk,http://purl.obolibrary.org/obo/CL_0001054,CD14-positive monocyte,7.992192000000001,8.17466501267668E-4
https://doi.org/10.1161/CIRCRESAHA.120.318458#Donor6_TissueBlock1,http://purl.org/ccf/1.5/273dd4c3-5442-4c31-8ffb-163cbc0f303d,heart,UBERON:0000948,sc_bulk,https://purl.org/ccf/ASCTB-TEMP_mast,Mast,7.958144999999999,8.13984067165902E-4
https://doi.org/10.1161/CIRCRESAHA.120.318458#Donor6_TissueBlock1,http://purl.org/ccf/1.5/273dd4c3-5442-4c31-8ffb-163cbc0f303d,heart,UBERON:0000948,sc_bulk,http://purl.obolibrary.org/obo/CL_0000576,monocyte,7.721246,7.897532933451768E-4
https://doi.org/10.1161/CIRCRESAHA.120.318458#Donor6_TissueBlock1,http://purl.org/ccf/1.5/273dd4c3-5442-4c31-8ffb-163cbc0f303d,heart,UBERON:0000948,sc_bulk,http://purl.obolibrary.org/obo/CL_0000896,"activated CD4-positive, alpha-beta T cell",6.043830000000002,6.181819160946797E-4
https://doi.org/10.1161/CIRCRESAHA.120.318458#Donor6_TissueBlock1,http://purl.org/ccf/1.5/273dd4c3-5442-4c31-8ffb-163cbc0f303d,heart,UBERON:0000948,sc_bulk,http://purl.obolibrary.org/obo/CL_0002138,endothelial cell of lymphatic vessel,4.852444999999999,4.963233161495355E-4
https://doi.org/10.1161/CIRCRESAHA.120.318458#Donor6_TissueBlock1,http://purl.org/ccf/1.5/273dd4c3-5442-4c31-8ffb-163cbc0f303d,heart,UBERON:0000948,sc_bulk,http://purl.obolibrary.org/obo/CL_0000236,B cell,4.180358,4.275801467615275E-4
https://doi.org/10.1161/CIRCRESAHA.120.318458#Donor6_TissueBlock1,http://purl.org/ccf/1.5/273dd4c3-5442-4c31-8ffb-163cbc0f303d,heart,UBERON:0000948,sc_bulk,http://purl.obolibrary.org/obo/CL_0000451,dendritic cell,3.997045,4.088303173346467E-4
https://doi.org/10.1161/CIRCRESAHA.120.318458#Donor6_TissueBlock1,http://purl.org/ccf/1.5/273dd4c3-5442-4c31-8ffb-163cbc0f303d,heart,UBERON:0000948,sc_bulk,https://purl.org/ccf/ASCTB-TEMP_atrial-cardiomyocyte,Atrial Cardiomyocyte,2.7014,2.763076771084176E-4
https://doi.org/10.1161/CIRCRESAHA.120.318458#Donor6_TissueBlock1,http://purl.org/ccf/1.5/273dd4c3-5442-4c31-8ffb-163cbc0f303d,heart,UBERON:0000948,sc_bulk,https://purl.org/ccf/ASCTB-TEMP_endothelial,Endothelial,0.52234,5.342657587207035E-5
https://doi.org/10.1161/CIRCRESAHA.120.318458#Donor6_TissueBlock1,http://purl.org/ccf/1.5/273dd4c3-5442-4c31-8ffb-163cbc0f303d,heart,UBERON:0000948,sc_bulk,http://purl.obolibrary.org/obo/CL_0000077,mesothelial cell,0.44356,4.536871002376904E-5
https://doi.org/10.1161/CIRCRESAHA.120.318458#Donor8_TissueBlock1,http://purl.org/ccf/1.5/4b81bf86-4c5b-4422-9edb-c0f4ec525d8e,heart,UBERON:0000948,sc_bulk,https://purl.org/ccf/ASCTB-TEMP_fibroblast,Fibroblast,73880.60387499999,0.3330088912100682
https://doi.org/10.1161/CIRCRESAHA.120.318458#Donor8_TissueBlock1,http://purl.org/ccf/1.5/4b81bf86-4c5b-4422-9edb-c0f4ec525d8e,heart,UBERON:0000948,sc_bulk,https://purl.org/ccf/ASCTB-TEMP_ventricular-cardiomycoyte,Ventricular Cardiomycoyte,58211.11277,0.2623803421049385
https://doi.org/10.1161/CIRCRESAHA.120.318458#Donor8_TissueBlock1,http://purl.org/ccf/1.5/4b81bf86-4c5b-4422-9edb-c0f4ec525d8e,heart,UBERON:0000948,sc_bulk,http://purl.obolibrary.org/obo/CL_0002131,regular ventricular cardiac myocyte,21065.8202,0.09495192322874958
https://doi.org/10.1161/CIRCRESAHA.120.318458#Donor8_TissueBlock1,http://purl.org/ccf/1.5/4b81bf86-4c5b-4422-9edb-c0f4ec525d8e,heart,UBERON:0000948,sc_bulk,http://purl.obolibrary.org/obo/CL_0000669,pericyte,11196.021425,0.05046486472974053
https://doi.org/10.1161/CIRCRESAHA.120.318458#Donor8_TissueBlock1,http://purl.org/ccf/1.5/4b81bf86-4c5b-4422-9edb-c0f4ec525d8e,heart,UBERON:0000948,sc_bulk,http://purl.obolibrary.org/obo/CL_0002144,capillary endothelial cell,8994.861815,0.04054337407242711
https://doi.org/10.1161/CIRCRESAHA.120.318458#Donor8_TissueBlock1,http://purl.org/ccf/1.5/4b81bf86-4c5b-4422-9edb-c0f4ec525d8e,heart,UBERON:0000948,sc_bulk,https://purl.org/ccf/ASCTB-TEMP_b,B,8824.660384999997,0.03977620939707382
https://doi.org/10.1161/CIRCRESAHA.120.318458#Donor8_TissueBlock1,http://purl.org/ccf/1.5/4b81bf86-4c5b-4422-9edb-c0f4ec525d8e,heart,UBERON:0000948,sc_bulk,http://purl.obolibrary.org/obo/CL_0000057,fibroblast,6527.019845,0.02941984130458709
https://doi.org/10.1161/CIRCRESAHA.120.318458#Donor8_TissueBlock1,http://purl.org/ccf/1.5/4b81bf86-4c5b-4422-9edb-c0f4ec525d8e,heart,UBERON:0000948,sc_bulk,http://purl.obolibrary.org/obo/CL_0000003,native cell,4714.844284999999,0.02125165449692904
https://doi.org/10.1161/CIRCRESAHA.120.318458#Donor8_TissueBlock1,http://purl.org/ccf/1.5/4b81bf86-4c5b-4422-9edb-c0f4ec525d8e,heart,UBERON:0000948,sc_bulk,http://purl.obolibrary.org/obo/CL_1000413,endothelial cell of artery,3189.616405,0.01437685355430501
https://doi.org/10.1161/CIRCRESAHA.120.318458#Donor8_TissueBlock1,http://purl.org/ccf/1.5/4b81bf86-4c5b-4422-9edb-c0f4ec525d8e,heart,UBERON:0000948,sc_bulk,https://purl.org/ccf/ASCTB-TEMP_pericyte,Pericyte,2722.256165,0.01227027744156243
https://doi.org/10.1161/CIRCRESAHA.120.318458#Donor8_TissueBlock1,http://purl.org/ccf/1.5/4b81bf86-4c5b-4422-9edb-c0f4ec525d8e,heart,UBERON:0000948,sc_bulk,https://purl.org/ccf/ASCTB-TEMP_monocyte-cdc,Monocyte/cDC,2512.942455,0.01132681836263966
https://doi.org/10.1161/CIRCRESAHA.120.318458#Donor8_TissueBlock1,http://purl.org/ccf/1.5/4b81bf86-4c5b-4422-9edb-c0f4ec525d8e,heart,UBERON:0000948,sc_bulk,https://purl.org/ccf/ASCTB-TEMP_capillary-endothelial,Capillary Endothelial,2489.75929,0.01122232273501252
https://doi.org/10.1161/CIRCRESAHA.120.318458#Donor8_TissueBlock1,http://purl.org/ccf/1.5/4b81bf86-4c5b-4422-9edb-c0f4ec525d8e,heart,UBERON:0000948,sc_bulk,https://purl.org/ccf/ASCTB-TEMP_macrophage,Macrophage,2220.952929999999,0.01001070692248795
https://doi.org/10.1161/CIRCRESAHA.120.318458#Donor8_TissueBlock1,http://purl.org/ccf/1.5/4b81bf86-4c5b-4422-9edb-c0f4ec525d8e,heart,UBERON:0000948,sc_bulk,http://purl.obolibrary.org/obo/CL_0000192,smooth muscle cell,2067.546735000001,0.009319244966002888
https://doi.org/10.1161/CIRCRESAHA.120.318458#Donor8_TissueBlock1,http://purl.org/ccf/1.5/4b81bf86-4c5b-4422-9edb-c0f4ec525d8e,heart,UBERON:0000948,sc_bulk,http://purl.obolibrary.org/obo/CL_0000235,macrophage,1752.439239999999,0.007898931757688136
https://doi.org/10.1161/CIRCRESAHA.120.318458#Donor8_TissueBlock1,http://purl.org/ccf/1.5/4b81bf86-4c5b-4422-9edb-c0f4ec525d8e,heart,UBERON:0000948,sc_bulk,http://purl.obolibrary.org/obo/CL_0000115,endothelial cell,1144.7357,0.00515977328542892
https://doi.org/10.1161/CIRCRESAHA.120.318458#Donor8_TissueBlock1,http://purl.org/ccf/1.5/4b81bf86-4c5b-4422-9edb-c0f4ec525d8e,heart,UBERON:0000948,sc_bulk,http://purl.obolibrary.org/obo/CL_0002543,vein endothelial cell,925.035335,0.004169497474055183
https://doi.org/10.1161/CIRCRESAHA.120.318458#Donor8_TissueBlock1,http://purl.org/ccf/1.5/4b81bf86-4c5b-4422-9edb-c0f4ec525d8e,heart,UBERON:0000948,sc_bulk,https://purl.org/ccf/ASCTB-TEMP_mesothelial,Mesothelial,916.6948,0.004131903407862275
https://doi.org/10.1161/CIRCRESAHA.120.318458#Donor8_TissueBlock1,http://purl.org/ccf/1.5/4b81bf86-4c5b-4422-9edb-c0f4ec525d8e,heart,UBERON:0000948,sc_bulk,https://purl.org/ccf/ASCTB-TEMP_arterial-endothelial,Arterial Endothelial,875.547905,0.003946438195587207
https://doi.org/10.1161/CIRCRESAHA.120.318458#Donor8_TissueBlock1,http://purl.org/ccf/1.5/4b81bf86-4c5b-4422-9edb-c0f4ec525d8e,heart,UBERON:0000948,sc_bulk,https://purl.org/ccf/ASCTB-TEMP_venous-endothelial,Venous Endothelial,818.14651,0.003687707569410917
https://doi.org/10.1161/CIRCRESAHA.120.318458#Donor8_TissueBlock1,http://purl.org/ccf/1.5/4b81bf86-4c5b-4422-9edb-c0f4ec525d8e,heart,UBERON:0000948,sc_bulk,https://purl.org/ccf/ASCTB-TEMP_smooth-muscle,Smooth Muscle,794.9969750000001,0.003583363525398748
https://doi.org/10.1161/CIRCRESAHA.120.318458#Donor8_TissueBlock1,http://purl.org/ccf/1.5/4b81bf86-4c5b-4422-9edb-c0f4ec525d8e,heart,UBERON:0000948,sc_bulk,https://purl.org/ccf/ASCTB-TEMP_endocardial,Endocardial,593.8264449999999,0.00267660895619157
https://doi.org/10.1161/CIRCRESAHA.120.318458#Donor8_TissueBlock1,http://purl.org/ccf/1.5/4b81bf86-4c5b-4422-9edb-c0f4ec525d8e,heart,UBERON:0000948,sc_bulk,https://purl.org/ccf/ASCTB-TEMP_nk,NK,592.4549899999998,0.002670427269998706
https://doi.org/10.1161/CIRCRESAHA.120.318458#Donor8_TissueBlock1,http://purl.org/ccf/1.5/4b81bf86-4c5b-4422-9edb-c0f4ec525d8e,heart,UBERON:0000948,sc_bulk,http://purl.obolibrary.org/obo/CL_0000623,natural killer cell,445.941765,0.002010034635858759
https://doi.org/10.1161/CIRCRESAHA.120.318458#Donor8_TissueBlock1,http://purl.org/ccf/1.5/4b81bf86-4c5b-4422-9edb-c0f4ec525d8e,heart,UBERON:0000948,sc_bulk,http://purl.obolibrary.org/obo/CL_0000934,"CD4-positive, alpha-beta cytotoxic T cell",415.47564,0.001872711847825208
https://doi.org/10.1161/CIRCRESAHA.120.318458#Donor8_TissueBlock1,http://purl.org/ccf/1.5/4b81bf86-4c5b-4422-9edb-c0f4ec525d8e,heart,UBERON:0000948,sc_bulk,http://purl.obolibrary.org/obo/CL_0002319,neural cell,367.6673499999999,0.00165722111265897
https://doi.org/10.1161/CIRCRESAHA.120.318458#Donor8_TissueBlock1,http://purl.org/ccf/1.5/4b81bf86-4c5b-4422-9edb-c0f4ec525d8e,heart,UBERON:0000948,sc_bulk,http://purl.obolibrary.org/obo/CL_0002397,"CD14-positive, CD16-positive monocyte",334.80376,0.001509092008495197
https://doi.org/10.1161/CIRCRESAHA.120.318458#Donor8_TissueBlock1,http://purl.org/ccf/1.5/4b81bf86-4c5b-4422-9edb-c0f4ec525d8e,heart,UBERON:0000948,sc_bulk,https://purl.org/ccf/ASCTB-TEMP_t,T,334.65095,0.001508403233823676
https://doi.org/10.1161/CIRCRESAHA.120.318458#Donor8_TissueBlock1,http://purl.org/ccf/1.5/4b81bf86-4c5b-4422-9edb-c0f4ec525d8e,heart,UBERON:0000948,sc_bulk,http://purl.obolibrary.org/obo/CL_1000309,epicardial adipocyte,287.139725,0.001294251487256322
https://doi.org/10.1161/CIRCRESAHA.120.318458#Donor8_TissueBlock1,http://purl.org/ccf/1.5/4b81bf86-4c5b-4422-9edb-c0f4ec525d8e,heart,UBERON:0000948,sc_bulk,http://purl.obolibrary.org/obo/CL_0000794,"CD8-positive, alpha-beta cytotoxic T cell",271.41239,0.001223362213003766
https://doi.org/10.1161/CIRCRESAHA.120.318458#Donor8_TissueBlock1,http://purl.org/ccf/1.5/4b81bf86-4c5b-4422-9edb-c0f4ec525d8e,heart,UBERON:0000948,sc_bulk,http://purl.obolibrary.org/obo/CL_0000906,"activated CD8-positive, alpha-beta T cell",270.250385,0.00121812460020237
https://doi.org/10.1161/CIRCRESAHA.120.318458#Donor8_TissueBlock1,http://purl.org/ccf/1.5/4b81bf86-4c5b-4422-9edb-c0f4ec525d8e,heart,UBERON:0000948,sc_bulk,https://purl.org/ccf/ASCTB-TEMP_adipocyte,Adipocyte,238.75766,0.001076174522869795
https://doi.org/10.1161/CIRCRESAHA.120.318458#Donor8_TissueBlock1,http://purl.org/ccf/1.5/4b81bf86-4c5b-4422-9edb-c0f4ec525d8e,heart,UBERON:0000948,sc_bulk,http://purl.obolibrary.org/obo/CL_0000097,mast cell,237.941985,0.001072497955366404
https://doi.org/10.1161/CIRCRESAHA.120.318458#Donor8_TissueBlock1,http://purl.org/ccf/1.5/4b81bf86-4c5b-4422-9edb-c0f4ec525d8e,heart,UBERON:0000948,sc_bulk,https://purl.org/ccf/ASCTB-TEMP_neuronal,Neuronal,192.189845,8.662750956065447E-4
https://doi.org/10.1161/CIRCRESAHA.120.318458#Donor8_TissueBlock1,http://purl.org/ccf/1.5/4b81bf86-4c5b-4422-9edb-c0f4ec525d8e,heart,UBERON:0000948,sc_bulk,https://purl.org/ccf/ASCTB-TEMP_lymphatic-endothelial,Lymphatic Endothelial,189.37525,8.535886107783859E-4
https://doi.org/10.1161/CIRCRESAHA.120.318458#Donor8_TissueBlock1,http://purl.org/ccf/1.5/4b81bf86-4c5b-4422-9edb-c0f4ec525d8e,heart,UBERON:0000948,sc_bulk,http://purl.obolibrary.org/obo/CL_0000814,mature NK T cell,187.040325,8.430641869847711E-4
https://doi.org/10.1161/CIRCRESAHA.120.318458#Donor8_TissueBlock1,http://purl.org/ccf/1.5/4b81bf86-4c5b-4422-9edb-c0f4ec525d8e,heart,UBERON:0000948,sc_bulk,http://purl.obolibrary.org/obo/CL_0001054,CD14-positive monocyte,181.36128,8.174665012676678E-4
https://doi.org/10.1161/CIRCRESAHA.120.318458#Donor8_TissueBlock1,http://purl.org/ccf/1.5/4b81bf86-4c5b-4422-9edb-c0f4ec525d8e,heart,UBERON:0000948,sc_bulk,https://purl.org/ccf/ASCTB-TEMP_mast,Mast,180.588675,8.139840671659017E-4
https://doi.org/10.1161/CIRCRESAHA.120.318458#Donor8_TissueBlock1,http://purl.org/ccf/1.5/4b81bf86-4c5b-4422-9edb-c0f4ec525d8e,heart,UBERON:0000948,sc_bulk,http://purl.obolibrary.org/obo/CL_0000576,monocyte,175.21289,7.897532933451765E-4
https://doi.org/10.1161/CIRCRESAHA.120.318458#Donor8_TissueBlock1,http://purl.org/ccf/1.5/4b81bf86-4c5b-4422-9edb-c0f4ec525d8e,heart,UBERON:0000948,sc_bulk,http://purl.obolibrary.org/obo/CL_0000896,"activated CD4-positive, alpha-beta T cell",137.14845,6.181819160946795E-4
https://doi.org/10.1161/CIRCRESAHA.120.318458#Donor8_TissueBlock1,http://purl.org/ccf/1.5/4b81bf86-4c5b-4422-9edb-c0f4ec525d8e,heart,UBERON:0000948,sc_bulk,http://purl.obolibrary.org/obo/CL_0002138,endothelial cell of lymphatic vessel,110.113175,4.963233161495353E-4
https://doi.org/10.1161/CIRCRESAHA.120.318458#Donor8_TissueBlock1,http://purl.org/ccf/1.5/4b81bf86-4c5b-4422-9edb-c0f4ec525d8e,heart,UBERON:0000948,sc_bulk,http://purl.obolibrary.org/obo/CL_0000236,B cell,94.86197,4.275801467615273E-4
https://doi.org/10.1161/CIRCRESAHA.120.318458#Donor8_TissueBlock1,http://purl.org/ccf/1.5/4b81bf86-4c5b-4422-9edb-c0f4ec525d8e,heart,UBERON:0000948,sc_bulk,http://purl.obolibrary.org/obo/CL_0000451,dendritic cell,90.70217499999998,4.088303173346466E-4
https://doi.org/10.1161/CIRCRESAHA.120.318458#Donor8_TissueBlock1,http://purl.org/ccf/1.5/4b81bf86-4c5b-4422-9edb-c0f4ec525d8e,heart,UBERON:0000948,sc_bulk,https://purl.org/ccf/ASCTB-TEMP_atrial-cardiomyocyte,Atrial Cardiomyocyte,61.30100000000001,2.763076771084175E-4
https://doi.org/10.1161/CIRCRESAHA.120.318458#Donor8_TissueBlock1,http://purl.org/ccf/1.5/4b81bf86-4c5b-4422-9edb-c0f4ec525d8e,heart,UBERON:0000948,sc_bulk,https://purl.org/ccf/ASCTB-TEMP_endothelial,Endothelial,11.8531,5.342657587207033E-5
https://doi.org/10.1161/CIRCRESAHA.120.318458#Donor8_TissueBlock1,http://purl.org/ccf/1.5/4b81bf86-4c5b-4422-9edb-c0f4ec525d8e,heart,UBERON:0000948,sc_bulk,http://purl.obolibrary.org/obo/CL_0000077,mesothelial cell,10.0654,4.536871002376902E-5
https://doi.org/10.1161/CIRCRESAHA.120.318458#Donor9_TissueBlock1,http://purl.org/ccf/1.5/891363dd-7c97-421c-b321-6a27b3b55dae,heart,UBERON:0000948,sc_bulk,http://purl.obolibrary.org/obo/CL_0002131,regular ventricular cardiac myocyte,7156.868472,0.2906960807811062
https://doi.org/10.1161/CIRCRESAHA.120.318458#Donor9_TissueBlock1,http://purl.org/ccf/1.5/891363dd-7c97-421c-b321-6a27b3b55dae,heart,UBERON:0000948,sc_bulk,http://purl.obolibrary.org/obo/CL_0000669,pericyte,3041.036048,0.1235201211432385
https://doi.org/10.1161/CIRCRESAHA.120.318458#Donor9_TissueBlock1,http://purl.org/ccf/1.5/891363dd-7c97-421c-b321-6a27b3b55dae,heart,UBERON:0000948,sc_bulk,https://purl.org/ccf/ASCTB-TEMP_fibroblast,Fibroblast,2937.717632,0.1193235568607991
https://doi.org/10.1161/CIRCRESAHA.120.318458#Donor9_TissueBlock1,http://purl.org/ccf/1.5/891363dd-7c97-421c-b321-6a27b3b55dae,heart,UBERON:0000948,sc_bulk,http://purl.obolibrary.org/obo/CL_0002144,capillary endothelial cell,2122.423696,0.0862081303572893
https://doi.org/10.1161/CIRCRESAHA.120.318458#Donor9_TissueBlock1,http://purl.org/ccf/1.5/891363dd-7c97-421c-b321-6a27b3b55dae,heart,UBERON:0000948,sc_bulk,http://purl.obolibrary.org/obo/CL_0000057,fibroblast,2068.64076,0.08402358710778454
https://doi.org/10.1161/CIRCRESAHA.120.318458#Donor9_TissueBlock1,http://purl.org/ccf/1.5/891363dd-7c97-421c-b321-6a27b3b55dae,heart,UBERON:0000948,sc_bulk,https://purl.org/ccf/ASCTB-TEMP_ventricular-cardiomycoyte,Ventricular Cardiomycoyte,1667.596512,0.06773406165827926
https://doi.org/10.1161/CIRCRESAHA.120.318458#Donor9_TissueBlock1,http://purl.org/ccf/1.5/891363dd-7c97-421c-b321-6a27b3b55dae,heart,UBERON:0000948,sc_bulk,http://purl.obolibrary.org/obo/CL_0000003,native cell,1571.301432,0.06382276966457849
https://doi.org/10.1161/CIRCRESAHA.120.318458#Donor9_TissueBlock1,http://purl.org/ccf/1.5/891363dd-7c97-421c-b321-6a27b3b55dae,heart,UBERON:0000948,sc_bulk,http://purl.obolibrary.org/obo/CL_1000413,endothelial cell of artery,730.4919040000001,0.02967095655955044
https://doi.org/10.1161/CIRCRESAHA.120.318458#Donor9_TissueBlock1,http://purl.org/ccf/1.5/891363dd-7c97-421c-b321-6a27b3b55dae,heart,UBERON:0000948,sc_bulk,http://purl.obolibrary.org/obo/CL_0000192,smooth muscle cell,519.9481920000001,0.02111913921779589
https://doi.org/10.1161/CIRCRESAHA.120.318458#Donor9_TissueBlock1,http://purl.org/ccf/1.5/891363dd-7c97-421c-b321-6a27b3b55dae,heart,UBERON:0000948,sc_bulk,http://purl.obolibrary.org/obo/CL_0000235,macrophage,455.628976,0.01850663570690093
https://doi.org/10.1161/CIRCRESAHA.120.318458#Donor9_TissueBlock1,http://purl.org/ccf/1.5/891363dd-7c97-421c-b321-6a27b3b55dae,heart,UBERON:0000948,sc_bulk,http://purl.obolibrary.org/obo/CL_0000115,endothelial cell,340.368592,0.01382501524269781
https://doi.org/10.1161/CIRCRESAHA.120.318458#Donor9_TissueBlock1,http://purl.org/ccf/1.5/891363dd-7c97-421c-b321-6a27b3b55dae,heart,UBERON:0000948,sc_bulk,http://purl.obolibrary.org/obo/CL_0002543,vein endothelial cell,228.461072,0.009279580657556914
https://doi.org/10.1161/CIRCRESAHA.120.318458#Donor9_TissueBlock1,http://purl.org/ccf/1.5/891363dd-7c97-421c-b321-6a27b3b55dae,heart,UBERON:0000948,sc_bulk,https://purl.org/ccf/ASCTB-TEMP_b,B,218.36884,0.00886965663838407
https://doi.org/10.1161/CIRCRESAHA.120.318458#Donor9_TissueBlock1,http://purl.org/ccf/1.5/891363dd-7c97-421c-b321-6a27b3b55dae,heart,UBERON:0000948,sc_bulk,http://purl.obolibrary.org/obo/CL_0000623,natural killer cell,116.430128,0.004729132864025412
https://doi.org/10.1161/CIRCRESAHA.120.318458#Donor9_TissueBlock1,http://purl.org/ccf/1.5/891363dd-7c97-421c-b321-6a27b3b55dae,heart,UBERON:0000948,sc_bulk,http://purl.obolibrary.org/obo/CL_0000934,"CD4-positive, alpha-beta cytotoxic T cell",112.740168,0.00457925489512943
https://doi.org/10.1161/CIRCRESAHA.120.318458#Donor9_TissueBlock1,http://purl.org/ccf/1.5/891363dd-7c97-421c-b321-6a27b3b55dae,heart,UBERON:0000948,sc_bulk,https://purl.org/ccf/ASCTB-TEMP_monocyte-cdc,Monocyte/cDC,105.097392,0.004268822331197312
https://doi.org/10.1161/CIRCRESAHA.120.318458#Donor9_TissueBlock1,http://purl.org/ccf/1.5/891363dd-7c97-421c-b321-6a27b3b55dae,heart,UBERON:0000948,sc_bulk,http://purl.obolibrary.org/obo/CL_0002397,"CD14-positive, CD16-positive monocyte",102.728208,0.004172591346075289
https://doi.org/10.1161/CIRCRESAHA.120.318458#Donor9_TissueBlock1,http://purl.org/ccf/1.5/891363dd-7c97-421c-b321-6a27b3b55dae,heart,UBERON:0000948,sc_bulk,http://purl.obolibrary.org/obo/CL_0002319,neural cell,101.96168,0.004141456683438865
https://doi.org/10.1161/CIRCRESAHA.120.318458#Donor9_TissueBlock1,http://purl.org/ccf/1.5/891363dd-7c97-421c-b321-6a27b3b55dae,heart,UBERON:0000948,sc_bulk,http://purl.obolibrary.org/obo/CL_0000906,"activated CD8-positive, alpha-beta T cell",95.161064,0.003865230785781026
https://doi.org/10.1161/CIRCRESAHA.120.318458#Donor9_TissueBlock1,http://purl.org/ccf/1.5/891363dd-7c97-421c-b321-6a27b3b55dae,heart,UBERON:0000948,sc_bulk,https://purl.org/ccf/ASCTB-TEMP_capillary-endothelial,Capillary Endothelial,80.78216800000001,0.003281192008274886
https://doi.org/10.1161/CIRCRESAHA.120.318458#Donor9_TissueBlock1,http://purl.org/ccf/1.5/891363dd-7c97-421c-b321-6a27b3b55dae,heart,UBERON:0000948,sc_bulk,https://purl.org/ccf/ASCTB-TEMP_pericyte,Pericyte,77.53672000000002,0.003149369128244337
https://doi.org/10.1161/CIRCRESAHA.120.318458#Donor9_TissueBlock1,http://purl.org/ccf/1.5/891363dd-7c97-421c-b321-6a27b3b55dae,heart,UBERON:0000948,sc_bulk,http://purl.obolibrary.org/obo/CL_1000309,epicardial adipocyte,76.55141599999999,0.003109348271035833
https://doi.org/10.1161/CIRCRESAHA.120.318458#Donor9_TissueBlock1,http://purl.org/ccf/1.5/891363dd-7c97-421c-b321-6a27b3b55dae,heart,UBERON:0000948,sc_bulk,https://purl.org/ccf/ASCTB-TEMP_macrophage,Macrophage,76.047976,0.003088899657863606
https://doi.org/10.1161/CIRCRESAHA.120.318458#Donor9_TissueBlock1,http://purl.org/ccf/1.5/891363dd-7c97-421c-b321-6a27b3b55dae,heart,UBERON:0000948,sc_bulk,http://purl.obolibrary.org/obo/CL_0000794,"CD8-positive, alpha-beta cytotoxic T cell",74.77313600000001,0.003037118492250062
https://doi.org/10.1161/CIRCRESAHA.120.318458#Donor9_TissueBlock1,http://purl.org/ccf/1.5/891363dd-7c97-421c-b321-6a27b3b55dae,heart,UBERON:0000948,sc_bulk,http://purl.obolibrary.org/obo/CL_0000576,monocyte,61.74749599999999,0.00250804596388383
https://doi.org/10.1161/CIRCRESAHA.120.318458#Donor9_TissueBlock1,http://purl.org/ccf/1.5/891363dd-7c97-421c-b321-6a27b3b55dae,heart,UBERON:0000948,sc_bulk,http://purl.obolibrary.org/obo/CL_0001054,CD14-positive monocyte,57.677056,0.002342713743558146
https://doi.org/10.1161/CIRCRESAHA.120.318458#Donor9_TissueBlock1,http://purl.org/ccf/1.5/891363dd-7c97-421c-b321-6a27b3b55dae,heart,UBERON:0000948,sc_bulk,http://purl.obolibrary.org/obo/CL_0000097,mast cell,51.19729599999999,0.002079520303051086
https://doi.org/10.1161/CIRCRESAHA.120.318458#Donor9_TissueBlock1,http://purl.org/ccf/1.5/891363dd-7c97-421c-b321-6a27b3b55dae,heart,UBERON:0000948,sc_bulk,https://purl.org/ccf/ASCTB-TEMP_mesothelial,Mesothelial,49.764,0.002021303007116514
https://doi.org/10.1161/CIRCRESAHA.120.318458#Donor9_TissueBlock1,http://purl.org/ccf/1.5/891363dd-7c97-421c-b321-6a27b3b55dae,heart,UBERON:0000948,sc_bulk,http://purl.obolibrary.org/obo/CL_0000814,mature NK T cell,44.85812799999999,0.001822037396913782
https://doi.org/10.1161/CIRCRESAHA.120.318458#Donor9_TissueBlock1,http://purl.org/ccf/1.5/891363dd-7c97-421c-b321-6a27b3b55dae,heart,UBERON:0000948,sc_bulk,http://purl.obolibrary.org/obo/CL_0000451,dendritic cell,33.639768,0.001366372562838636
https://doi.org/10.1161/CIRCRESAHA.120.318458#Donor9_TissueBlock1,http://purl.org/ccf/1.5/891363dd-7c97-421c-b321-6a27b3b55dae,heart,UBERON:0000948,sc_bulk,http://purl.obolibrary.org/obo/CL_0002138,endothelial cell of lymphatic vessel,31.12488799999999,0.001264223730217922
https://doi.org/10.1161/CIRCRESAHA.120.318458#Donor9_TissueBlock1,http://purl.org/ccf/1.5/891363dd-7c97-421c-b321-6a27b3b55dae,heart,UBERON:0000948,sc_bulk,http://purl.obolibrary.org/obo/CL_0000236,B cell,27.12544,0.001101775047049244
https://doi.org/10.1161/CIRCRESAHA.120.318458#Donor9_TissueBlock1,http://purl.org/ccf/1.5/891363dd-7c97-421c-b321-6a27b3b55dae,heart,UBERON:0000948,sc_bulk,https://purl.org/ccf/ASCTB-TEMP_nk,NK,26.750064,0.001086528108748477
https://doi.org/10.1161/CIRCRESAHA.120.318458#Donor9_TissueBlock1,http://purl.org/ccf/1.5/891363dd-7c97-421c-b321-6a27b3b55dae,heart,UBERON:0000948,sc_bulk,http://purl.obolibrary.org/obo/CL_0000896,"activated CD4-positive, alpha-beta T cell",26.316688,0.001068925339437084
https://doi.org/10.1161/CIRCRESAHA.120.318458#Donor9_TissueBlock1,http://purl.org/ccf/1.5/891363dd-7c97-421c-b321-6a27b3b55dae,heart,UBERON:0000948,sc_bulk,https://purl.org/ccf/ASCTB-TEMP_smooth-muscle,Smooth Muscle,25.110984,0.001019952324388206
https://doi.org/10.1161/CIRCRESAHA.120.318458#Donor9_TissueBlock1,http://purl.org/ccf/1.5/891363dd-7c97-421c-b321-6a27b3b55dae,heart,UBERON:0000948,sc_bulk,https://purl.org/ccf/ASCTB-TEMP_venous-endothelial,Venous Endothelial,20.775368,8.438492446819427E-4
https://doi.org/10.1161/CIRCRESAHA.120.318458#Donor9_TissueBlock1,http://purl.org/ccf/1.5/891363dd-7c97-421c-b321-6a27b3b55dae,heart,UBERON:0000948,sc_bulk,https://purl.org/ccf/ASCTB-TEMP_arterial-endothelial,Arterial Endothelial,18.937928,7.69216518265333E-4
https://doi.org/10.1161/CIRCRESAHA.120.318458#Donor9_TissueBlock1,http://purl.org/ccf/1.5/891363dd-7c97-421c-b321-6a27b3b55dae,heart,UBERON:0000948,sc_bulk,https://purl.org/ccf/ASCTB-TEMP_t,T,15.671368,6.365361157469157E-4
https://doi.org/10.1161/CIRCRESAHA.120.318458#Donor9_TissueBlock1,http://purl.org/ccf/1.5/891363dd-7c97-421c-b321-6a27b3b55dae,heart,UBERON:0000948,sc_bulk,https://purl.org/ccf/ASCTB-TEMP_endocardial,Endocardial,15.248664,6.193668193414783E-4
https://doi.org/10.1161/CIRCRESAHA.120.318458#Donor9_TissueBlock1,http://purl.org/ccf/1.5/891363dd-7c97-421c-b321-6a27b3b55dae,heart,UBERON:0000948,sc_bulk,https://purl.org/ccf/ASCTB-TEMP_lymphatic-endothelial,Lymphatic Endothelial,11.014896,4.474005788898734E-4
https://doi.org/10.1161/CIRCRESAHA.120.318458#Donor9_TissueBlock1,http://purl.org/ccf/1.5/891363dd-7c97-421c-b321-6a27b3b55dae,heart,UBERON:0000948,sc_bulk,https://purl.org/ccf/ASCTB-TEMP_mast,Mast,10.211248,4.147581844066492E-4
https://doi.org/10.1161/CIRCRESAHA.120.318458#Donor9_TissueBlock1,http://purl.org/ccf/1.5/891363dd-7c97-421c-b321-6a27b3b55dae,heart,UBERON:0000948,sc_bulk,https://purl.org/ccf/ASCTB-TEMP_adipocyte,Adipocyte,4.973848,2.020266441471839E-4
https://doi.org/10.1161/CIRCRESAHA.120.318458#Donor9_TissueBlock1,http://purl.org/ccf/1.5/891363dd-7c97-421c-b321-6a27b3b55dae,heart,UBERON:0000948,sc_bulk,http://purl.obolibrary.org/obo/CL_0000077,mesothelial cell,3.59832,1.461557558991941E-4
https://doi.org/10.1161/CIRCRESAHA.120.318458#Donor9_TissueBlock1,http://purl.org/ccf/1.5/891363dd-7c97-421c-b321-6a27b3b55dae,heart,UBERON:0000948,sc_bulk,https://purl.org/ccf/ASCTB-TEMP_neuronal,Neuronal,3.244520000000001,1.317851867343797E-4
https://doi.org/10.1161/CIRCRESAHA.120.318458#Donor9_TissueBlock1,http://purl.org/ccf/1.5/891363dd-7c97-421c-b321-6a27b3b55dae,heart,UBERON:0000948,sc_bulk,https://purl.org/ccf/ASCTB-TEMP_atrial-cardiomyocyte,Atrial Cardiomyocyte,2.075704,8.43104802082585E-5
https://doi.org/10.1161/CIRCRESAHA.120.318458#Donor9_TissueBlock1,http://purl.org/ccf/1.5/891363dd-7c97-421c-b321-6a27b3b55dae,heart,UBERON:0000948,sc_bulk,https://purl.org/ccf/ASCTB-TEMP_endothelial,Endothelial,0.036656,1.488885198715194E-6
https://doi.org/10.1161/CIRCRESAHA.120.318458#TissueBlock1,http://purl.org/ccf/1.5/36d378f4-d4b5-456f-a32c-12a4c60d8159,heart,UBERON:0000948,sc_bulk,http://purl.obolibrary.org/obo/CL_0002131,regular ventricular cardiac myocyte,18206.7687,0.3242498245428998
https://doi.org/10.1161/CIRCRESAHA.120.318458#TissueBlock1,http://purl.org/ccf/1.5/36d378f4-d4b5-456f-a32c-12a4c60d8159,heart,UBERON:0000948,sc_bulk,http://purl.obolibrary.org/obo/CL_0000669,pericyte,7787.955545000001,0.1386980447010432
https://doi.org/10.1161/CIRCRESAHA.120.318458#TissueBlock1,http://purl.org/ccf/1.5/36d378f4-d4b5-456f-a32c-12a4c60d8159,heart,UBERON:0000948,sc_bulk,http://purl.obolibrary.org/obo/CL_0002144,capillary endothelial cell,7344.507925000002,0.1308005525458885
https://doi.org/10.1161/CIRCRESAHA.120.318458#TissueBlock1,http://purl.org/ccf/1.5/36d378f4-d4b5-456f-a32c-12a4c60d8159,heart,UBERON:0000948,sc_bulk,http://purl.obolibrary.org/obo/CL_0000057,fibroblast,5231.570699999999,0.0931706174505735
https://doi.org/10.1161/CIRCRESAHA.120.318458#TissueBlock1,http://purl.org/ccf/1.5/36d378f4-d4b5-456f-a32c-12a4c60d8159,heart,UBERON:0000948,sc_bulk,http://purl.obolibrary.org/obo/CL_0000003,native cell,4069.0326,0.07246662647004132
https://doi.org/10.1161/CIRCRESAHA.120.318458#TissueBlock1,http://purl.org/ccf/1.5/36d378f4-d4b5-456f-a32c-12a4c60d8159,heart,UBERON:0000948,sc_bulk,http://purl.obolibrary.org/obo/CL_1000413,endothelial cell of artery,2339.919610000001,0.04167233271805067
https://doi.org/10.1161/CIRCRESAHA.120.318458#TissueBlock1,http://purl.org/ccf/1.5/36d378f4-d4b5-456f-a32c-12a4c60d8159,heart,UBERON:0000948,sc_bulk,https://purl.org/ccf/ASCTB-TEMP_ventricular-cardiomycoyte,Ventricular Cardiomycoyte,2304.18717,0.04103596293759151
https://doi.org/10.1161/CIRCRESAHA.120.318458#TissueBlock1,http://purl.org/ccf/1.5/36d378f4-d4b5-456f-a32c-12a4c60d8159,heart,UBERON:0000948,sc_bulk,http://purl.obolibrary.org/obo/CL_0000192,smooth muscle cell,1514.162145,0.02696616944695688
https://doi.org/10.1161/CIRCRESAHA.120.318458#TissueBlock1,http://purl.org/ccf/1.5/36d378f4-d4b5-456f-a32c-12a4c60d8159,heart,UBERON:0000948,sc_bulk,http://purl.obolibrary.org/obo/CL_0000235,macrophage,1283.966905,0.02286655312236378
https://doi.org/10.1161/CIRCRESAHA.120.318458#TissueBlock1,http://purl.org/ccf/1.5/36d378f4-d4b5-456f-a32c-12a4c60d8159,heart,UBERON:0000948,sc_bulk,http://purl.obolibrary.org/obo/CL_0000115,endothelial cell,849.0583750000002,0.01512113619153242
https://doi.org/10.1161/CIRCRESAHA.120.318458#TissueBlock1,http://purl.org/ccf/1.5/36d378f4-d4b5-456f-a32c-12a4c60d8159,heart,UBERON:0000948,sc_bulk,https://purl.org/ccf/ASCTB-TEMP_fibroblast,Fibroblast,672.1483700000001,0.01197049265745306
https://doi.org/10.1161/CIRCRESAHA.120.318458#TissueBlock1,http://purl.org/ccf/1.5/36d378f4-d4b5-456f-a32c-12a4c60d8159,heart,UBERON:0000948,sc_bulk,http://purl.obolibrary.org/obo/CL_0000623,natural killer cell,667.3634149999999,0.01188527595344804
https://doi.org/10.1161/CIRCRESAHA.120.318458#TissueBlock1,http://purl.org/ccf/1.5/36d378f4-d4b5-456f-a32c-12a4c60d8159,heart,UBERON:0000948,sc_bulk,http://purl.obolibrary.org/obo/CL_0002397,"CD14-positive, CD16-positive monocyte",582.7824450000002,0.01037894799739683
https://doi.org/10.1161/CIRCRESAHA.120.318458#TissueBlock1,http://purl.org/ccf/1.5/36d378f4-d4b5-456f-a32c-12a4c60d8159,heart,UBERON:0000948,sc_bulk,http://purl.obolibrary.org/obo/CL_0002543,vein endothelial cell,526.286345,0.009372791945534743
https://doi.org/10.1161/CIRCRESAHA.120.318458#TissueBlock1,http://purl.org/ccf/1.5/36d378f4-d4b5-456f-a32c-12a4c60d8159,heart,UBERON:0000948,sc_bulk,http://purl.obolibrary.org/obo/CL_0001054,CD14-positive monocyte,320.277565,0.005703919567906479
https://doi.org/10.1161/CIRCRESAHA.120.318458#TissueBlock1,http://purl.org/ccf/1.5/36d378f4-d4b5-456f-a32c-12a4c60d8159,heart,UBERON:0000948,sc_bulk,http://purl.obolibrary.org/obo/CL_0002319,neural cell,287.23262,0.005115412194916138
https://doi.org/10.1161/CIRCRESAHA.120.318458#TissueBlock1,http://purl.org/ccf/1.5/36d378f4-d4b5-456f-a32c-12a4c60d8159,heart,UBERON:0000948,sc_bulk,http://purl.obolibrary.org/obo/CL_0000934,"CD4-positive, alpha-beta cytotoxic T cell",254.81751,0.00453812174303937
https://doi.org/10.1161/CIRCRESAHA.120.318458#TissueBlock1,http://purl.org/ccf/1.5/36d378f4-d4b5-456f-a32c-12a4c60d8159,heart,UBERON:0000948,sc_bulk,http://purl.obolibrary.org/obo/CL_0000576,monocyte,198.6736400000001,0.003538238661278718
https://doi.org/10.1161/CIRCRESAHA.120.318458#TissueBlock1,http://purl.org/ccf/1.5/36d378f4-d4b5-456f-a32c-12a4c60d8159,heart,UBERON:0000948,sc_bulk,http://purl.obolibrary.org/obo/CL_0000794,"CD8-positive, alpha-beta cytotoxic T cell",192.19619,0.003422879804328697
https://doi.org/10.1161/CIRCRESAHA.120.318458#TissueBlock1,http://purl.org/ccf/1.5/36d378f4-d4b5-456f-a32c-12a4c60d8159,heart,UBERON:0000948,sc_bulk,http://purl.obolibrary.org/obo/CL_0000906,"activated CD8-positive, alpha-beta T cell",177.369695,0.003158830291669365
https://doi.org/10.1161/CIRCRESAHA.120.318458#TissueBlock1,http://purl.org/ccf/1.5/36d378f4-d4b5-456f-a32c-12a4c60d8159,heart,UBERON:0000948,sc_bulk,http://purl.obolibrary.org/obo/CL_0000814,mature NK T cell,170.03356,0.003028178855065294
https://doi.org/10.1161/CIRCRESAHA.120.318458#TissueBlock1,http://purl.org/ccf/1.5/36d378f4-d4b5-456f-a32c-12a4c60d8159,heart,UBERON:0000948,sc_bulk,http://purl.obolibrary.org/obo/CL_0000097,mast cell,154.89364,0.002758547462230962
https://doi.org/10.1161/CIRCRESAHA.120.318458#TissueBlock1,http://purl.org/ccf/1.5/36d378f4-d4b5-456f-a32c-12a4c60d8159,heart,UBERON:0000948,sc_bulk,http://purl.obolibrary.org/obo/CL_0000896,"activated CD4-positive, alpha-beta T cell",132.88822,0.002366646313182321
https://doi.org/10.1161/CIRCRESAHA.120.318458#TissueBlock1,http://purl.org/ccf/1.5/36d378f4-d4b5-456f-a32c-12a4c60d8159,heart,UBERON:0000948,sc_bulk,http://purl.obolibrary.org/obo/CL_0000236,B cell,119.387065,0.002126200179548707
https://doi.org/10.1161/CIRCRESAHA.120.318458#TissueBlock1,http://purl.org/ccf/1.5/36d378f4-d4b5-456f-a32c-12a4c60d8159,heart,UBERON:0000948,sc_bulk,https://purl.org/ccf/ASCTB-TEMP_b,B,116.28565,0.002070966146197983
https://doi.org/10.1161/CIRCRESAHA.120.318458#TissueBlock1,http://purl.org/ccf/1.5/36d378f4-d4b5-456f-a32c-12a4c60d8159,heart,UBERON:0000948,sc_bulk,http://purl.obolibrary.org/obo/CL_1000309,epicardial adipocyte,105.10583,0.001871861366368425
https://doi.org/10.1161/CIRCRESAHA.120.318458#TissueBlock1,http://purl.org/ccf/1.5/36d378f4-d4b5-456f-a32c-12a4c60d8159,heart,UBERON:0000948,sc_bulk,http://purl.obolibrary.org/obo/CL_0002138,endothelial cell of lymphatic vessel,95.31801500000002,0.00169754722261768
https://doi.org/10.1161/CIRCRESAHA.120.318458#TissueBlock1,http://purl.org/ccf/1.5/36d378f4-d4b5-456f-a32c-12a4c60d8159,heart,UBERON:0000948,sc_bulk,https://purl.org/ccf/ASCTB-TEMP_monocyte-cdc,Monocyte/cDC,92.73997,0.001651634043146481
https://doi.org/10.1161/CIRCRESAHA.120.318458#TissueBlock1,http://purl.org/ccf/1.5/36d378f4-d4b5-456f-a32c-12a4c60d8159,heart,UBERON:0000948,sc_bulk,https://purl.org/ccf/ASCTB-TEMP_macrophage,Macrophage,60.36466000000001,0.001075052401450665
https://doi.org/10.1161/CIRCRESAHA.120.318458#TissueBlock1,http://purl.org/ccf/1.5/36d378f4-d4b5-456f-a32c-12a4c60d8159,heart,UBERON:0000948,sc_bulk,https://purl.org/ccf/ASCTB-TEMP_pericyte,Pericyte,55.9787,9.969415195096993E-4
https://doi.org/10.1161/CIRCRESAHA.120.318458#TissueBlock1,http://purl.org/ccf/1.5/36d378f4-d4b5-456f-a32c-12a4c60d8159,heart,UBERON:0000948,sc_bulk,http://purl.obolibrary.org/obo/CL_0000451,dendritic cell,54.544905,9.71406632740885E-4
https://doi.org/10.1161/CIRCRESAHA.120.318458#TissueBlock1,http://purl.org/ccf/1.5/36d378f4-d4b5-456f-a32c-12a4c60d8159,heart,UBERON:0000948,sc_bulk,https://purl.org/ccf/ASCTB-TEMP_capillary-endothelial,Capillary Endothelial,53.55488,9.537749794896916E-4
https://doi.org/10.1161/CIRCRESAHA.120.318458#TissueBlock1,http://purl.org/ccf/1.5/36d378f4-d4b5-456f-a32c-12a4c60d8159,heart,UBERON:0000948,sc_bulk,https://purl.org/ccf/ASCTB-TEMP_venous-endothelial,Venous Endothelial,27.58538,4.912763364181816E-4
https://doi.org/10.1161/CIRCRESAHA.120.318458#TissueBlock1,http://purl.org/ccf/1.5/36d378f4-d4b5-456f-a32c-12a4c60d8159,heart,UBERON:0000948,sc_bulk,https://purl.org/ccf/ASCTB-TEMP_nk,NK,18.40949,3.278601491995815E-4
https://doi.org/10.1161/CIRCRESAHA.120.318458#TissueBlock1,http://purl.org/ccf/1.5/36d378f4-d4b5-456f-a32c-12a4c60d8159,heart,UBERON:0000948,sc_bulk,https://purl.org/ccf/ASCTB-TEMP_arterial-endothelial,Arterial Endothelial,18.06323,3.216935006252946E-4
https://doi.org/10.1161/CIRCRESAHA.120.318458#TissueBlock1,http://purl.org/ccf/1.5/36d378f4-d4b5-456f-a32c-12a4c60d8159,heart,UBERON:0000948,sc_bulk,https://purl.org/ccf/ASCTB-TEMP_mesothelial,Mesothelial,15.87025,2.826380596548116E-4
https://doi.org/10.1161/CIRCRESAHA.120.318458#TissueBlock1,http://purl.org/ccf/1.5/36d378f4-d4b5-456f-a32c-12a4c60d8159,heart,UBERON:0000948,sc_bulk,https://purl.org/ccf/ASCTB-TEMP_t,T,11.71513,2.0863827676337E-4
https://doi.org/10.1161/CIRCRESAHA.120.318458#TissueBlock1,http://purl.org/ccf/1.5/36d378f4-d4b5-456f-a32c-12a4c60d8159,heart,UBERON:0000948,sc_bulk,https://purl.org/ccf/ASCTB-TEMP_smooth-muscle,Smooth Muscle,10.90719,1.942494300900342E-4
https://doi.org/10.1161/CIRCRESAHA.120.318458#TissueBlock1,http://purl.org/ccf/1.5/36d378f4-d4b5-456f-a32c-12a4c60d8159,heart,UBERON:0000948,sc_bulk,https://purl.org/ccf/ASCTB-TEMP_lymphatic-endothelial,Lymphatic Endothelial,6.694360000000001,1.192218724362115E-4
https://doi.org/10.1161/CIRCRESAHA.120.318458#TissueBlock1,http://purl.org/ccf/1.5/36d378f4-d4b5-456f-a32c-12a4c60d8159,heart,UBERON:0000948,sc_bulk,https://purl.org/ccf/ASCTB-TEMP_mast,Mast,6.23268,1.109996743371624E-4
https://doi.org/10.1161/CIRCRESAHA.120.318458#TissueBlock1,http://purl.org/ccf/1.5/36d378f4-d4b5-456f-a32c-12a4c60d8159,heart,UBERON:0000948,sc_bulk,https://purl.org/ccf/ASCTB-TEMP_endocardial,Endocardial,5.42474,9.661082766382651E-5
https://doi.org/10.1161/CIRCRESAHA.120.318458#TissueBlock1,http://purl.org/ccf/1.5/36d378f4-d4b5-456f-a32c-12a4c60d8159,heart,UBERON:0000948,sc_bulk,https://purl.org/ccf/ASCTB-TEMP_neuronal,Neuronal,2.59695,4.624986430715099E-5
https://doi.org/10.1161/CIRCRESAHA.120.318458#TissueBlock1,http://purl.org/ccf/1.5/36d378f4-d4b5-456f-a32c-12a4c60d8159,heart,UBERON:0000948,sc_bulk,https://purl.org/ccf/ASCTB-TEMP_atrial-cardiomyocyte,Atrial Cardiomyocyte,1.96214,3.494434192095853E-5
https://doi.org/10.1161/CIRCRESAHA.120.318458#TissueBlock1,http://purl.org/ccf/1.5/36d378f4-d4b5-456f-a32c-12a4c60d8159,heart,UBERON:0000948,sc_bulk,https://purl.org/ccf/ASCTB-TEMP_adipocyte,Adipocyte,1.90443,3.391656715857739E-5
https://doi.org/10.1161/CIRCRESAHA.120.318458#TissueBlock1,http://purl.org/ccf/1.5/36d378f4-d4b5-456f-a32c-12a4c60d8159,heart,UBERON:0000948,sc_bulk,http://purl.obolibrary.org/obo/CL_0000077,mesothelial cell,1.638765,2.918525920071942E-5
https://doi.org/10.1161/CIRCRESAHA.120.318458#TissueBlock1,http://purl.org/ccf/1.5/36d378f4-d4b5-456f-a32c-12a4c60d8159,heart,UBERON:0000948,sc_bulk,https://purl.org/ccf/ASCTB-TEMP_endothelial,Endothelial,0.05771,1.027774762381133E-6
https://doi.org/10.1161/CIRCRESAHA.120.318458#TissueBlock10,http://purl.org/ccf/1.5/717feefc-95f4-42b4-8255-96ddf65921be,heart,UBERON:0000948,sc_bulk,https://purl.org/ccf/ASCTB-TEMP_muscle,Muscle,362.010384,0.1886987746624205
https://doi.org/10.1161/CIRCRESAHA.120.318458#TissueBlock10,http://purl.org/ccf/1.5/717feefc-95f4-42b4-8255-96ddf65921be,heart,UBERON:0000948,sc_bulk,https://purl.org/ccf/ASCTB-TEMP_fibroblast,Fibroblast,273.461616,0.1425425184941805
https://doi.org/10.1161/CIRCRESAHA.120.318458#TissueBlock10,http://purl.org/ccf/1.5/717feefc-95f4-42b4-8255-96ddf65921be,heart,UBERON:0000948,sc_bulk,https://purl.org/ccf/ASCTB-TEMP_endothelial-cell,Endothelial cell,226.764288,0.118201425080658
https://doi.org/10.1161/CIRCRESAHA.120.318458#TissueBlock10,http://purl.org/ccf/1.5/717feefc-95f4-42b4-8255-96ddf65921be,heart,UBERON:0000948,sc_bulk,http://purl.obolibrary.org/obo/CL_0000057,fibroblast,216.758448,0.1129858571552135
https://doi.org/10.1161/CIRCRESAHA.120.318458#TissueBlock10,http://purl.org/ccf/1.5/717feefc-95f4-42b4-8255-96ddf65921be,heart,UBERON:0000948,sc_bulk,http://purl.obolibrary.org/obo/CL_0002129,regular atrial cardiac myocyte,179.99712,0.09382392740083573
https://doi.org/10.1161/CIRCRESAHA.120.318458#TissueBlock10,http://purl.org/ccf/1.5/717feefc-95f4-42b4-8255-96ddf65921be,heart,UBERON:0000948,sc_bulk,https://purl.org/ccf/ASCTB-TEMP_immune-myeloid-,Immune (myeloid),166.234464,0.08665011018983439
https://doi.org/10.1161/CIRCRESAHA.120.318458#TissueBlock10,http://purl.org/ccf/1.5/717feefc-95f4-42b4-8255-96ddf65921be,heart,UBERON:0000948,sc_bulk,http://purl.obolibrary.org/obo/CL_0000115,endothelial cell,73.370544,0.03824457076655351
https://doi.org/10.1161/CIRCRESAHA.120.318458#TissueBlock10,http://purl.org/ccf/1.5/717feefc-95f4-42b4-8255-96ddf65921be,heart,UBERON:0000948,sc_bulk,http://purl.obolibrary.org/obo/CL_0000669,pericyte,57.21623999999999,0.0298241013406703
https://doi.org/10.1161/CIRCRESAHA.120.318458#TissueBlock10,http://purl.org/ccf/1.5/717feefc-95f4-42b4-8255-96ddf65921be,heart,UBERON:0000948,sc_bulk,http://purl.obolibrary.org/obo/CL_0000003,native cell,52.65580799999999,0.02744696530158007
https://doi.org/10.1161/CIRCRESAHA.120.318458#TissueBlock10,http://purl.org/ccf/1.5/717feefc-95f4-42b4-8255-96ddf65921be,heart,UBERON:0000948,sc_bulk,http://purl.obolibrary.org/obo/CL_0002543,vein endothelial cell,35.275632,0.01838750717670704
https://doi.org/10.1161/CIRCRESAHA.120.318458#TissueBlock10,http://purl.org/ccf/1.5/717feefc-95f4-42b4-8255-96ddf65921be,heart,UBERON:0000948,sc_bulk,http://purl.obolibrary.org/obo/CL_0000235,macrophage,33.31512,0.01736558562842633
https://doi.org/10.1161/CIRCRESAHA.120.318458#TissueBlock10,http://purl.org/ccf/1.5/717feefc-95f4-42b4-8255-96ddf65921be,heart,UBERON:0000948,sc_bulk,http://purl.obolibrary.org/obo/CL_0000192,smooth muscle cell,33.254688,0.01733408530452845
https://doi.org/10.1161/CIRCRESAHA.120.318458#TissueBlock10,http://purl.org/ccf/1.5/717feefc-95f4-42b4-8255-96ddf65921be,heart,UBERON:0000948,sc_bulk,http://purl.obolibrary.org/obo/CL_0002144,capillary endothelial cell,31.685808,0.01651630286878379
https://doi.org/10.1161/CIRCRESAHA.120.318458#TissueBlock10,http://purl.org/ccf/1.5/717feefc-95f4-42b4-8255-96ddf65921be,heart,UBERON:0000948,sc_bulk,http://purl.obolibrary.org/obo/CL_1000413,endothelial cell of artery,29.127744,0.01518290591763984
https://doi.org/10.1161/CIRCRESAHA.120.318458#TissueBlock10,http://purl.org/ccf/1.5/717feefc-95f4-42b4-8255-96ddf65921be,heart,UBERON:0000948,sc_bulk,https://purl.org/ccf/ASCTB-TEMP_immune-lymphocyte-,Immune (lymphocyte),19.198944,0.01000749527563947
https://doi.org/10.1161/CIRCRESAHA.120.318458#TissueBlock10,http://purl.org/ccf/1.5/717feefc-95f4-42b4-8255-96ddf65921be,heart,UBERON:0000948,sc_bulk,http://purl.obolibrary.org/obo/CL_0002319,neural cell,17.458224,0.009100140830717337
https://doi.org/10.1161/CIRCRESAHA.120.318458#TissueBlock10,http://purl.org/ccf/1.5/717feefc-95f4-42b4-8255-96ddf65921be,heart,UBERON:0000948,sc_bulk,http://purl.obolibrary.org/obo/CL_1000309,epicardial adipocyte,14.554752,0.007586699137103796
https://doi.org/10.1161/CIRCRESAHA.120.318458#TissueBlock10,http://purl.org/ccf/1.5/717feefc-95f4-42b4-8255-96ddf65921be,heart,UBERON:0000948,sc_bulk,http://purl.obolibrary.org/obo/CL_0000906,"activated CD8-positive, alpha-beta T cell",12.837936,0.006691804709100767
https://doi.org/10.1161/CIRCRESAHA.120.318458#TissueBlock10,http://purl.org/ccf/1.5/717feefc-95f4-42b4-8255-96ddf65921be,heart,UBERON:0000948,sc_bulk,http://purl.obolibrary.org/obo/CL_0000794,"CD8-positive, alpha-beta cytotoxic T cell",11.6352,0.006064875705201305
https://doi.org/10.1161/CIRCRESAHA.120.318458#TissueBlock10,http://purl.org/ccf/1.5/717feefc-95f4-42b4-8255-96ddf65921be,heart,UBERON:0000948,sc_bulk,https://purl.org/ccf/ASCTB-TEMP_glia,Glia,8.70264,0.004536271822324764
https://doi.org/10.1161/CIRCRESAHA.120.318458#TissueBlock10,http://purl.org/ccf/1.5/717feefc-95f4-42b4-8255-96ddf65921be,heart,UBERON:0000948,sc_bulk,http://purl.obolibrary.org/obo/CL_0000236,B cell,8.313696,0.004333533836189259
https://doi.org/10.1161/CIRCRESAHA.120.318458#TissueBlock10,http://purl.org/ccf/1.5/717feefc-95f4-42b4-8255-96ddf65921be,heart,UBERON:0000948,sc_bulk,http://purl.obolibrary.org/obo/CL_0002397,"CD14-positive, CD16-positive monocyte",8.264496,0.00430788821903649
https://doi.org/10.1161/CIRCRESAHA.120.318458#TissueBlock10,http://purl.org/ccf/1.5/717feefc-95f4-42b4-8255-96ddf65921be,heart,UBERON:0000948,sc_bulk,http://purl.obolibrary.org/obo/CL_0000623,natural killer cell,7.804512000000002,0.004068120463743817
https://doi.org/10.1161/CIRCRESAHA.120.318458#TissueBlock10,http://purl.org/ccf/1.5/717feefc-95f4-42b4-8255-96ddf65921be,heart,UBERON:0000948,sc_bulk,http://purl.obolibrary.org/obo/CL_0001054,CD14-positive monocyte,7.418976,0.003867158905723284
https://doi.org/10.1161/CIRCRESAHA.120.318458#TissueBlock10,http://purl.org/ccf/1.5/717feefc-95f4-42b4-8255-96ddf65921be,heart,UBERON:0000948,sc_bulk,http://purl.obolibrary.org/obo/CL_0000934,"CD4-positive, alpha-beta cytotoxic T cell",6.871872,0.003581979642984487
https://doi.org/10.1161/CIRCRESAHA.120.318458#TissueBlock10,http://purl.org/ccf/1.5/717feefc-95f4-42b4-8255-96ddf65921be,heart,UBERON:0000948,sc_bulk,https://purl.org/ccf/ASCTB-TEMP_adipocyte,Adipocyte,5.789376,0.003017726025394966
https://doi.org/10.1161/CIRCRESAHA.120.318458#TissueBlock10,http://purl.org/ccf/1.5/717feefc-95f4-42b4-8255-96ddf65921be,heart,UBERON:0000948,sc_bulk,http://purl.obolibrary.org/obo/CL_0000576,monocyte,4.813488,0.002509042081655496
https://doi.org/10.1161/CIRCRESAHA.120.318458#TissueBlock10,http://purl.org/ccf/1.5/717feefc-95f4-42b4-8255-96ddf65921be,heart,UBERON:0000948,sc_bulk,http://purl.obolibrary.org/obo/CL_0000077,mesothelial cell,4.669152,0.002433806597969273
https://doi.org/10.1161/CIRCRESAHA.120.318458#TissueBlock10,http://purl.org/ccf/1.5/717feefc-95f4-42b4-8255-96ddf65921be,heart,UBERON:0000948,sc_bulk,http://purl.obolibrary.org/obo/CL_0000814,mature NK T cell,2.893632,0.001508312570182985
https://doi.org/10.1161/CIRCRESAHA.120.318458#TissueBlock10,http://purl.org/ccf/1.5/717feefc-95f4-42b4-8255-96ddf65921be,heart,UBERON:0000948,sc_bulk,http://purl.obolibrary.org/obo/CL_0000896,"activated CD4-positive, alpha-beta T cell",2.7204,0.001418014977690941
https://doi.org/10.1161/CIRCRESAHA.120.318458#TissueBlock10,http://purl.org/ccf/1.5/717feefc-95f4-42b4-8255-96ddf65921be,heart,UBERON:0000948,sc_bulk,http://purl.obolibrary.org/obo/CL_0000451,dendritic cell,1.950768,0.001016842465078739
https://doi.org/10.1161/CIRCRESAHA.120.318458#TissueBlock10,http://purl.org/ccf/1.5/717feefc-95f4-42b4-8255-96ddf65921be,heart,UBERON:0000948,sc_bulk,http://purl.obolibrary.org/obo/CL_0000097,mast cell,1.01928,5.313021270624986E-4
https://doi.org/10.1161/CIRCRESAHA.120.318458#TissueBlock10,http://purl.org/ccf/1.5/717feefc-95f4-42b4-8255-96ddf65921be,heart,UBERON:0000948,sc_bulk,http://purl.obolibrary.org/obo/CL_0002138,endothelial cell of lymphatic vessel,0.411216,2.143473191685626E-4
https://doi.org/10.1161/CIRCRESAHA.120.318458#TissueBlock11,http://purl.org/ccf/1.5/da9a6669-973c-4bee-97e1-7430d21796f8,heart,UBERON:0000948,sc_bulk,http://purl.obolibrary.org/obo/CL_0002131,regular ventricular cardiac myocyte,2250.68598,0.3242498245428998
https://doi.org/10.1161/CIRCRESAHA.120.318458#TissueBlock11,http://purl.org/ccf/1.5/da9a6669-973c-4bee-97e1-7430d21796f8,heart,UBERON:0000948,sc_bulk,http://purl.obolibrary.org/obo/CL_0000669,pericyte,962.732193,0.1386980447010432
https://doi.org/10.1161/CIRCRESAHA.120.318458#TissueBlock11,http://purl.org/ccf/1.5/da9a6669-973c-4bee-97e1-7430d21796f8,heart,UBERON:0000948,sc_bulk,http://purl.obolibrary.org/obo/CL_0002144,capillary endothelial cell,907.9140450000002,0.1308005525458885
https://doi.org/10.1161/CIRCRESAHA.120.318458#TissueBlock11,http://purl.org/ccf/1.5/da9a6669-973c-4bee-97e1-7430d21796f8,heart,UBERON:0000948,sc_bulk,http://purl.obolibrary.org/obo/CL_0000057,fibroblast,646.71678,0.0931706174505735
https://doi.org/10.1161/CIRCRESAHA.120.318458#TissueBlock11,http://purl.org/ccf/1.5/da9a6669-973c-4bee-97e1-7430d21796f8,heart,UBERON:0000948,sc_bulk,http://purl.obolibrary.org/obo/CL_0000003,native cell,503.00604,0.0724666264700413
https://doi.org/10.1161/CIRCRESAHA.120.318458#TissueBlock11,http://purl.org/ccf/1.5/da9a6669-973c-4bee-97e1-7430d21796f8,heart,UBERON:0000948,sc_bulk,http://purl.obolibrary.org/obo/CL_1000413,endothelial cell of artery,289.2563940000001,0.04167233271805067
https://doi.org/10.1161/CIRCRESAHA.120.318458#TissueBlock11,http://purl.org/ccf/1.5/da9a6669-973c-4bee-97e1-7430d21796f8,heart,UBERON:0000948,sc_bulk,https://purl.org/ccf/ASCTB-TEMP_ventricular-cardiomycoyte,Ventricular Cardiomycoyte,284.839218,0.0410359629375915
https://doi.org/10.1161/CIRCRESAHA.120.318458#TissueBlock11,http://purl.org/ccf/1.5/da9a6669-973c-4bee-97e1-7430d21796f8,heart,UBERON:0000948,sc_bulk,http://purl.obolibrary.org/obo/CL_0000192,smooth muscle cell,187.177833,0.02696616944695688
https://doi.org/10.1161/CIRCRESAHA.120.318458#TissueBlock11,http://purl.org/ccf/1.5/da9a6669-973c-4bee-97e1-7430d21796f8,heart,UBERON:0000948,sc_bulk,http://purl.obolibrary.org/obo/CL_0000235,macrophage,158.721537,0.02286655312236378
https://doi.org/10.1161/CIRCRESAHA.120.318458#TissueBlock11,http://purl.org/ccf/1.5/da9a6669-973c-4bee-97e1-7430d21796f8,heart,UBERON:0000948,sc_bulk,http://purl.obolibrary.org/obo/CL_0000115,endothelial cell,104.958975,0.01512113619153242
https://doi.org/10.1161/CIRCRESAHA.120.318458#TissueBlock11,http://purl.org/ccf/1.5/da9a6669-973c-4bee-97e1-7430d21796f8,heart,UBERON:0000948,sc_bulk,https://purl.org/ccf/ASCTB-TEMP_fibroblast,Fibroblast,83.08969800000001,0.01197049265745306
https://doi.org/10.1161/CIRCRESAHA.120.318458#TissueBlock11,http://purl.org/ccf/1.5/da9a6669-973c-4bee-97e1-7430d21796f8,heart,UBERON:0000948,sc_bulk,http://purl.obolibrary.org/obo/CL_0000623,natural killer cell,82.49819099999998,0.01188527595344804
https://doi.org/10.1161/CIRCRESAHA.120.318458#TissueBlock11,http://purl.org/ccf/1.5/da9a6669-973c-4bee-97e1-7430d21796f8,heart,UBERON:0000948,sc_bulk,http://purl.obolibrary.org/obo/CL_0002397,"CD14-positive, CD16-positive monocyte",72.04245300000001,0.01037894799739682
https://doi.org/10.1161/CIRCRESAHA.120.318458#TissueBlock11,http://purl.org/ccf/1.5/da9a6669-973c-4bee-97e1-7430d21796f8,heart,UBERON:0000948,sc_bulk,http://purl.obolibrary.org/obo/CL_0002543,vein endothelial cell,65.058513,0.009372791945534743
https://doi.org/10.1161/CIRCRESAHA.120.318458#TissueBlock11,http://purl.org/ccf/1.5/da9a6669-973c-4bee-97e1-7430d21796f8,heart,UBERON:0000948,sc_bulk,http://purl.obolibrary.org/obo/CL_0001054,CD14-positive monocyte,39.592101,0.005703919567906479
https://doi.org/10.1161/CIRCRESAHA.120.318458#TissueBlock11,http://purl.org/ccf/1.5/da9a6669-973c-4bee-97e1-7430d21796f8,heart,UBERON:0000948,sc_bulk,http://purl.obolibrary.org/obo/CL_0002319,neural cell,35.507148,0.005115412194916137
https://doi.org/10.1161/CIRCRESAHA.120.318458#TissueBlock11,http://purl.org/ccf/1.5/da9a6669-973c-4bee-97e1-7430d21796f8,heart,UBERON:0000948,sc_bulk,http://purl.obolibrary.org/obo/CL_0000934,"CD4-positive, alpha-beta cytotoxic T cell",31.500054,0.004538121743039369
https://doi.org/10.1161/CIRCRESAHA.120.318458#TissueBlock11,http://purl.org/ccf/1.5/da9a6669-973c-4bee-97e1-7430d21796f8,heart,UBERON:0000948,sc_bulk,http://purl.obolibrary.org/obo/CL_0000576,monocyte,24.55965600000001,0.003538238661278718
https://doi.org/10.1161/CIRCRESAHA.120.318458#TissueBlock11,http://purl.org/ccf/1.5/da9a6669-973c-4bee-97e1-7430d21796f8,heart,UBERON:0000948,sc_bulk,http://purl.obolibrary.org/obo/CL_0000794,"CD8-positive, alpha-beta cytotoxic T cell",23.758926,0.003422879804328697
https://doi.org/10.1161/CIRCRESAHA.120.318458#TissueBlock11,http://purl.org/ccf/1.5/da9a6669-973c-4bee-97e1-7430d21796f8,heart,UBERON:0000948,sc_bulk,http://purl.obolibrary.org/obo/CL_0000906,"activated CD8-positive, alpha-beta T cell",21.926103,0.003158830291669364
https://doi.org/10.1161/CIRCRESAHA.120.318458#TissueBlock11,http://purl.org/ccf/1.5/da9a6669-973c-4bee-97e1-7430d21796f8,heart,UBERON:0000948,sc_bulk,http://purl.obolibrary.org/obo/CL_0000814,mature NK T cell,21.019224,0.003028178855065294
https://doi.org/10.1161/CIRCRESAHA.120.318458#TissueBlock11,http://purl.org/ccf/1.5/da9a6669-973c-4bee-97e1-7430d21796f8,heart,UBERON:0000948,sc_bulk,http://purl.obolibrary.org/obo/CL_0000097,mast cell,19.147656,0.002758547462230961
https://doi.org/10.1161/CIRCRESAHA.120.318458#TissueBlock11,http://purl.org/ccf/1.5/da9a6669-973c-4bee-97e1-7430d21796f8,heart,UBERON:0000948,sc_bulk,http://purl.obolibrary.org/obo/CL_0000896,"activated CD4-positive, alpha-beta T cell",16.427388,0.002366646313182321
https://doi.org/10.1161/CIRCRESAHA.120.318458#TissueBlock11,http://purl.org/ccf/1.5/da9a6669-973c-4bee-97e1-7430d21796f8,heart,UBERON:0000948,sc_bulk,http://purl.obolibrary.org/obo/CL_0000236,B cell,14.758401,0.002126200179548707
https://doi.org/10.1161/CIRCRESAHA.120.318458#TissueBlock11,http://purl.org/ccf/1.5/da9a6669-973c-4bee-97e1-7430d21796f8,heart,UBERON:0000948,sc_bulk,https://purl.org/ccf/ASCTB-TEMP_b,B,14.37501,0.002070966146197983
https://doi.org/10.1161/CIRCRESAHA.120.318458#TissueBlock11,http://purl.org/ccf/1.5/da9a6669-973c-4bee-97e1-7430d21796f8,heart,UBERON:0000948,sc_bulk,http://purl.obolibrary.org/obo/CL_1000309,epicardial adipocyte,12.992982,0.001871861366368424
https://doi.org/10.1161/CIRCRESAHA.120.318458#TissueBlock11,http://purl.org/ccf/1.5/da9a6669-973c-4bee-97e1-7430d21796f8,heart,UBERON:0000948,sc_bulk,http://purl.obolibrary.org/obo/CL_0002138,endothelial cell of lymphatic vessel,11.783031,0.001697547222617679
https://doi.org/10.1161/CIRCRESAHA.120.318458#TissueBlock11,http://purl.org/ccf/1.5/da9a6669-973c-4bee-97e1-7430d21796f8,heart,UBERON:0000948,sc_bulk,https://purl.org/ccf/ASCTB-TEMP_monocyte-cdc,Monocyte/cDC,11.464338,0.001651634043146481
https://doi.org/10.1161/CIRCRESAHA.120.318458#TissueBlock11,http://purl.org/ccf/1.5/da9a6669-973c-4bee-97e1-7430d21796f8,heart,UBERON:0000948,sc_bulk,https://purl.org/ccf/ASCTB-TEMP_macrophage,Macrophage,7.462164,0.001075052401450665
https://doi.org/10.1161/CIRCRESAHA.120.318458#TissueBlock11,http://purl.org/ccf/1.5/da9a6669-973c-4bee-97e1-7430d21796f8,heart,UBERON:0000948,sc_bulk,https://purl.org/ccf/ASCTB-TEMP_pericyte,Pericyte,6.919980000000001,9.96941519509699E-4
https://doi.org/10.1161/CIRCRESAHA.120.318458#TissueBlock11,http://purl.org/ccf/1.5/da9a6669-973c-4bee-97e1-7430d21796f8,heart,UBERON:0000948,sc_bulk,http://purl.obolibrary.org/obo/CL_0000451,dendritic cell,6.742737,9.714066327408849E-4
https://doi.org/10.1161/CIRCRESAHA.120.318458#TissueBlock11,http://purl.org/ccf/1.5/da9a6669-973c-4bee-97e1-7430d21796f8,heart,UBERON:0000948,sc_bulk,https://purl.org/ccf/ASCTB-TEMP_capillary-endothelial,Capillary Endothelial,6.620352,9.537749794896915E-4
https://doi.org/10.1161/CIRCRESAHA.120.318458#TissueBlock11,http://purl.org/ccf/1.5/da9a6669-973c-4bee-97e1-7430d21796f8,heart,UBERON:0000948,sc_bulk,https://purl.org/ccf/ASCTB-TEMP_venous-endothelial,Venous Endothelial,3.410052,4.912763364181815E-4
https://doi.org/10.1161/CIRCRESAHA.120.318458#TissueBlock11,http://purl.org/ccf/1.5/da9a6669-973c-4bee-97e1-7430d21796f8,heart,UBERON:0000948,sc_bulk,https://purl.org/ccf/ASCTB-TEMP_nk,NK,2.275746,3.278601491995815E-4
https://doi.org/10.1161/CIRCRESAHA.120.318458#TissueBlock11,http://purl.org/ccf/1.5/da9a6669-973c-4bee-97e1-7430d21796f8,heart,UBERON:0000948,sc_bulk,https://purl.org/ccf/ASCTB-TEMP_arterial-endothelial,Arterial Endothelial,2.232942,3.216935006252946E-4
https://doi.org/10.1161/CIRCRESAHA.120.318458#TissueBlock11,http://purl.org/ccf/1.5/da9a6669-973c-4bee-97e1-7430d21796f8,heart,UBERON:0000948,sc_bulk,https://purl.org/ccf/ASCTB-TEMP_mesothelial,Mesothelial,1.96185,2.826380596548116E-4
https://doi.org/10.1161/CIRCRESAHA.120.318458#TissueBlock11,http://purl.org/ccf/1.5/da9a6669-973c-4bee-97e1-7430d21796f8,heart,UBERON:0000948,sc_bulk,https://purl.org/ccf/ASCTB-TEMP_t,T,1.448202,2.0863827676337E-4
https://doi.org/10.1161/CIRCRESAHA.120.318458#TissueBlock11,http://purl.org/ccf/1.5/da9a6669-973c-4bee-97e1-7430d21796f8,heart,UBERON:0000948,sc_bulk,https://purl.org/ccf/ASCTB-TEMP_smooth-muscle,Smooth Muscle,1.348326,1.942494300900341E-4
https://doi.org/10.1161/CIRCRESAHA.120.318458#TissueBlock11,http://purl.org/ccf/1.5/da9a6669-973c-4bee-97e1-7430d21796f8,heart,UBERON:0000948,sc_bulk,https://purl.org/ccf/ASCTB-TEMP_lymphatic-endothelial,Lymphatic Endothelial,0.8275440000000001,1.192218724362114E-4
https://doi.org/10.1161/CIRCRESAHA.120.318458#TissueBlock11,http://purl.org/ccf/1.5/da9a6669-973c-4bee-97e1-7430d21796f8,heart,UBERON:0000948,sc_bulk,https://purl.org/ccf/ASCTB-TEMP_mast,Mast,0.770472,1.109996743371624E-4
https://doi.org/10.1161/CIRCRESAHA.120.318458#TissueBlock11,http://purl.org/ccf/1.5/da9a6669-973c-4bee-97e1-7430d21796f8,heart,UBERON:0000948,sc_bulk,https://purl.org/ccf/ASCTB-TEMP_endocardial,Endocardial,0.670596,9.66108276638265E-5
https://doi.org/10.1161/CIRCRESAHA.120.318458#TissueBlock11,http://purl.org/ccf/1.5/da9a6669-973c-4bee-97e1-7430d21796f8,heart,UBERON:0000948,sc_bulk,https://purl.org/ccf/ASCTB-TEMP_neuronal,Neuronal,0.32103,4.624986430715099E-5
https://doi.org/10.1161/CIRCRESAHA.120.318458#TissueBlock11,http://purl.org/ccf/1.5/da9a6669-973c-4bee-97e1-7430d21796f8,heart,UBERON:0000948,sc_bulk,https://purl.org/ccf/ASCTB-TEMP_atrial-cardiomyocyte,Atrial Cardiomyocyte,0.242556,3.494434192095852E-5
https://doi.org/10.1161/CIRCRESAHA.120.318458#TissueBlock11,http://purl.org/ccf/1.5/da9a6669-973c-4bee-97e1-7430d21796f8,heart,UBERON:0000948,sc_bulk,https://purl.org/ccf/ASCTB-TEMP_adipocyte,Adipocyte,0.235422,3.391656715857739E-5
https://doi.org/10.1161/CIRCRESAHA.120.318458#TissueBlock11,http://purl.org/ccf/1.5/da9a6669-973c-4bee-97e1-7430d21796f8,heart,UBERON:0000948,sc_bulk,http://purl.obolibrary.org/obo/CL_0000077,mesothelial cell,0.202581,2.918525920071942E-5
https://doi.org/10.1161/CIRCRESAHA.120.318458#TissueBlock11,http://purl.org/ccf/1.5/da9a6669-973c-4bee-97e1-7430d21796f8,heart,UBERON:0000948,sc_bulk,https://purl.org/ccf/ASCTB-TEMP_endothelial,Endothelial,0.007134000000000001,1.027774762381133E-6
https://doi.org/10.1161/CIRCRESAHA.120.318458#TissueBlock12,http://purl.org/ccf/1.5/a99b891d-44ce-47ab-91d9-e7dc5743ea46,heart,UBERON:0000948,sc_bulk,https://purl.org/ccf/ASCTB-TEMP_fibroblast,Fibroblast,76885.91657499998,0.3330088912100683
https://doi.org/10.1161/CIRCRESAHA.120.318458#TissueBlock12,http://purl.org/ccf/1.5/a99b891d-44ce-47ab-91d9-e7dc5743ea46,heart,UBERON:0000948,sc_bulk,https://purl.org/ccf/ASCTB-TEMP_ventricular-cardiomycoyte,Ventricular Cardiomycoyte,60579.022442,0.2623803421049386
https://doi.org/10.1161/CIRCRESAHA.120.318458#TissueBlock12,http://purl.org/ccf/1.5/a99b891d-44ce-47ab-91d9-e7dc5743ea46,heart,UBERON:0000948,sc_bulk,http://purl.obolibrary.org/obo/CL_0002131,regular ventricular cardiac myocyte,21922.73492,0.0949519232287496
https://doi.org/10.1161/CIRCRESAHA.120.318458#TissueBlock12,http://purl.org/ccf/1.5/a99b891d-44ce-47ab-91d9-e7dc5743ea46,heart,UBERON:0000948,sc_bulk,http://purl.obolibrary.org/obo/CL_0000669,pericyte,11651.452805,0.05046486472974054
https://doi.org/10.1161/CIRCRESAHA.120.318458#TissueBlock12,http://purl.org/ccf/1.5/a99b891d-44ce-47ab-91d9-e7dc5743ea46,heart,UBERON:0000948,sc_bulk,http://purl.obolibrary.org/obo/CL_0002144,capillary endothelial cell,9360.754499,0.04054337407242711
https://doi.org/10.1161/CIRCRESAHA.120.318458#TissueBlock12,http://purl.org/ccf/1.5/a99b891d-44ce-47ab-91d9-e7dc5743ea46,heart,UBERON:0000948,sc_bulk,https://purl.org/ccf/ASCTB-TEMP_b,B,9183.629620999998,0.03977620939707383
https://doi.org/10.1161/CIRCRESAHA.120.318458#TissueBlock12,http://purl.org/ccf/1.5/a99b891d-44ce-47ab-91d9-e7dc5743ea46,heart,UBERON:0000948,sc_bulk,http://purl.obolibrary.org/obo/CL_0000057,fibroblast,6792.525737000001,0.0294198413045871
https://doi.org/10.1161/CIRCRESAHA.120.318458#TissueBlock12,http://purl.org/ccf/1.5/a99b891d-44ce-47ab-91d9-e7dc5743ea46,heart,UBERON:0000948,sc_bulk,http://purl.obolibrary.org/obo/CL_0000003,native cell,4906.634561,0.02125165449692905
https://doi.org/10.1161/CIRCRESAHA.120.318458#TissueBlock12,http://purl.org/ccf/1.5/a99b891d-44ce-47ab-91d9-e7dc5743ea46,heart,UBERON:0000948,sc_bulk,http://purl.obolibrary.org/obo/CL_1000413,endothelial cell of artery,3319.363513,0.01437685355430501
https://doi.org/10.1161/CIRCRESAHA.120.318458#TissueBlock12,http://purl.org/ccf/1.5/a99b891d-44ce-47ab-91d9-e7dc5743ea46,heart,UBERON:0000948,sc_bulk,https://purl.org/ccf/ASCTB-TEMP_pericyte,Pericyte,2832.992009,0.01227027744156244
https://doi.org/10.1161/CIRCRESAHA.120.318458#TissueBlock12,http://purl.org/ccf/1.5/a99b891d-44ce-47ab-91d9-e7dc5743ea46,heart,UBERON:0000948,sc_bulk,https://purl.org/ccf/ASCTB-TEMP_monocyte-cdc,Monocyte/cDC,2615.163843,0.01132681836263967
https://doi.org/10.1161/CIRCRESAHA.120.318458#TissueBlock12,http://purl.org/ccf/1.5/a99b891d-44ce-47ab-91d9-e7dc5743ea46,heart,UBERON:0000948,sc_bulk,https://purl.org/ccf/ASCTB-TEMP_capillary-endothelial,Capillary Endothelial,2591.037634,0.01122232273501253
https://doi.org/10.1161/CIRCRESAHA.120.318458#TissueBlock12,http://purl.org/ccf/1.5/a99b891d-44ce-47ab-91d9-e7dc5743ea46,heart,UBERON:0000948,sc_bulk,https://purl.org/ccf/ASCTB-TEMP_macrophage,Macrophage,2311.296777999999,0.01001070692248795
https://doi.org/10.1161/CIRCRESAHA.120.318458#TissueBlock12,http://purl.org/ccf/1.5/a99b891d-44ce-47ab-91d9-e7dc5743ea46,heart,UBERON:0000948,sc_bulk,http://purl.obolibrary.org/obo/CL_0000192,smooth muscle cell,2151.650331000001,0.00931924496600289
https://doi.org/10.1161/CIRCRESAHA.120.318458#TissueBlock12,http://purl.org/ccf/1.5/a99b891d-44ce-47ab-91d9-e7dc5743ea46,heart,UBERON:0000948,sc_bulk,http://purl.obolibrary.org/obo/CL_0000235,macrophage,1823.724904,0.007898931757688138
https://doi.org/10.1161/CIRCRESAHA.120.318458#TissueBlock12,http://purl.org/ccf/1.5/a99b891d-44ce-47ab-91d9-e7dc5743ea46,heart,UBERON:0000948,sc_bulk,http://purl.obolibrary.org/obo/CL_0000115,endothelial cell,1191.30122,0.005159773285428922
https://doi.org/10.1161/CIRCRESAHA.120.318458#TissueBlock12,http://purl.org/ccf/1.5/a99b891d-44ce-47ab-91d9-e7dc5743ea46,heart,UBERON:0000948,sc_bulk,http://purl.obolibrary.org/obo/CL_0002543,vein endothelial cell,962.663891,0.004169497474055184
https://doi.org/10.1161/CIRCRESAHA.120.318458#TissueBlock12,http://purl.org/ccf/1.5/a99b891d-44ce-47ab-91d9-e7dc5743ea46,heart,UBERON:0000948,sc_bulk,https://purl.org/ccf/ASCTB-TEMP_mesothelial,Mesothelial,953.98408,0.004131903407862276
https://doi.org/10.1161/CIRCRESAHA.120.318458#TissueBlock12,http://purl.org/ccf/1.5/a99b891d-44ce-47ab-91d9-e7dc5743ea46,heart,UBERON:0000948,sc_bulk,https://purl.org/ccf/ASCTB-TEMP_arterial-endothelial,Arterial Endothelial,911.1634130000001,0.003946438195587208
https://doi.org/10.1161/CIRCRESAHA.120.318458#TissueBlock12,http://purl.org/ccf/1.5/a99b891d-44ce-47ab-91d9-e7dc5743ea46,heart,UBERON:0000948,sc_bulk,https://purl.org/ccf/ASCTB-TEMP_venous-endothelial,Venous Endothelial,851.427046,0.003687707569410918
https://doi.org/10.1161/CIRCRESAHA.120.318458#TissueBlock12,http://purl.org/ccf/1.5/a99b891d-44ce-47ab-91d9-e7dc5743ea46,heart,UBERON:0000948,sc_bulk,https://purl.org/ccf/ASCTB-TEMP_smooth-muscle,Smooth Muscle,827.3358350000002,0.003583363525398749
https://doi.org/10.1161/CIRCRESAHA.120.318458#TissueBlock12,http://purl.org/ccf/1.5/a99b891d-44ce-47ab-91d9-e7dc5743ea46,heart,UBERON:0000948,sc_bulk,https://purl.org/ccf/ASCTB-TEMP_endocardial,Endocardial,617.982097,0.00267660895619157
https://doi.org/10.1161/CIRCRESAHA.120.318458#TissueBlock12,http://purl.org/ccf/1.5/a99b891d-44ce-47ab-91d9-e7dc5743ea46,heart,UBERON:0000948,sc_bulk,https://purl.org/ccf/ASCTB-TEMP_nk,NK,616.5548539999999,0.002670427269998707
https://doi.org/10.1161/CIRCRESAHA.120.318458#TissueBlock12,http://purl.org/ccf/1.5/a99b891d-44ce-47ab-91d9-e7dc5743ea46,heart,UBERON:0000948,sc_bulk,http://purl.obolibrary.org/obo/CL_0000623,natural killer cell,464.081769,0.002010034635858759
https://doi.org/10.1161/CIRCRESAHA.120.318458#TissueBlock12,http://purl.org/ccf/1.5/a99b891d-44ce-47ab-91d9-e7dc5743ea46,heart,UBERON:0000948,sc_bulk,http://purl.obolibrary.org/obo/CL_0000934,"CD4-positive, alpha-beta cytotoxic T cell",432.376344,0.001872711847825209
https://doi.org/10.1161/CIRCRESAHA.120.318458#TissueBlock12,http://purl.org/ccf/1.5/a99b891d-44ce-47ab-91d9-e7dc5743ea46,heart,UBERON:0000948,sc_bulk,http://purl.obolibrary.org/obo/CL_0002319,neural cell,382.6233099999999,0.00165722111265897
https://doi.org/10.1161/CIRCRESAHA.120.318458#TissueBlock12,http://purl.org/ccf/1.5/a99b891d-44ce-47ab-91d9-e7dc5743ea46,heart,UBERON:0000948,sc_bulk,http://purl.obolibrary.org/obo/CL_0002397,"CD14-positive, CD16-positive monocyte",348.422896,0.001509092008495198
https://doi.org/10.1161/CIRCRESAHA.120.318458#TissueBlock12,http://purl.org/ccf/1.5/a99b891d-44ce-47ab-91d9-e7dc5743ea46,heart,UBERON:0000948,sc_bulk,https://purl.org/ccf/ASCTB-TEMP_t,T,348.26387,0.001508403233823676
https://doi.org/10.1161/CIRCRESAHA.120.318458#TissueBlock12,http://purl.org/ccf/1.5/a99b891d-44ce-47ab-91d9-e7dc5743ea46,heart,UBERON:0000948,sc_bulk,http://purl.obolibrary.org/obo/CL_1000309,epicardial adipocyte,298.819985,0.001294251487256322
https://doi.org/10.1161/CIRCRESAHA.120.318458#TissueBlock12,http://purl.org/ccf/1.5/a99b891d-44ce-47ab-91d9-e7dc5743ea46,heart,UBERON:0000948,sc_bulk,http://purl.obolibrary.org/obo/CL_0000794,"CD8-positive, alpha-beta cytotoxic T cell",282.452894,0.001223362213003767
https://doi.org/10.1161/CIRCRESAHA.120.318458#TissueBlock12,http://purl.org/ccf/1.5/a99b891d-44ce-47ab-91d9-e7dc5743ea46,heart,UBERON:0000948,sc_bulk,http://purl.obolibrary.org/obo/CL_0000906,"activated CD8-positive, alpha-beta T cell",281.243621,0.001218124600202371
https://doi.org/10.1161/CIRCRESAHA.120.318458#TissueBlock12,http://purl.org/ccf/1.5/a99b891d-44ce-47ab-91d9-e7dc5743ea46,heart,UBERON:0000948,sc_bulk,https://purl.org/ccf/ASCTB-TEMP_adipocyte,Adipocyte,248.469836,0.001076174522869795
https://doi.org/10.1161/CIRCRESAHA.120.318458#TissueBlock12,http://purl.org/ccf/1.5/a99b891d-44ce-47ab-91d9-e7dc5743ea46,heart,UBERON:0000948,sc_bulk,http://purl.obolibrary.org/obo/CL_0000097,mast cell,247.6209810000001,0.001072497955366404
https://doi.org/10.1161/CIRCRESAHA.120.318458#TissueBlock12,http://purl.org/ccf/1.5/a99b891d-44ce-47ab-91d9-e7dc5743ea46,heart,UBERON:0000948,sc_bulk,https://purl.org/ccf/ASCTB-TEMP_neuronal,Neuronal,200.007737,8.662750956065449E-4
https://doi.org/10.1161/CIRCRESAHA.120.318458#TissueBlock12,http://purl.org/ccf/1.5/a99b891d-44ce-47ab-91d9-e7dc5743ea46,heart,UBERON:0000948,sc_bulk,https://purl.org/ccf/ASCTB-TEMP_lymphatic-endothelial,Lymphatic Endothelial,197.07865,8.535886107783862E-4
https://doi.org/10.1161/CIRCRESAHA.120.318458#TissueBlock12,http://purl.org/ccf/1.5/a99b891d-44ce-47ab-91d9-e7dc5743ea46,heart,UBERON:0000948,sc_bulk,http://purl.obolibrary.org/obo/CL_0000814,mature NK T cell,194.648745,8.430641869847714E-4
https://doi.org/10.1161/CIRCRESAHA.120.318458#TissueBlock12,http://purl.org/ccf/1.5/a99b891d-44ce-47ab-91d9-e7dc5743ea46,heart,UBERON:0000948,sc_bulk,http://purl.obolibrary.org/obo/CL_0001054,CD14-positive monocyte,188.738688,8.174665012676679E-4
https://doi.org/10.1161/CIRCRESAHA.120.318458#TissueBlock12,http://purl.org/ccf/1.5/a99b891d-44ce-47ab-91d9-e7dc5743ea46,heart,UBERON:0000948,sc_bulk,https://purl.org/ccf/ASCTB-TEMP_mast,Mast,187.934655,8.139840671659019E-4
https://doi.org/10.1161/CIRCRESAHA.120.318458#TissueBlock12,http://purl.org/ccf/1.5/a99b891d-44ce-47ab-91d9-e7dc5743ea46,heart,UBERON:0000948,sc_bulk,http://purl.obolibrary.org/obo/CL_0000576,monocyte,182.340194,7.897532933451767E-4
https://doi.org/10.1161/CIRCRESAHA.120.318458#TissueBlock12,http://purl.org/ccf/1.5/a99b891d-44ce-47ab-91d9-e7dc5743ea46,heart,UBERON:0000948,sc_bulk,http://purl.obolibrary.org/obo/CL_0000896,"activated CD4-positive, alpha-beta T cell",142.72737,6.181819160946796E-4
https://doi.org/10.1161/CIRCRESAHA.120.318458#TissueBlock12,http://purl.org/ccf/1.5/a99b891d-44ce-47ab-91d9-e7dc5743ea46,heart,UBERON:0000948,sc_bulk,http://purl.obolibrary.org/obo/CL_0002138,endothelial cell of lymphatic vessel,114.592355,4.963233161495355E-4
https://doi.org/10.1161/CIRCRESAHA.120.318458#TissueBlock12,http://purl.org/ccf/1.5/a99b891d-44ce-47ab-91d9-e7dc5743ea46,heart,UBERON:0000948,sc_bulk,http://purl.obolibrary.org/obo/CL_0000236,B cell,98.72076200000001,4.275801467615274E-4
https://doi.org/10.1161/CIRCRESAHA.120.318458#TissueBlock12,http://purl.org/ccf/1.5/a99b891d-44ce-47ab-91d9-e7dc5743ea46,heart,UBERON:0000948,sc_bulk,http://purl.obolibrary.org/obo/CL_0000451,dendritic cell,94.39175499999999,4.088303173346467E-4
https://doi.org/10.1161/CIRCRESAHA.120.318458#TissueBlock12,http://purl.org/ccf/1.5/a99b891d-44ce-47ab-91d9-e7dc5743ea46,heart,UBERON:0000948,sc_bulk,https://purl.org/ccf/ASCTB-TEMP_atrial-cardiomyocyte,Atrial Cardiomyocyte,63.79460000000001,2.763076771084176E-4
https://doi.org/10.1161/CIRCRESAHA.120.318458#TissueBlock12,http://purl.org/ccf/1.5/a99b891d-44ce-47ab-91d9-e7dc5743ea46,heart,UBERON:0000948,sc_bulk,https://purl.org/ccf/ASCTB-TEMP_endothelial,Endothelial,12.33526,5.342657587207034E-5
https://doi.org/10.1161/CIRCRESAHA.120.318458#TissueBlock12,http://purl.org/ccf/1.5/a99b891d-44ce-47ab-91d9-e7dc5743ea46,heart,UBERON:0000948,sc_bulk,http://purl.obolibrary.org/obo/CL_0000077,mesothelial cell,10.47484,4.536871002376903E-5
https://doi.org/10.1161/CIRCRESAHA.120.318458#TissueBlock13,http://purl.org/ccf/1.5/4e5190dc-9290-4d8d-a521-18d8f64c098e,heart,UBERON:0000948,sc_bulk,https://purl.org/ccf/ASCTB-TEMP_fibroblast,Fibroblast,2003.5418,0.3330088912100684
https://doi.org/10.1161/CIRCRESAHA.120.318458#TissueBlock13,http://purl.org/ccf/1.5/4e5190dc-9290-4d8d-a521-18d8f64c098e,heart,UBERON:0000948,sc_bulk,https://purl.org/ccf/ASCTB-TEMP_ventricular-cardiomycoyte,Ventricular Cardiomycoyte,1578.606448,0.2623803421049387
https://doi.org/10.1161/CIRCRESAHA.120.318458#TissueBlock13,http://purl.org/ccf/1.5/4e5190dc-9290-4d8d-a521-18d8f64c098e,heart,UBERON:0000948,sc_bulk,http://purl.obolibrary.org/obo/CL_0002131,regular ventricular cardiac myocyte,571.27648,0.09495192322874964
https://doi.org/10.1161/CIRCRESAHA.120.318458#TissueBlock13,http://purl.org/ccf/1.5/4e5190dc-9290-4d8d-a521-18d8f64c098e,heart,UBERON:0000948,sc_bulk,http://purl.obolibrary.org/obo/CL_0000669,pericyte,303.6209200000001,0.05046486472974056
https://doi.org/10.1161/CIRCRESAHA.120.318458#TissueBlock13,http://purl.org/ccf/1.5/4e5190dc-9290-4d8d-a521-18d8f64c098e,heart,UBERON:0000948,sc_bulk,http://purl.obolibrary.org/obo/CL_0002144,capillary endothelial cell,243.928456,0.04054337407242713
https://doi.org/10.1161/CIRCRESAHA.120.318458#TissueBlock13,http://purl.org/ccf/1.5/4e5190dc-9290-4d8d-a521-18d8f64c098e,heart,UBERON:0000948,sc_bulk,https://purl.org/ccf/ASCTB-TEMP_b,B,239.312824,0.03977620939707385
https://doi.org/10.1161/CIRCRESAHA.120.318458#TissueBlock13,http://purl.org/ccf/1.5/4e5190dc-9290-4d8d-a521-18d8f64c098e,heart,UBERON:0000948,sc_bulk,http://purl.obolibrary.org/obo/CL_0000057,fibroblast,177.003928,0.02941984130458711
https://doi.org/10.1161/CIRCRESAHA.120.318458#TissueBlock13,http://purl.org/ccf/1.5/4e5190dc-9290-4d8d-a521-18d8f64c098e,heart,UBERON:0000948,sc_bulk,http://purl.obolibrary.org/obo/CL_0000003,native cell,127.860184,0.02125165449692906
https://doi.org/10.1161/CIRCRESAHA.120.318458#TissueBlock13,http://purl.org/ccf/1.5/4e5190dc-9290-4d8d-a521-18d8f64c098e,heart,UBERON:0000948,sc_bulk,http://purl.obolibrary.org/obo/CL_1000413,endothelial cell of artery,86.49807200000001,0.01437685355430502
https://doi.org/10.1161/CIRCRESAHA.120.318458#TissueBlock13,http://purl.org/ccf/1.5/4e5190dc-9290-4d8d-a521-18d8f64c098e,heart,UBERON:0000948,sc_bulk,https://purl.org/ccf/ASCTB-TEMP_pericyte,Pericyte,73.82389599999999,0.01227027744156244
https://doi.org/10.1161/CIRCRESAHA.120.318458#TissueBlock13,http://purl.org/ccf/1.5/4e5190dc-9290-4d8d-a521-18d8f64c098e,heart,UBERON:0000948,sc_bulk,https://purl.org/ccf/ASCTB-TEMP_monocyte-cdc,Monocyte/cDC,68.147592,0.01132681836263967
https://doi.org/10.1161/CIRCRESAHA.120.318458#TissueBlock13,http://purl.org/ccf/1.5/4e5190dc-9290-4d8d-a521-18d8f64c098e,heart,UBERON:0000948,sc_bulk,https://purl.org/ccf/ASCTB-TEMP_capillary-endothelial,Capillary Endothelial,67.518896,0.01122232273501253
https://doi.org/10.1161/CIRCRESAHA.120.318458#TissueBlock13,http://purl.org/ccf/1.5/4e5190dc-9290-4d8d-a521-18d8f64c098e,heart,UBERON:0000948,sc_bulk,https://purl.org/ccf/ASCTB-TEMP_macrophage,Macrophage,60.22923199999999,0.01001070692248795
https://doi.org/10.1161/CIRCRESAHA.120.318458#TissueBlock13,http://purl.org/ccf/1.5/4e5190dc-9290-4d8d-a521-18d8f64c098e,heart,UBERON:0000948,sc_bulk,http://purl.obolibrary.org/obo/CL_0000192,smooth muscle cell,56.06906400000002,0.009319244966002891
https://doi.org/10.1161/CIRCRESAHA.120.318458#TissueBlock13,http://purl.org/ccf/1.5/4e5190dc-9290-4d8d-a521-18d8f64c098e,heart,UBERON:0000948,sc_bulk,http://purl.obolibrary.org/obo/CL_0000235,macrophage,47.52377599999999,0.00789893175768814
https://doi.org/10.1161/CIRCRESAHA.120.318458#TissueBlock13,http://purl.org/ccf/1.5/4e5190dc-9290-4d8d-a521-18d8f64c098e,heart,UBERON:0000948,sc_bulk,http://purl.obolibrary.org/obo/CL_0000115,endothelial cell,31.04368,0.005159773285428923
https://doi.org/10.1161/CIRCRESAHA.120.318458#TissueBlock13,http://purl.org/ccf/1.5/4e5190dc-9290-4d8d-a521-18d8f64c098e,heart,UBERON:0000948,sc_bulk,http://purl.obolibrary.org/obo/CL_0002543,vein endothelial cell,25.085704,0.004169497474055186
https://doi.org/10.1161/CIRCRESAHA.120.318458#TissueBlock13,http://purl.org/ccf/1.5/4e5190dc-9290-4d8d-a521-18d8f64c098e,heart,UBERON:0000948,sc_bulk,https://purl.org/ccf/ASCTB-TEMP_mesothelial,Mesothelial,24.85952,0.004131903407862277
https://doi.org/10.1161/CIRCRESAHA.120.318458#TissueBlock13,http://purl.org/ccf/1.5/4e5190dc-9290-4d8d-a521-18d8f64c098e,heart,UBERON:0000948,sc_bulk,https://purl.org/ccf/ASCTB-TEMP_arterial-endothelial,Arterial Endothelial,23.743672,0.00394643819558721
https://doi.org/10.1161/CIRCRESAHA.120.318458#TissueBlock13,http://purl.org/ccf/1.5/4e5190dc-9290-4d8d-a521-18d8f64c098e,heart,UBERON:0000948,sc_bulk,https://purl.org/ccf/ASCTB-TEMP_venous-endothelial,Venous Endothelial,22.187024,0.00368770756941092
https://doi.org/10.1161/CIRCRESAHA.120.318458#TissueBlock13,http://purl.org/ccf/1.5/4e5190dc-9290-4d8d-a521-18d8f64c098e,heart,UBERON:0000948,sc_bulk,https://purl.org/ccf/ASCTB-TEMP_smooth-muscle,Smooth Muscle,21.55924000000001,0.003583363525398751
https://doi.org/10.1161/CIRCRESAHA.120.318458#TissueBlock13,http://purl.org/ccf/1.5/4e5190dc-9290-4d8d-a521-18d8f64c098e,heart,UBERON:0000948,sc_bulk,https://purl.org/ccf/ASCTB-TEMP_endocardial,Endocardial,16.103768,0.002676608956191571
https://doi.org/10.1161/CIRCRESAHA.120.318458#TissueBlock13,http://purl.org/ccf/1.5/4e5190dc-9290-4d8d-a521-18d8f64c098e,heart,UBERON:0000948,sc_bulk,https://purl.org/ccf/ASCTB-TEMP_nk,NK,16.066576,0.002670427269998707
https://doi.org/10.1161/CIRCRESAHA.120.318458#TissueBlock13,http://purl.org/ccf/1.5/4e5190dc-9290-4d8d-a521-18d8f64c098e,heart,UBERON:0000948,sc_bulk,http://purl.obolibrary.org/obo/CL_0000623,natural killer cell,12.093336,0.00201003463585876
https://doi.org/10.1161/CIRCRESAHA.120.318458#TissueBlock13,http://purl.org/ccf/1.5/4e5190dc-9290-4d8d-a521-18d8f64c098e,heart,UBERON:0000948,sc_bulk,http://purl.obolibrary.org/obo/CL_0000934,"CD4-positive, alpha-beta cytotoxic T cell",11.267136,0.001872711847825209
https://doi.org/10.1161/CIRCRESAHA.120.318458#TissueBlock13,http://purl.org/ccf/1.5/4e5190dc-9290-4d8d-a521-18d8f64c098e,heart,UBERON:0000948,sc_bulk,http://purl.obolibrary.org/obo/CL_0002319,neural cell,9.97064,0.001657221112658971
https://doi.org/10.1161/CIRCRESAHA.120.318458#TissueBlock13,http://purl.org/ccf/1.5/4e5190dc-9290-4d8d-a521-18d8f64c098e,heart,UBERON:0000948,sc_bulk,http://purl.obolibrary.org/obo/CL_0002397,"CD14-positive, CD16-positive monocyte",9.079424000000001,0.001509092008495198
https://doi.org/10.1161/CIRCRESAHA.120.318458#TissueBlock13,http://purl.org/ccf/1.5/4e5190dc-9290-4d8d-a521-18d8f64c098e,heart,UBERON:0000948,sc_bulk,https://purl.org/ccf/ASCTB-TEMP_t,T,9.075280000000001,0.001508403233823677
https://doi.org/10.1161/CIRCRESAHA.120.318458#TissueBlock13,http://purl.org/ccf/1.5/4e5190dc-9290-4d8d-a521-18d8f64c098e,heart,UBERON:0000948,sc_bulk,http://purl.obolibrary.org/obo/CL_1000309,epicardial adipocyte,7.786840000000001,0.001294251487256323
https://doi.org/10.1161/CIRCRESAHA.120.318458#TissueBlock13,http://purl.org/ccf/1.5/4e5190dc-9290-4d8d-a521-18d8f64c098e,heart,UBERON:0000948,sc_bulk,http://purl.obolibrary.org/obo/CL_0000794,"CD8-positive, alpha-beta cytotoxic T cell",7.360336,0.001223362213003767
https://doi.org/10.1161/CIRCRESAHA.120.318458#TissueBlock13,http://purl.org/ccf/1.5/4e5190dc-9290-4d8d-a521-18d8f64c098e,heart,UBERON:0000948,sc_bulk,http://purl.obolibrary.org/obo/CL_0000906,"activated CD8-positive, alpha-beta T cell",7.328824,0.001218124600202371
https://doi.org/10.1161/CIRCRESAHA.120.318458#TissueBlock13,http://purl.org/ccf/1.5/4e5190dc-9290-4d8d-a521-18d8f64c098e,heart,UBERON:0000948,sc_bulk,https://purl.org/ccf/ASCTB-TEMP_adipocyte,Adipocyte,6.474784,0.001076174522869796
https://doi.org/10.1161/CIRCRESAHA.120.318458#TissueBlock13,http://purl.org/ccf/1.5/4e5190dc-9290-4d8d-a521-18d8f64c098e,heart,UBERON:0000948,sc_bulk,http://purl.obolibrary.org/obo/CL_0000097,mast cell,6.452664000000001,0.001072497955366404
https://doi.org/10.1161/CIRCRESAHA.120.318458#TissueBlock13,http://purl.org/ccf/1.5/4e5190dc-9290-4d8d-a521-18d8f64c098e,heart,UBERON:0000948,sc_bulk,https://purl.org/ccf/ASCTB-TEMP_neuronal,Neuronal,5.211928,8.662750956065453E-4
https://doi.org/10.1161/CIRCRESAHA.120.318458#TissueBlock13,http://purl.org/ccf/1.5/4e5190dc-9290-4d8d-a521-18d8f64c098e,heart,UBERON:0000948,sc_bulk,https://purl.org/ccf/ASCTB-TEMP_lymphatic-endothelial,Lymphatic Endothelial,5.1356,8.535886107783864E-4
https://doi.org/10.1161/CIRCRESAHA.120.318458#TissueBlock13,http://purl.org/ccf/1.5/4e5190dc-9290-4d8d-a521-18d8f64c098e,heart,UBERON:0000948,sc_bulk,http://purl.obolibrary.org/obo/CL_0000814,mature NK T cell,5.07228,8.430641869847718E-4
https://doi.org/10.1161/CIRCRESAHA.120.318458#TissueBlock13,http://purl.org/ccf/1.5/4e5190dc-9290-4d8d-a521-18d8f64c098e,heart,UBERON:0000948,sc_bulk,http://purl.obolibrary.org/obo/CL_0001054,CD14-positive monocyte,4.918272000000001,8.174665012676682E-4
https://doi.org/10.1161/CIRCRESAHA.120.318458#TissueBlock13,http://purl.org/ccf/1.5/4e5190dc-9290-4d8d-a521-18d8f64c098e,heart,UBERON:0000948,sc_bulk,https://purl.org/ccf/ASCTB-TEMP_mast,Mast,4.89732,8.139840671659021E-4
https://doi.org/10.1161/CIRCRESAHA.120.318458#TissueBlock13,http://purl.org/ccf/1.5/4e5190dc-9290-4d8d-a521-18d8f64c098e,heart,UBERON:0000948,sc_bulk,http://purl.obolibrary.org/obo/CL_0000576,monocyte,4.751536,7.89753293345177E-4
https://doi.org/10.1161/CIRCRESAHA.120.318458#TissueBlock13,http://purl.org/ccf/1.5/4e5190dc-9290-4d8d-a521-18d8f64c098e,heart,UBERON:0000948,sc_bulk,http://purl.obolibrary.org/obo/CL_0000896,"activated CD4-positive, alpha-beta T cell",3.719280000000001,6.181819160946799E-4
https://doi.org/10.1161/CIRCRESAHA.120.318458#TissueBlock13,http://purl.org/ccf/1.5/4e5190dc-9290-4d8d-a521-18d8f64c098e,heart,UBERON:0000948,sc_bulk,http://purl.obolibrary.org/obo/CL_0002138,endothelial cell of lymphatic vessel,2.98612,4.963233161495356E-4
https://doi.org/10.1161/CIRCRESAHA.120.318458#TissueBlock13,http://purl.org/ccf/1.5/4e5190dc-9290-4d8d-a521-18d8f64c098e,heart,UBERON:0000948,sc_bulk,http://purl.obolibrary.org/obo/CL_0000236,B cell,2.572528,4.275801467615275E-4
https://doi.org/10.1161/CIRCRESAHA.120.318458#TissueBlock13,http://purl.org/ccf/1.5/4e5190dc-9290-4d8d-a521-18d8f64c098e,heart,UBERON:0000948,sc_bulk,http://purl.obolibrary.org/obo/CL_0000451,dendritic cell,2.45972,4.088303173346468E-4
https://doi.org/10.1161/CIRCRESAHA.120.318458#TissueBlock13,http://purl.org/ccf/1.5/4e5190dc-9290-4d8d-a521-18d8f64c098e,heart,UBERON:0000948,sc_bulk,https://purl.org/ccf/ASCTB-TEMP_atrial-cardiomyocyte,Atrial Cardiomyocyte,1.6624,2.763076771084177E-4
https://doi.org/10.1161/CIRCRESAHA.120.318458#TissueBlock13,http://purl.org/ccf/1.5/4e5190dc-9290-4d8d-a521-18d8f64c098e,heart,UBERON:0000948,sc_bulk,https://purl.org/ccf/ASCTB-TEMP_endothelial,Endothelial,0.32144,5.342657587207035E-5
https://doi.org/10.1161/CIRCRESAHA.120.318458#TissueBlock13,http://purl.org/ccf/1.5/4e5190dc-9290-4d8d-a521-18d8f64c098e,heart,UBERON:0000948,sc_bulk,http://purl.obolibrary.org/obo/CL_0000077,mesothelial cell,0.27296,4.536871002376905E-5
https://doi.org/10.1161/CIRCRESAHA.120.318458#TissueBlock14,http://purl.org/ccf/1.5/455397a4-3d28-4e0b-9a88-c40cd796d3ec,heart,UBERON:0000948,sc_bulk,https://purl.org/ccf/ASCTB-TEMP_fibroblast,Fibroblast,249691.3968249999,0.3330088912100684
https://doi.org/10.1161/CIRCRESAHA.120.318458#TissueBlock14,http://purl.org/ccf/1.5/455397a4-3d28-4e0b-9a88-c40cd796d3ec,heart,UBERON:0000948,sc_bulk,https://purl.org/ccf/ASCTB-TEMP_ventricular-cardiomycoyte,Ventricular Cardiomycoyte,196733.828582,0.2623803421049387
https://doi.org/10.1161/CIRCRESAHA.120.318458#TissueBlock14,http://purl.org/ccf/1.5/455397a4-3d28-4e0b-9a88-c40cd796d3ec,heart,UBERON:0000948,sc_bulk,http://purl.obolibrary.org/obo/CL_0002131,regular ventricular cardiac myocyte,71195.33132,0.09495192322874964
https://doi.org/10.1161/CIRCRESAHA.120.318458#TissueBlock14,http://purl.org/ccf/1.5/455397a4-3d28-4e0b-9a88-c40cd796d3ec,heart,UBERON:0000948,sc_bulk,http://purl.obolibrary.org/obo/CL_0000669,pericyte,37838.75715500001,0.05046486472974056
https://doi.org/10.1161/CIRCRESAHA.120.318458#TissueBlock14,http://purl.org/ccf/1.5/455397a4-3d28-4e0b-9a88-c40cd796d3ec,heart,UBERON:0000948,sc_bulk,http://purl.obolibrary.org/obo/CL_0002144,capillary endothelial cell,30399.583829,0.04054337407242713
https://doi.org/10.1161/CIRCRESAHA.120.318458#TissueBlock14,http://purl.org/ccf/1.5/455397a4-3d28-4e0b-9a88-c40cd796d3ec,heart,UBERON:0000948,sc_bulk,https://purl.org/ccf/ASCTB-TEMP_b,B,29824.36069099999,0.03977620939707385
https://doi.org/10.1161/CIRCRESAHA.120.318458#TissueBlock14,http://purl.org/ccf/1.5/455397a4-3d28-4e0b-9a88-c40cd796d3ec,heart,UBERON:0000948,sc_bulk,http://purl.obolibrary.org/obo/CL_0000057,fibroblast,22059.114527,0.0294198413045871
https://doi.org/10.1161/CIRCRESAHA.120.318458#TissueBlock14,http://purl.org/ccf/1.5/455397a4-3d28-4e0b-9a88-c40cd796d3ec,heart,UBERON:0000948,sc_bulk,http://purl.obolibrary.org/obo/CL_0000003,native cell,15934.575431,0.02125165449692906
https://doi.org/10.1161/CIRCRESAHA.120.318458#TissueBlock14,http://purl.org/ccf/1.5/455397a4-3d28-4e0b-9a88-c40cd796d3ec,heart,UBERON:0000948,sc_bulk,http://purl.obolibrary.org/obo/CL_1000413,endothelial cell of artery,10779.822223,0.01437685355430502
https://doi.org/10.1161/CIRCRESAHA.120.318458#TissueBlock14,http://purl.org/ccf/1.5/455397a4-3d28-4e0b-9a88-c40cd796d3ec,heart,UBERON:0000948,sc_bulk,https://purl.org/ccf/ASCTB-TEMP_pericyte,Pericyte,9200.303038999999,0.01227027744156244
https://doi.org/10.1161/CIRCRESAHA.120.318458#TissueBlock14,http://purl.org/ccf/1.5/455397a4-3d28-4e0b-9a88-c40cd796d3ec,heart,UBERON:0000948,sc_bulk,https://purl.org/ccf/ASCTB-TEMP_monocyte-cdc,Monocyte/cDC,8492.893653000001,0.01132681836263967
https://doi.org/10.1161/CIRCRESAHA.120.318458#TissueBlock14,http://purl.org/ccf/1.5/455397a4-3d28-4e0b-9a88-c40cd796d3ec,heart,UBERON:0000948,sc_bulk,https://purl.org/ccf/ASCTB-TEMP_capillary-endothelial,Capillary Endothelial,8414.542414,0.01122232273501253
https://doi.org/10.1161/CIRCRESAHA.120.318458#TissueBlock14,http://purl.org/ccf/1.5/455397a4-3d28-4e0b-9a88-c40cd796d3ec,heart,UBERON:0000948,sc_bulk,https://purl.org/ccf/ASCTB-TEMP_macrophage,Macrophage,7506.068037999999,0.01001070692248795
https://doi.org/10.1161/CIRCRESAHA.120.318458#TissueBlock14,http://purl.org/ccf/1.5/455397a4-3d28-4e0b-9a88-c40cd796d3ec,heart,UBERON:0000948,sc_bulk,http://purl.obolibrary.org/obo/CL_0000192,smooth muscle cell,6987.607101000002,0.009319244966002891
https://doi.org/10.1161/CIRCRESAHA.120.318458#TissueBlock14,http://purl.org/ccf/1.5/455397a4-3d28-4e0b-9a88-c40cd796d3ec,heart,UBERON:0000948,sc_bulk,http://purl.obolibrary.org/obo/CL_0000235,macrophage,5922.650583999999,0.007898931757688141
https://doi.org/10.1161/CIRCRESAHA.120.318458#TissueBlock14,http://purl.org/ccf/1.5/455397a4-3d28-4e0b-9a88-c40cd796d3ec,heart,UBERON:0000948,sc_bulk,http://purl.obolibrary.org/obo/CL_0000115,endothelial cell,3868.81862,0.005159773285428923
https://doi.org/10.1161/CIRCRESAHA.120.318458#TissueBlock14,http://purl.org/ccf/1.5/455397a4-3d28-4e0b-9a88-c40cd796d3ec,heart,UBERON:0000948,sc_bulk,http://purl.obolibrary.org/obo/CL_0002543,vein endothelial cell,3126.305861,0.004169497474055186
https://doi.org/10.1161/CIRCRESAHA.120.318458#TissueBlock14,http://purl.org/ccf/1.5/455397a4-3d28-4e0b-9a88-c40cd796d3ec,heart,UBERON:0000948,sc_bulk,https://purl.org/ccf/ASCTB-TEMP_mesothelial,Mesothelial,3098.11768,0.004131903407862277
https://doi.org/10.1161/CIRCRESAHA.120.318458#TissueBlock14,http://purl.org/ccf/1.5/455397a4-3d28-4e0b-9a88-c40cd796d3ec,heart,UBERON:0000948,sc_bulk,https://purl.org/ccf/ASCTB-TEMP_arterial-endothelial,Arterial Endothelial,2959.055123,0.003946438195587209
https://doi.org/10.1161/CIRCRESAHA.120.318458#TissueBlock14,http://purl.org/ccf/1.5/455397a4-3d28-4e0b-9a88-c40cd796d3ec,heart,UBERON:0000948,sc_bulk,https://purl.org/ccf/ASCTB-TEMP_venous-endothelial,Venous Endothelial,2765.057866,0.00368770756941092
https://doi.org/10.1161/CIRCRESAHA.120.318458#TissueBlock14,http://purl.org/ccf/1.5/455397a4-3d28-4e0b-9a88-c40cd796d3ec,heart,UBERON:0000948,sc_bulk,https://purl.org/ccf/ASCTB-TEMP_smooth-muscle,Smooth Muscle,2686.820285000001,0.003583363525398751
https://doi.org/10.1161/CIRCRESAHA.120.318458#TissueBlock14,http://purl.org/ccf/1.5/455397a4-3d28-4e0b-9a88-c40cd796d3ec,heart,UBERON:0000948,sc_bulk,https://purl.org/ccf/ASCTB-TEMP_endocardial,Endocardial,2006.932087,0.002676608956191571
https://doi.org/10.1161/CIRCRESAHA.120.318458#TissueBlock14,http://purl.org/ccf/1.5/455397a4-3d28-4e0b-9a88-c40cd796d3ec,heart,UBERON:0000948,sc_bulk,https://purl.org/ccf/ASCTB-TEMP_nk,NK,2002.297034,0.002670427269998707
https://doi.org/10.1161/CIRCRESAHA.120.318458#TissueBlock14,http://purl.org/ccf/1.5/455397a4-3d28-4e0b-9a88-c40cd796d3ec,heart,UBERON:0000948,sc_bulk,http://purl.obolibrary.org/obo/CL_0000623,natural killer cell,1507.131999,0.00201003463585876
https://doi.org/10.1161/CIRCRESAHA.120.318458#TissueBlock14,http://purl.org/ccf/1.5/455397a4-3d28-4e0b-9a88-c40cd796d3ec,heart,UBERON:0000948,sc_bulk,http://purl.obolibrary.org/obo/CL_0000934,"CD4-positive, alpha-beta cytotoxic T cell",1404.166824,0.00187271184782521
https://doi.org/10.1161/CIRCRESAHA.120.318458#TissueBlock14,http://purl.org/ccf/1.5/455397a4-3d28-4e0b-9a88-c40cd796d3ec,heart,UBERON:0000948,sc_bulk,http://purl.obolibrary.org/obo/CL_0002319,neural cell,1242.59101,0.001657221112658971
https://doi.org/10.1161/CIRCRESAHA.120.318458#TissueBlock14,http://purl.org/ccf/1.5/455397a4-3d28-4e0b-9a88-c40cd796d3ec,heart,UBERON:0000948,sc_bulk,http://purl.obolibrary.org/obo/CL_0002397,"CD14-positive, CD16-positive monocyte",1131.523216,0.001509092008495198
https://doi.org/10.1161/CIRCRESAHA.120.318458#TissueBlock14,http://purl.org/ccf/1.5/455397a4-3d28-4e0b-9a88-c40cd796d3ec,heart,UBERON:0000948,sc_bulk,https://purl.org/ccf/ASCTB-TEMP_t,T,1131.00677,0.001508403233823677
https://doi.org/10.1161/CIRCRESAHA.120.318458#TissueBlock14,http://purl.org/ccf/1.5/455397a4-3d28-4e0b-9a88-c40cd796d3ec,heart,UBERON:0000948,sc_bulk,http://purl.obolibrary.org/obo/CL_1000309,epicardial adipocyte,970.434935,0.001294251487256322
https://doi.org/10.1161/CIRCRESAHA.120.318458#TissueBlock14,http://purl.org/ccf/1.5/455397a4-3d28-4e0b-9a88-c40cd796d3ec,heart,UBERON:0000948,sc_bulk,http://purl.obolibrary.org/obo/CL_0000794,"CD8-positive, alpha-beta cytotoxic T cell",917.281874,0.001223362213003767
https://doi.org/10.1161/CIRCRESAHA.120.318458#TissueBlock14,http://purl.org/ccf/1.5/455397a4-3d28-4e0b-9a88-c40cd796d3ec,heart,UBERON:0000948,sc_bulk,http://purl.obolibrary.org/obo/CL_0000906,"activated CD8-positive, alpha-beta T cell",913.354691,0.001218124600202371
https://doi.org/10.1161/CIRCRESAHA.120.318458#TissueBlock14,http://purl.org/ccf/1.5/455397a4-3d28-4e0b-9a88-c40cd796d3ec,heart,UBERON:0000948,sc_bulk,https://purl.org/ccf/ASCTB-TEMP_adipocyte,Adipocyte,806.919956,0.001076174522869796
https://doi.org/10.1161/CIRCRESAHA.120.318458#TissueBlock14,http://purl.org/ccf/1.5/455397a4-3d28-4e0b-9a88-c40cd796d3ec,heart,UBERON:0000948,sc_bulk,http://purl.obolibrary.org/obo/CL_0000097,mast cell,804.1632510000002,0.001072497955366404
https://doi.org/10.1161/CIRCRESAHA.120.318458#TissueBlock14,http://purl.org/ccf/1.5/455397a4-3d28-4e0b-9a88-c40cd796d3ec,heart,UBERON:0000948,sc_bulk,https://purl.org/ccf/ASCTB-TEMP_neuronal,Neuronal,649.536527,8.662750956065452E-4
https://doi.org/10.1161/CIRCRESAHA.120.318458#TissueBlock14,http://purl.org/ccf/1.5/455397a4-3d28-4e0b-9a88-c40cd796d3ec,heart,UBERON:0000948,sc_bulk,https://purl.org/ccf/ASCTB-TEMP_lymphatic-endothelial,Lymphatic Endothelial,640.0241500000001,8.535886107783865E-4
https://doi.org/10.1161/CIRCRESAHA.120.318458#TissueBlock14,http://purl.org/ccf/1.5/455397a4-3d28-4e0b-9a88-c40cd796d3ec,heart,UBERON:0000948,sc_bulk,http://purl.obolibrary.org/obo/CL_0000814,mature NK T cell,632.132895,8.430641869847717E-4
https://doi.org/10.1161/CIRCRESAHA.120.318458#TissueBlock14,http://purl.org/ccf/1.5/455397a4-3d28-4e0b-9a88-c40cd796d3ec,heart,UBERON:0000948,sc_bulk,http://purl.obolibrary.org/obo/CL_0001054,CD14-positive monocyte,612.9396480000001,8.174665012676682E-4
https://doi.org/10.1161/CIRCRESAHA.120.318458#TissueBlock14,http://purl.org/ccf/1.5/455397a4-3d28-4e0b-9a88-c40cd796d3ec,heart,UBERON:0000948,sc_bulk,https://purl.org/ccf/ASCTB-TEMP_mast,Mast,610.328505,8.139840671659021E-4
https://doi.org/10.1161/CIRCRESAHA.120.318458#TissueBlock14,http://purl.org/ccf/1.5/455397a4-3d28-4e0b-9a88-c40cd796d3ec,heart,UBERON:0000948,sc_bulk,http://purl.obolibrary.org/obo/CL_0000576,monocyte,592.160174,7.89753293345177E-4
https://doi.org/10.1161/CIRCRESAHA.120.318458#TissueBlock14,http://purl.org/ccf/1.5/455397a4-3d28-4e0b-9a88-c40cd796d3ec,heart,UBERON:0000948,sc_bulk,http://purl.obolibrary.org/obo/CL_0000896,"activated CD4-positive, alpha-beta T cell",463.5152700000002,6.181819160946799E-4
https://doi.org/10.1161/CIRCRESAHA.120.318458#TissueBlock14,http://purl.org/ccf/1.5/455397a4-3d28-4e0b-9a88-c40cd796d3ec,heart,UBERON:0000948,sc_bulk,http://purl.obolibrary.org/obo/CL_0002138,endothelial cell of lymphatic vessel,372.145205,4.963233161495356E-4
https://doi.org/10.1161/CIRCRESAHA.120.318458#TissueBlock14,http://purl.org/ccf/1.5/455397a4-3d28-4e0b-9a88-c40cd796d3ec,heart,UBERON:0000948,sc_bulk,http://purl.obolibrary.org/obo/CL_0000236,B cell,320.601302,4.275801467615276E-4
https://doi.org/10.1161/CIRCRESAHA.120.318458#TissueBlock14,http://purl.org/ccf/1.5/455397a4-3d28-4e0b-9a88-c40cd796d3ec,heart,UBERON:0000948,sc_bulk,http://purl.obolibrary.org/obo/CL_0000451,dendritic cell,306.542605,4.088303173346468E-4
https://doi.org/10.1161/CIRCRESAHA.120.318458#TissueBlock14,http://purl.org/ccf/1.5/455397a4-3d28-4e0b-9a88-c40cd796d3ec,heart,UBERON:0000948,sc_bulk,https://purl.org/ccf/ASCTB-TEMP_atrial-cardiomyocyte,Atrial Cardiomyocyte,207.1766,2.763076771084177E-4
https://doi.org/10.1161/CIRCRESAHA.120.318458#TissueBlock14,http://purl.org/ccf/1.5/455397a4-3d28-4e0b-9a88-c40cd796d3ec,heart,UBERON:0000948,sc_bulk,https://purl.org/ccf/ASCTB-TEMP_endothelial,Endothelial,40.05946,5.342657587207036E-5
https://doi.org/10.1161/CIRCRESAHA.120.318458#TissueBlock14,http://purl.org/ccf/1.5/455397a4-3d28-4e0b-9a88-c40cd796d3ec,heart,UBERON:0000948,sc_bulk,http://purl.obolibrary.org/obo/CL_0000077,mesothelial cell,34.01764,4.536871002376905E-5
https://doi.org/10.1161/CIRCRESAHA.120.318458#TissueBlock15,http://purl.org/ccf/1.5/9c7fd6bb-6ea4-411d-8ad3-d2277ef18b05,heart,UBERON:0000948,sc_bulk,https://purl.org/ccf/ASCTB-TEMP_fibroblast,Fibroblast,119210.7371,0.3330088912100685
https://doi.org/10.1161/CIRCRESAHA.120.318458#TissueBlock15,http://purl.org/ccf/1.5/9c7fd6bb-6ea4-411d-8ad3-d2277ef18b05,heart,UBERON:0000948,sc_bulk,https://purl.org/ccf/ASCTB-TEMP_ventricular-cardiomycoyte,Ventricular Cardiomycoyte,93927.083656,0.2623803421049388
https://doi.org/10.1161/CIRCRESAHA.120.318458#TissueBlock15,http://purl.org/ccf/1.5/9c7fd6bb-6ea4-411d-8ad3-d2277ef18b05,heart,UBERON:0000948,sc_bulk,http://purl.obolibrary.org/obo/CL_0002131,regular ventricular cardiac myocyte,33990.95056,0.09495192322874965
https://doi.org/10.1161/CIRCRESAHA.120.318458#TissueBlock15,http://purl.org/ccf/1.5/9c7fd6bb-6ea4-411d-8ad3-d2277ef18b05,heart,UBERON:0000948,sc_bulk,http://purl.obolibrary.org/obo/CL_0000669,pericyte,18065.44474,0.05046486472974057
https://doi.org/10.1161/CIRCRESAHA.120.318458#TissueBlock15,http://purl.org/ccf/1.5/9c7fd6bb-6ea4-411d-8ad3-d2277ef18b05,heart,UBERON:0000948,sc_bulk,http://purl.obolibrary.org/obo/CL_0002144,capillary endothelial cell,14513.743132,0.04054337407242713
https://doi.org/10.1161/CIRCRESAHA.120.318458#TissueBlock15,http://purl.org/ccf/1.5/9c7fd6bb-6ea4-411d-8ad3-d2277ef18b05,heart,UBERON:0000948,sc_bulk,https://purl.org/ccf/ASCTB-TEMP_b,B,14239.113028,0.03977620939707386
https://doi.org/10.1161/CIRCRESAHA.120.318458#TissueBlock15,http://purl.org/ccf/1.5/9c7fd6bb-6ea4-411d-8ad3-d2277ef18b05,heart,UBERON:0000948,sc_bulk,http://purl.obolibrary.org/obo/CL_0000057,fibroblast,10531.733716,0.02941984130458711
https://doi.org/10.1161/CIRCRESAHA.120.318458#TissueBlock15,http://purl.org/ccf/1.5/9c7fd6bb-6ea4-411d-8ad3-d2277ef18b05,heart,UBERON:0000948,sc_bulk,http://purl.obolibrary.org/obo/CL_0000003,native cell,7607.680947999999,0.02125165449692906
https://doi.org/10.1161/CIRCRESAHA.120.318458#TissueBlock15,http://purl.org/ccf/1.5/9c7fd6bb-6ea4-411d-8ad3-d2277ef18b05,heart,UBERON:0000948,sc_bulk,http://purl.obolibrary.org/obo/CL_1000413,endothelial cell of artery,5146.635284,0.01437685355430502
https://doi.org/10.1161/CIRCRESAHA.120.318458#TissueBlock15,http://purl.org/ccf/1.5/9c7fd6bb-6ea4-411d-8ad3-d2277ef18b05,heart,UBERON:0000948,sc_bulk,https://purl.org/ccf/ASCTB-TEMP_pericyte,Pericyte,4392.521811999999,0.01227027744156244
https://doi.org/10.1161/CIRCRESAHA.120.318458#TissueBlock15,http://purl.org/ccf/1.5/9c7fd6bb-6ea4-411d-8ad3-d2277ef18b05,heart,UBERON:0000948,sc_bulk,https://purl.org/ccf/ASCTB-TEMP_monocyte-cdc,Monocyte/cDC,4054.781724,0.01132681836263967
https://doi.org/10.1161/CIRCRESAHA.120.318458#TissueBlock15,http://purl.org/ccf/1.5/9c7fd6bb-6ea4-411d-8ad3-d2277ef18b05,heart,UBERON:0000948,sc_bulk,https://purl.org/ccf/ASCTB-TEMP_capillary-endothelial,Capillary Endothelial,4017.374311999999,0.01122232273501253
https://doi.org/10.1161/CIRCRESAHA.120.318458#TissueBlock15,http://purl.org/ccf/1.5/9c7fd6bb-6ea4-411d-8ad3-d2277ef18b05,heart,UBERON:0000948,sc_bulk,https://purl.org/ccf/ASCTB-TEMP_macrophage,Macrophage,3583.639303999999,0.01001070692248796
https://doi.org/10.1161/CIRCRESAHA.120.318458#TissueBlock15,http://purl.org/ccf/1.5/9c7fd6bb-6ea4-411d-8ad3-d2277ef18b05,heart,UBERON:0000948,sc_bulk,http://purl.obolibrary.org/obo/CL_0000192,smooth muscle cell,3336.109308000001,0.009319244966002895
https://doi.org/10.1161/CIRCRESAHA.120.318458#TissueBlock15,http://purl.org/ccf/1.5/9c7fd6bb-6ea4-411d-8ad3-d2277ef18b05,heart,UBERON:0000948,sc_bulk,http://purl.obolibrary.org/obo/CL_0000235,macrophage,2827.664671999999,0.007898931757688143
https://doi.org/10.1161/CIRCRESAHA.120.318458#TissueBlock15,http://purl.org/ccf/1.5/9c7fd6bb-6ea4-411d-8ad3-d2277ef18b05,heart,UBERON:0000948,sc_bulk,http://purl.obolibrary.org/obo/CL_0000115,endothelial cell,1847.09896,0.005159773285428925
https://doi.org/10.1161/CIRCRESAHA.120.318458#TissueBlock15,http://purl.org/ccf/1.5/9c7fd6bb-6ea4-411d-8ad3-d2277ef18b05,heart,UBERON:0000948,sc_bulk,http://purl.obolibrary.org/obo/CL_0002543,vein endothelial cell,1492.599388,0.004169497474055187
https://doi.org/10.1161/CIRCRESAHA.120.318458#TissueBlock15,http://purl.org/ccf/1.5/9c7fd6bb-6ea4-411d-8ad3-d2277ef18b05,heart,UBERON:0000948,sc_bulk,https://purl.org/ccf/ASCTB-TEMP_mesothelial,Mesothelial,1479.14144,0.004131903407862278
https://doi.org/10.1161/CIRCRESAHA.120.318458#TissueBlock15,http://purl.org/ccf/1.5/9c7fd6bb-6ea4-411d-8ad3-d2277ef18b05,heart,UBERON:0000948,sc_bulk,https://purl.org/ccf/ASCTB-TEMP_arterial-endothelial,Arterial Endothelial,1412.748484,0.00394643819558721
https://doi.org/10.1161/CIRCRESAHA.120.318458#TissueBlock15,http://purl.org/ccf/1.5/9c7fd6bb-6ea4-411d-8ad3-d2277ef18b05,heart,UBERON:0000948,sc_bulk,https://purl.org/ccf/ASCTB-TEMP_venous-endothelial,Venous Endothelial,1320.127928,0.00368770756941092
https://doi.org/10.1161/CIRCRESAHA.120.318458#TissueBlock15,http://purl.org/ccf/1.5/9c7fd6bb-6ea4-411d-8ad3-d2277ef18b05,heart,UBERON:0000948,sc_bulk,https://purl.org/ccf/ASCTB-TEMP_smooth-muscle,Smooth Muscle,1282.77478,0.003583363525398751
https://doi.org/10.1161/CIRCRESAHA.120.318458#TissueBlock15,http://purl.org/ccf/1.5/9c7fd6bb-6ea4-411d-8ad3-d2277ef18b05,heart,UBERON:0000948,sc_bulk,https://purl.org/ccf/ASCTB-TEMP_endocardial,Endocardial,958.1741959999998,0.002676608956191572
https://doi.org/10.1161/CIRCRESAHA.120.318458#TissueBlock15,http://purl.org/ccf/1.5/9c7fd6bb-6ea4-411d-8ad3-d2277ef18b05,heart,UBERON:0000948,sc_bulk,https://purl.org/ccf/ASCTB-TEMP_nk,NK,955.9612719999998,0.002670427269998708
https://doi.org/10.1161/CIRCRESAHA.120.318458#TissueBlock15,http://purl.org/ccf/1.5/9c7fd6bb-6ea4-411d-8ad3-d2277ef18b05,heart,UBERON:0000948,sc_bulk,http://purl.obolibrary.org/obo/CL_0000623,natural killer cell,719.5534919999999,0.00201003463585876
https://doi.org/10.1161/CIRCRESAHA.120.318458#TissueBlock15,http://purl.org/ccf/1.5/9c7fd6bb-6ea4-411d-8ad3-d2277ef18b05,heart,UBERON:0000948,sc_bulk,http://purl.obolibrary.org/obo/CL_0000934,"CD4-positive, alpha-beta cytotoxic T cell",670.394592,0.00187271184782521
https://doi.org/10.1161/CIRCRESAHA.120.318458#TissueBlock15,http://purl.org/ccf/1.5/9c7fd6bb-6ea4-411d-8ad3-d2277ef18b05,heart,UBERON:0000948,sc_bulk,http://purl.obolibrary.org/obo/CL_0002319,neural cell,593.25308,0.001657221112658971
https://doi.org/10.1161/CIRCRESAHA.120.318458#TissueBlock15,http://purl.org/ccf/1.5/9c7fd6bb-6ea4-411d-8ad3-d2277ef18b05,heart,UBERON:0000948,sc_bulk,http://purl.obolibrary.org/obo/CL_0002397,"CD14-positive, CD16-positive monocyte",540.225728,0.001509092008495199
https://doi.org/10.1161/CIRCRESAHA.120.318458#TissueBlock15,http://purl.org/ccf/1.5/9c7fd6bb-6ea4-411d-8ad3-d2277ef18b05,heart,UBERON:0000948,sc_bulk,https://purl.org/ccf/ASCTB-TEMP_t,T,539.97916,0.001508403233823677
https://doi.org/10.1161/CIRCRESAHA.120.318458#TissueBlock15,http://purl.org/ccf/1.5/9c7fd6bb-6ea4-411d-8ad3-d2277ef18b05,heart,UBERON:0000948,sc_bulk,http://purl.obolibrary.org/obo/CL_1000309,epicardial adipocyte,463.31698,0.001294251487256323
https://doi.org/10.1161/CIRCRESAHA.120.318458#TissueBlock15,http://purl.org/ccf/1.5/9c7fd6bb-6ea4-411d-8ad3-d2277ef18b05,heart,UBERON:0000948,sc_bulk,http://purl.obolibrary.org/obo/CL_0000794,"CD8-positive, alpha-beta cytotoxic T cell",437.939992,0.001223362213003767
https://doi.org/10.1161/CIRCRESAHA.120.318458#TissueBlock15,http://purl.org/ccf/1.5/9c7fd6bb-6ea4-411d-8ad3-d2277ef18b05,heart,UBERON:0000948,sc_bulk,http://purl.obolibrary.org/obo/CL_0000906,"activated CD8-positive, alpha-beta T cell",436.065028,0.001218124600202371
https://doi.org/10.1161/CIRCRESAHA.120.318458#TissueBlock15,http://purl.org/ccf/1.5/9c7fd6bb-6ea4-411d-8ad3-d2277ef18b05,heart,UBERON:0000948,sc_bulk,https://purl.org/ccf/ASCTB-TEMP_adipocyte,Adipocyte,385.249648,0.001076174522869796
https://doi.org/10.1161/CIRCRESAHA.120.318458#TissueBlock15,http://purl.org/ccf/1.5/9c7fd6bb-6ea4-411d-8ad3-d2277ef18b05,heart,UBERON:0000948,sc_bulk,http://purl.obolibrary.org/obo/CL_0000097,mast cell,383.9335080000001,0.001072497955366405
https://doi.org/10.1161/CIRCRESAHA.120.318458#TissueBlock15,http://purl.org/ccf/1.5/9c7fd6bb-6ea4-411d-8ad3-d2277ef18b05,heart,UBERON:0000948,sc_bulk,https://purl.org/ccf/ASCTB-TEMP_neuronal,Neuronal,310.109716,8.662750956065455E-4
https://doi.org/10.1161/CIRCRESAHA.120.318458#TissueBlock15,http://purl.org/ccf/1.5/9c7fd6bb-6ea4-411d-8ad3-d2277ef18b05,heart,UBERON:0000948,sc_bulk,https://purl.org/ccf/ASCTB-TEMP_lymphatic-endothelial,Lymphatic Endothelial,305.5682,8.535886107783866E-4
https://doi.org/10.1161/CIRCRESAHA.120.318458#TissueBlock15,http://purl.org/ccf/1.5/9c7fd6bb-6ea4-411d-8ad3-d2277ef18b05,heart,UBERON:0000948,sc_bulk,http://purl.obolibrary.org/obo/CL_0000814,mature NK T cell,301.80066,8.430641869847719E-4
https://doi.org/10.1161/CIRCRESAHA.120.318458#TissueBlock15,http://purl.org/ccf/1.5/9c7fd6bb-6ea4-411d-8ad3-d2277ef18b05,heart,UBERON:0000948,sc_bulk,http://purl.obolibrary.org/obo/CL_0001054,CD14-positive monocyte,292.637184,8.174665012676684E-4
https://doi.org/10.1161/CIRCRESAHA.120.318458#TissueBlock15,http://purl.org/ccf/1.5/9c7fd6bb-6ea4-411d-8ad3-d2277ef18b05,heart,UBERON:0000948,sc_bulk,https://purl.org/ccf/ASCTB-TEMP_mast,Mast,291.39054,8.139840671659023E-4
https://doi.org/10.1161/CIRCRESAHA.120.318458#TissueBlock15,http://purl.org/ccf/1.5/9c7fd6bb-6ea4-411d-8ad3-d2277ef18b05,heart,UBERON:0000948,sc_bulk,http://purl.obolibrary.org/obo/CL_0000576,monocyte,282.716392,7.897532933451772E-4
https://doi.org/10.1161/CIRCRESAHA.120.318458#TissueBlock15,http://purl.org/ccf/1.5/9c7fd6bb-6ea4-411d-8ad3-d2277ef18b05,heart,UBERON:0000948,sc_bulk,http://purl.obolibrary.org/obo/CL_0000896,"activated CD4-positive, alpha-beta T cell",221.29716,6.181819160946799E-4
https://doi.org/10.1161/CIRCRESAHA.120.318458#TissueBlock15,http://purl.org/ccf/1.5/9c7fd6bb-6ea4-411d-8ad3-d2277ef18b05,heart,UBERON:0000948,sc_bulk,http://purl.obolibrary.org/obo/CL_0002138,endothelial cell of lymphatic vessel,177.67414,4.963233161495357E-4
https://doi.org/10.1161/CIRCRESAHA.120.318458#TissueBlock15,http://purl.org/ccf/1.5/9c7fd6bb-6ea4-411d-8ad3-d2277ef18b05,heart,UBERON:0000948,sc_bulk,http://purl.obolibrary.org/obo/CL_0000236,B cell,153.065416,4.275801467615276E-4
https://doi.org/10.1161/CIRCRESAHA.120.318458#TissueBlock15,http://purl.org/ccf/1.5/9c7fd6bb-6ea4-411d-8ad3-d2277ef18b05,heart,UBERON:0000948,sc_bulk,http://purl.obolibrary.org/obo/CL_0000451,dendritic cell,146.35334,4.08830317334647E-4
https://doi.org/10.1161/CIRCRESAHA.120.318458#TissueBlock15,http://purl.org/ccf/1.5/9c7fd6bb-6ea4-411d-8ad3-d2277ef18b05,heart,UBERON:0000948,sc_bulk,https://purl.org/ccf/ASCTB-TEMP_atrial-cardiomyocyte,Atrial Cardiomyocyte,98.91280000000002,2.763076771084177E-4
https://doi.org/10.1161/CIRCRESAHA.120.318458#TissueBlock15,http://purl.org/ccf/1.5/9c7fd6bb-6ea4-411d-8ad3-d2277ef18b05,heart,UBERON:0000948,sc_bulk,https://purl.org/ccf/ASCTB-TEMP_endothelial,Endothelial,19.12568,5.342657587207037E-5
https://doi.org/10.1161/CIRCRESAHA.120.318458#TissueBlock15,http://purl.org/ccf/1.5/9c7fd6bb-6ea4-411d-8ad3-d2277ef18b05,heart,UBERON:0000948,sc_bulk,http://purl.obolibrary.org/obo/CL_0000077,mesothelial cell,16.24112,4.536871002376906E-5
https://doi.org/10.1161/CIRCRESAHA.120.318458#TissueBlock16,http://purl.org/ccf/1.5/bd2df259-b64d-4f5a-b2e4-84be6031c5ef,heart,UBERON:0000948,sc_bulk,https://purl.org/ccf/ASCTB-TEMP_fibroblast,Fibroblast,90660.26644999998,0.3330088912100683
https://doi.org/10.1161/CIRCRESAHA.120.318458#TissueBlock16,http://purl.org/ccf/1.5/bd2df259-b64d-4f5a-b2e4-84be6031c5ef,heart,UBERON:0000948,sc_bulk,https://purl.org/ccf/ASCTB-TEMP_ventricular-cardiomycoyte,Ventricular Cardiomycoyte,71431.941772,0.2623803421049386
https://doi.org/10.1161/CIRCRESAHA.120.318458#TissueBlock16,http://purl.org/ccf/1.5/bd2df259-b64d-4f5a-b2e4-84be6031c5ef,heart,UBERON:0000948,sc_bulk,http://purl.obolibrary.org/obo/CL_0002131,regular ventricular cardiac myocyte,25850.26072,0.0949519232287496
https://doi.org/10.1161/CIRCRESAHA.120.318458#TissueBlock16,http://purl.org/ccf/1.5/bd2df259-b64d-4f5a-b2e4-84be6031c5ef,heart,UBERON:0000948,sc_bulk,http://purl.obolibrary.org/obo/CL_0000669,pericyte,13738.84663,0.05046486472974054
https://doi.org/10.1161/CIRCRESAHA.120.318458#TissueBlock16,http://purl.org/ccf/1.5/bd2df259-b64d-4f5a-b2e4-84be6031c5ef,heart,UBERON:0000948,sc_bulk,http://purl.obolibrary.org/obo/CL_0002144,capillary endothelial cell,11037.762634,0.04054337407242711
https://doi.org/10.1161/CIRCRESAHA.120.318458#TissueBlock16,http://purl.org/ccf/1.5/bd2df259-b64d-4f5a-b2e4-84be6031c5ef,heart,UBERON:0000948,sc_bulk,https://purl.org/ccf/ASCTB-TEMP_b,B,10828.905286,0.03977620939707383
https://doi.org/10.1161/CIRCRESAHA.120.318458#TissueBlock16,http://purl.org/ccf/1.5/bd2df259-b64d-4f5a-b2e4-84be6031c5ef,heart,UBERON:0000948,sc_bulk,http://purl.obolibrary.org/obo/CL_0000057,fibroblast,8009.427742000001,0.02941984130458709
https://doi.org/10.1161/CIRCRESAHA.120.318458#TissueBlock16,http://purl.org/ccf/1.5/bd2df259-b64d-4f5a-b2e4-84be6031c5ef,heart,UBERON:0000948,sc_bulk,http://purl.obolibrary.org/obo/CL_0000003,native cell,5785.673325999999,0.02125165449692904
https://doi.org/10.1161/CIRCRESAHA.120.318458#TissueBlock16,http://purl.org/ccf/1.5/bd2df259-b64d-4f5a-b2e4-84be6031c5ef,heart,UBERON:0000948,sc_bulk,http://purl.obolibrary.org/obo/CL_1000413,endothelial cell of artery,3914.037758,0.01437685355430501
https://doi.org/10.1161/CIRCRESAHA.120.318458#TissueBlock16,http://purl.org/ccf/1.5/bd2df259-b64d-4f5a-b2e4-84be6031c5ef,heart,UBERON:0000948,sc_bulk,https://purl.org/ccf/ASCTB-TEMP_pericyte,Pericyte,3340.531293999999,0.01227027744156244
https://doi.org/10.1161/CIRCRESAHA.120.318458#TissueBlock16,http://purl.org/ccf/1.5/bd2df259-b64d-4f5a-b2e4-84be6031c5ef,heart,UBERON:0000948,sc_bulk,https://purl.org/ccf/ASCTB-TEMP_monocyte-cdc,Monocyte/cDC,3083.678538,0.01132681836263966
https://doi.org/10.1161/CIRCRESAHA.120.318458#TissueBlock16,http://purl.org/ccf/1.5/bd2df259-b64d-4f5a-b2e4-84be6031c5ef,heart,UBERON:0000948,sc_bulk,https://purl.org/ccf/ASCTB-TEMP_capillary-endothelial,Capillary Endothelial,3055.230043999999,0.01122232273501252
https://doi.org/10.1161/CIRCRESAHA.120.318458#TissueBlock16,http://purl.org/ccf/1.5/bd2df259-b64d-4f5a-b2e4-84be6031c5ef,heart,UBERON:0000948,sc_bulk,https://purl.org/ccf/ASCTB-TEMP_macrophage,Macrophage,2725.372747999999,0.01001070692248795
https://doi.org/10.1161/CIRCRESAHA.120.318458#TissueBlock16,http://purl.org/ccf/1.5/bd2df259-b64d-4f5a-b2e4-84be6031c5ef,heart,UBERON:0000948,sc_bulk,http://purl.obolibrary.org/obo/CL_0000192,smooth muscle cell,2537.125146000001,0.009319244966002888
https://doi.org/10.1161/CIRCRESAHA.120.318458#TissueBlock16,http://purl.org/ccf/1.5/bd2df259-b64d-4f5a-b2e4-84be6031c5ef,heart,UBERON:0000948,sc_bulk,http://purl.obolibrary.org/obo/CL_0000235,macrophage,2150.450863999999,0.007898931757688136
https://doi.org/10.1161/CIRCRESAHA.120.318458#TissueBlock16,http://purl.org/ccf/1.5/bd2df259-b64d-4f5a-b2e4-84be6031c5ef,heart,UBERON:0000948,sc_bulk,http://purl.obolibrary.org/obo/CL_0000115,endothelial cell,1404.72652,0.005159773285428921
https://doi.org/10.1161/CIRCRESAHA.120.318458#TissueBlock16,http://purl.org/ccf/1.5/bd2df259-b64d-4f5a-b2e4-84be6031c5ef,heart,UBERON:0000948,sc_bulk,http://purl.obolibrary.org/obo/CL_0002543,vein endothelial cell,1135.128106,0.004169497474055184
https://doi.org/10.1161/CIRCRESAHA.120.318458#TissueBlock16,http://purl.org/ccf/1.5/bd2df259-b64d-4f5a-b2e4-84be6031c5ef,heart,UBERON:0000948,sc_bulk,https://purl.org/ccf/ASCTB-TEMP_mesothelial,Mesothelial,1124.89328,0.004131903407862276
https://doi.org/10.1161/CIRCRESAHA.120.318458#TissueBlock16,http://purl.org/ccf/1.5/bd2df259-b64d-4f5a-b2e4-84be6031c5ef,heart,UBERON:0000948,sc_bulk,https://purl.org/ccf/ASCTB-TEMP_arterial-endothelial,Arterial Endothelial,1074.401158,0.003946438195587208
https://doi.org/10.1161/CIRCRESAHA.120.318458#TissueBlock16,http://purl.org/ccf/1.5/bd2df259-b64d-4f5a-b2e4-84be6031c5ef,heart,UBERON:0000948,sc_bulk,https://purl.org/ccf/ASCTB-TEMP_venous-endothelial,Venous Endothelial,1003.962836,0.003687707569410918
https://doi.org/10.1161/CIRCRESAHA.120.318458#TissueBlock16,http://purl.org/ccf/1.5/bd2df259-b64d-4f5a-b2e4-84be6031c5ef,heart,UBERON:0000948,sc_bulk,https://purl.org/ccf/ASCTB-TEMP_smooth-muscle,Smooth Muscle,975.5556100000002,0.003583363525398749
https://doi.org/10.1161/CIRCRESAHA.120.318458#TissueBlock16,http://purl.org/ccf/1.5/bd2df259-b64d-4f5a-b2e4-84be6031c5ef,heart,UBERON:0000948,sc_bulk,https://purl.org/ccf/ASCTB-TEMP_endocardial,Endocardial,728.6955019999999,0.00267660895619157
https://doi.org/10.1161/CIRCRESAHA.120.318458#TissueBlock16,http://purl.org/ccf/1.5/bd2df259-b64d-4f5a-b2e4-84be6031c5ef,heart,UBERON:0000948,sc_bulk,https://purl.org/ccf/ASCTB-TEMP_nk,NK,727.0125639999999,0.002670427269998707
https://doi.org/10.1161/CIRCRESAHA.120.318458#TissueBlock16,http://purl.org/ccf/1.5/bd2df259-b64d-4f5a-b2e4-84be6031c5ef,heart,UBERON:0000948,sc_bulk,http://purl.obolibrary.org/obo/CL_0000623,natural killer cell,547.223454,0.002010034635858759
https://doi.org/10.1161/CIRCRESAHA.120.318458#TissueBlock16,http://purl.org/ccf/1.5/bd2df259-b64d-4f5a-b2e4-84be6031c5ef,heart,UBERON:0000948,sc_bulk,http://purl.obolibrary.org/obo/CL_0000934,"CD4-positive, alpha-beta cytotoxic T cell",509.837904,0.001872711847825208
https://doi.org/10.1161/CIRCRESAHA.120.318458#TissueBlock16,http://purl.org/ccf/1.5/bd2df259-b64d-4f5a-b2e4-84be6031c5ef,heart,UBERON:0000948,sc_bulk,http://purl.obolibrary.org/obo/CL_0002319,neural cell,451.17146,0.00165722111265897
https://doi.org/10.1161/CIRCRESAHA.120.318458#TissueBlock16,http://purl.org/ccf/1.5/bd2df259-b64d-4f5a-b2e4-84be6031c5ef,heart,UBERON:0000948,sc_bulk,http://purl.obolibrary.org/obo/CL_0002397,"CD14-positive, CD16-positive monocyte",410.843936,0.001509092008495198
https://doi.org/10.1161/CIRCRESAHA.120.318458#TissueBlock16,http://purl.org/ccf/1.5/bd2df259-b64d-4f5a-b2e4-84be6031c5ef,heart,UBERON:0000948,sc_bulk,https://purl.org/ccf/ASCTB-TEMP_t,T,410.65642,0.001508403233823676
https://doi.org/10.1161/CIRCRESAHA.120.318458#TissueBlock16,http://purl.org/ccf/1.5/bd2df259-b64d-4f5a-b2e4-84be6031c5ef,heart,UBERON:0000948,sc_bulk,http://purl.obolibrary.org/obo/CL_1000309,epicardial adipocyte,352.35451,0.001294251487256322
https://doi.org/10.1161/CIRCRESAHA.120.318458#TissueBlock16,http://purl.org/ccf/1.5/bd2df259-b64d-4f5a-b2e4-84be6031c5ef,heart,UBERON:0000948,sc_bulk,http://purl.obolibrary.org/obo/CL_0000794,"CD8-positive, alpha-beta cytotoxic T cell",333.055204,0.001223362213003767
https://doi.org/10.1161/CIRCRESAHA.120.318458#TissueBlock16,http://purl.org/ccf/1.5/bd2df259-b64d-4f5a-b2e4-84be6031c5ef,heart,UBERON:0000948,sc_bulk,http://purl.obolibrary.org/obo/CL_0000906,"activated CD8-positive, alpha-beta T cell",331.629286,0.001218124600202371
https://doi.org/10.1161/CIRCRESAHA.120.318458#TissueBlock16,http://purl.org/ccf/1.5/bd2df259-b64d-4f5a-b2e4-84be6031c5ef,heart,UBERON:0000948,sc_bulk,https://purl.org/ccf/ASCTB-TEMP_adipocyte,Adipocyte,292.983976,0.001076174522869795
https://doi.org/10.1161/CIRCRESAHA.120.318458#TissueBlock16,http://purl.org/ccf/1.5/bd2df259-b64d-4f5a-b2e4-84be6031c5ef,heart,UBERON:0000948,sc_bulk,http://purl.obolibrary.org/obo/CL_0000097,mast cell,291.9830460000001,0.001072497955366404
https://doi.org/10.1161/CIRCRESAHA.120.318458#TissueBlock16,http://purl.org/ccf/1.5/bd2df259-b64d-4f5a-b2e4-84be6031c5ef,heart,UBERON:0000948,sc_bulk,https://purl.org/ccf/ASCTB-TEMP_neuronal,Neuronal,235.839742,8.662750956065449E-4
https://doi.org/10.1161/CIRCRESAHA.120.318458#TissueBlock16,http://purl.org/ccf/1.5/bd2df259-b64d-4f5a-b2e4-84be6031c5ef,heart,UBERON:0000948,sc_bulk,https://purl.org/ccf/ASCTB-TEMP_lymphatic-endothelial,Lymphatic Endothelial,232.3859,8.535886107783862E-4
https://doi.org/10.1161/CIRCRESAHA.120.318458#TissueBlock16,http://purl.org/ccf/1.5/bd2df259-b64d-4f5a-b2e4-84be6031c5ef,heart,UBERON:0000948,sc_bulk,http://purl.obolibrary.org/obo/CL_0000814,mature NK T cell,229.52067,8.430641869847712E-4
https://doi.org/10.1161/CIRCRESAHA.120.318458#TissueBlock16,http://purl.org/ccf/1.5/bd2df259-b64d-4f5a-b2e4-84be6031c5ef,heart,UBERON:0000948,sc_bulk,http://purl.obolibrary.org/obo/CL_0001054,CD14-positive monocyte,222.551808,8.174665012676678E-4
https://doi.org/10.1161/CIRCRESAHA.120.318458#TissueBlock16,http://purl.org/ccf/1.5/bd2df259-b64d-4f5a-b2e4-84be6031c5ef,heart,UBERON:0000948,sc_bulk,https://purl.org/ccf/ASCTB-TEMP_mast,Mast,221.60373,8.139840671659018E-4
https://doi.org/10.1161/CIRCRESAHA.120.318458#TissueBlock16,http://purl.org/ccf/1.5/bd2df259-b64d-4f5a-b2e4-84be6031c5ef,heart,UBERON:0000948,sc_bulk,http://purl.obolibrary.org/obo/CL_0000576,monocyte,215.007004,7.897532933451766E-4
https://doi.org/10.1161/CIRCRESAHA.120.318458#TissueBlock16,http://purl.org/ccf/1.5/bd2df259-b64d-4f5a-b2e4-84be6031c5ef,heart,UBERON:0000948,sc_bulk,http://purl.obolibrary.org/obo/CL_0000896,"activated CD4-positive, alpha-beta T cell",168.29742,6.181819160946796E-4
https://doi.org/10.1161/CIRCRESAHA.120.318458#TissueBlock16,http://purl.org/ccf/1.5/bd2df259-b64d-4f5a-b2e4-84be6031c5ef,heart,UBERON:0000948,sc_bulk,http://purl.obolibrary.org/obo/CL_0002138,endothelial cell of lymphatic vessel,135.12193,4.963233161495354E-4
https://doi.org/10.1161/CIRCRESAHA.120.318458#TissueBlock16,http://purl.org/ccf/1.5/bd2df259-b64d-4f5a-b2e4-84be6031c5ef,heart,UBERON:0000948,sc_bulk,http://purl.obolibrary.org/obo/CL_0000236,B cell,116.406892,4.275801467615274E-4
https://doi.org/10.1161/CIRCRESAHA.120.318458#TissueBlock16,http://purl.org/ccf/1.5/bd2df259-b64d-4f5a-b2e4-84be6031c5ef,heart,UBERON:0000948,sc_bulk,http://purl.obolibrary.org/obo/CL_0000451,dendritic cell,111.30233,4.088303173346467E-4
https://doi.org/10.1161/CIRCRESAHA.120.318458#TissueBlock16,http://purl.org/ccf/1.5/bd2df259-b64d-4f5a-b2e4-84be6031c5ef,heart,UBERON:0000948,sc_bulk,https://purl.org/ccf/ASCTB-TEMP_atrial-cardiomyocyte,Atrial Cardiomyocyte,75.22360000000002,2.763076771084176E-4
https://doi.org/10.1161/CIRCRESAHA.120.318458#TissueBlock16,http://purl.org/ccf/1.5/bd2df259-b64d-4f5a-b2e4-84be6031c5ef,heart,UBERON:0000948,sc_bulk,https://purl.org/ccf/ASCTB-TEMP_endothelial,Endothelial,14.54516,5.342657587207033E-5
https://doi.org/10.1161/CIRCRESAHA.120.318458#TissueBlock16,http://purl.org/ccf/1.5/bd2df259-b64d-4f5a-b2e4-84be6031c5ef,heart,UBERON:0000948,sc_bulk,http://purl.obolibrary.org/obo/CL_0000077,mesothelial cell,12.35144,4.536871002376903E-5
https://doi.org/10.1161/CIRCRESAHA.120.318458#TissueBlock17,http://purl.org/ccf/1.5/8ac5f392-021e-452a-845b-a2a5e9e807fb,heart,UBERON:0000948,sc_bulk,https://purl.org/ccf/ASCTB-TEMP_fibroblast,Fibroblast,240425.0159999999,0.3330088912100684
https://doi.org/10.1161/CIRCRESAHA.120.318458#TissueBlock17,http://purl.org/ccf/1.5/8ac5f392-021e-452a-845b-a2a5e9e807fb,heart,UBERON:0000948,sc_bulk,https://purl.org/ccf/ASCTB-TEMP_ventricular-cardiomycoyte,Ventricular Cardiomycoyte,189432.77376,0.2623803421049387
https://doi.org/10.1161/CIRCRESAHA.120.318458#TissueBlock17,http://purl.org/ccf/1.5/8ac5f392-021e-452a-845b-a2a5e9e807fb,heart,UBERON:0000948,sc_bulk,http://purl.obolibrary.org/obo/CL_0002131,regular ventricular cardiac myocyte,68553.1776,0.09495192322874964
https://doi.org/10.1161/CIRCRESAHA.120.318458#TissueBlock17,http://purl.org/ccf/1.5/8ac5f392-021e-452a-845b-a2a5e9e807fb,heart,UBERON:0000948,sc_bulk,http://purl.obolibrary.org/obo/CL_0000669,pericyte,36434.51040000001,0.05046486472974056
https://doi.org/10.1161/CIRCRESAHA.120.318458#TissueBlock17,http://purl.org/ccf/1.5/8ac5f392-021e-452a-845b-a2a5e9e807fb,heart,UBERON:0000948,sc_bulk,http://purl.obolibrary.org/obo/CL_0002144,capillary endothelial cell,29271.41472,0.04054337407242713
https://doi.org/10.1161/CIRCRESAHA.120.318458#TissueBlock17,http://purl.org/ccf/1.5/8ac5f392-021e-452a-845b-a2a5e9e807fb,heart,UBERON:0000948,sc_bulk,https://purl.org/ccf/ASCTB-TEMP_b,B,28717.53888,0.03977620939707385
https://doi.org/10.1161/CIRCRESAHA.120.318458#TissueBlock17,http://purl.org/ccf/1.5/8ac5f392-021e-452a-845b-a2a5e9e807fb,heart,UBERON:0000948,sc_bulk,http://purl.obolibrary.org/obo/CL_0000057,fibroblast,21240.47136,0.0294198413045871
https://doi.org/10.1161/CIRCRESAHA.120.318458#TissueBlock17,http://purl.org/ccf/1.5/8ac5f392-021e-452a-845b-a2a5e9e807fb,heart,UBERON:0000948,sc_bulk,http://purl.obolibrary.org/obo/CL_0000003,native cell,15343.22208,0.02125165449692906
https://doi.org/10.1161/CIRCRESAHA.120.318458#TissueBlock17,http://purl.org/ccf/1.5/8ac5f392-021e-452a-845b-a2a5e9e807fb,heart,UBERON:0000948,sc_bulk,http://purl.obolibrary.org/obo/CL_1000413,endothelial cell of artery,10379.76864,0.01437685355430502
https://doi.org/10.1161/CIRCRESAHA.120.318458#TissueBlock17,http://purl.org/ccf/1.5/8ac5f392-021e-452a-845b-a2a5e9e807fb,heart,UBERON:0000948,sc_bulk,https://purl.org/ccf/ASCTB-TEMP_pericyte,Pericyte,8858.867519999998,0.01227027744156244
https://doi.org/10.1161/CIRCRESAHA.120.318458#TissueBlock17,http://purl.org/ccf/1.5/8ac5f392-021e-452a-845b-a2a5e9e807fb,heart,UBERON:0000948,sc_bulk,https://purl.org/ccf/ASCTB-TEMP_monocyte-cdc,Monocyte/cDC,8177.71104,0.01132681836263967
https://doi.org/10.1161/CIRCRESAHA.120.318458#TissueBlock17,http://purl.org/ccf/1.5/8ac5f392-021e-452a-845b-a2a5e9e807fb,heart,UBERON:0000948,sc_bulk,https://purl.org/ccf/ASCTB-TEMP_capillary-endothelial,Capillary Endothelial,8102.267519999999,0.01122232273501253
https://doi.org/10.1161/CIRCRESAHA.120.318458#TissueBlock17,http://purl.org/ccf/1.5/8ac5f392-021e-452a-845b-a2a5e9e807fb,heart,UBERON:0000948,sc_bulk,https://purl.org/ccf/ASCTB-TEMP_macrophage,Macrophage,7227.507839999998,0.01001070692248795
https://doi.org/10.1161/CIRCRESAHA.120.318458#TissueBlock17,http://purl.org/ccf/1.5/8ac5f392-021e-452a-845b-a2a5e9e807fb,heart,UBERON:0000948,sc_bulk,http://purl.obolibrary.org/obo/CL_0000192,smooth muscle cell,6728.287680000002,0.009319244966002891
https://doi.org/10.1161/CIRCRESAHA.120.318458#TissueBlock17,http://purl.org/ccf/1.5/8ac5f392-021e-452a-845b-a2a5e9e807fb,heart,UBERON:0000948,sc_bulk,http://purl.obolibrary.org/obo/CL_0000235,macrophage,5702.853119999999,0.007898931757688141
https://doi.org/10.1161/CIRCRESAHA.120.318458#TissueBlock17,http://purl.org/ccf/1.5/8ac5f392-021e-452a-845b-a2a5e9e807fb,heart,UBERON:0000948,sc_bulk,http://purl.obolibrary.org/obo/CL_0000115,endothelial cell,3725.2416,0.005159773285428923
https://doi.org/10.1161/CIRCRESAHA.120.318458#TissueBlock17,http://purl.org/ccf/1.5/8ac5f392-021e-452a-845b-a2a5e9e807fb,heart,UBERON:0000948,sc_bulk,http://purl.obolibrary.org/obo/CL_0002543,vein endothelial cell,3010.28448,0.004169497474055186
https://doi.org/10.1161/CIRCRESAHA.120.318458#TissueBlock17,http://purl.org/ccf/1.5/8ac5f392-021e-452a-845b-a2a5e9e807fb,heart,UBERON:0000948,sc_bulk,https://purl.org/ccf/ASCTB-TEMP_mesothelial,Mesothelial,2983.1424,0.004131903407862277
https://doi.org/10.1161/CIRCRESAHA.120.318458#TissueBlock17,http://purl.org/ccf/1.5/8ac5f392-021e-452a-845b-a2a5e9e807fb,heart,UBERON:0000948,sc_bulk,https://purl.org/ccf/ASCTB-TEMP_arterial-endothelial,Arterial Endothelial,2849.24064,0.003946438195587209
https://doi.org/10.1161/CIRCRESAHA.120.318458#TissueBlock17,http://purl.org/ccf/1.5/8ac5f392-021e-452a-845b-a2a5e9e807fb,heart,UBERON:0000948,sc_bulk,https://purl.org/ccf/ASCTB-TEMP_venous-endothelial,Venous Endothelial,2662.44288,0.00368770756941092
https://doi.org/10.1161/CIRCRESAHA.120.318458#TissueBlock17,http://purl.org/ccf/1.5/8ac5f392-021e-452a-845b-a2a5e9e807fb,heart,UBERON:0000948,sc_bulk,https://purl.org/ccf/ASCTB-TEMP_smooth-muscle,Smooth Muscle,2587.1088,0.003583363525398751
https://doi.org/10.1161/CIRCRESAHA.120.318458#TissueBlock17,http://purl.org/ccf/1.5/8ac5f392-021e-452a-845b-a2a5e9e807fb,heart,UBERON:0000948,sc_bulk,https://purl.org/ccf/ASCTB-TEMP_endocardial,Endocardial,1932.45216,0.002676608956191571
https://doi.org/10.1161/CIRCRESAHA.120.318458#TissueBlock17,http://purl.org/ccf/1.5/8ac5f392-021e-452a-845b-a2a5e9e807fb,heart,UBERON:0000948,sc_bulk,https://purl.org/ccf/ASCTB-TEMP_nk,NK,1927.98912,0.002670427269998707
https://doi.org/10.1161/CIRCRESAHA.120.318458#TissueBlock17,http://purl.org/ccf/1.5/8ac5f392-021e-452a-845b-a2a5e9e807fb,heart,UBERON:0000948,sc_bulk,http://purl.obolibrary.org/obo/CL_0000623,natural killer cell,1451.20032,0.00201003463585876
https://doi.org/10.1161/CIRCRESAHA.120.318458#TissueBlock17,http://purl.org/ccf/1.5/8ac5f392-021e-452a-845b-a2a5e9e807fb,heart,UBERON:0000948,sc_bulk,http://purl.obolibrary.org/obo/CL_0000934,"CD4-positive, alpha-beta cytotoxic T cell",1352.05632,0.001872711847825209
https://doi.org/10.1161/CIRCRESAHA.120.318458#TissueBlock17,http://purl.org/ccf/1.5/8ac5f392-021e-452a-845b-a2a5e9e807fb,heart,UBERON:0000948,sc_bulk,http://purl.obolibrary.org/obo/CL_0002319,neural cell,1196.4768,0.001657221112658971
https://doi.org/10.1161/CIRCRESAHA.120.318458#TissueBlock17,http://purl.org/ccf/1.5/8ac5f392-021e-452a-845b-a2a5e9e807fb,heart,UBERON:0000948,sc_bulk,http://purl.obolibrary.org/obo/CL_0002397,"CD14-positive, CD16-positive monocyte",1089.53088,0.001509092008495198
https://doi.org/10.1161/CIRCRESAHA.120.318458#TissueBlock17,http://purl.org/ccf/1.5/8ac5f392-021e-452a-845b-a2a5e9e807fb,heart,UBERON:0000948,sc_bulk,https://purl.org/ccf/ASCTB-TEMP_t,T,1089.0336,0.001508403233823677
https://doi.org/10.1161/CIRCRESAHA.120.318458#TissueBlock17,http://purl.org/ccf/1.5/8ac5f392-021e-452a-845b-a2a5e9e807fb,heart,UBERON:0000948,sc_bulk,http://purl.obolibrary.org/obo/CL_1000309,epicardial adipocyte,934.4208,0.001294251487256323
https://doi.org/10.1161/CIRCRESAHA.120.318458#TissueBlock17,http://purl.org/ccf/1.5/8ac5f392-021e-452a-845b-a2a5e9e807fb,heart,UBERON:0000948,sc_bulk,http://purl.obolibrary.org/obo/CL_0000794,"CD8-positive, alpha-beta cytotoxic T cell",883.24032,0.001223362213003767
https://doi.org/10.1161/CIRCRESAHA.120.318458#TissueBlock17,http://purl.org/ccf/1.5/8ac5f392-021e-452a-845b-a2a5e9e807fb,heart,UBERON:0000948,sc_bulk,http://purl.obolibrary.org/obo/CL_0000906,"activated CD8-positive, alpha-beta T cell",879.4588799999999,0.001218124600202371
https://doi.org/10.1161/CIRCRESAHA.120.318458#TissueBlock17,http://purl.org/ccf/1.5/8ac5f392-021e-452a-845b-a2a5e9e807fb,heart,UBERON:0000948,sc_bulk,https://purl.org/ccf/ASCTB-TEMP_adipocyte,Adipocyte,776.97408,0.001076174522869796
https://doi.org/10.1161/CIRCRESAHA.120.318458#TissueBlock17,http://purl.org/ccf/1.5/8ac5f392-021e-452a-845b-a2a5e9e807fb,heart,UBERON:0000948,sc_bulk,http://purl.obolibrary.org/obo/CL_0000097,mast cell,774.3196800000002,0.001072497955366405
https://doi.org/10.1161/CIRCRESAHA.120.318458#TissueBlock17,http://purl.org/ccf/1.5/8ac5f392-021e-452a-845b-a2a5e9e807fb,heart,UBERON:0000948,sc_bulk,https://purl.org/ccf/ASCTB-TEMP_neuronal,Neuronal,625.4313599999999,8.662750956065452E-4
https://doi.org/10.1161/CIRCRESAHA.120.318458#TissueBlock17,http://purl.org/ccf/1.5/8ac5f392-021e-452a-845b-a2a5e9e807fb,heart,UBERON:0000948,sc_bulk,https://purl.org/ccf/ASCTB-TEMP_lymphatic-endothelial,Lymphatic Endothelial,616.272,8.535886107783865E-4
https://doi.org/10.1161/CIRCRESAHA.120.318458#TissueBlock17,http://purl.org/ccf/1.5/8ac5f392-021e-452a-845b-a2a5e9e807fb,heart,UBERON:0000948,sc_bulk,http://purl.obolibrary.org/obo/CL_0000814,mature NK T cell,608.6736,8.430641869847717E-4
https://doi.org/10.1161/CIRCRESAHA.120.318458#TissueBlock17,http://purl.org/ccf/1.5/8ac5f392-021e-452a-845b-a2a5e9e807fb,heart,UBERON:0000948,sc_bulk,http://purl.obolibrary.org/obo/CL_0001054,CD14-positive monocyte,590.1926400000001,8.174665012676682E-4
https://doi.org/10.1161/CIRCRESAHA.120.318458#TissueBlock17,http://purl.org/ccf/1.5/8ac5f392-021e-452a-845b-a2a5e9e807fb,heart,UBERON:0000948,sc_bulk,https://purl.org/ccf/ASCTB-TEMP_mast,Mast,587.6783999999999,8.139840671659021E-4
https://doi.org/10.1161/CIRCRESAHA.120.318458#TissueBlock17,http://purl.org/ccf/1.5/8ac5f392-021e-452a-845b-a2a5e9e807fb,heart,UBERON:0000948,sc_bulk,http://purl.obolibrary.org/obo/CL_0000576,monocyte,570.18432,7.89753293345177E-4
https://doi.org/10.1161/CIRCRESAHA.120.318458#TissueBlock17,http://purl.org/ccf/1.5/8ac5f392-021e-452a-845b-a2a5e9e807fb,heart,UBERON:0000948,sc_bulk,http://purl.obolibrary.org/obo/CL_0000896,"activated CD4-positive, alpha-beta T cell",446.3136000000001,6.181819160946798E-4
https://doi.org/10.1161/CIRCRESAHA.120.318458#TissueBlock17,http://purl.org/ccf/1.5/8ac5f392-021e-452a-845b-a2a5e9e807fb,heart,UBERON:0000948,sc_bulk,http://purl.obolibrary.org/obo/CL_0002138,endothelial cell of lymphatic vessel,358.3344,4.963233161495356E-4
https://doi.org/10.1161/CIRCRESAHA.120.318458#TissueBlock17,http://purl.org/ccf/1.5/8ac5f392-021e-452a-845b-a2a5e9e807fb,heart,UBERON:0000948,sc_bulk,http://purl.obolibrary.org/obo/CL_0000236,B cell,308.70336,4.275801467615276E-4
https://doi.org/10.1161/CIRCRESAHA.120.318458#TissueBlock17,http://purl.org/ccf/1.5/8ac5f392-021e-452a-845b-a2a5e9e807fb,heart,UBERON:0000948,sc_bulk,http://purl.obolibrary.org/obo/CL_0000451,dendritic cell,295.1664,4.088303173346468E-4
https://doi.org/10.1161/CIRCRESAHA.120.318458#TissueBlock17,http://purl.org/ccf/1.5/8ac5f392-021e-452a-845b-a2a5e9e807fb,heart,UBERON:0000948,sc_bulk,https://purl.org/ccf/ASCTB-TEMP_atrial-cardiomyocyte,Atrial Cardiomyocyte,199.488,2.763076771084177E-4
https://doi.org/10.1161/CIRCRESAHA.120.318458#TissueBlock17,http://purl.org/ccf/1.5/8ac5f392-021e-452a-845b-a2a5e9e807fb,heart,UBERON:0000948,sc_bulk,https://purl.org/ccf/ASCTB-TEMP_endothelial,Endothelial,38.5728,5.342657587207036E-5
https://doi.org/10.1161/CIRCRESAHA.120.318458#TissueBlock17,http://purl.org/ccf/1.5/8ac5f392-021e-452a-845b-a2a5e9e807fb,heart,UBERON:0000948,sc_bulk,http://purl.obolibrary.org/obo/CL_0000077,mesothelial cell,32.75519999999999,4.536871002376904E-5
https://doi.org/10.1161/CIRCRESAHA.120.318458#TissueBlock18,http://purl.org/ccf/1.5/5b8ac863-a3ac-4f61-b856-0243634ca18b,heart,UBERON:0000948,sc_bulk,https://purl.org/ccf/ASCTB-TEMP_fibroblast,Fibroblast,41323.04962499999,0.3330088912100683
https://doi.org/10.1161/CIRCRESAHA.120.318458#TissueBlock18,http://purl.org/ccf/1.5/5b8ac863-a3ac-4f61-b856-0243634ca18b,heart,UBERON:0000948,sc_bulk,https://purl.org/ccf/ASCTB-TEMP_ventricular-cardiomycoyte,Ventricular Cardiomycoyte,32558.75799,0.2623803421049386
https://doi.org/10.1161/CIRCRESAHA.120.318458#TissueBlock18,http://purl.org/ccf/1.5/5b8ac863-a3ac-4f61-b856-0243634ca18b,heart,UBERON:0000948,sc_bulk,http://purl.obolibrary.org/obo/CL_0002131,regular ventricular cardiac myocyte,11782.5774,0.09495192322874961
https://doi.org/10.1161/CIRCRESAHA.120.318458#TissueBlock18,http://purl.org/ccf/1.5/5b8ac863-a3ac-4f61-b856-0243634ca18b,heart,UBERON:0000948,sc_bulk,http://purl.obolibrary.org/obo/CL_0000669,pericyte,6262.181475000001,0.05046486472974054
https://doi.org/10.1161/CIRCRESAHA.120.318458#TissueBlock18,http://purl.org/ccf/1.5/5b8ac863-a3ac-4f61-b856-0243634ca18b,heart,UBERON:0000948,sc_bulk,http://purl.obolibrary.org/obo/CL_0002144,capillary endothelial cell,5031.024405,0.04054337407242711
https://doi.org/10.1161/CIRCRESAHA.120.318458#TissueBlock18,http://purl.org/ccf/1.5/5b8ac863-a3ac-4f61-b856-0243634ca18b,heart,UBERON:0000948,sc_bulk,https://purl.org/ccf/ASCTB-TEMP_b,B,4935.826994999999,0.03977620939707384
https://doi.org/10.1161/CIRCRESAHA.120.318458#TissueBlock18,http://purl.org/ccf/1.5/5b8ac863-a3ac-4f61-b856-0243634ca18b,heart,UBERON:0000948,sc_bulk,http://purl.obolibrary.org/obo/CL_0000057,fibroblast,3650.706015000001,0.0294198413045871
https://doi.org/10.1161/CIRCRESAHA.120.318458#TissueBlock18,http://purl.org/ccf/1.5/5b8ac863-a3ac-4f61-b856-0243634ca18b,heart,UBERON:0000948,sc_bulk,http://purl.obolibrary.org/obo/CL_0000003,native cell,2637.116295,0.02125165449692905
https://doi.org/10.1161/CIRCRESAHA.120.318458#TissueBlock18,http://purl.org/ccf/1.5/5b8ac863-a3ac-4f61-b856-0243634ca18b,heart,UBERON:0000948,sc_bulk,http://purl.obolibrary.org/obo/CL_1000413,endothelial cell of artery,1784.022735,0.01437685355430501
https://doi.org/10.1161/CIRCRESAHA.120.318458#TissueBlock18,http://purl.org/ccf/1.5/5b8ac863-a3ac-4f61-b856-0243634ca18b,heart,UBERON:0000948,sc_bulk,https://purl.org/ccf/ASCTB-TEMP_pericyte,Pericyte,1522.617855,0.01227027744156244
https://doi.org/10.1161/CIRCRESAHA.120.318458#TissueBlock18,http://purl.org/ccf/1.5/5b8ac863-a3ac-4f61-b856-0243634ca18b,heart,UBERON:0000948,sc_bulk,https://purl.org/ccf/ASCTB-TEMP_monocyte-cdc,Monocyte/cDC,1405.544085,0.01132681836263967
https://doi.org/10.1161/CIRCRESAHA.120.318458#TissueBlock18,http://purl.org/ccf/1.5/5b8ac863-a3ac-4f61-b856-0243634ca18b,heart,UBERON:0000948,sc_bulk,https://purl.org/ccf/ASCTB-TEMP_capillary-endothelial,Capillary Endothelial,1392.57723,0.01122232273501252
https://doi.org/10.1161/CIRCRESAHA.120.318458#TissueBlock18,http://purl.org/ccf/1.5/5b8ac863-a3ac-4f61-b856-0243634ca18b,heart,UBERON:0000948,sc_bulk,https://purl.org/ccf/ASCTB-TEMP_macrophage,Macrophage,1242.22791,0.01001070692248795
https://doi.org/10.1161/CIRCRESAHA.120.318458#TissueBlock18,http://purl.org/ccf/1.5/5b8ac863-a3ac-4f61-b856-0243634ca18b,heart,UBERON:0000948,sc_bulk,http://purl.obolibrary.org/obo/CL_0000192,smooth muscle cell,1156.424445000001,0.00931924496600289
https://doi.org/10.1161/CIRCRESAHA.120.318458#TissueBlock18,http://purl.org/ccf/1.5/5b8ac863-a3ac-4f61-b856-0243634ca18b,heart,UBERON:0000948,sc_bulk,http://purl.obolibrary.org/obo/CL_0000235,macrophage,980.1778799999998,0.007898931757688138
https://doi.org/10.1161/CIRCRESAHA.120.318458#TissueBlock18,http://purl.org/ccf/1.5/5b8ac863-a3ac-4f61-b856-0243634ca18b,heart,UBERON:0000948,sc_bulk,http://purl.obolibrary.org/obo/CL_0000115,endothelial cell,640.2759000000001,0.005159773285428922
https://doi.org/10.1161/CIRCRESAHA.120.318458#TissueBlock18,http://purl.org/ccf/1.5/5b8ac863-a3ac-4f61-b856-0243634ca18b,heart,UBERON:0000948,sc_bulk,http://purl.obolibrary.org/obo/CL_0002543,vein endothelial cell,517.392645,0.004169497474055184
https://doi.org/10.1161/CIRCRESAHA.120.318458#TissueBlock18,http://purl.org/ccf/1.5/5b8ac863-a3ac-4f61-b856-0243634ca18b,heart,UBERON:0000948,sc_bulk,https://purl.org/ccf/ASCTB-TEMP_mesothelial,Mesothelial,512.7276,0.004131903407862276
https://doi.org/10.1161/CIRCRESAHA.120.318458#TissueBlock18,http://purl.org/ccf/1.5/5b8ac863-a3ac-4f61-b856-0243634ca18b,heart,UBERON:0000948,sc_bulk,https://purl.org/ccf/ASCTB-TEMP_arterial-endothelial,Arterial Endothelial,489.7132350000001,0.003946438195587208
https://doi.org/10.1161/CIRCRESAHA.120.318458#TissueBlock18,http://purl.org/ccf/1.5/5b8ac863-a3ac-4f61-b856-0243634ca18b,heart,UBERON:0000948,sc_bulk,https://purl.org/ccf/ASCTB-TEMP_venous-endothelial,Venous Endothelial,457.6073700000001,0.003687707569410919
https://doi.org/10.1161/CIRCRESAHA.120.318458#TissueBlock18,http://purl.org/ccf/1.5/5b8ac863-a3ac-4f61-b856-0243634ca18b,heart,UBERON:0000948,sc_bulk,https://purl.org/ccf/ASCTB-TEMP_smooth-muscle,Smooth Muscle,444.6593250000001,0.00358336352539875
https://doi.org/10.1161/CIRCRESAHA.120.318458#TissueBlock18,http://purl.org/ccf/1.5/5b8ac863-a3ac-4f61-b856-0243634ca18b,heart,UBERON:0000948,sc_bulk,https://purl.org/ccf/ASCTB-TEMP_endocardial,Endocardial,332.140215,0.00267660895619157
https://doi.org/10.1161/CIRCRESAHA.120.318458#TissueBlock18,http://purl.org/ccf/1.5/5b8ac863-a3ac-4f61-b856-0243634ca18b,heart,UBERON:0000948,sc_bulk,https://purl.org/ccf/ASCTB-TEMP_nk,NK,331.3731299999999,0.002670427269998707
https://doi.org/10.1161/CIRCRESAHA.120.318458#TissueBlock18,http://purl.org/ccf/1.5/5b8ac863-a3ac-4f61-b856-0243634ca18b,heart,UBERON:0000948,sc_bulk,http://purl.obolibrary.org/obo/CL_0000623,natural killer cell,249.425055,0.002010034635858759
https://doi.org/10.1161/CIRCRESAHA.120.318458#TissueBlock18,http://purl.org/ccf/1.5/5b8ac863-a3ac-4f61-b856-0243634ca18b,heart,UBERON:0000948,sc_bulk,http://purl.obolibrary.org/obo/CL_0000934,"CD4-positive, alpha-beta cytotoxic T cell",232.38468,0.001872711847825209
https://doi.org/10.1161/CIRCRESAHA.120.318458#TissueBlock18,http://purl.org/ccf/1.5/5b8ac863-a3ac-4f61-b856-0243634ca18b,heart,UBERON:0000948,sc_bulk,http://purl.obolibrary.org/obo/CL_0002319,neural cell,205.64445,0.00165722111265897
https://doi.org/10.1161/CIRCRESAHA.120.318458#TissueBlock18,http://purl.org/ccf/1.5/5b8ac863-a3ac-4f61-b856-0243634ca18b,heart,UBERON:0000948,sc_bulk,http://purl.obolibrary.org/obo/CL_0002397,"CD14-positive, CD16-positive monocyte",187.26312,0.001509092008495198
https://doi.org/10.1161/CIRCRESAHA.120.318458#TissueBlock18,http://purl.org/ccf/1.5/5b8ac863-a3ac-4f61-b856-0243634ca18b,heart,UBERON:0000948,sc_bulk,https://purl.org/ccf/ASCTB-TEMP_t,T,187.17765,0.001508403233823677
https://doi.org/10.1161/CIRCRESAHA.120.318458#TissueBlock18,http://purl.org/ccf/1.5/5b8ac863-a3ac-4f61-b856-0243634ca18b,heart,UBERON:0000948,sc_bulk,http://purl.obolibrary.org/obo/CL_1000309,epicardial adipocyte,160.603575,0.001294251487256322
https://doi.org/10.1161/CIRCRESAHA.120.318458#TissueBlock18,http://purl.org/ccf/1.5/5b8ac863-a3ac-4f61-b856-0243634ca18b,heart,UBERON:0000948,sc_bulk,http://purl.obolibrary.org/obo/CL_0000794,"CD8-positive, alpha-beta cytotoxic T cell",151.80693,0.001223362213003767
https://doi.org/10.1161/CIRCRESAHA.120.318458#TissueBlock18,http://purl.org/ccf/1.5/5b8ac863-a3ac-4f61-b856-0243634ca18b,heart,UBERON:0000948,sc_bulk,http://purl.obolibrary.org/obo/CL_0000906,"activated CD8-positive, alpha-beta T cell",151.156995,0.001218124600202371
https://doi.org/10.1161/CIRCRESAHA.120.318458#TissueBlock18,http://purl.org/ccf/1.5/5b8ac863-a3ac-4f61-b856-0243634ca18b,heart,UBERON:0000948,sc_bulk,https://purl.org/ccf/ASCTB-TEMP_adipocyte,Adipocyte,133.54242,0.001076174522869795
https://doi.org/10.1161/CIRCRESAHA.120.318458#TissueBlock18,http://purl.org/ccf/1.5/5b8ac863-a3ac-4f61-b856-0243634ca18b,heart,UBERON:0000948,sc_bulk,http://purl.obolibrary.org/obo/CL_0000097,mast cell,133.086195,0.001072497955366404
https://doi.org/10.1161/CIRCRESAHA.120.318458#TissueBlock18,http://purl.org/ccf/1.5/5b8ac863-a3ac-4f61-b856-0243634ca18b,heart,UBERON:0000948,sc_bulk,https://purl.org/ccf/ASCTB-TEMP_neuronal,Neuronal,107.496015,8.662750956065449E-4
https://doi.org/10.1161/CIRCRESAHA.120.318458#TissueBlock18,http://purl.org/ccf/1.5/5b8ac863-a3ac-4f61-b856-0243634ca18b,heart,UBERON:0000948,sc_bulk,https://purl.org/ccf/ASCTB-TEMP_lymphatic-endothelial,Lymphatic Endothelial,105.92175,8.535886107783863E-4
https://doi.org/10.1161/CIRCRESAHA.120.318458#TissueBlock18,http://purl.org/ccf/1.5/5b8ac863-a3ac-4f61-b856-0243634ca18b,heart,UBERON:0000948,sc_bulk,http://purl.obolibrary.org/obo/CL_0000814,mature NK T cell,104.615775,8.430641869847714E-4
https://doi.org/10.1161/CIRCRESAHA.120.318458#TissueBlock18,http://purl.org/ccf/1.5/5b8ac863-a3ac-4f61-b856-0243634ca18b,heart,UBERON:0000948,sc_bulk,http://purl.obolibrary.org/obo/CL_0001054,CD14-positive monocyte,101.43936,8.17466501267668E-4
https://doi.org/10.1161/CIRCRESAHA.120.318458#TissueBlock18,http://purl.org/ccf/1.5/5b8ac863-a3ac-4f61-b856-0243634ca18b,heart,UBERON:0000948,sc_bulk,https://purl.org/ccf/ASCTB-TEMP_mast,Mast,101.007225,8.13984067165902E-4
https://doi.org/10.1161/CIRCRESAHA.120.318458#TissueBlock18,http://purl.org/ccf/1.5/5b8ac863-a3ac-4f61-b856-0243634ca18b,heart,UBERON:0000948,sc_bulk,http://purl.obolibrary.org/obo/CL_0000576,monocyte,98.00043000000001,7.897532933451768E-4
https://doi.org/10.1161/CIRCRESAHA.120.318458#TissueBlock18,http://purl.org/ccf/1.5/5b8ac863-a3ac-4f61-b856-0243634ca18b,heart,UBERON:0000948,sc_bulk,http://purl.obolibrary.org/obo/CL_0000896,"activated CD4-positive, alpha-beta T cell",76.71015000000003,6.181819160946797E-4
https://doi.org/10.1161/CIRCRESAHA.120.318458#TissueBlock18,http://purl.org/ccf/1.5/5b8ac863-a3ac-4f61-b856-0243634ca18b,heart,UBERON:0000948,sc_bulk,http://purl.obolibrary.org/obo/CL_0002138,endothelial cell of lymphatic vessel,61.588725,4.963233161495355E-4
https://doi.org/10.1161/CIRCRESAHA.120.318458#TissueBlock18,http://purl.org/ccf/1.5/5b8ac863-a3ac-4f61-b856-0243634ca18b,heart,UBERON:0000948,sc_bulk,http://purl.obolibrary.org/obo/CL_0000236,B cell,53.05839000000001,4.275801467615275E-4
https://doi.org/10.1161/CIRCRESAHA.120.318458#TissueBlock18,http://purl.org/ccf/1.5/5b8ac863-a3ac-4f61-b856-0243634ca18b,heart,UBERON:0000948,sc_bulk,http://purl.obolibrary.org/obo/CL_0000451,dendritic cell,50.731725,4.088303173346467E-4
https://doi.org/10.1161/CIRCRESAHA.120.318458#TissueBlock18,http://purl.org/ccf/1.5/5b8ac863-a3ac-4f61-b856-0243634ca18b,heart,UBERON:0000948,sc_bulk,https://purl.org/ccf/ASCTB-TEMP_atrial-cardiomyocyte,Atrial Cardiomyocyte,34.28700000000001,2.763076771084176E-4
https://doi.org/10.1161/CIRCRESAHA.120.318458#TissueBlock18,http://purl.org/ccf/1.5/5b8ac863-a3ac-4f61-b856-0243634ca18b,heart,UBERON:0000948,sc_bulk,https://purl.org/ccf/ASCTB-TEMP_endothelial,Endothelial,6.629700000000001,5.342657587207035E-5
https://doi.org/10.1161/CIRCRESAHA.120.318458#TissueBlock18,http://purl.org/ccf/1.5/5b8ac863-a3ac-4f61-b856-0243634ca18b,heart,UBERON:0000948,sc_bulk,http://purl.obolibrary.org/obo/CL_0000077,mesothelial cell,5.629799999999999,4.536871002376903E-5
https://doi.org/10.1161/CIRCRESAHA.120.318458#TissueBlock19,http://purl.org/ccf/1.5/597935ff-e86d-4a23-a3d6-bd88ede49a3f,heart,UBERON:0000948,sc_bulk,https://purl.org/ccf/ASCTB-TEMP_fibroblast,Fibroblast,90910.70917499998,0.3330088912100684
https://doi.org/10.1161/CIRCRESAHA.120.318458#TissueBlock19,http://purl.org/ccf/1.5/597935ff-e86d-4a23-a3d6-bd88ede49a3f,heart,UBERON:0000948,sc_bulk,https://purl.org/ccf/ASCTB-TEMP_ventricular-cardiomycoyte,Ventricular Cardiomycoyte,71629.267578,0.2623803421049387
https://doi.org/10.1161/CIRCRESAHA.120.318458#TissueBlock19,http://purl.org/ccf/1.5/597935ff-e86d-4a23-a3d6-bd88ede49a3f,heart,UBERON:0000948,sc_bulk,http://purl.obolibrary.org/obo/CL_0002131,regular ventricular cardiac myocyte,25921.67028,0.09495192322874964
https://doi.org/10.1161/CIRCRESAHA.120.318458#TissueBlock19,http://purl.org/ccf/1.5/597935ff-e86d-4a23-a3d6-bd88ede49a3f,heart,UBERON:0000948,sc_bulk,http://purl.obolibrary.org/obo/CL_0000669,pericyte,13776.799245,0.05046486472974056
https://doi.org/10.1161/CIRCRESAHA.120.318458#TissueBlock19,http://purl.org/ccf/1.5/597935ff-e86d-4a23-a3d6-bd88ede49a3f,heart,UBERON:0000948,sc_bulk,http://purl.obolibrary.org/obo/CL_0002144,capillary endothelial cell,11068.253691,0.04054337407242713
https://doi.org/10.1161/CIRCRESAHA.120.318458#TissueBlock19,http://purl.org/ccf/1.5/597935ff-e86d-4a23-a3d6-bd88ede49a3f,heart,UBERON:0000948,sc_bulk,https://purl.org/ccf/ASCTB-TEMP_b,B,10858.819389,0.03977620939707385
https://doi.org/10.1161/CIRCRESAHA.120.318458#TissueBlock19,http://purl.org/ccf/1.5/597935ff-e86d-4a23-a3d6-bd88ede49a3f,heart,UBERON:0000948,sc_bulk,http://purl.obolibrary.org/obo/CL_0000057,fibroblast,8031.553233000001,0.02941984130458711
https://doi.org/10.1161/CIRCRESAHA.120.318458#TissueBlock19,http://purl.org/ccf/1.5/597935ff-e86d-4a23-a3d6-bd88ede49a3f,heart,UBERON:0000948,sc_bulk,http://purl.obolibrary.org/obo/CL_0000003,native cell,5801.655849,0.02125165449692906
https://doi.org/10.1161/CIRCRESAHA.120.318458#TissueBlock19,http://purl.org/ccf/1.5/597935ff-e86d-4a23-a3d6-bd88ede49a3f,heart,UBERON:0000948,sc_bulk,http://purl.obolibrary.org/obo/CL_1000413,endothelial cell of artery,3924.850017,0.01437685355430502
https://doi.org/10.1161/CIRCRESAHA.120.318458#TissueBlock19,http://purl.org/ccf/1.5/597935ff-e86d-4a23-a3d6-bd88ede49a3f,heart,UBERON:0000948,sc_bulk,https://purl.org/ccf/ASCTB-TEMP_pericyte,Pericyte,3349.759281,0.01227027744156244
https://doi.org/10.1161/CIRCRESAHA.120.318458#TissueBlock19,http://purl.org/ccf/1.5/597935ff-e86d-4a23-a3d6-bd88ede49a3f,heart,UBERON:0000948,sc_bulk,https://purl.org/ccf/ASCTB-TEMP_monocyte-cdc,Monocyte/cDC,3092.196987,0.01132681836263967
https://doi.org/10.1161/CIRCRESAHA.120.318458#TissueBlock19,http://purl.org/ccf/1.5/597935ff-e86d-4a23-a3d6-bd88ede49a3f,heart,UBERON:0000948,sc_bulk,https://purl.org/ccf/ASCTB-TEMP_capillary-endothelial,Capillary Endothelial,3063.669906,0.01122232273501253
https://doi.org/10.1161/CIRCRESAHA.120.318458#TissueBlock19,http://purl.org/ccf/1.5/597935ff-e86d-4a23-a3d6-bd88ede49a3f,heart,UBERON:0000948,sc_bulk,https://purl.org/ccf/ASCTB-TEMP_macrophage,Macrophage,2732.901402,0.01001070692248795
https://doi.org/10.1161/CIRCRESAHA.120.318458#TissueBlock19,http://purl.org/ccf/1.5/597935ff-e86d-4a23-a3d6-bd88ede49a3f,heart,UBERON:0000948,sc_bulk,http://purl.obolibrary.org/obo/CL_0000192,smooth muscle cell,2544.133779000001,0.009319244966002891
https://doi.org/10.1161/CIRCRESAHA.120.318458#TissueBlock19,http://purl.org/ccf/1.5/597935ff-e86d-4a23-a3d6-bd88ede49a3f,heart,UBERON:0000948,sc_bulk,http://purl.obolibrary.org/obo/CL_0000235,macrophage,2156.391336,0.007898931757688141
https://doi.org/10.1161/CIRCRESAHA.120.318458#TissueBlock19,http://purl.org/ccf/1.5/597935ff-e86d-4a23-a3d6-bd88ede49a3f,heart,UBERON:0000948,sc_bulk,http://purl.obolibrary.org/obo/CL_0000115,endothelial cell,1408.60698,0.005159773285428924
https://doi.org/10.1161/CIRCRESAHA.120.318458#TissueBlock19,http://purl.org/ccf/1.5/597935ff-e86d-4a23-a3d6-bd88ede49a3f,heart,UBERON:0000948,sc_bulk,http://purl.obolibrary.org/obo/CL_0002543,vein endothelial cell,1138.263819,0.004169497474055186
https://doi.org/10.1161/CIRCRESAHA.120.318458#TissueBlock19,http://purl.org/ccf/1.5/597935ff-e86d-4a23-a3d6-bd88ede49a3f,heart,UBERON:0000948,sc_bulk,https://purl.org/ccf/ASCTB-TEMP_mesothelial,Mesothelial,1128.00072,0.004131903407862278
https://doi.org/10.1161/CIRCRESAHA.120.318458#TissueBlock19,http://purl.org/ccf/1.5/597935ff-e86d-4a23-a3d6-bd88ede49a3f,heart,UBERON:0000948,sc_bulk,https://purl.org/ccf/ASCTB-TEMP_arterial-endothelial,Arterial Endothelial,1077.369117,0.00394643819558721
https://doi.org/10.1161/CIRCRESAHA.120.318458#TissueBlock19,http://purl.org/ccf/1.5/597935ff-e86d-4a23-a3d6-bd88ede49a3f,heart,UBERON:0000948,sc_bulk,https://purl.org/ccf/ASCTB-TEMP_venous-endothelial,Venous Endothelial,1006.736214,0.00368770756941092
https://doi.org/10.1161/CIRCRESAHA.120.318458#TissueBlock19,http://purl.org/ccf/1.5/597935ff-e86d-4a23-a3d6-bd88ede49a3f,heart,UBERON:0000948,sc_bulk,https://purl.org/ccf/ASCTB-TEMP_smooth-muscle,Smooth Muscle,978.2505150000002,0.003583363525398751
https://doi.org/10.1161/CIRCRESAHA.120.318458#TissueBlock19,http://purl.org/ccf/1.5/597935ff-e86d-4a23-a3d6-bd88ede49a3f,heart,UBERON:0000948,sc_bulk,https://purl.org/ccf/ASCTB-TEMP_endocardial,Endocardial,730.7084729999999,0.002676608956191571
https://doi.org/10.1161/CIRCRESAHA.120.318458#TissueBlock19,http://purl.org/ccf/1.5/597935ff-e86d-4a23-a3d6-bd88ede49a3f,heart,UBERON:0000948,sc_bulk,https://purl.org/ccf/ASCTB-TEMP_nk,NK,729.0208859999999,0.002670427269998708
https://doi.org/10.1161/CIRCRESAHA.120.318458#TissueBlock19,http://purl.org/ccf/1.5/597935ff-e86d-4a23-a3d6-bd88ede49a3f,heart,UBERON:0000948,sc_bulk,http://purl.obolibrary.org/obo/CL_0000623,natural killer cell,548.7351209999999,0.00201003463585876
https://doi.org/10.1161/CIRCRESAHA.120.318458#TissueBlock19,http://purl.org/ccf/1.5/597935ff-e86d-4a23-a3d6-bd88ede49a3f,heart,UBERON:0000948,sc_bulk,http://purl.obolibrary.org/obo/CL_0000934,"CD4-positive, alpha-beta cytotoxic T cell",511.246296,0.00187271184782521
https://doi.org/10.1161/CIRCRESAHA.120.318458#TissueBlock19,http://purl.org/ccf/1.5/597935ff-e86d-4a23-a3d6-bd88ede49a3f,heart,UBERON:0000948,sc_bulk,http://purl.obolibrary.org/obo/CL_0002319,neural cell,452.41779,0.001657221112658971
https://doi.org/10.1161/CIRCRESAHA.120.318458#TissueBlock19,http://purl.org/ccf/1.5/597935ff-e86d-4a23-a3d6-bd88ede49a3f,heart,UBERON:0000948,sc_bulk,http://purl.obolibrary.org/obo/CL_0002397,"CD14-positive, CD16-positive monocyte",411.978864,0.001509092008495199
https://doi.org/10.1161/CIRCRESAHA.120.318458#TissueBlock19,http://purl.org/ccf/1.5/597935ff-e86d-4a23-a3d6-bd88ede49a3f,heart,UBERON:0000948,sc_bulk,https://purl.org/ccf/ASCTB-TEMP_t,T,411.79083,0.001508403233823677
https://doi.org/10.1161/CIRCRESAHA.120.318458#TissueBlock19,http://purl.org/ccf/1.5/597935ff-e86d-4a23-a3d6-bd88ede49a3f,heart,UBERON:0000948,sc_bulk,http://purl.obolibrary.org/obo/CL_1000309,epicardial adipocyte,353.327865,0.001294251487256322
https://doi.org/10.1161/CIRCRESAHA.120.318458#TissueBlock19,http://purl.org/ccf/1.5/597935ff-e86d-4a23-a3d6-bd88ede49a3f,heart,UBERON:0000948,sc_bulk,http://purl.obolibrary.org/obo/CL_0000794,"CD8-positive, alpha-beta cytotoxic T cell",333.975246,0.001223362213003767
https://doi.org/10.1161/CIRCRESAHA.120.318458#TissueBlock19,http://purl.org/ccf/1.5/597935ff-e86d-4a23-a3d6-bd88ede49a3f,heart,UBERON:0000948,sc_bulk,http://purl.obolibrary.org/obo/CL_0000906,"activated CD8-positive, alpha-beta T cell",332.545389,0.001218124600202371
https://doi.org/10.1161/CIRCRESAHA.120.318458#TissueBlock19,http://purl.org/ccf/1.5/597935ff-e86d-4a23-a3d6-bd88ede49a3f,heart,UBERON:0000948,sc_bulk,https://purl.org/ccf/ASCTB-TEMP_adipocyte,Adipocyte,293.793324,0.001076174522869796
https://doi.org/10.1161/CIRCRESAHA.120.318458#TissueBlock19,http://purl.org/ccf/1.5/597935ff-e86d-4a23-a3d6-bd88ede49a3f,heart,UBERON:0000948,sc_bulk,http://purl.obolibrary.org/obo/CL_0000097,mast cell,292.789629,0.001072497955366404
https://doi.org/10.1161/CIRCRESAHA.120.318458#TissueBlock19,http://purl.org/ccf/1.5/597935ff-e86d-4a23-a3d6-bd88ede49a3f,heart,UBERON:0000948,sc_bulk,https://purl.org/ccf/ASCTB-TEMP_neuronal,Neuronal,236.491233,8.662750956065453E-4
https://doi.org/10.1161/CIRCRESAHA.120.318458#TissueBlock19,http://purl.org/ccf/1.5/597935ff-e86d-4a23-a3d6-bd88ede49a3f,heart,UBERON:0000948,sc_bulk,https://purl.org/ccf/ASCTB-TEMP_lymphatic-endothelial,Lymphatic Endothelial,233.02785,8.535886107783865E-4
https://doi.org/10.1161/CIRCRESAHA.120.318458#TissueBlock19,http://purl.org/ccf/1.5/597935ff-e86d-4a23-a3d6-bd88ede49a3f,heart,UBERON:0000948,sc_bulk,http://purl.obolibrary.org/obo/CL_0000814,mature NK T cell,230.154705,8.430641869847717E-4
https://doi.org/10.1161/CIRCRESAHA.120.318458#TissueBlock19,http://purl.org/ccf/1.5/597935ff-e86d-4a23-a3d6-bd88ede49a3f,heart,UBERON:0000948,sc_bulk,http://purl.obolibrary.org/obo/CL_0001054,CD14-positive monocyte,223.166592,8.174665012676682E-4
https://doi.org/10.1161/CIRCRESAHA.120.318458#TissueBlock19,http://purl.org/ccf/1.5/597935ff-e86d-4a23-a3d6-bd88ede49a3f,heart,UBERON:0000948,sc_bulk,https://purl.org/ccf/ASCTB-TEMP_mast,Mast,222.215895,8.139840671659022E-4
https://doi.org/10.1161/CIRCRESAHA.120.318458#TissueBlock19,http://purl.org/ccf/1.5/597935ff-e86d-4a23-a3d6-bd88ede49a3f,heart,UBERON:0000948,sc_bulk,http://purl.obolibrary.org/obo/CL_0000576,monocyte,215.600946,7.897532933451771E-4
https://doi.org/10.1161/CIRCRESAHA.120.318458#TissueBlock19,http://purl.org/ccf/1.5/597935ff-e86d-4a23-a3d6-bd88ede49a3f,heart,UBERON:0000948,sc_bulk,http://purl.obolibrary.org/obo/CL_0000896,"activated CD4-positive, alpha-beta T cell",168.76233,6.181819160946799E-4
https://doi.org/10.1161/CIRCRESAHA.120.318458#TissueBlock19,http://purl.org/ccf/1.5/597935ff-e86d-4a23-a3d6-bd88ede49a3f,heart,UBERON:0000948,sc_bulk,http://purl.obolibrary.org/obo/CL_0002138,endothelial cell of lymphatic vessel,135.495195,4.963233161495356E-4
https://doi.org/10.1161/CIRCRESAHA.120.318458#TissueBlock19,http://purl.org/ccf/1.5/597935ff-e86d-4a23-a3d6-bd88ede49a3f,heart,UBERON:0000948,sc_bulk,http://purl.obolibrary.org/obo/CL_0000236,B cell,116.728458,4.275801467615276E-4
https://doi.org/10.1161/CIRCRESAHA.120.318458#TissueBlock19,http://purl.org/ccf/1.5/597935ff-e86d-4a23-a3d6-bd88ede49a3f,heart,UBERON:0000948,sc_bulk,http://purl.obolibrary.org/obo/CL_0000451,dendritic cell,111.609795,4.088303173346469E-4
https://doi.org/10.1161/CIRCRESAHA.120.318458#TissueBlock19,http://purl.org/ccf/1.5/597935ff-e86d-4a23-a3d6-bd88ede49a3f,heart,UBERON:0000948,sc_bulk,https://purl.org/ccf/ASCTB-TEMP_atrial-cardiomyocyte,Atrial Cardiomyocyte,75.43140000000001,2.763076771084177E-4
https://doi.org/10.1161/CIRCRESAHA.120.318458#TissueBlock19,http://purl.org/ccf/1.5/597935ff-e86d-4a23-a3d6-bd88ede49a3f,heart,UBERON:0000948,sc_bulk,https://purl.org/ccf/ASCTB-TEMP_endothelial,Endothelial,14.58534,5.342657587207035E-5
https://doi.org/10.1161/CIRCRESAHA.120.318458#TissueBlock19,http://purl.org/ccf/1.5/597935ff-e86d-4a23-a3d6-bd88ede49a3f,heart,UBERON:0000948,sc_bulk,http://purl.obolibrary.org/obo/CL_0000077,mesothelial cell,12.38556,4.536871002376905E-5
https://doi.org/10.1161/CIRCRESAHA.120.318458#TissueBlock2,http://purl.org/ccf/1.5/521967fe-9c54-4b71-a9aa-398950ed47ae,heart,UBERON:0000948,sc_bulk,http://purl.obolibrary.org/obo/CL_0002131,regular ventricular cardiac myocyte,7172.91792,0.3242498245428997
https://doi.org/10.1161/CIRCRESAHA.120.318458#TissueBlock2,http://purl.org/ccf/1.5/521967fe-9c54-4b71-a9aa-398950ed47ae,heart,UBERON:0000948,sc_bulk,http://purl.obolibrary.org/obo/CL_0000669,pericyte,3068.219672,0.1386980447010432
https://doi.org/10.1161/CIRCRESAHA.120.318458#TissueBlock2,http://purl.org/ccf/1.5/521967fe-9c54-4b71-a9aa-398950ed47ae,heart,UBERON:0000948,sc_bulk,http://purl.obolibrary.org/obo/CL_0002144,capillary endothelial cell,2893.514680000001,0.1308005525458885
https://doi.org/10.1161/CIRCRESAHA.120.318458#TissueBlock2,http://purl.org/ccf/1.5/521967fe-9c54-4b71-a9aa-398950ed47ae,heart,UBERON:0000948,sc_bulk,http://purl.obolibrary.org/obo/CL_0000057,fibroblast,2061.08112,0.09317061745057349
https://doi.org/10.1161/CIRCRESAHA.120.318458#TissueBlock2,http://purl.org/ccf/1.5/521967fe-9c54-4b71-a9aa-398950ed47ae,heart,UBERON:0000948,sc_bulk,http://purl.obolibrary.org/obo/CL_0000003,native cell,1603.07616,0.0724666264700413
https://doi.org/10.1161/CIRCRESAHA.120.318458#TissueBlock2,http://purl.org/ccf/1.5/521967fe-9c54-4b71-a9aa-398950ed47ae,heart,UBERON:0000948,sc_bulk,http://purl.obolibrary.org/obo/CL_1000413,endothelial cell of artery,921.8577760000004,0.04167233271805067
https://doi.org/10.1161/CIRCRESAHA.120.318458#TissueBlock2,http://purl.org/ccf/1.5/521967fe-9c54-4b71-a9aa-398950ed47ae,heart,UBERON:0000948,sc_bulk,https://purl.org/ccf/ASCTB-TEMP_ventricular-cardiomycoyte,Ventricular Cardiomycoyte,907.7802720000001,0.04103596293759149
https://doi.org/10.1161/CIRCRESAHA.120.318458#TissueBlock2,http://purl.org/ccf/1.5/521967fe-9c54-4b71-a9aa-398950ed47ae,heart,UBERON:0000948,sc_bulk,http://purl.obolibrary.org/obo/CL_0000192,smooth muscle cell,596.534232,0.02696616944695688
https://doi.org/10.1161/CIRCRESAHA.120.318458#TissueBlock2,http://purl.org/ccf/1.5/521967fe-9c54-4b71-a9aa-398950ed47ae,heart,UBERON:0000948,sc_bulk,http://purl.obolibrary.org/obo/CL_0000235,macrophage,505.8442480000001,0.02286655312236378
https://doi.org/10.1161/CIRCRESAHA.120.318458#TissueBlock2,http://purl.org/ccf/1.5/521967fe-9c54-4b71-a9aa-398950ed47ae,heart,UBERON:0000948,sc_bulk,http://purl.obolibrary.org/obo/CL_0000115,endothelial cell,334.5034000000001,0.01512113619153242
https://doi.org/10.1161/CIRCRESAHA.120.318458#TissueBlock2,http://purl.org/ccf/1.5/521967fe-9c54-4b71-a9aa-398950ed47ae,heart,UBERON:0000948,sc_bulk,https://purl.org/ccf/ASCTB-TEMP_fibroblast,Fibroblast,264.806192,0.01197049265745305
https://doi.org/10.1161/CIRCRESAHA.120.318458#TissueBlock2,http://purl.org/ccf/1.5/521967fe-9c54-4b71-a9aa-398950ed47ae,heart,UBERON:0000948,sc_bulk,http://purl.obolibrary.org/obo/CL_0000623,natural killer cell,262.9210639999999,0.01188527595344804
https://doi.org/10.1161/CIRCRESAHA.120.318458#TissueBlock2,http://purl.org/ccf/1.5/521967fe-9c54-4b71-a9aa-398950ed47ae,heart,UBERON:0000948,sc_bulk,http://purl.obolibrary.org/obo/CL_0002397,"CD14-positive, CD16-positive monocyte",229.5987120000001,0.01037894799739682
https://doi.org/10.1161/CIRCRESAHA.120.318458#TissueBlock2,http://purl.org/ccf/1.5/521967fe-9c54-4b71-a9aa-398950ed47ae,heart,UBERON:0000948,sc_bulk,http://purl.obolibrary.org/obo/CL_0002543,vein endothelial cell,207.340952,0.009372791945534741
https://doi.org/10.1161/CIRCRESAHA.120.318458#TissueBlock2,http://purl.org/ccf/1.5/521967fe-9c54-4b71-a9aa-398950ed47ae,heart,UBERON:0000948,sc_bulk,http://purl.obolibrary.org/obo/CL_0001054,CD14-positive monocyte,126.179704,0.005703919567906477
https://doi.org/10.1161/CIRCRESAHA.120.318458#TissueBlock2,http://purl.org/ccf/1.5/521967fe-9c54-4b71-a9aa-398950ed47ae,heart,UBERON:0000948,sc_bulk,http://purl.obolibrary.org/obo/CL_0002319,neural cell,113.160992,0.005115412194916136
https://doi.org/10.1161/CIRCRESAHA.120.318458#TissueBlock2,http://purl.org/ccf/1.5/521967fe-9c54-4b71-a9aa-398950ed47ae,heart,UBERON:0000948,sc_bulk,http://purl.obolibrary.org/obo/CL_0000934,"CD4-positive, alpha-beta cytotoxic T cell",100.390416,0.004538121743039369
https://doi.org/10.1161/CIRCRESAHA.120.318458#TissueBlock2,http://purl.org/ccf/1.5/521967fe-9c54-4b71-a9aa-398950ed47ae,heart,UBERON:0000948,sc_bulk,http://purl.obolibrary.org/obo/CL_0000576,monocyte,78.27142400000002,0.003538238661278718
https://doi.org/10.1161/CIRCRESAHA.120.318458#TissueBlock2,http://purl.org/ccf/1.5/521967fe-9c54-4b71-a9aa-398950ed47ae,heart,UBERON:0000948,sc_bulk,http://purl.obolibrary.org/obo/CL_0000794,"CD8-positive, alpha-beta cytotoxic T cell",75.719504,0.003422879804328696
https://doi.org/10.1161/CIRCRESAHA.120.318458#TissueBlock2,http://purl.org/ccf/1.5/521967fe-9c54-4b71-a9aa-398950ed47ae,heart,UBERON:0000948,sc_bulk,http://purl.obolibrary.org/obo/CL_0000906,"activated CD8-positive, alpha-beta T cell",69.878312,0.003158830291669364
https://doi.org/10.1161/CIRCRESAHA.120.318458#TissueBlock2,http://purl.org/ccf/1.5/521967fe-9c54-4b71-a9aa-398950ed47ae,heart,UBERON:0000948,sc_bulk,http://purl.obolibrary.org/obo/CL_0000814,mature NK T cell,66.988096,0.003028178855065294
https://doi.org/10.1161/CIRCRESAHA.120.318458#TissueBlock2,http://purl.org/ccf/1.5/521967fe-9c54-4b71-a9aa-398950ed47ae,heart,UBERON:0000948,sc_bulk,http://purl.obolibrary.org/obo/CL_0000097,mast cell,61.02342400000001,0.002758547462230961
https://doi.org/10.1161/CIRCRESAHA.120.318458#TissueBlock2,http://purl.org/ccf/1.5/521967fe-9c54-4b71-a9aa-398950ed47ae,heart,UBERON:0000948,sc_bulk,http://purl.obolibrary.org/obo/CL_0000896,"activated CD4-positive, alpha-beta T cell",52.35395200000001,0.00236664631318232
https://doi.org/10.1161/CIRCRESAHA.120.318458#TissueBlock2,http://purl.org/ccf/1.5/521967fe-9c54-4b71-a9aa-398950ed47ae,heart,UBERON:0000948,sc_bulk,http://purl.obolibrary.org/obo/CL_0000236,B cell,47.034904,0.002126200179548707
https://doi.org/10.1161/CIRCRESAHA.120.318458#TissueBlock2,http://purl.org/ccf/1.5/521967fe-9c54-4b71-a9aa-398950ed47ae,heart,UBERON:0000948,sc_bulk,https://purl.org/ccf/ASCTB-TEMP_b,B,45.81304,0.002070966146197983
https://doi.org/10.1161/CIRCRESAHA.120.318458#TissueBlock2,http://purl.org/ccf/1.5/521967fe-9c54-4b71-a9aa-398950ed47ae,heart,UBERON:0000948,sc_bulk,http://purl.obolibrary.org/obo/CL_1000309,epicardial adipocyte,41.408528,0.001871861366368424
https://doi.org/10.1161/CIRCRESAHA.120.318458#TissueBlock2,http://purl.org/ccf/1.5/521967fe-9c54-4b71-a9aa-398950ed47ae,heart,UBERON:0000948,sc_bulk,http://purl.obolibrary.org/obo/CL_0002138,endothelial cell of lymphatic vessel,37.55242400000001,0.001697547222617679
https://doi.org/10.1161/CIRCRESAHA.120.318458#TissueBlock2,http://purl.org/ccf/1.5/521967fe-9c54-4b71-a9aa-398950ed47ae,heart,UBERON:0000948,sc_bulk,https://purl.org/ccf/ASCTB-TEMP_monocyte-cdc,Monocyte/cDC,36.536752,0.00165163404314648
https://doi.org/10.1161/CIRCRESAHA.120.318458#TissueBlock2,http://purl.org/ccf/1.5/521967fe-9c54-4b71-a9aa-398950ed47ae,heart,UBERON:0000948,sc_bulk,https://purl.org/ccf/ASCTB-TEMP_macrophage,Macrophage,23.781856,0.001075052401450665
https://doi.org/10.1161/CIRCRESAHA.120.318458#TissueBlock2,http://purl.org/ccf/1.5/521967fe-9c54-4b71-a9aa-398950ed47ae,heart,UBERON:0000948,sc_bulk,https://purl.org/ccf/ASCTB-TEMP_pericyte,Pericyte,22.05392,9.969415195096988E-4
https://doi.org/10.1161/CIRCRESAHA.120.318458#TissueBlock2,http://purl.org/ccf/1.5/521967fe-9c54-4b71-a9aa-398950ed47ae,heart,UBERON:0000948,sc_bulk,http://purl.obolibrary.org/obo/CL_0000451,dendritic cell,21.489048,9.714066327408848E-4
https://doi.org/10.1161/CIRCRESAHA.120.318458#TissueBlock2,http://purl.org/ccf/1.5/521967fe-9c54-4b71-a9aa-398950ed47ae,heart,UBERON:0000948,sc_bulk,https://purl.org/ccf/ASCTB-TEMP_capillary-endothelial,Capillary Endothelial,21.099008,9.537749794896913E-4
https://doi.org/10.1161/CIRCRESAHA.120.318458#TissueBlock2,http://purl.org/ccf/1.5/521967fe-9c54-4b71-a9aa-398950ed47ae,heart,UBERON:0000948,sc_bulk,https://purl.org/ccf/ASCTB-TEMP_venous-endothelial,Venous Endothelial,10.867808,4.912763364181815E-4
https://doi.org/10.1161/CIRCRESAHA.120.318458#TissueBlock2,http://purl.org/ccf/1.5/521967fe-9c54-4b71-a9aa-398950ed47ae,heart,UBERON:0000948,sc_bulk,https://purl.org/ccf/ASCTB-TEMP_nk,NK,7.252784000000001,3.278601491995814E-4
https://doi.org/10.1161/CIRCRESAHA.120.318458#TissueBlock2,http://purl.org/ccf/1.5/521967fe-9c54-4b71-a9aa-398950ed47ae,heart,UBERON:0000948,sc_bulk,https://purl.org/ccf/ASCTB-TEMP_arterial-endothelial,Arterial Endothelial,7.116368,3.216935006252946E-4
https://doi.org/10.1161/CIRCRESAHA.120.318458#TissueBlock2,http://purl.org/ccf/1.5/521967fe-9c54-4b71-a9aa-398950ed47ae,heart,UBERON:0000948,sc_bulk,https://purl.org/ccf/ASCTB-TEMP_mesothelial,Mesothelial,6.252400000000001,2.826380596548116E-4
https://doi.org/10.1161/CIRCRESAHA.120.318458#TissueBlock2,http://purl.org/ccf/1.5/521967fe-9c54-4b71-a9aa-398950ed47ae,heart,UBERON:0000948,sc_bulk,https://purl.org/ccf/ASCTB-TEMP_t,T,4.615408,2.0863827676337E-4
https://doi.org/10.1161/CIRCRESAHA.120.318458#TissueBlock2,http://purl.org/ccf/1.5/521967fe-9c54-4b71-a9aa-398950ed47ae,heart,UBERON:0000948,sc_bulk,https://purl.org/ccf/ASCTB-TEMP_smooth-muscle,Smooth Muscle,4.297104,1.942494300900341E-4
https://doi.org/10.1161/CIRCRESAHA.120.318458#TissueBlock2,http://purl.org/ccf/1.5/521967fe-9c54-4b71-a9aa-398950ed47ae,heart,UBERON:0000948,sc_bulk,https://purl.org/ccf/ASCTB-TEMP_lymphatic-endothelial,Lymphatic Endothelial,2.637376,1.192218724362114E-4
https://doi.org/10.1161/CIRCRESAHA.120.318458#TissueBlock2,http://purl.org/ccf/1.5/521967fe-9c54-4b71-a9aa-398950ed47ae,heart,UBERON:0000948,sc_bulk,https://purl.org/ccf/ASCTB-TEMP_mast,Mast,2.455488,1.109996743371624E-4
https://doi.org/10.1161/CIRCRESAHA.120.318458#TissueBlock2,http://purl.org/ccf/1.5/521967fe-9c54-4b71-a9aa-398950ed47ae,heart,UBERON:0000948,sc_bulk,https://purl.org/ccf/ASCTB-TEMP_endocardial,Endocardial,2.137184,9.661082766382648E-5
https://doi.org/10.1161/CIRCRESAHA.120.318458#TissueBlock2,http://purl.org/ccf/1.5/521967fe-9c54-4b71-a9aa-398950ed47ae,heart,UBERON:0000948,sc_bulk,https://purl.org/ccf/ASCTB-TEMP_neuronal,Neuronal,1.02312,4.624986430715099E-5
https://doi.org/10.1161/CIRCRESAHA.120.318458#TissueBlock2,http://purl.org/ccf/1.5/521967fe-9c54-4b71-a9aa-398950ed47ae,heart,UBERON:0000948,sc_bulk,https://purl.org/ccf/ASCTB-TEMP_atrial-cardiomyocyte,Atrial Cardiomyocyte,0.7730240000000002,3.494434192095852E-5
https://doi.org/10.1161/CIRCRESAHA.120.318458#TissueBlock2,http://purl.org/ccf/1.5/521967fe-9c54-4b71-a9aa-398950ed47ae,heart,UBERON:0000948,sc_bulk,https://purl.org/ccf/ASCTB-TEMP_adipocyte,Adipocyte,0.7502880000000001,3.391656715857738E-5
https://doi.org/10.1161/CIRCRESAHA.120.318458#TissueBlock2,http://purl.org/ccf/1.5/521967fe-9c54-4b71-a9aa-398950ed47ae,heart,UBERON:0000948,sc_bulk,http://purl.obolibrary.org/obo/CL_0000077,mesothelial cell,0.6456240000000001,2.918525920071941E-5
https://doi.org/10.1161/CIRCRESAHA.120.318458#TissueBlock2,http://purl.org/ccf/1.5/521967fe-9c54-4b71-a9aa-398950ed47ae,heart,UBERON:0000948,sc_bulk,https://purl.org/ccf/ASCTB-TEMP_endothelial,Endothelial,0.022736,1.027774762381133E-6
https://doi.org/10.1161/CIRCRESAHA.120.318458#TissueBlock20,http://purl.org/ccf/1.5/a4137bf0-6e8f-4dfd-b341-e3ac3ee51772,heart,UBERON:0000948,sc_bulk,https://purl.org/ccf/ASCTB-TEMP_fibroblast,Fibroblast,112699.22625,0.3330088912100684
https://doi.org/10.1161/CIRCRESAHA.120.318458#TissueBlock20,http://purl.org/ccf/1.5/a4137bf0-6e8f-4dfd-b341-e3ac3ee51772,heart,UBERON:0000948,sc_bulk,https://purl.org/ccf/ASCTB-TEMP_ventricular-cardiomycoyte,Ventricular Cardiomycoyte,88796.61270000001,0.2623803421049388
https://doi.org/10.1161/CIRCRESAHA.120.318458#TissueBlock20,http://purl.org/ccf/1.5/a4137bf0-6e8f-4dfd-b341-e3ac3ee51772,heart,UBERON:0000948,sc_bulk,http://purl.obolibrary.org/obo/CL_0002131,regular ventricular cardiac myocyte,32134.302,0.09495192322874965
https://doi.org/10.1161/CIRCRESAHA.120.318458#TissueBlock20,http://purl.org/ccf/1.5/a4137bf0-6e8f-4dfd-b341-e3ac3ee51772,heart,UBERON:0000948,sc_bulk,http://purl.obolibrary.org/obo/CL_0000669,pericyte,17078.67675,0.05046486472974057
https://doi.org/10.1161/CIRCRESAHA.120.318458#TissueBlock20,http://purl.org/ccf/1.5/a4137bf0-6e8f-4dfd-b341-e3ac3ee51772,heart,UBERON:0000948,sc_bulk,http://purl.obolibrary.org/obo/CL_0002144,capillary endothelial cell,13720.97565,0.04054337407242713
https://doi.org/10.1161/CIRCRESAHA.120.318458#TissueBlock20,http://purl.org/ccf/1.5/a4137bf0-6e8f-4dfd-b341-e3ac3ee51772,heart,UBERON:0000948,sc_bulk,https://purl.org/ccf/ASCTB-TEMP_b,B,13461.34635,0.03977620939707385
https://doi.org/10.1161/CIRCRESAHA.120.318458#TissueBlock20,http://purl.org/ccf/1.5/a4137bf0-6e8f-4dfd-b341-e3ac3ee51772,heart,UBERON:0000948,sc_bulk,http://purl.obolibrary.org/obo/CL_0000057,fibroblast,9956.47095,0.02941984130458711
https://doi.org/10.1161/CIRCRESAHA.120.318458#TissueBlock20,http://purl.org/ccf/1.5/a4137bf0-6e8f-4dfd-b341-e3ac3ee51772,heart,UBERON:0000948,sc_bulk,http://purl.obolibrary.org/obo/CL_0000003,native cell,7192.13535,0.02125165449692906
https://doi.org/10.1161/CIRCRESAHA.120.318458#TissueBlock20,http://purl.org/ccf/1.5/a4137bf0-6e8f-4dfd-b341-e3ac3ee51772,heart,UBERON:0000948,sc_bulk,http://purl.obolibrary.org/obo/CL_1000413,endothelial cell of artery,4865.51655,0.01437685355430502
https://doi.org/10.1161/CIRCRESAHA.120.318458#TissueBlock20,http://purl.org/ccf/1.5/a4137bf0-6e8f-4dfd-b341-e3ac3ee51772,heart,UBERON:0000948,sc_bulk,https://purl.org/ccf/ASCTB-TEMP_pericyte,Pericyte,4152.59415,0.01227027744156244
https://doi.org/10.1161/CIRCRESAHA.120.318458#TissueBlock20,http://purl.org/ccf/1.5/a4137bf0-6e8f-4dfd-b341-e3ac3ee51772,heart,UBERON:0000948,sc_bulk,https://purl.org/ccf/ASCTB-TEMP_monocyte-cdc,Monocyte/cDC,3833.30205,0.01132681836263967
https://doi.org/10.1161/CIRCRESAHA.120.318458#TissueBlock20,http://purl.org/ccf/1.5/a4137bf0-6e8f-4dfd-b341-e3ac3ee51772,heart,UBERON:0000948,sc_bulk,https://purl.org/ccf/ASCTB-TEMP_capillary-endothelial,Capillary Endothelial,3797.9379,0.01122232273501253
https://doi.org/10.1161/CIRCRESAHA.120.318458#TissueBlock20,http://purl.org/ccf/1.5/a4137bf0-6e8f-4dfd-b341-e3ac3ee51772,heart,UBERON:0000948,sc_bulk,https://purl.org/ccf/ASCTB-TEMP_macrophage,Macrophage,3387.894299999999,0.01001070692248795
https://doi.org/10.1161/CIRCRESAHA.120.318458#TissueBlock20,http://purl.org/ccf/1.5/a4137bf0-6e8f-4dfd-b341-e3ac3ee51772,heart,UBERON:0000948,sc_bulk,http://purl.obolibrary.org/obo/CL_0000192,smooth muscle cell,3153.884850000001,0.009319244966002895
https://doi.org/10.1161/CIRCRESAHA.120.318458#TissueBlock20,http://purl.org/ccf/1.5/a4137bf0-6e8f-4dfd-b341-e3ac3ee51772,heart,UBERON:0000948,sc_bulk,http://purl.obolibrary.org/obo/CL_0000235,macrophage,2673.212399999999,0.007898931757688141
https://doi.org/10.1161/CIRCRESAHA.120.318458#TissueBlock20,http://purl.org/ccf/1.5/a4137bf0-6e8f-4dfd-b341-e3ac3ee51772,heart,UBERON:0000948,sc_bulk,http://purl.obolibrary.org/obo/CL_0000115,endothelial cell,1746.207,0.005159773285428924
https://doi.org/10.1161/CIRCRESAHA.120.318458#TissueBlock20,http://purl.org/ccf/1.5/a4137bf0-6e8f-4dfd-b341-e3ac3ee51772,heart,UBERON:0000948,sc_bulk,http://purl.obolibrary.org/obo/CL_0002543,vein endothelial cell,1411.07085,0.004169497474055186
https://doi.org/10.1161/CIRCRESAHA.120.318458#TissueBlock20,http://purl.org/ccf/1.5/a4137bf0-6e8f-4dfd-b341-e3ac3ee51772,heart,UBERON:0000948,sc_bulk,https://purl.org/ccf/ASCTB-TEMP_mesothelial,Mesothelial,1398.348,0.004131903407862278
https://doi.org/10.1161/CIRCRESAHA.120.318458#TissueBlock20,http://purl.org/ccf/1.5/a4137bf0-6e8f-4dfd-b341-e3ac3ee51772,heart,UBERON:0000948,sc_bulk,https://purl.org/ccf/ASCTB-TEMP_arterial-endothelial,Arterial Endothelial,1335.58155,0.00394643819558721
https://doi.org/10.1161/CIRCRESAHA.120.318458#TissueBlock20,http://purl.org/ccf/1.5/a4137bf0-6e8f-4dfd-b341-e3ac3ee51772,heart,UBERON:0000948,sc_bulk,https://purl.org/ccf/ASCTB-TEMP_venous-endothelial,Venous Endothelial,1248.0201,0.00368770756941092
https://doi.org/10.1161/CIRCRESAHA.120.318458#TissueBlock20,http://purl.org/ccf/1.5/a4137bf0-6e8f-4dfd-b341-e3ac3ee51772,heart,UBERON:0000948,sc_bulk,https://purl.org/ccf/ASCTB-TEMP_smooth-muscle,Smooth Muscle,1212.70725,0.003583363525398751
https://doi.org/10.1161/CIRCRESAHA.120.318458#TissueBlock20,http://purl.org/ccf/1.5/a4137bf0-6e8f-4dfd-b341-e3ac3ee51772,heart,UBERON:0000948,sc_bulk,https://purl.org/ccf/ASCTB-TEMP_endocardial,Endocardial,905.8369499999999,0.002676608956191571
https://doi.org/10.1161/CIRCRESAHA.120.318458#TissueBlock20,http://purl.org/ccf/1.5/a4137bf0-6e8f-4dfd-b341-e3ac3ee51772,heart,UBERON:0000948,sc_bulk,https://purl.org/ccf/ASCTB-TEMP_nk,NK,903.7448999999999,0.002670427269998708
https://doi.org/10.1161/CIRCRESAHA.120.318458#TissueBlock20,http://purl.org/ccf/1.5/a4137bf0-6e8f-4dfd-b341-e3ac3ee51772,heart,UBERON:0000948,sc_bulk,http://purl.obolibrary.org/obo/CL_0000623,natural killer cell,680.25015,0.00201003463585876
https://doi.org/10.1161/CIRCRESAHA.120.318458#TissueBlock20,http://purl.org/ccf/1.5/a4137bf0-6e8f-4dfd-b341-e3ac3ee51772,heart,UBERON:0000948,sc_bulk,http://purl.obolibrary.org/obo/CL_0000934,"CD4-positive, alpha-beta cytotoxic T cell",633.7764000000001,0.00187271184782521
https://doi.org/10.1161/CIRCRESAHA.120.318458#TissueBlock20,http://purl.org/ccf/1.5/a4137bf0-6e8f-4dfd-b341-e3ac3ee51772,heart,UBERON:0000948,sc_bulk,http://purl.obolibrary.org/obo/CL_0002319,neural cell,560.8485,0.001657221112658971
https://doi.org/10.1161/CIRCRESAHA.120.318458#TissueBlock20,http://purl.org/ccf/1.5/a4137bf0-6e8f-4dfd-b341-e3ac3ee51772,heart,UBERON:0000948,sc_bulk,http://purl.obolibrary.org/obo/CL_0002397,"CD14-positive, CD16-positive monocyte",510.7176000000001,0.001509092008495199
https://doi.org/10.1161/CIRCRESAHA.120.318458#TissueBlock20,http://purl.org/ccf/1.5/a4137bf0-6e8f-4dfd-b341-e3ac3ee51772,heart,UBERON:0000948,sc_bulk,https://purl.org/ccf/ASCTB-TEMP_t,T,510.4845,0.001508403233823677
https://doi.org/10.1161/CIRCRESAHA.120.318458#TissueBlock20,http://purl.org/ccf/1.5/a4137bf0-6e8f-4dfd-b341-e3ac3ee51772,heart,UBERON:0000948,sc_bulk,http://purl.obolibrary.org/obo/CL_1000309,epicardial adipocyte,438.00975,0.001294251487256323
https://doi.org/10.1161/CIRCRESAHA.120.318458#TissueBlock20,http://purl.org/ccf/1.5/a4137bf0-6e8f-4dfd-b341-e3ac3ee51772,heart,UBERON:0000948,sc_bulk,http://purl.obolibrary.org/obo/CL_0000794,"CD8-positive, alpha-beta cytotoxic T cell",414.0189,0.001223362213003767
https://doi.org/10.1161/CIRCRESAHA.120.318458#TissueBlock20,http://purl.org/ccf/1.5/a4137bf0-6e8f-4dfd-b341-e3ac3ee51772,heart,UBERON:0000948,sc_bulk,http://purl.obolibrary.org/obo/CL_0000906,"activated CD8-positive, alpha-beta T cell",412.24635,0.001218124600202371
https://doi.org/10.1161/CIRCRESAHA.120.318458#TissueBlock20,http://purl.org/ccf/1.5/a4137bf0-6e8f-4dfd-b341-e3ac3ee51772,heart,UBERON:0000948,sc_bulk,https://purl.org/ccf/ASCTB-TEMP_adipocyte,Adipocyte,364.2066,0.001076174522869796
https://doi.org/10.1161/CIRCRESAHA.120.318458#TissueBlock20,http://purl.org/ccf/1.5/a4137bf0-6e8f-4dfd-b341-e3ac3ee51772,heart,UBERON:0000948,sc_bulk,http://purl.obolibrary.org/obo/CL_0000097,mast cell,362.9623500000001,0.001072497955366405
https://doi.org/10.1161/CIRCRESAHA.120.318458#TissueBlock20,http://purl.org/ccf/1.5/a4137bf0-6e8f-4dfd-b341-e3ac3ee51772,heart,UBERON:0000948,sc_bulk,https://purl.org/ccf/ASCTB-TEMP_neuronal,Neuronal,293.17095,8.662750956065454E-4
https://doi.org/10.1161/CIRCRESAHA.120.318458#TissueBlock20,http://purl.org/ccf/1.5/a4137bf0-6e8f-4dfd-b341-e3ac3ee51772,heart,UBERON:0000948,sc_bulk,https://purl.org/ccf/ASCTB-TEMP_lymphatic-endothelial,Lymphatic Endothelial,288.8775000000001,8.535886107783867E-4
https://doi.org/10.1161/CIRCRESAHA.120.318458#TissueBlock20,http://purl.org/ccf/1.5/a4137bf0-6e8f-4dfd-b341-e3ac3ee51772,heart,UBERON:0000948,sc_bulk,http://purl.obolibrary.org/obo/CL_0000814,mature NK T cell,285.31575,8.430641869847718E-4
https://doi.org/10.1161/CIRCRESAHA.120.318458#TissueBlock20,http://purl.org/ccf/1.5/a4137bf0-6e8f-4dfd-b341-e3ac3ee51772,heart,UBERON:0000948,sc_bulk,http://purl.obolibrary.org/obo/CL_0001054,CD14-positive monocyte,276.6528000000001,8.174665012676684E-4
https://doi.org/10.1161/CIRCRESAHA.120.318458#TissueBlock20,http://purl.org/ccf/1.5/a4137bf0-6e8f-4dfd-b341-e3ac3ee51772,heart,UBERON:0000948,sc_bulk,https://purl.org/ccf/ASCTB-TEMP_mast,Mast,275.47425,8.139840671659022E-4
https://doi.org/10.1161/CIRCRESAHA.120.318458#TissueBlock20,http://purl.org/ccf/1.5/a4137bf0-6e8f-4dfd-b341-e3ac3ee51772,heart,UBERON:0000948,sc_bulk,http://purl.obolibrary.org/obo/CL_0000576,monocyte,267.2739,7.897532933451772E-4
https://doi.org/10.1161/CIRCRESAHA.120.318458#TissueBlock20,http://purl.org/ccf/1.5/a4137bf0-6e8f-4dfd-b341-e3ac3ee51772,heart,UBERON:0000948,sc_bulk,http://purl.obolibrary.org/obo/CL_0000896,"activated CD4-positive, alpha-beta T cell",209.2095000000001,6.1818191609468E-4
https://doi.org/10.1161/CIRCRESAHA.120.318458#TissueBlock20,http://purl.org/ccf/1.5/a4137bf0-6e8f-4dfd-b341-e3ac3ee51772,heart,UBERON:0000948,sc_bulk,http://purl.obolibrary.org/obo/CL_0002138,endothelial cell of lymphatic vessel,167.96925,4.963233161495357E-4
https://doi.org/10.1161/CIRCRESAHA.120.318458#TissueBlock20,http://purl.org/ccf/1.5/a4137bf0-6e8f-4dfd-b341-e3ac3ee51772,heart,UBERON:0000948,sc_bulk,http://purl.obolibrary.org/obo/CL_0000236,B cell,144.7047,4.275801467615277E-4
https://doi.org/10.1161/CIRCRESAHA.120.318458#TissueBlock20,http://purl.org/ccf/1.5/a4137bf0-6e8f-4dfd-b341-e3ac3ee51772,heart,UBERON:0000948,sc_bulk,http://purl.obolibrary.org/obo/CL_0000451,dendritic cell,138.35925,4.08830317334647E-4
https://doi.org/10.1161/CIRCRESAHA.120.318458#TissueBlock20,http://purl.org/ccf/1.5/a4137bf0-6e8f-4dfd-b341-e3ac3ee51772,heart,UBERON:0000948,sc_bulk,https://purl.org/ccf/ASCTB-TEMP_atrial-cardiomyocyte,Atrial Cardiomyocyte,93.51000000000002,2.763076771084177E-4
https://doi.org/10.1161/CIRCRESAHA.120.318458#TissueBlock20,http://purl.org/ccf/1.5/a4137bf0-6e8f-4dfd-b341-e3ac3ee51772,heart,UBERON:0000948,sc_bulk,https://purl.org/ccf/ASCTB-TEMP_endothelial,Endothelial,18.081,5.342657587207036E-5
https://doi.org/10.1161/CIRCRESAHA.120.318458#TissueBlock20,http://purl.org/ccf/1.5/a4137bf0-6e8f-4dfd-b341-e3ac3ee51772,heart,UBERON:0000948,sc_bulk,http://purl.obolibrary.org/obo/CL_0000077,mesothelial cell,15.354,4.536871002376906E-5
https://doi.org/10.1161/CIRCRESAHA.120.318458#TissueBlock21,http://purl.org/ccf/1.5/9815616b-4e3f-4c2a-bf64-14dc26f484a4,heart,UBERON:0000948,sc_bulk,http://purl.obolibrary.org/obo/CL_0002131,regular ventricular cardiac myocyte,18298.26,0.3242498245428999
https://doi.org/10.1161/CIRCRESAHA.120.318458#TissueBlock21,http://purl.org/ccf/1.5/9815616b-4e3f-4c2a-bf64-14dc26f484a4,heart,UBERON:0000948,sc_bulk,http://purl.obolibrary.org/obo/CL_0000669,pericyte,7827.091,0.1386980447010432
https://doi.org/10.1161/CIRCRESAHA.120.318458#TissueBlock21,http://purl.org/ccf/1.5/9815616b-4e3f-4c2a-bf64-14dc26f484a4,heart,UBERON:0000948,sc_bulk,http://purl.obolibrary.org/obo/CL_0002144,capillary endothelial cell,7381.415000000002,0.1308005525458885
https://doi.org/10.1161/CIRCRESAHA.120.318458#TissueBlock21,http://purl.org/ccf/1.5/9815616b-4e3f-4c2a-bf64-14dc26f484a4,heart,UBERON:0000948,sc_bulk,http://purl.obolibrary.org/obo/CL_0000057,fibroblast,5257.86,0.09317061745057352
https://doi.org/10.1161/CIRCRESAHA.120.318458#TissueBlock21,http://purl.org/ccf/1.5/9815616b-4e3f-4c2a-bf64-14dc26f484a4,heart,UBERON:0000948,sc_bulk,http://purl.obolibrary.org/obo/CL_0000003,native cell,4089.48,0.07246662647004133
https://doi.org/10.1161/CIRCRESAHA.120.318458#TissueBlock21,http://purl.org/ccf/1.5/9815616b-4e3f-4c2a-bf64-14dc26f484a4,heart,UBERON:0000948,sc_bulk,http://purl.obolibrary.org/obo/CL_1000413,endothelial cell of artery,2351.678000000001,0.04167233271805067
https://doi.org/10.1161/CIRCRESAHA.120.318458#TissueBlock21,http://purl.org/ccf/1.5/9815616b-4e3f-4c2a-bf64-14dc26f484a4,heart,UBERON:0000948,sc_bulk,https://purl.org/ccf/ASCTB-TEMP_ventricular-cardiomycoyte,Ventricular Cardiomycoyte,2315.766,0.04103596293759151
https://doi.org/10.1161/CIRCRESAHA.120.318458#TissueBlock21,http://purl.org/ccf/1.5/9815616b-4e3f-4c2a-bf64-14dc26f484a4,heart,UBERON:0000948,sc_bulk,http://purl.obolibrary.org/obo/CL_0000192,smooth muscle cell,1521.771,0.02696616944695689
https://doi.org/10.1161/CIRCRESAHA.120.318458#TissueBlock21,http://purl.org/ccf/1.5/9815616b-4e3f-4c2a-bf64-14dc26f484a4,heart,UBERON:0000948,sc_bulk,http://purl.obolibrary.org/obo/CL_0000235,macrophage,1290.419,0.02286655312236378
https://doi.org/10.1161/CIRCRESAHA.120.318458#TissueBlock21,http://purl.org/ccf/1.5/9815616b-4e3f-4c2a-bf64-14dc26f484a4,heart,UBERON:0000948,sc_bulk,http://purl.obolibrary.org/obo/CL_0000115,endothelial cell,853.3250000000002,0.01512113619153242
https://doi.org/10.1161/CIRCRESAHA.120.318458#TissueBlock21,http://purl.org/ccf/1.5/9815616b-4e3f-4c2a-bf64-14dc26f484a4,heart,UBERON:0000948,sc_bulk,https://purl.org/ccf/ASCTB-TEMP_fibroblast,Fibroblast,675.5260000000001,0.01197049265745306
https://doi.org/10.1161/CIRCRESAHA.120.318458#TissueBlock21,http://purl.org/ccf/1.5/9815616b-4e3f-4c2a-bf64-14dc26f484a4,heart,UBERON:0000948,sc_bulk,http://purl.obolibrary.org/obo/CL_0000623,natural killer cell,670.7169999999999,0.01188527595344804
https://doi.org/10.1161/CIRCRESAHA.120.318458#TissueBlock21,http://purl.org/ccf/1.5/9815616b-4e3f-4c2a-bf64-14dc26f484a4,heart,UBERON:0000948,sc_bulk,http://purl.obolibrary.org/obo/CL_0002397,"CD14-positive, CD16-positive monocyte",585.7110000000001,0.01037894799739683
https://doi.org/10.1161/CIRCRESAHA.120.318458#TissueBlock21,http://purl.org/ccf/1.5/9815616b-4e3f-4c2a-bf64-14dc26f484a4,heart,UBERON:0000948,sc_bulk,http://purl.obolibrary.org/obo/CL_0002543,vein endothelial cell,528.931,0.009372791945534744
https://doi.org/10.1161/CIRCRESAHA.120.318458#TissueBlock21,http://purl.org/ccf/1.5/9815616b-4e3f-4c2a-bf64-14dc26f484a4,heart,UBERON:0000948,sc_bulk,http://purl.obolibrary.org/obo/CL_0001054,CD14-positive monocyte,321.887,0.00570391956790648
https://doi.org/10.1161/CIRCRESAHA.120.318458#TissueBlock21,http://purl.org/ccf/1.5/9815616b-4e3f-4c2a-bf64-14dc26f484a4,heart,UBERON:0000948,sc_bulk,http://purl.obolibrary.org/obo/CL_0002319,neural cell,288.676,0.005115412194916138
https://doi.org/10.1161/CIRCRESAHA.120.318458#TissueBlock21,http://purl.org/ccf/1.5/9815616b-4e3f-4c2a-bf64-14dc26f484a4,heart,UBERON:0000948,sc_bulk,http://purl.obolibrary.org/obo/CL_0000934,"CD4-positive, alpha-beta cytotoxic T cell",256.098,0.00453812174303937
https://doi.org/10.1161/CIRCRESAHA.120.318458#TissueBlock21,http://purl.org/ccf/1.5/9815616b-4e3f-4c2a-bf64-14dc26f484a4,heart,UBERON:0000948,sc_bulk,http://purl.obolibrary.org/obo/CL_0000576,monocyte,199.6720000000001,0.003538238661278718
https://doi.org/10.1161/CIRCRESAHA.120.318458#TissueBlock21,http://purl.org/ccf/1.5/9815616b-4e3f-4c2a-bf64-14dc26f484a4,heart,UBERON:0000948,sc_bulk,http://purl.obolibrary.org/obo/CL_0000794,"CD8-positive, alpha-beta cytotoxic T cell",193.162,0.003422879804328697
https://doi.org/10.1161/CIRCRESAHA.120.318458#TissueBlock21,http://purl.org/ccf/1.5/9815616b-4e3f-4c2a-bf64-14dc26f484a4,heart,UBERON:0000948,sc_bulk,http://purl.obolibrary.org/obo/CL_0000906,"activated CD8-positive, alpha-beta T cell",178.261,0.003158830291669365
https://doi.org/10.1161/CIRCRESAHA.120.318458#TissueBlock21,http://purl.org/ccf/1.5/9815616b-4e3f-4c2a-bf64-14dc26f484a4,heart,UBERON:0000948,sc_bulk,http://purl.obolibrary.org/obo/CL_0000814,mature NK T cell,170.888,0.003028178855065294
https://doi.org/10.1161/CIRCRESAHA.120.318458#TissueBlock21,http://purl.org/ccf/1.5/9815616b-4e3f-4c2a-bf64-14dc26f484a4,heart,UBERON:0000948,sc_bulk,http://purl.obolibrary.org/obo/CL_0000097,mast cell,155.672,0.002758547462230962
https://doi.org/10.1161/CIRCRESAHA.120.318458#TissueBlock21,http://purl.org/ccf/1.5/9815616b-4e3f-4c2a-bf64-14dc26f484a4,heart,UBERON:0000948,sc_bulk,http://purl.obolibrary.org/obo/CL_0000896,"activated CD4-positive, alpha-beta T cell",133.556,0.002366646313182321
https://doi.org/10.1161/CIRCRESAHA.120.318458#TissueBlock21,http://purl.org/ccf/1.5/9815616b-4e3f-4c2a-bf64-14dc26f484a4,heart,UBERON:0000948,sc_bulk,http://purl.obolibrary.org/obo/CL_0000236,B cell,119.987,0.002126200179548707
https://doi.org/10.1161/CIRCRESAHA.120.318458#TissueBlock21,http://purl.org/ccf/1.5/9815616b-4e3f-4c2a-bf64-14dc26f484a4,heart,UBERON:0000948,sc_bulk,https://purl.org/ccf/ASCTB-TEMP_b,B,116.87,0.002070966146197983
https://doi.org/10.1161/CIRCRESAHA.120.318458#TissueBlock21,http://purl.org/ccf/1.5/9815616b-4e3f-4c2a-bf64-14dc26f484a4,heart,UBERON:0000948,sc_bulk,http://purl.obolibrary.org/obo/CL_1000309,epicardial adipocyte,105.634,0.001871861366368425
https://doi.org/10.1161/CIRCRESAHA.120.318458#TissueBlock21,http://purl.org/ccf/1.5/9815616b-4e3f-4c2a-bf64-14dc26f484a4,heart,UBERON:0000948,sc_bulk,http://purl.obolibrary.org/obo/CL_0002138,endothelial cell of lymphatic vessel,95.79700000000001,0.00169754722261768
https://doi.org/10.1161/CIRCRESAHA.120.318458#TissueBlock21,http://purl.org/ccf/1.5/9815616b-4e3f-4c2a-bf64-14dc26f484a4,heart,UBERON:0000948,sc_bulk,https://purl.org/ccf/ASCTB-TEMP_monocyte-cdc,Monocyte/cDC,93.206,0.001651634043146481
https://doi.org/10.1161/CIRCRESAHA.120.318458#TissueBlock21,http://purl.org/ccf/1.5/9815616b-4e3f-4c2a-bf64-14dc26f484a4,heart,UBERON:0000948,sc_bulk,https://purl.org/ccf/ASCTB-TEMP_macrophage,Macrophage,60.66800000000001,0.001075052401450665
https://doi.org/10.1161/CIRCRESAHA.120.318458#TissueBlock21,http://purl.org/ccf/1.5/9815616b-4e3f-4c2a-bf64-14dc26f484a4,heart,UBERON:0000948,sc_bulk,https://purl.org/ccf/ASCTB-TEMP_pericyte,Pericyte,56.26000000000001,9.969415195096993E-4
https://doi.org/10.1161/CIRCRESAHA.120.318458#TissueBlock21,http://purl.org/ccf/1.5/9815616b-4e3f-4c2a-bf64-14dc26f484a4,heart,UBERON:0000948,sc_bulk,http://purl.obolibrary.org/obo/CL_0000451,dendritic cell,54.819,9.714066327408851E-4
https://doi.org/10.1161/CIRCRESAHA.120.318458#TissueBlock21,http://purl.org/ccf/1.5/9815616b-4e3f-4c2a-bf64-14dc26f484a4,heart,UBERON:0000948,sc_bulk,https://purl.org/ccf/ASCTB-TEMP_capillary-endothelial,Capillary Endothelial,53.82400000000001,9.537749794896916E-4
https://doi.org/10.1161/CIRCRESAHA.120.318458#TissueBlock21,http://purl.org/ccf/1.5/9815616b-4e3f-4c2a-bf64-14dc26f484a4,heart,UBERON:0000948,sc_bulk,https://purl.org/ccf/ASCTB-TEMP_venous-endothelial,Venous Endothelial,27.724,4.912763364181816E-4
https://doi.org/10.1161/CIRCRESAHA.120.318458#TissueBlock21,http://purl.org/ccf/1.5/9815616b-4e3f-4c2a-bf64-14dc26f484a4,heart,UBERON:0000948,sc_bulk,https://purl.org/ccf/ASCTB-TEMP_nk,NK,18.502,3.278601491995815E-4
https://doi.org/10.1161/CIRCRESAHA.120.318458#TissueBlock21,http://purl.org/ccf/1.5/9815616b-4e3f-4c2a-bf64-14dc26f484a4,heart,UBERON:0000948,sc_bulk,https://purl.org/ccf/ASCTB-TEMP_arterial-endothelial,Arterial Endothelial,18.154,3.216935006252946E-4
https://doi.org/10.1161/CIRCRESAHA.120.318458#TissueBlock21,http://purl.org/ccf/1.5/9815616b-4e3f-4c2a-bf64-14dc26f484a4,heart,UBERON:0000948,sc_bulk,https://purl.org/ccf/ASCTB-TEMP_mesothelial,Mesothelial,15.95,2.826380596548116E-4
https://doi.org/10.1161/CIRCRESAHA.120.318458#TissueBlock21,http://purl.org/ccf/1.5/9815616b-4e3f-4c2a-bf64-14dc26f484a4,heart,UBERON:0000948,sc_bulk,https://purl.org/ccf/ASCTB-TEMP_t,T,11.774,2.0863827676337E-4
https://doi.org/10.1161/CIRCRESAHA.120.318458#TissueBlock21,http://purl.org/ccf/1.5/9815616b-4e3f-4c2a-bf64-14dc26f484a4,heart,UBERON:0000948,sc_bulk,https://purl.org/ccf/ASCTB-TEMP_smooth-muscle,Smooth Muscle,10.962,1.942494300900342E-4
https://doi.org/10.1161/CIRCRESAHA.120.318458#TissueBlock21,http://purl.org/ccf/1.5/9815616b-4e3f-4c2a-bf64-14dc26f484a4,heart,UBERON:0000948,sc_bulk,https://purl.org/ccf/ASCTB-TEMP_lymphatic-endothelial,Lymphatic Endothelial,6.728000000000001,1.192218724362115E-4
https://doi.org/10.1161/CIRCRESAHA.120.318458#TissueBlock21,http://purl.org/ccf/1.5/9815616b-4e3f-4c2a-bf64-14dc26f484a4,heart,UBERON:0000948,sc_bulk,https://purl.org/ccf/ASCTB-TEMP_mast,Mast,6.264,1.109996743371624E-4
https://doi.org/10.1161/CIRCRESAHA.120.318458#TissueBlock21,http://purl.org/ccf/1.5/9815616b-4e3f-4c2a-bf64-14dc26f484a4,heart,UBERON:0000948,sc_bulk,https://purl.org/ccf/ASCTB-TEMP_endocardial,Endocardial,5.452,9.661082766382651E-5
https://doi.org/10.1161/CIRCRESAHA.120.318458#TissueBlock21,http://purl.org/ccf/1.5/9815616b-4e3f-4c2a-bf64-14dc26f484a4,heart,UBERON:0000948,sc_bulk,https://purl.org/ccf/ASCTB-TEMP_neuronal,Neuronal,2.61,4.6249864307151E-5
https://doi.org/10.1161/CIRCRESAHA.120.318458#TissueBlock21,http://purl.org/ccf/1.5/9815616b-4e3f-4c2a-bf64-14dc26f484a4,heart,UBERON:0000948,sc_bulk,https://purl.org/ccf/ASCTB-TEMP_atrial-cardiomyocyte,Atrial Cardiomyocyte,1.972,3.494434192095853E-5
https://doi.org/10.1161/CIRCRESAHA.120.318458#TissueBlock21,http://purl.org/ccf/1.5/9815616b-4e3f-4c2a-bf64-14dc26f484a4,heart,UBERON:0000948,sc_bulk,https://purl.org/ccf/ASCTB-TEMP_adipocyte,Adipocyte,1.914,3.39165671585774E-5
https://doi.org/10.1161/CIRCRESAHA.120.318458#TissueBlock21,http://purl.org/ccf/1.5/9815616b-4e3f-4c2a-bf64-14dc26f484a4,heart,UBERON:0000948,sc_bulk,http://purl.obolibrary.org/obo/CL_0000077,mesothelial cell,1.647,2.918525920071942E-5
https://doi.org/10.1161/CIRCRESAHA.120.318458#TissueBlock21,http://purl.org/ccf/1.5/9815616b-4e3f-4c2a-bf64-14dc26f484a4,heart,UBERON:0000948,sc_bulk,https://purl.org/ccf/ASCTB-TEMP_endothelial,Endothelial,0.058,1.027774762381133E-6
https://doi.org/10.1161/CIRCRESAHA.120.318458#TissueBlock22,http://purl.org/ccf/1.5/3c25705a-5769-425a-a481-d1f6d5a95cab,heart,UBERON:0000948,sc_bulk,https://purl.org/ccf/ASCTB-TEMP_fibroblast,Fibroblast,170801.93845,0.3330088912100683
https://doi.org/10.1161/CIRCRESAHA.120.318458#TissueBlock22,http://purl.org/ccf/1.5/3c25705a-5769-425a-a481-d1f6d5a95cab,heart,UBERON:0000948,sc_bulk,https://purl.org/ccf/ASCTB-TEMP_ventricular-cardiomycoyte,Ventricular Cardiomycoyte,134576.199692,0.2623803421049387
https://doi.org/10.1161/CIRCRESAHA.120.318458#TissueBlock22,http://purl.org/ccf/1.5/3c25705a-5769-425a-a481-d1f6d5a95cab,heart,UBERON:0000948,sc_bulk,http://purl.obolibrary.org/obo/CL_0002131,regular ventricular cardiac myocyte,48701.31992,0.09495192322874961
https://doi.org/10.1161/CIRCRESAHA.120.318458#TissueBlock22,http://purl.org/ccf/1.5/3c25705a-5769-425a-a481-d1f6d5a95cab,heart,UBERON:0000948,sc_bulk,http://purl.obolibrary.org/obo/CL_0000669,pericyte,25883.68343,0.05046486472974055
https://doi.org/10.1161/CIRCRESAHA.120.318458#TissueBlock22,http://purl.org/ccf/1.5/3c25705a-5769-425a-a481-d1f6d5a95cab,heart,UBERON:0000948,sc_bulk,http://purl.obolibrary.org/obo/CL_0002144,capillary endothelial cell,20794.900874,0.04054337407242712
https://doi.org/10.1161/CIRCRESAHA.120.318458#TissueBlock22,http://purl.org/ccf/1.5/3c25705a-5769-425a-a481-d1f6d5a95cab,heart,UBERON:0000948,sc_bulk,https://purl.org/ccf/ASCTB-TEMP_b,B,20401.418246,0.03977620939707384
https://doi.org/10.1161/CIRCRESAHA.120.318458#TissueBlock22,http://purl.org/ccf/1.5/3c25705a-5769-425a-a481-d1f6d5a95cab,heart,UBERON:0000948,sc_bulk,http://purl.obolibrary.org/obo/CL_0000057,fibroblast,15089.584862,0.0294198413045871
https://doi.org/10.1161/CIRCRESAHA.120.318458#TissueBlock22,http://purl.org/ccf/1.5/3c25705a-5769-425a-a481-d1f6d5a95cab,heart,UBERON:0000948,sc_bulk,http://purl.obolibrary.org/obo/CL_0000003,native cell,10900.080686,0.02125165449692905
https://doi.org/10.1161/CIRCRESAHA.120.318458#TissueBlock22,http://purl.org/ccf/1.5/3c25705a-5769-425a-a481-d1f6d5a95cab,heart,UBERON:0000948,sc_bulk,http://purl.obolibrary.org/obo/CL_1000413,endothelial cell of artery,7373.960638,0.01437685355430501
https://doi.org/10.1161/CIRCRESAHA.120.318458#TissueBlock22,http://purl.org/ccf/1.5/3c25705a-5769-425a-a481-d1f6d5a95cab,heart,UBERON:0000948,sc_bulk,https://purl.org/ccf/ASCTB-TEMP_pericyte,Pericyte,6293.487134,0.01227027744156244
https://doi.org/10.1161/CIRCRESAHA.120.318458#TissueBlock22,http://purl.org/ccf/1.5/3c25705a-5769-425a-a481-d1f6d5a95cab,heart,UBERON:0000948,sc_bulk,https://purl.org/ccf/ASCTB-TEMP_monocyte-cdc,Monocyte/cDC,5809.582218,0.01132681836263967
https://doi.org/10.1161/CIRCRESAHA.120.318458#TissueBlock22,http://purl.org/ccf/1.5/3c25705a-5769-425a-a481-d1f6d5a95cab,heart,UBERON:0000948,sc_bulk,https://purl.org/ccf/ASCTB-TEMP_capillary-endothelial,Capillary Endothelial,5755.985884,0.01122232273501253
https://doi.org/10.1161/CIRCRESAHA.120.318458#TissueBlock22,http://purl.org/ccf/1.5/3c25705a-5769-425a-a481-d1f6d5a95cab,heart,UBERON:0000948,sc_bulk,https://purl.org/ccf/ASCTB-TEMP_macrophage,Macrophage,5134.542028,0.01001070692248795
https://doi.org/10.1161/CIRCRESAHA.120.318458#TissueBlock22,http://purl.org/ccf/1.5/3c25705a-5769-425a-a481-d1f6d5a95cab,heart,UBERON:0000948,sc_bulk,http://purl.obolibrary.org/obo/CL_0000192,smooth muscle cell,4779.887706000002,0.00931924496600289
https://doi.org/10.1161/CIRCRESAHA.120.318458#TissueBlock22,http://purl.org/ccf/1.5/3c25705a-5769-425a-a481-d1f6d5a95cab,heart,UBERON:0000948,sc_bulk,http://purl.obolibrary.org/obo/CL_0000235,macrophage,4051.401903999999,0.007898931757688138
https://doi.org/10.1161/CIRCRESAHA.120.318458#TissueBlock22,http://purl.org/ccf/1.5/3c25705a-5769-425a-a481-d1f6d5a95cab,heart,UBERON:0000948,sc_bulk,http://purl.obolibrary.org/obo/CL_0000115,endothelial cell,2646.47372,0.005159773285428922
https://doi.org/10.1161/CIRCRESAHA.120.318458#TissueBlock22,http://purl.org/ccf/1.5/3c25705a-5769-425a-a481-d1f6d5a95cab,heart,UBERON:0000948,sc_bulk,http://purl.obolibrary.org/obo/CL_0002543,vein endothelial cell,2138.556266000001,0.004169497474055185
https://doi.org/10.1161/CIRCRESAHA.120.318458#TissueBlock22,http://purl.org/ccf/1.5/3c25705a-5769-425a-a481-d1f6d5a95cab,heart,UBERON:0000948,sc_bulk,https://purl.org/ccf/ASCTB-TEMP_mesothelial,Mesothelial,2119.27408,0.004131903407862276
https://doi.org/10.1161/CIRCRESAHA.120.318458#TissueBlock22,http://purl.org/ccf/1.5/3c25705a-5769-425a-a481-d1f6d5a95cab,heart,UBERON:0000948,sc_bulk,https://purl.org/ccf/ASCTB-TEMP_arterial-endothelial,Arterial Endothelial,2024.148038,0.003946438195587209
https://doi.org/10.1161/CIRCRESAHA.120.318458#TissueBlock22,http://purl.org/ccf/1.5/3c25705a-5769-425a-a481-d1f6d5a95cab,heart,UBERON:0000948,sc_bulk,https://purl.org/ccf/ASCTB-TEMP_venous-endothelial,Venous Endothelial,1891.443796,0.003687707569410919
https://doi.org/10.1161/CIRCRESAHA.120.318458#TissueBlock22,http://purl.org/ccf/1.5/3c25705a-5769-425a-a481-d1f6d5a95cab,heart,UBERON:0000948,sc_bulk,https://purl.org/ccf/ASCTB-TEMP_smooth-muscle,Smooth Muscle,1837.925210000001,0.00358336352539875
https://doi.org/10.1161/CIRCRESAHA.120.318458#TissueBlock22,http://purl.org/ccf/1.5/3c25705a-5769-425a-a481-d1f6d5a95cab,heart,UBERON:0000948,sc_bulk,https://purl.org/ccf/ASCTB-TEMP_endocardial,Endocardial,1372.846222,0.00267660895619157
https://doi.org/10.1161/CIRCRESAHA.120.318458#TissueBlock22,http://purl.org/ccf/1.5/3c25705a-5769-425a-a481-d1f6d5a95cab,heart,UBERON:0000948,sc_bulk,https://purl.org/ccf/ASCTB-TEMP_nk,NK,1369.675604,0.002670427269998707
https://doi.org/10.1161/CIRCRESAHA.120.318458#TissueBlock22,http://purl.org/ccf/1.5/3c25705a-5769-425a-a481-d1f6d5a95cab,heart,UBERON:0000948,sc_bulk,http://purl.obolibrary.org/obo/CL_0000623,natural killer cell,1030.956894,0.002010034635858759
https://doi.org/10.1161/CIRCRESAHA.120.318458#TissueBlock22,http://purl.org/ccf/1.5/3c25705a-5769-425a-a481-d1f6d5a95cab,heart,UBERON:0000948,sc_bulk,http://purl.obolibrary.org/obo/CL_0000934,"CD4-positive, alpha-beta cytotoxic T cell",960.5233440000001,0.001872711847825209
https://doi.org/10.1161/CIRCRESAHA.120.318458#TissueBlock22,http://purl.org/ccf/1.5/3c25705a-5769-425a-a481-d1f6d5a95cab,heart,UBERON:0000948,sc_bulk,http://purl.obolibrary.org/obo/CL_0002319,neural cell,849.99706,0.00165722111265897
https://doi.org/10.1161/CIRCRESAHA.120.318458#TissueBlock22,http://purl.org/ccf/1.5/3c25705a-5769-425a-a481-d1f6d5a95cab,heart,UBERON:0000948,sc_bulk,http://purl.obolibrary.org/obo/CL_0002397,"CD14-positive, CD16-positive monocyte",774.0208960000001,0.001509092008495198
https://doi.org/10.1161/CIRCRESAHA.120.318458#TissueBlock22,http://purl.org/ccf/1.5/3c25705a-5769-425a-a481-d1f6d5a95cab,heart,UBERON:0000948,sc_bulk,https://purl.org/ccf/ASCTB-TEMP_t,T,773.6676200000002,0.001508403233823677
https://doi.org/10.1161/CIRCRESAHA.120.318458#TissueBlock22,http://purl.org/ccf/1.5/3c25705a-5769-425a-a481-d1f6d5a95cab,heart,UBERON:0000948,sc_bulk,http://purl.obolibrary.org/obo/CL_1000309,epicardial adipocyte,663.82811,0.001294251487256322
https://doi.org/10.1161/CIRCRESAHA.120.318458#TissueBlock22,http://purl.org/ccf/1.5/3c25705a-5769-425a-a481-d1f6d5a95cab,heart,UBERON:0000948,sc_bulk,http://purl.obolibrary.org/obo/CL_0000794,"CD8-positive, alpha-beta cytotoxic T cell",627.468644,0.001223362213003767
https://doi.org/10.1161/CIRCRESAHA.120.318458#TissueBlock22,http://purl.org/ccf/1.5/3c25705a-5769-425a-a481-d1f6d5a95cab,heart,UBERON:0000948,sc_bulk,http://purl.obolibrary.org/obo/CL_0000906,"activated CD8-positive, alpha-beta T cell",624.782246,0.001218124600202371
https://doi.org/10.1161/CIRCRESAHA.120.318458#TissueBlock22,http://purl.org/ccf/1.5/3c25705a-5769-425a-a481-d1f6d5a95cab,heart,UBERON:0000948,sc_bulk,https://purl.org/ccf/ASCTB-TEMP_adipocyte,Adipocyte,551.975336,0.001076174522869795
https://doi.org/10.1161/CIRCRESAHA.120.318458#TissueBlock22,http://purl.org/ccf/1.5/3c25705a-5769-425a-a481-d1f6d5a95cab,heart,UBERON:0000948,sc_bulk,http://purl.obolibrary.org/obo/CL_0000097,mast cell,550.0896060000002,0.001072497955366404
https://doi.org/10.1161/CIRCRESAHA.120.318458#TissueBlock22,http://purl.org/ccf/1.5/3c25705a-5769-425a-a481-d1f6d5a95cab,heart,UBERON:0000948,sc_bulk,https://purl.org/ccf/ASCTB-TEMP_neuronal,Neuronal,444.316862,8.66275095606545E-4
https://doi.org/10.1161/CIRCRESAHA.120.318458#TissueBlock22,http://purl.org/ccf/1.5/3c25705a-5769-425a-a481-d1f6d5a95cab,heart,UBERON:0000948,sc_bulk,https://purl.org/ccf/ASCTB-TEMP_lymphatic-endothelial,Lymphatic Endothelial,437.8099000000001,8.535886107783863E-4
https://doi.org/10.1161/CIRCRESAHA.120.318458#TissueBlock22,http://purl.org/ccf/1.5/3c25705a-5769-425a-a481-d1f6d5a95cab,heart,UBERON:0000948,sc_bulk,http://purl.obolibrary.org/obo/CL_0000814,mature NK T cell,432.41187,8.430641869847716E-4
https://doi.org/10.1161/CIRCRESAHA.120.318458#TissueBlock22,http://purl.org/ccf/1.5/3c25705a-5769-425a-a481-d1f6d5a95cab,heart,UBERON:0000948,sc_bulk,http://purl.obolibrary.org/obo/CL_0001054,CD14-positive monocyte,419.2826880000001,8.17466501267668E-4
https://doi.org/10.1161/CIRCRESAHA.120.318458#TissueBlock22,http://purl.org/ccf/1.5/3c25705a-5769-425a-a481-d1f6d5a95cab,heart,UBERON:0000948,sc_bulk,https://purl.org/ccf/ASCTB-TEMP_mast,Mast,417.49653,8.13984067165902E-4
https://doi.org/10.1161/CIRCRESAHA.120.318458#TissueBlock22,http://purl.org/ccf/1.5/3c25705a-5769-425a-a481-d1f6d5a95cab,heart,UBERON:0000948,sc_bulk,http://purl.obolibrary.org/obo/CL_0000576,monocyte,405.0684440000001,7.897532933451768E-4
https://doi.org/10.1161/CIRCRESAHA.120.318458#TissueBlock22,http://purl.org/ccf/1.5/3c25705a-5769-425a-a481-d1f6d5a95cab,heart,UBERON:0000948,sc_bulk,http://purl.obolibrary.org/obo/CL_0000896,"activated CD4-positive, alpha-beta T cell",317.0686200000001,6.181819160946797E-4
https://doi.org/10.1161/CIRCRESAHA.120.318458#TissueBlock22,http://purl.org/ccf/1.5/3c25705a-5769-425a-a481-d1f6d5a95cab,heart,UBERON:0000948,sc_bulk,http://purl.obolibrary.org/obo/CL_0002138,endothelial cell of lymphatic vessel,254.56673,4.963233161495355E-4
https://doi.org/10.1161/CIRCRESAHA.120.318458#TissueBlock22,http://purl.org/ccf/1.5/3c25705a-5769-425a-a481-d1f6d5a95cab,heart,UBERON:0000948,sc_bulk,http://purl.obolibrary.org/obo/CL_0000236,B cell,219.308012,4.275801467615275E-4
https://doi.org/10.1161/CIRCRESAHA.120.318458#TissueBlock22,http://purl.org/ccf/1.5/3c25705a-5769-425a-a481-d1f6d5a95cab,heart,UBERON:0000948,sc_bulk,http://purl.obolibrary.org/obo/CL_0000451,dendritic cell,209.69113,4.088303173346467E-4
https://doi.org/10.1161/CIRCRESAHA.120.318458#TissueBlock22,http://purl.org/ccf/1.5/3c25705a-5769-425a-a481-d1f6d5a95cab,heart,UBERON:0000948,sc_bulk,https://purl.org/ccf/ASCTB-TEMP_atrial-cardiomyocyte,Atrial Cardiomyocyte,141.7196,2.763076771084176E-4
https://doi.org/10.1161/CIRCRESAHA.120.318458#TissueBlock22,http://purl.org/ccf/1.5/3c25705a-5769-425a-a481-d1f6d5a95cab,heart,UBERON:0000948,sc_bulk,https://purl.org/ccf/ASCTB-TEMP_endothelial,Endothelial,27.40276,5.342657587207034E-5
https://doi.org/10.1161/CIRCRESAHA.120.318458#TissueBlock22,http://purl.org/ccf/1.5/3c25705a-5769-425a-a481-d1f6d5a95cab,heart,UBERON:0000948,sc_bulk,http://purl.obolibrary.org/obo/CL_0000077,mesothelial cell,23.26984,4.536871002376904E-5
https://doi.org/10.1161/CIRCRESAHA.120.318458#TissueBlock24,http://purl.org/ccf/1.5/5d1aa5f0-f399-4bc2-96fd-e999a2326626,heart,UBERON:0000948,sc_bulk,http://purl.obolibrary.org/obo/CL_0002131,regular ventricular cardiac myocyte,832.911417,0.2906960807811061
https://doi.org/10.1161/CIRCRESAHA.120.318458#TissueBlock24,http://purl.org/ccf/1.5/5d1aa5f0-f399-4bc2-96fd-e999a2326626,heart,UBERON:0000948,sc_bulk,http://purl.obolibrary.org/obo/CL_0000669,pericyte,353.9136779999999,0.1235201211432384
https://doi.org/10.1161/CIRCRESAHA.120.318458#TissueBlock24,http://purl.org/ccf/1.5/5d1aa5f0-f399-4bc2-96fd-e999a2326626,heart,UBERON:0000948,sc_bulk,https://purl.org/ccf/ASCTB-TEMP_fibroblast,Fibroblast,341.889552,0.119323556860799
https://doi.org/10.1161/CIRCRESAHA.120.318458#TissueBlock24,http://purl.org/ccf/1.5/5d1aa5f0-f399-4bc2-96fd-e999a2326626,heart,UBERON:0000948,sc_bulk,http://purl.obolibrary.org/obo/CL_0002144,capillary endothelial cell,247.006206,0.08620813035728928
https://doi.org/10.1161/CIRCRESAHA.120.318458#TissueBlock24,http://purl.org/ccf/1.5/5d1aa5f0-f399-4bc2-96fd-e999a2326626,heart,UBERON:0000948,sc_bulk,http://purl.obolibrary.org/obo/CL_0000057,fibroblast,240.746985,0.08402358710778451
https://doi.org/10.1161/CIRCRESAHA.120.318458#TissueBlock24,http://purl.org/ccf/1.5/5d1aa5f0-f399-4bc2-96fd-e999a2326626,heart,UBERON:0000948,sc_bulk,https://purl.org/ccf/ASCTB-TEMP_ventricular-cardiomycoyte,Ventricular Cardiomycoyte,194.073732,0.06773406165827925
https://doi.org/10.1161/CIRCRESAHA.120.318458#TissueBlock24,http://purl.org/ccf/1.5/5d1aa5f0-f399-4bc2-96fd-e999a2326626,heart,UBERON:0000948,sc_bulk,http://purl.obolibrary.org/obo/CL_0000003,native cell,182.866977,0.06382276966457848
https://doi.org/10.1161/CIRCRESAHA.120.318458#TissueBlock24,http://purl.org/ccf/1.5/5d1aa5f0-f399-4bc2-96fd-e999a2326626,heart,UBERON:0000948,sc_bulk,http://purl.obolibrary.org/obo/CL_1000413,endothelial cell of artery,85.014144,0.02967095655955042
https://doi.org/10.1161/CIRCRESAHA.120.318458#TissueBlock24,http://purl.org/ccf/1.5/5d1aa5f0-f399-4bc2-96fd-e999a2326626,heart,UBERON:0000948,sc_bulk,http://purl.obolibrary.org/obo/CL_0000192,smooth muscle cell,60.511212,0.02111913921779588
https://doi.org/10.1161/CIRCRESAHA.120.318458#TissueBlock24,http://purl.org/ccf/1.5/5d1aa5f0-f399-4bc2-96fd-e999a2326626,heart,UBERON:0000948,sc_bulk,http://purl.obolibrary.org/obo/CL_0000235,macrophage,53.025786,0.01850663570690092
https://doi.org/10.1161/CIRCRESAHA.120.318458#TissueBlock24,http://purl.org/ccf/1.5/5d1aa5f0-f399-4bc2-96fd-e999a2326626,heart,UBERON:0000948,sc_bulk,http://purl.obolibrary.org/obo/CL_0000115,endothelial cell,39.611862,0.0138250152426978
https://doi.org/10.1161/CIRCRESAHA.120.318458#TissueBlock24,http://purl.org/ccf/1.5/5d1aa5f0-f399-4bc2-96fd-e999a2326626,heart,UBERON:0000948,sc_bulk,http://purl.obolibrary.org/obo/CL_0002543,vein endothelial cell,26.588142,0.009279580657556913
https://doi.org/10.1161/CIRCRESAHA.120.318458#TissueBlock24,http://purl.org/ccf/1.5/5d1aa5f0-f399-4bc2-96fd-e999a2326626,heart,UBERON:0000948,sc_bulk,https://purl.org/ccf/ASCTB-TEMP_b,B,25.413615,0.008869656638384068
https://doi.org/10.1161/CIRCRESAHA.120.318458#TissueBlock24,http://purl.org/ccf/1.5/5d1aa5f0-f399-4bc2-96fd-e999a2326626,heart,UBERON:0000948,sc_bulk,http://purl.obolibrary.org/obo/CL_0000623,natural killer cell,13.550058,0.004729132864025412
https://doi.org/10.1161/CIRCRESAHA.120.318458#TissueBlock24,http://purl.org/ccf/1.5/5d1aa5f0-f399-4bc2-96fd-e999a2326626,heart,UBERON:0000948,sc_bulk,http://purl.obolibrary.org/obo/CL_0000934,"CD4-positive, alpha-beta cytotoxic T cell",13.120623,0.004579254895129429
https://doi.org/10.1161/CIRCRESAHA.120.318458#TissueBlock24,http://purl.org/ccf/1.5/5d1aa5f0-f399-4bc2-96fd-e999a2326626,heart,UBERON:0000948,sc_bulk,https://purl.org/ccf/ASCTB-TEMP_monocyte-cdc,Monocyte/cDC,12.231162,0.004268822331197311
https://doi.org/10.1161/CIRCRESAHA.120.318458#TissueBlock24,http://purl.org/ccf/1.5/5d1aa5f0-f399-4bc2-96fd-e999a2326626,heart,UBERON:0000948,sc_bulk,http://purl.obolibrary.org/obo/CL_0002397,"CD14-positive, CD16-positive monocyte",11.955438,0.004172591346075288
https://doi.org/10.1161/CIRCRESAHA.120.318458#TissueBlock24,http://purl.org/ccf/1.5/5d1aa5f0-f399-4bc2-96fd-e999a2326626,heart,UBERON:0000948,sc_bulk,http://purl.obolibrary.org/obo/CL_0002319,neural cell,11.86623,0.004141456683438864
https://doi.org/10.1161/CIRCRESAHA.120.318458#TissueBlock24,http://purl.org/ccf/1.5/5d1aa5f0-f399-4bc2-96fd-e999a2326626,heart,UBERON:0000948,sc_bulk,http://purl.obolibrary.org/obo/CL_0000906,"activated CD8-positive, alpha-beta T cell",11.074779,0.003865230785781026
https://doi.org/10.1161/CIRCRESAHA.120.318458#TissueBlock24,http://purl.org/ccf/1.5/5d1aa5f0-f399-4bc2-96fd-e999a2326626,heart,UBERON:0000948,sc_bulk,https://purl.org/ccf/ASCTB-TEMP_capillary-endothelial,Capillary Endothelial,9.401373,0.003281192008274884
https://doi.org/10.1161/CIRCRESAHA.120.318458#TissueBlock24,http://purl.org/ccf/1.5/5d1aa5f0-f399-4bc2-96fd-e999a2326626,heart,UBERON:0000948,sc_bulk,https://purl.org/ccf/ASCTB-TEMP_pericyte,Pericyte,9.023670000000001,0.003149369128244335
https://doi.org/10.1161/CIRCRESAHA.120.318458#TissueBlock24,http://purl.org/ccf/1.5/5d1aa5f0-f399-4bc2-96fd-e999a2326626,heart,UBERON:0000948,sc_bulk,http://purl.obolibrary.org/obo/CL_1000309,epicardial adipocyte,8.909000999999998,0.003109348271035831
https://doi.org/10.1161/CIRCRESAHA.120.318458#TissueBlock24,http://purl.org/ccf/1.5/5d1aa5f0-f399-4bc2-96fd-e999a2326626,heart,UBERON:0000948,sc_bulk,https://purl.org/ccf/ASCTB-TEMP_macrophage,Macrophage,8.850411,0.003088899657863604
https://doi.org/10.1161/CIRCRESAHA.120.318458#TissueBlock24,http://purl.org/ccf/1.5/5d1aa5f0-f399-4bc2-96fd-e999a2326626,heart,UBERON:0000948,sc_bulk,http://purl.obolibrary.org/obo/CL_0000794,"CD8-positive, alpha-beta cytotoxic T cell",8.702046,0.00303711849225006
https://doi.org/10.1161/CIRCRESAHA.120.318458#TissueBlock24,http://purl.org/ccf/1.5/5d1aa5f0-f399-4bc2-96fd-e999a2326626,heart,UBERON:0000948,sc_bulk,http://purl.obolibrary.org/obo/CL_0000576,monocyte,7.186130999999999,0.002508045963883829
https://doi.org/10.1161/CIRCRESAHA.120.318458#TissueBlock24,http://purl.org/ccf/1.5/5d1aa5f0-f399-4bc2-96fd-e999a2326626,heart,UBERON:0000948,sc_bulk,http://purl.obolibrary.org/obo/CL_0001054,CD14-positive monocyte,6.712416,0.002342713743558145
https://doi.org/10.1161/CIRCRESAHA.120.318458#TissueBlock24,http://purl.org/ccf/1.5/5d1aa5f0-f399-4bc2-96fd-e999a2326626,heart,UBERON:0000948,sc_bulk,http://purl.obolibrary.org/obo/CL_0000097,mast cell,5.958305999999999,0.002079520303051085
https://doi.org/10.1161/CIRCRESAHA.120.318458#TissueBlock24,http://purl.org/ccf/1.5/5d1aa5f0-f399-4bc2-96fd-e999a2326626,heart,UBERON:0000948,sc_bulk,https://purl.org/ccf/ASCTB-TEMP_mesothelial,Mesothelial,5.7915,0.002021303007116513
https://doi.org/10.1161/CIRCRESAHA.120.318458#TissueBlock24,http://purl.org/ccf/1.5/5d1aa5f0-f399-4bc2-96fd-e999a2326626,heart,UBERON:0000948,sc_bulk,http://purl.obolibrary.org/obo/CL_0000814,mature NK T cell,5.220557999999999,0.001822037396913782
https://doi.org/10.1161/CIRCRESAHA.120.318458#TissueBlock24,http://purl.org/ccf/1.5/5d1aa5f0-f399-4bc2-96fd-e999a2326626,heart,UBERON:0000948,sc_bulk,http://purl.obolibrary.org/obo/CL_0000451,dendritic cell,3.914972999999999,0.001366372562838635
https://doi.org/10.1161/CIRCRESAHA.120.318458#TissueBlock24,http://purl.org/ccf/1.5/5d1aa5f0-f399-4bc2-96fd-e999a2326626,heart,UBERON:0000948,sc_bulk,http://purl.obolibrary.org/obo/CL_0002138,endothelial cell of lymphatic vessel,3.622292999999999,0.001264223730217922
https://doi.org/10.1161/CIRCRESAHA.120.318458#TissueBlock24,http://purl.org/ccf/1.5/5d1aa5f0-f399-4bc2-96fd-e999a2326626,heart,UBERON:0000948,sc_bulk,http://purl.obolibrary.org/obo/CL_0000236,B cell,3.156839999999999,0.001101775047049243
https://doi.org/10.1161/CIRCRESAHA.120.318458#TissueBlock24,http://purl.org/ccf/1.5/5d1aa5f0-f399-4bc2-96fd-e999a2326626,heart,UBERON:0000948,sc_bulk,https://purl.org/ccf/ASCTB-TEMP_nk,NK,3.113154,0.001086528108748477
https://doi.org/10.1161/CIRCRESAHA.120.318458#TissueBlock24,http://purl.org/ccf/1.5/5d1aa5f0-f399-4bc2-96fd-e999a2326626,heart,UBERON:0000948,sc_bulk,http://purl.obolibrary.org/obo/CL_0000896,"activated CD4-positive, alpha-beta T cell",3.062717999999999,0.001068925339437084
https://doi.org/10.1161/CIRCRESAHA.120.318458#TissueBlock24,http://purl.org/ccf/1.5/5d1aa5f0-f399-4bc2-96fd-e999a2326626,heart,UBERON:0000948,sc_bulk,https://purl.org/ccf/ASCTB-TEMP_smooth-muscle,Smooth Muscle,2.922399,0.001019952324388205
https://doi.org/10.1161/CIRCRESAHA.120.318458#TissueBlock24,http://purl.org/ccf/1.5/5d1aa5f0-f399-4bc2-96fd-e999a2326626,heart,UBERON:0000948,sc_bulk,https://purl.org/ccf/ASCTB-TEMP_venous-endothelial,Venous Endothelial,2.417823,8.438492446819425E-4
https://doi.org/10.1161/CIRCRESAHA.120.318458#TissueBlock24,http://purl.org/ccf/1.5/5d1aa5f0-f399-4bc2-96fd-e999a2326626,heart,UBERON:0000948,sc_bulk,https://purl.org/ccf/ASCTB-TEMP_arterial-endothelial,Arterial Endothelial,2.203983,7.692165182653326E-4
https://doi.org/10.1161/CIRCRESAHA.120.318458#TissueBlock24,http://purl.org/ccf/1.5/5d1aa5f0-f399-4bc2-96fd-e999a2326626,heart,UBERON:0000948,sc_bulk,https://purl.org/ccf/ASCTB-TEMP_t,T,1.823823,6.365361157469155E-4
https://doi.org/10.1161/CIRCRESAHA.120.318458#TissueBlock24,http://purl.org/ccf/1.5/5d1aa5f0-f399-4bc2-96fd-e999a2326626,heart,UBERON:0000948,sc_bulk,https://purl.org/ccf/ASCTB-TEMP_endocardial,Endocardial,1.774629,6.193668193414781E-4
https://doi.org/10.1161/CIRCRESAHA.120.318458#TissueBlock24,http://purl.org/ccf/1.5/5d1aa5f0-f399-4bc2-96fd-e999a2326626,heart,UBERON:0000948,sc_bulk,https://purl.org/ccf/ASCTB-TEMP_lymphatic-endothelial,Lymphatic Endothelial,1.281906,4.474005788898732E-4
https://doi.org/10.1161/CIRCRESAHA.120.318458#TissueBlock24,http://purl.org/ccf/1.5/5d1aa5f0-f399-4bc2-96fd-e999a2326626,heart,UBERON:0000948,sc_bulk,https://purl.org/ccf/ASCTB-TEMP_mast,Mast,1.188378,4.147581844066491E-4
https://doi.org/10.1161/CIRCRESAHA.120.318458#TissueBlock24,http://purl.org/ccf/1.5/5d1aa5f0-f399-4bc2-96fd-e999a2326626,heart,UBERON:0000948,sc_bulk,https://purl.org/ccf/ASCTB-TEMP_adipocyte,Adipocyte,0.578853,2.020266441471838E-4
https://doi.org/10.1161/CIRCRESAHA.120.318458#TissueBlock24,http://purl.org/ccf/1.5/5d1aa5f0-f399-4bc2-96fd-e999a2326626,heart,UBERON:0000948,sc_bulk,http://purl.obolibrary.org/obo/CL_0000077,mesothelial cell,0.41877,1.46155755899194E-4
https://doi.org/10.1161/CIRCRESAHA.120.318458#TissueBlock24,http://purl.org/ccf/1.5/5d1aa5f0-f399-4bc2-96fd-e999a2326626,heart,UBERON:0000948,sc_bulk,https://purl.org/ccf/ASCTB-TEMP_neuronal,Neuronal,0.377595,1.317851867343797E-4
https://doi.org/10.1161/CIRCRESAHA.120.318458#TissueBlock24,http://purl.org/ccf/1.5/5d1aa5f0-f399-4bc2-96fd-e999a2326626,heart,UBERON:0000948,sc_bulk,https://purl.org/ccf/ASCTB-TEMP_atrial-cardiomyocyte,Atrial Cardiomyocyte,0.241569,8.431048020825846E-5
https://doi.org/10.1161/CIRCRESAHA.120.318458#TissueBlock24,http://purl.org/ccf/1.5/5d1aa5f0-f399-4bc2-96fd-e999a2326626,heart,UBERON:0000948,sc_bulk,https://purl.org/ccf/ASCTB-TEMP_endothelial,Endothelial,0.004266,1.488885198715194E-6
https://doi.org/10.1161/CIRCRESAHA.120.318458#TissueBlock25,http://purl.org/ccf/1.5/50ee1b49-9d08-46f3-87cb-a3faafb1f555,heart,UBERON:0000948,sc_bulk,http://purl.obolibrary.org/obo/CL_0002131,regular ventricular cardiac myocyte,616.97142,0.2906960807811061
https://doi.org/10.1161/CIRCRESAHA.120.318458#TissueBlock25,http://purl.org/ccf/1.5/50ee1b49-9d08-46f3-87cb-a3faafb1f555,heart,UBERON:0000948,sc_bulk,http://purl.obolibrary.org/obo/CL_0000669,pericyte,262.15828,0.1235201211432384
https://doi.org/10.1161/CIRCRESAHA.120.318458#TissueBlock25,http://purl.org/ccf/1.5/50ee1b49-9d08-46f3-87cb-a3faafb1f555,heart,UBERON:0000948,sc_bulk,https://purl.org/ccf/ASCTB-TEMP_fibroblast,Fibroblast,253.25152,0.119323556860799
https://doi.org/10.1161/CIRCRESAHA.120.318458#TissueBlock25,http://purl.org/ccf/1.5/50ee1b49-9d08-46f3-87cb-a3faafb1f555,heart,UBERON:0000948,sc_bulk,http://purl.obolibrary.org/obo/CL_0002144,capillary endothelial cell,182.96756,0.08620813035728928
https://doi.org/10.1161/CIRCRESAHA.120.318458#TissueBlock25,http://purl.org/ccf/1.5/50ee1b49-9d08-46f3-87cb-a3faafb1f555,heart,UBERON:0000948,sc_bulk,http://purl.obolibrary.org/obo/CL_0000057,fibroblast,178.3311,0.0840235871077845
https://doi.org/10.1161/CIRCRESAHA.120.318458#TissueBlock25,http://purl.org/ccf/1.5/50ee1b49-9d08-46f3-87cb-a3faafb1f555,heart,UBERON:0000948,sc_bulk,https://purl.org/ccf/ASCTB-TEMP_ventricular-cardiomycoyte,Ventricular Cardiomycoyte,143.75832,0.06773406165827925
https://doi.org/10.1161/CIRCRESAHA.120.318458#TissueBlock25,http://purl.org/ccf/1.5/50ee1b49-9d08-46f3-87cb-a3faafb1f555,heart,UBERON:0000948,sc_bulk,http://purl.obolibrary.org/obo/CL_0000003,native cell,135.45702,0.06382276966457848
https://doi.org/10.1161/CIRCRESAHA.120.318458#TissueBlock25,http://purl.org/ccf/1.5/50ee1b49-9d08-46f3-87cb-a3faafb1f555,heart,UBERON:0000948,sc_bulk,http://purl.obolibrary.org/obo/CL_1000413,endothelial cell of artery,62.97344,0.02967095655955042
https://doi.org/10.1161/CIRCRESAHA.120.318458#TissueBlock25,http://purl.org/ccf/1.5/50ee1b49-9d08-46f3-87cb-a3faafb1f555,heart,UBERON:0000948,sc_bulk,http://purl.obolibrary.org/obo/CL_0000192,smooth muscle cell,44.82312,0.02111913921779588
https://doi.org/10.1161/CIRCRESAHA.120.318458#TissueBlock25,http://purl.org/ccf/1.5/50ee1b49-9d08-46f3-87cb-a3faafb1f555,heart,UBERON:0000948,sc_bulk,http://purl.obolibrary.org/obo/CL_0000235,macrophage,39.27836,0.01850663570690092
https://doi.org/10.1161/CIRCRESAHA.120.318458#TissueBlock25,http://purl.org/ccf/1.5/50ee1b49-9d08-46f3-87cb-a3faafb1f555,heart,UBERON:0000948,sc_bulk,http://purl.obolibrary.org/obo/CL_0000115,endothelial cell,29.34211999999999,0.0138250152426978
https://doi.org/10.1161/CIRCRESAHA.120.318458#TissueBlock25,http://purl.org/ccf/1.5/50ee1b49-9d08-46f3-87cb-a3faafb1f555,heart,UBERON:0000948,sc_bulk,http://purl.obolibrary.org/obo/CL_0002543,vein endothelial cell,19.69492,0.00927958065755691
https://doi.org/10.1161/CIRCRESAHA.120.318458#TissueBlock25,http://purl.org/ccf/1.5/50ee1b49-9d08-46f3-87cb-a3faafb1f555,heart,UBERON:0000948,sc_bulk,https://purl.org/ccf/ASCTB-TEMP_b,B,18.8249,0.008869656638384066
https://doi.org/10.1161/CIRCRESAHA.120.318458#TissueBlock25,http://purl.org/ccf/1.5/50ee1b49-9d08-46f3-87cb-a3faafb1f555,heart,UBERON:0000948,sc_bulk,http://purl.obolibrary.org/obo/CL_0000623,natural killer cell,10.03708,0.004729132864025411
https://doi.org/10.1161/CIRCRESAHA.120.318458#TissueBlock25,http://purl.org/ccf/1.5/50ee1b49-9d08-46f3-87cb-a3faafb1f555,heart,UBERON:0000948,sc_bulk,http://purl.obolibrary.org/obo/CL_0000934,"CD4-positive, alpha-beta cytotoxic T cell",9.71898,0.004579254895129429
https://doi.org/10.1161/CIRCRESAHA.120.318458#TissueBlock25,http://purl.org/ccf/1.5/50ee1b49-9d08-46f3-87cb-a3faafb1f555,heart,UBERON:0000948,sc_bulk,https://purl.org/ccf/ASCTB-TEMP_monocyte-cdc,Monocyte/cDC,9.060120000000001,0.004268822331197311
https://doi.org/10.1161/CIRCRESAHA.120.318458#TissueBlock25,http://purl.org/ccf/1.5/50ee1b49-9d08-46f3-87cb-a3faafb1f555,heart,UBERON:0000948,sc_bulk,http://purl.obolibrary.org/obo/CL_0002397,"CD14-positive, CD16-positive monocyte",8.855879999999999,0.004172591346075287
https://doi.org/10.1161/CIRCRESAHA.120.318458#TissueBlock25,http://purl.org/ccf/1.5/50ee1b49-9d08-46f3-87cb-a3faafb1f555,heart,UBERON:0000948,sc_bulk,http://purl.obolibrary.org/obo/CL_0002319,neural cell,8.7898,0.004141456683438864
https://doi.org/10.1161/CIRCRESAHA.120.318458#TissueBlock25,http://purl.org/ccf/1.5/50ee1b49-9d08-46f3-87cb-a3faafb1f555,heart,UBERON:0000948,sc_bulk,http://purl.obolibrary.org/obo/CL_0000906,"activated CD8-positive, alpha-beta T cell",8.20354,0.003865230785781026
https://doi.org/10.1161/CIRCRESAHA.120.318458#TissueBlock25,http://purl.org/ccf/1.5/50ee1b49-9d08-46f3-87cb-a3faafb1f555,heart,UBERON:0000948,sc_bulk,https://purl.org/ccf/ASCTB-TEMP_capillary-endothelial,Capillary Endothelial,6.96398,0.003281192008274885
https://doi.org/10.1161/CIRCRESAHA.120.318458#TissueBlock25,http://purl.org/ccf/1.5/50ee1b49-9d08-46f3-87cb-a3faafb1f555,heart,UBERON:0000948,sc_bulk,https://purl.org/ccf/ASCTB-TEMP_pericyte,Pericyte,6.684200000000001,0.003149369128244335
https://doi.org/10.1161/CIRCRESAHA.120.318458#TissueBlock25,http://purl.org/ccf/1.5/50ee1b49-9d08-46f3-87cb-a3faafb1f555,heart,UBERON:0000948,sc_bulk,http://purl.obolibrary.org/obo/CL_1000309,epicardial adipocyte,6.599259999999999,0.003109348271035832
https://doi.org/10.1161/CIRCRESAHA.120.318458#TissueBlock25,http://purl.org/ccf/1.5/50ee1b49-9d08-46f3-87cb-a3faafb1f555,heart,UBERON:0000948,sc_bulk,https://purl.org/ccf/ASCTB-TEMP_macrophage,Macrophage,6.55586,0.003088899657863604
https://doi.org/10.1161/CIRCRESAHA.120.318458#TissueBlock25,http://purl.org/ccf/1.5/50ee1b49-9d08-46f3-87cb-a3faafb1f555,heart,UBERON:0000948,sc_bulk,http://purl.obolibrary.org/obo/CL_0000794,"CD8-positive, alpha-beta cytotoxic T cell",6.44596,0.00303711849225006
https://doi.org/10.1161/CIRCRESAHA.120.318458#TissueBlock25,http://purl.org/ccf/1.5/50ee1b49-9d08-46f3-87cb-a3faafb1f555,heart,UBERON:0000948,sc_bulk,http://purl.obolibrary.org/obo/CL_0000576,monocyte,5.323059999999999,0.002508045963883828
https://doi.org/10.1161/CIRCRESAHA.120.318458#TissueBlock25,http://purl.org/ccf/1.5/50ee1b49-9d08-46f3-87cb-a3faafb1f555,heart,UBERON:0000948,sc_bulk,http://purl.obolibrary.org/obo/CL_0001054,CD14-positive monocyte,4.972160000000001,0.002342713743558145
https://doi.org/10.1161/CIRCRESAHA.120.318458#TissueBlock25,http://purl.org/ccf/1.5/50ee1b49-9d08-46f3-87cb-a3faafb1f555,heart,UBERON:0000948,sc_bulk,http://purl.obolibrary.org/obo/CL_0000097,mast cell,4.413559999999999,0.002079520303051085
https://doi.org/10.1161/CIRCRESAHA.120.318458#TissueBlock25,http://purl.org/ccf/1.5/50ee1b49-9d08-46f3-87cb-a3faafb1f555,heart,UBERON:0000948,sc_bulk,https://purl.org/ccf/ASCTB-TEMP_mesothelial,Mesothelial,4.29,0.002021303007116513
https://doi.org/10.1161/CIRCRESAHA.120.318458#TissueBlock25,http://purl.org/ccf/1.5/50ee1b49-9d08-46f3-87cb-a3faafb1f555,heart,UBERON:0000948,sc_bulk,http://purl.obolibrary.org/obo/CL_0000814,mature NK T cell,3.867079999999999,0.001822037396913782
https://doi.org/10.1161/CIRCRESAHA.120.318458#TissueBlock25,http://purl.org/ccf/1.5/50ee1b49-9d08-46f3-87cb-a3faafb1f555,heart,UBERON:0000948,sc_bulk,http://purl.obolibrary.org/obo/CL_0000451,dendritic cell,2.899979999999999,0.001366372562838635
https://doi.org/10.1161/CIRCRESAHA.120.318458#TissueBlock25,http://purl.org/ccf/1.5/50ee1b49-9d08-46f3-87cb-a3faafb1f555,heart,UBERON:0000948,sc_bulk,http://purl.obolibrary.org/obo/CL_0002138,endothelial cell of lymphatic vessel,2.683179999999999,0.001264223730217922
https://doi.org/10.1161/CIRCRESAHA.120.318458#TissueBlock25,http://purl.org/ccf/1.5/50ee1b49-9d08-46f3-87cb-a3faafb1f555,heart,UBERON:0000948,sc_bulk,http://purl.obolibrary.org/obo/CL_0000236,B cell,2.3384,0.001101775047049243
https://doi.org/10.1161/CIRCRESAHA.120.318458#TissueBlock25,http://purl.org/ccf/1.5/50ee1b49-9d08-46f3-87cb-a3faafb1f555,heart,UBERON:0000948,sc_bulk,https://purl.org/ccf/ASCTB-TEMP_nk,NK,2.30604,0.001086528108748477
https://doi.org/10.1161/CIRCRESAHA.120.318458#TissueBlock25,http://purl.org/ccf/1.5/50ee1b49-9d08-46f3-87cb-a3faafb1f555,heart,UBERON:0000948,sc_bulk,http://purl.obolibrary.org/obo/CL_0000896,"activated CD4-positive, alpha-beta T cell",2.26868,0.001068925339437084
https://doi.org/10.1161/CIRCRESAHA.120.318458#TissueBlock25,http://purl.org/ccf/1.5/50ee1b49-9d08-46f3-87cb-a3faafb1f555,heart,UBERON:0000948,sc_bulk,https://purl.org/ccf/ASCTB-TEMP_smooth-muscle,Smooth Muscle,2.16474,0.001019952324388205
https://doi.org/10.1161/CIRCRESAHA.120.318458#TissueBlock25,http://purl.org/ccf/1.5/50ee1b49-9d08-46f3-87cb-a3faafb1f555,heart,UBERON:0000948,sc_bulk,https://purl.org/ccf/ASCTB-TEMP_venous-endothelial,Venous Endothelial,1.79098,8.438492446819424E-4
https://doi.org/10.1161/CIRCRESAHA.120.318458#TissueBlock25,http://purl.org/ccf/1.5/50ee1b49-9d08-46f3-87cb-a3faafb1f555,heart,UBERON:0000948,sc_bulk,https://purl.org/ccf/ASCTB-TEMP_arterial-endothelial,Arterial Endothelial,1.63258,7.692165182653326E-4
https://doi.org/10.1161/CIRCRESAHA.120.318458#TissueBlock25,http://purl.org/ccf/1.5/50ee1b49-9d08-46f3-87cb-a3faafb1f555,heart,UBERON:0000948,sc_bulk,https://purl.org/ccf/ASCTB-TEMP_t,T,1.35098,6.365361157469154E-4
https://doi.org/10.1161/CIRCRESAHA.120.318458#TissueBlock25,http://purl.org/ccf/1.5/50ee1b49-9d08-46f3-87cb-a3faafb1f555,heart,UBERON:0000948,sc_bulk,https://purl.org/ccf/ASCTB-TEMP_endocardial,Endocardial,1.31454,6.193668193414781E-4
https://doi.org/10.1161/CIRCRESAHA.120.318458#TissueBlock25,http://purl.org/ccf/1.5/50ee1b49-9d08-46f3-87cb-a3faafb1f555,heart,UBERON:0000948,sc_bulk,https://purl.org/ccf/ASCTB-TEMP_lymphatic-endothelial,Lymphatic Endothelial,0.9495600000000001,4.474005788898732E-4
https://doi.org/10.1161/CIRCRESAHA.120.318458#TissueBlock25,http://purl.org/ccf/1.5/50ee1b49-9d08-46f3-87cb-a3faafb1f555,heart,UBERON:0000948,sc_bulk,https://purl.org/ccf/ASCTB-TEMP_mast,Mast,0.8802800000000001,4.14758184406649E-4
https://doi.org/10.1161/CIRCRESAHA.120.318458#TissueBlock25,http://purl.org/ccf/1.5/50ee1b49-9d08-46f3-87cb-a3faafb1f555,heart,UBERON:0000948,sc_bulk,https://purl.org/ccf/ASCTB-TEMP_adipocyte,Adipocyte,0.42878,2.020266441471838E-4
https://doi.org/10.1161/CIRCRESAHA.120.318458#TissueBlock25,http://purl.org/ccf/1.5/50ee1b49-9d08-46f3-87cb-a3faafb1f555,heart,UBERON:0000948,sc_bulk,http://purl.obolibrary.org/obo/CL_0000077,mesothelial cell,0.3102,1.46155755899194E-4
https://doi.org/10.1161/CIRCRESAHA.120.318458#TissueBlock25,http://purl.org/ccf/1.5/50ee1b49-9d08-46f3-87cb-a3faafb1f555,heart,UBERON:0000948,sc_bulk,https://purl.org/ccf/ASCTB-TEMP_neuronal,Neuronal,0.2797,1.317851867343797E-4
https://doi.org/10.1161/CIRCRESAHA.120.318458#TissueBlock25,http://purl.org/ccf/1.5/50ee1b49-9d08-46f3-87cb-a3faafb1f555,heart,UBERON:0000948,sc_bulk,https://purl.org/ccf/ASCTB-TEMP_atrial-cardiomyocyte,Atrial Cardiomyocyte,0.17894,8.431048020825846E-5
https://doi.org/10.1161/CIRCRESAHA.120.318458#TissueBlock25,http://purl.org/ccf/1.5/50ee1b49-9d08-46f3-87cb-a3faafb1f555,heart,UBERON:0000948,sc_bulk,https://purl.org/ccf/ASCTB-TEMP_endothelial,Endothelial,0.00316,1.488885198715194E-6
https://doi.org/10.1161/CIRCRESAHA.120.318458#TissueBlock26,http://purl.org/ccf/1.5/61c613a2-0030-48bf-8b6e-be631f24ce8e,heart,UBERON:0000948,sc_bulk,http://purl.obolibrary.org/obo/CL_0002131,regular ventricular cardiac myocyte,22920.488253,0.2906960807811061
https://doi.org/10.1161/CIRCRESAHA.120.318458#TissueBlock26,http://purl.org/ccf/1.5/61c613a2-0030-48bf-8b6e-be631f24ce8e,heart,UBERON:0000948,sc_bulk,http://purl.obolibrary.org/obo/CL_0000669,pericyte,9739.180101999998,0.1235201211432384
https://doi.org/10.1161/CIRCRESAHA.120.318458#TissueBlock26,http://purl.org/ccf/1.5/61c613a2-0030-48bf-8b6e-be631f24ce8e,heart,UBERON:0000948,sc_bulk,https://purl.org/ccf/ASCTB-TEMP_fibroblast,Fibroblast,9408.293968,0.119323556860799
https://doi.org/10.1161/CIRCRESAHA.120.318458#TissueBlock26,http://purl.org/ccf/1.5/61c613a2-0030-48bf-8b6e-be631f24ce8e,heart,UBERON:0000948,sc_bulk,http://purl.obolibrary.org/obo/CL_0002144,capillary endothelial cell,6797.244853999999,0.08620813035728928
https://doi.org/10.1161/CIRCRESAHA.120.318458#TissueBlock26,http://purl.org/ccf/1.5/61c613a2-0030-48bf-8b6e-be631f24ce8e,heart,UBERON:0000948,sc_bulk,http://purl.obolibrary.org/obo/CL_0000057,fibroblast,6625.000364999999,0.08402358710778451
https://doi.org/10.1161/CIRCRESAHA.120.318458#TissueBlock26,http://purl.org/ccf/1.5/61c613a2-0030-48bf-8b6e-be631f24ce8e,heart,UBERON:0000948,sc_bulk,https://purl.org/ccf/ASCTB-TEMP_ventricular-cardiomycoyte,Ventricular Cardiomycoyte,5340.621588,0.06773406165827925
https://doi.org/10.1161/CIRCRESAHA.120.318458#TissueBlock26,http://purl.org/ccf/1.5/61c613a2-0030-48bf-8b6e-be631f24ce8e,heart,UBERON:0000948,sc_bulk,http://purl.obolibrary.org/obo/CL_0000003,native cell,5032.228293,0.06382276966457848
https://doi.org/10.1161/CIRCRESAHA.120.318458#TissueBlock26,http://purl.org/ccf/1.5/61c613a2-0030-48bf-8b6e-be631f24ce8e,heart,UBERON:0000948,sc_bulk,http://purl.obolibrary.org/obo/CL_1000413,endothelial cell of artery,2339.463296,0.02967095655955042
https://doi.org/10.1161/CIRCRESAHA.120.318458#TissueBlock26,http://purl.org/ccf/1.5/61c613a2-0030-48bf-8b6e-be631f24ce8e,heart,UBERON:0000948,sc_bulk,http://purl.obolibrary.org/obo/CL_0000192,smooth muscle cell,1665.178908,0.02111913921779588
https://doi.org/10.1161/CIRCRESAHA.120.318458#TissueBlock26,http://purl.org/ccf/1.5/61c613a2-0030-48bf-8b6e-be631f24ce8e,heart,UBERON:0000948,sc_bulk,http://purl.obolibrary.org/obo/CL_0000235,macrophage,1459.191074,0.01850663570690092
https://doi.org/10.1161/CIRCRESAHA.120.318458#TissueBlock26,http://purl.org/ccf/1.5/61c613a2-0030-48bf-8b6e-be631f24ce8e,heart,UBERON:0000948,sc_bulk,http://purl.obolibrary.org/obo/CL_0000115,endothelial cell,1090.059758,0.0138250152426978
https://doi.org/10.1161/CIRCRESAHA.120.318458#TissueBlock26,http://purl.org/ccf/1.5/61c613a2-0030-48bf-8b6e-be631f24ce8e,heart,UBERON:0000948,sc_bulk,http://purl.obolibrary.org/obo/CL_0002543,vein endothelial cell,731.6662779999999,0.009279580657556913
https://doi.org/10.1161/CIRCRESAHA.120.318458#TissueBlock26,http://purl.org/ccf/1.5/61c613a2-0030-48bf-8b6e-be631f24ce8e,heart,UBERON:0000948,sc_bulk,https://purl.org/ccf/ASCTB-TEMP_b,B,699.345035,0.008869656638384068
https://doi.org/10.1161/CIRCRESAHA.120.318458#TissueBlock26,http://purl.org/ccf/1.5/61c613a2-0030-48bf-8b6e-be631f24ce8e,heart,UBERON:0000948,sc_bulk,http://purl.obolibrary.org/obo/CL_0000623,natural killer cell,372.8775220000001,0.004729132864025412
https://doi.org/10.1161/CIRCRESAHA.120.318458#TissueBlock26,http://purl.org/ccf/1.5/61c613a2-0030-48bf-8b6e-be631f24ce8e,heart,UBERON:0000948,sc_bulk,http://purl.obolibrary.org/obo/CL_0000934,"CD4-positive, alpha-beta cytotoxic T cell",361.060107,0.004579254895129429
https://doi.org/10.1161/CIRCRESAHA.120.318458#TissueBlock26,http://purl.org/ccf/1.5/61c613a2-0030-48bf-8b6e-be631f24ce8e,heart,UBERON:0000948,sc_bulk,https://purl.org/ccf/ASCTB-TEMP_monocyte-cdc,Monocyte/cDC,336.583458,0.004268822331197311
https://doi.org/10.1161/CIRCRESAHA.120.318458#TissueBlock26,http://purl.org/ccf/1.5/61c613a2-0030-48bf-8b6e-be631f24ce8e,heart,UBERON:0000948,sc_bulk,http://purl.obolibrary.org/obo/CL_0002397,"CD14-positive, CD16-positive monocyte",328.995942,0.004172591346075288
https://doi.org/10.1161/CIRCRESAHA.120.318458#TissueBlock26,http://purl.org/ccf/1.5/61c613a2-0030-48bf-8b6e-be631f24ce8e,heart,UBERON:0000948,sc_bulk,http://purl.obolibrary.org/obo/CL_0002319,neural cell,326.54107,0.004141456683438864
https://doi.org/10.1161/CIRCRESAHA.120.318458#TissueBlock26,http://purl.org/ccf/1.5/61c613a2-0030-48bf-8b6e-be631f24ce8e,heart,UBERON:0000948,sc_bulk,http://purl.obolibrary.org/obo/CL_0000906,"activated CD8-positive, alpha-beta T cell",304.761511,0.003865230785781026
https://doi.org/10.1161/CIRCRESAHA.120.318458#TissueBlock26,http://purl.org/ccf/1.5/61c613a2-0030-48bf-8b6e-be631f24ce8e,heart,UBERON:0000948,sc_bulk,https://purl.org/ccf/ASCTB-TEMP_capillary-endothelial,Capillary Endothelial,258.711857,0.003281192008274885
https://doi.org/10.1161/CIRCRESAHA.120.318458#TissueBlock26,http://purl.org/ccf/1.5/61c613a2-0030-48bf-8b6e-be631f24ce8e,heart,UBERON:0000948,sc_bulk,https://purl.org/ccf/ASCTB-TEMP_pericyte,Pericyte,248.31803,0.003149369128244335
https://doi.org/10.1161/CIRCRESAHA.120.318458#TissueBlock26,http://purl.org/ccf/1.5/61c613a2-0030-48bf-8b6e-be631f24ce8e,heart,UBERON:0000948,sc_bulk,http://purl.obolibrary.org/obo/CL_1000309,epicardial adipocyte,245.162509,0.003109348271035832
https://doi.org/10.1161/CIRCRESAHA.120.318458#TissueBlock26,http://purl.org/ccf/1.5/61c613a2-0030-48bf-8b6e-be631f24ce8e,heart,UBERON:0000948,sc_bulk,https://purl.org/ccf/ASCTB-TEMP_macrophage,Macrophage,243.550199,0.003088899657863605
https://doi.org/10.1161/CIRCRESAHA.120.318458#TissueBlock26,http://purl.org/ccf/1.5/61c613a2-0030-48bf-8b6e-be631f24ce8e,heart,UBERON:0000948,sc_bulk,http://purl.obolibrary.org/obo/CL_0000794,"CD8-positive, alpha-beta cytotoxic T cell",239.467414,0.00303711849225006
https://doi.org/10.1161/CIRCRESAHA.120.318458#TissueBlock26,http://purl.org/ccf/1.5/61c613a2-0030-48bf-8b6e-be631f24ce8e,heart,UBERON:0000948,sc_bulk,http://purl.obolibrary.org/obo/CL_0000576,monocyte,197.751679,0.002508045963883829
https://doi.org/10.1161/CIRCRESAHA.120.318458#TissueBlock26,http://purl.org/ccf/1.5/61c613a2-0030-48bf-8b6e-be631f24ce8e,heart,UBERON:0000948,sc_bulk,http://purl.obolibrary.org/obo/CL_0001054,CD14-positive monocyte,184.715744,0.002342713743558145
https://doi.org/10.1161/CIRCRESAHA.120.318458#TissueBlock26,http://purl.org/ccf/1.5/61c613a2-0030-48bf-8b6e-be631f24ce8e,heart,UBERON:0000948,sc_bulk,http://purl.obolibrary.org/obo/CL_0000097,mast cell,163.963754,0.002079520303051085
https://doi.org/10.1161/CIRCRESAHA.120.318458#TissueBlock26,http://purl.org/ccf/1.5/61c613a2-0030-48bf-8b6e-be631f24ce8e,heart,UBERON:0000948,sc_bulk,https://purl.org/ccf/ASCTB-TEMP_mesothelial,Mesothelial,159.3735,0.002021303007116513
https://doi.org/10.1161/CIRCRESAHA.120.318458#TissueBlock26,http://purl.org/ccf/1.5/61c613a2-0030-48bf-8b6e-be631f24ce8e,heart,UBERON:0000948,sc_bulk,http://purl.obolibrary.org/obo/CL_0000814,mature NK T cell,143.662022,0.001822037396913782
https://doi.org/10.1161/CIRCRESAHA.120.318458#TissueBlock26,http://purl.org/ccf/1.5/61c613a2-0030-48bf-8b6e-be631f24ce8e,heart,UBERON:0000948,sc_bulk,http://purl.obolibrary.org/obo/CL_0000451,dendritic cell,107.734257,0.001366372562838635
https://doi.org/10.1161/CIRCRESAHA.120.318458#TissueBlock26,http://purl.org/ccf/1.5/61c613a2-0030-48bf-8b6e-be631f24ce8e,heart,UBERON:0000948,sc_bulk,http://purl.obolibrary.org/obo/CL_0002138,endothelial cell of lymphatic vessel,99.68013699999997,0.001264223730217922
https://doi.org/10.1161/CIRCRESAHA.120.318458#TissueBlock26,http://purl.org/ccf/1.5/61c613a2-0030-48bf-8b6e-be631f24ce8e,heart,UBERON:0000948,sc_bulk,http://purl.obolibrary.org/obo/CL_0000236,B cell,86.87155999999999,0.001101775047049243
https://doi.org/10.1161/CIRCRESAHA.120.318458#TissueBlock26,http://purl.org/ccf/1.5/61c613a2-0030-48bf-8b6e-be631f24ce8e,heart,UBERON:0000948,sc_bulk,https://purl.org/ccf/ASCTB-TEMP_nk,NK,85.669386,0.001086528108748477
https://doi.org/10.1161/CIRCRESAHA.120.318458#TissueBlock26,http://purl.org/ccf/1.5/61c613a2-0030-48bf-8b6e-be631f24ce8e,heart,UBERON:0000948,sc_bulk,http://purl.obolibrary.org/obo/CL_0000896,"activated CD4-positive, alpha-beta T cell",84.28146199999999,0.001068925339437084
https://doi.org/10.1161/CIRCRESAHA.120.318458#TissueBlock26,http://purl.org/ccf/1.5/61c613a2-0030-48bf-8b6e-be631f24ce8e,heart,UBERON:0000948,sc_bulk,https://purl.org/ccf/ASCTB-TEMP_smooth-muscle,Smooth Muscle,80.420091,0.001019952324388205
https://doi.org/10.1161/CIRCRESAHA.120.318458#TissueBlock26,http://purl.org/ccf/1.5/61c613a2-0030-48bf-8b6e-be631f24ce8e,heart,UBERON:0000948,sc_bulk,https://purl.org/ccf/ASCTB-TEMP_venous-endothelial,Venous Endothelial,66.534907,8.438492446819424E-4
https://doi.org/10.1161/CIRCRESAHA.120.318458#TissueBlock26,http://purl.org/ccf/1.5/61c613a2-0030-48bf-8b6e-be631f24ce8e,heart,UBERON:0000948,sc_bulk,https://purl.org/ccf/ASCTB-TEMP_arterial-endothelial,Arterial Endothelial,60.650347,7.692165182653326E-4
https://doi.org/10.1161/CIRCRESAHA.120.318458#TissueBlock26,http://purl.org/ccf/1.5/61c613a2-0030-48bf-8b6e-be631f24ce8e,heart,UBERON:0000948,sc_bulk,https://purl.org/ccf/ASCTB-TEMP_t,T,50.18890700000001,6.365361157469155E-4
https://doi.org/10.1161/CIRCRESAHA.120.318458#TissueBlock26,http://purl.org/ccf/1.5/61c613a2-0030-48bf-8b6e-be631f24ce8e,heart,UBERON:0000948,sc_bulk,https://purl.org/ccf/ASCTB-TEMP_endocardial,Endocardial,48.835161,6.193668193414781E-4
https://doi.org/10.1161/CIRCRESAHA.120.318458#TissueBlock26,http://purl.org/ccf/1.5/61c613a2-0030-48bf-8b6e-be631f24ce8e,heart,UBERON:0000948,sc_bulk,https://purl.org/ccf/ASCTB-TEMP_lymphatic-endothelial,Lymphatic Endothelial,35.276154,4.474005788898732E-4
https://doi.org/10.1161/CIRCRESAHA.120.318458#TissueBlock26,http://purl.org/ccf/1.5/61c613a2-0030-48bf-8b6e-be631f24ce8e,heart,UBERON:0000948,sc_bulk,https://purl.org/ccf/ASCTB-TEMP_mast,Mast,32.702402,4.14758184406649E-4
https://doi.org/10.1161/CIRCRESAHA.120.318458#TissueBlock26,http://purl.org/ccf/1.5/61c613a2-0030-48bf-8b6e-be631f24ce8e,heart,UBERON:0000948,sc_bulk,https://purl.org/ccf/ASCTB-TEMP_adipocyte,Adipocyte,15.929177,2.020266441471838E-4
https://doi.org/10.1161/CIRCRESAHA.120.318458#TissueBlock26,http://purl.org/ccf/1.5/61c613a2-0030-48bf-8b6e-be631f24ce8e,heart,UBERON:0000948,sc_bulk,http://purl.obolibrary.org/obo/CL_0000077,mesothelial cell,11.52393,1.46155755899194E-4
https://doi.org/10.1161/CIRCRESAHA.120.318458#TissueBlock26,http://purl.org/ccf/1.5/61c613a2-0030-48bf-8b6e-be631f24ce8e,heart,UBERON:0000948,sc_bulk,https://purl.org/ccf/ASCTB-TEMP_neuronal,Neuronal,10.390855,1.317851867343797E-4
https://doi.org/10.1161/CIRCRESAHA.120.318458#TissueBlock26,http://purl.org/ccf/1.5/61c613a2-0030-48bf-8b6e-be631f24ce8e,heart,UBERON:0000948,sc_bulk,https://purl.org/ccf/ASCTB-TEMP_atrial-cardiomyocyte,Atrial Cardiomyocyte,6.647620999999999,8.431048020825846E-5
https://doi.org/10.1161/CIRCRESAHA.120.318458#TissueBlock26,http://purl.org/ccf/1.5/61c613a2-0030-48bf-8b6e-be631f24ce8e,heart,UBERON:0000948,sc_bulk,https://purl.org/ccf/ASCTB-TEMP_endothelial,Endothelial,0.117394,1.488885198715194E-6
https://doi.org/10.1161/CIRCRESAHA.120.318458#TissueBlock3,http://purl.org/ccf/1.5/6d7cca9f-1fe3-442d-8ac9-43896f194326,heart,UBERON:0000948,sc_bulk,https://purl.org/ccf/ASCTB-TEMP_fibroblast,Fibroblast,213878.0871499999,0.3330088912100684
https://doi.org/10.1161/CIRCRESAHA.120.318458#TissueBlock3,http://purl.org/ccf/1.5/6d7cca9f-1fe3-442d-8ac9-43896f194326,heart,UBERON:0000948,sc_bulk,https://purl.org/ccf/ASCTB-TEMP_ventricular-cardiomycoyte,Ventricular Cardiomycoyte,168516.238324,0.2623803421049387
https://doi.org/10.1161/CIRCRESAHA.120.318458#TissueBlock3,http://purl.org/ccf/1.5/6d7cca9f-1fe3-442d-8ac9-43896f194326,heart,UBERON:0000948,sc_bulk,http://purl.obolibrary.org/obo/CL_0002131,regular ventricular cardiac myocyte,60983.76424,0.09495192322874964
https://doi.org/10.1161/CIRCRESAHA.120.318458#TissueBlock3,http://purl.org/ccf/1.5/6d7cca9f-1fe3-442d-8ac9-43896f194326,heart,UBERON:0000948,sc_bulk,http://purl.obolibrary.org/obo/CL_0000669,pericyte,32411.53321000001,0.05046486472974056
https://doi.org/10.1161/CIRCRESAHA.120.318458#TissueBlock3,http://purl.org/ccf/1.5/6d7cca9f-1fe3-442d-8ac9-43896f194326,heart,UBERON:0000948,sc_bulk,http://purl.obolibrary.org/obo/CL_0002144,capillary endothelial cell,26039.362678,0.04054337407242713
https://doi.org/10.1161/CIRCRESAHA.120.318458#TissueBlock3,http://purl.org/ccf/1.5/6d7cca9f-1fe3-442d-8ac9-43896f194326,heart,UBERON:0000948,sc_bulk,https://purl.org/ccf/ASCTB-TEMP_b,B,25546.64396199999,0.03977620939707385
https://doi.org/10.1161/CIRCRESAHA.120.318458#TissueBlock3,http://purl.org/ccf/1.5/6d7cca9f-1fe3-442d-8ac9-43896f194326,heart,UBERON:0000948,sc_bulk,http://purl.obolibrary.org/obo/CL_0000057,fibroblast,18895.169314,0.02941984130458711
https://doi.org/10.1161/CIRCRESAHA.120.318458#TissueBlock3,http://purl.org/ccf/1.5/6d7cca9f-1fe3-442d-8ac9-43896f194326,heart,UBERON:0000948,sc_bulk,http://purl.obolibrary.org/obo/CL_0000003,native cell,13649.074642,0.02125165449692906
https://doi.org/10.1161/CIRCRESAHA.120.318458#TissueBlock3,http://purl.org/ccf/1.5/6d7cca9f-1fe3-442d-8ac9-43896f194326,heart,UBERON:0000948,sc_bulk,http://purl.obolibrary.org/obo/CL_1000413,endothelial cell of artery,9233.669186,0.01437685355430502
https://doi.org/10.1161/CIRCRESAHA.120.318458#TissueBlock3,http://purl.org/ccf/1.5/6d7cca9f-1fe3-442d-8ac9-43896f194326,heart,UBERON:0000948,sc_bulk,https://purl.org/ccf/ASCTB-TEMP_pericyte,Pericyte,7880.700897999999,0.01227027744156244
https://doi.org/10.1161/CIRCRESAHA.120.318458#TissueBlock3,http://purl.org/ccf/1.5/6d7cca9f-1fe3-442d-8ac9-43896f194326,heart,UBERON:0000948,sc_bulk,https://purl.org/ccf/ASCTB-TEMP_monocyte-cdc,Monocyte/cDC,7274.755446,0.01132681836263967
https://doi.org/10.1161/CIRCRESAHA.120.318458#TissueBlock3,http://purl.org/ccf/1.5/6d7cca9f-1fe3-442d-8ac9-43896f194326,heart,UBERON:0000948,sc_bulk,https://purl.org/ccf/ASCTB-TEMP_capillary-endothelial,Capillary Endothelial,7207.642147999999,0.01122232273501253
https://doi.org/10.1161/CIRCRESAHA.120.318458#TissueBlock3,http://purl.org/ccf/1.5/6d7cca9f-1fe3-442d-8ac9-43896f194326,heart,UBERON:0000948,sc_bulk,https://purl.org/ccf/ASCTB-TEMP_macrophage,Macrophage,6429.470515999998,0.01001070692248795
https://doi.org/10.1161/CIRCRESAHA.120.318458#TissueBlock3,http://purl.org/ccf/1.5/6d7cca9f-1fe3-442d-8ac9-43896f194326,heart,UBERON:0000948,sc_bulk,http://purl.obolibrary.org/obo/CL_0000192,smooth muscle cell,5985.372582000002,0.009319244966002893
https://doi.org/10.1161/CIRCRESAHA.120.318458#TissueBlock3,http://purl.org/ccf/1.5/6d7cca9f-1fe3-442d-8ac9-43896f194326,heart,UBERON:0000948,sc_bulk,http://purl.obolibrary.org/obo/CL_0000235,macrophage,5073.163087999999,0.007898931757688141
https://doi.org/10.1161/CIRCRESAHA.120.318458#TissueBlock3,http://purl.org/ccf/1.5/6d7cca9f-1fe3-442d-8ac9-43896f194326,heart,UBERON:0000948,sc_bulk,http://purl.obolibrary.org/obo/CL_0000115,endothelial cell,3313.91284,0.005159773285428924
https://doi.org/10.1161/CIRCRESAHA.120.318458#TissueBlock3,http://purl.org/ccf/1.5/6d7cca9f-1fe3-442d-8ac9-43896f194326,heart,UBERON:0000948,sc_bulk,http://purl.obolibrary.org/obo/CL_0002543,vein endothelial cell,2677.898902,0.004169497474055186
https://doi.org/10.1161/CIRCRESAHA.120.318458#TissueBlock3,http://purl.org/ccf/1.5/6d7cca9f-1fe3-442d-8ac9-43896f194326,heart,UBERON:0000948,sc_bulk,https://purl.org/ccf/ASCTB-TEMP_mesothelial,Mesothelial,2653.75376,0.004131903407862278
https://doi.org/10.1161/CIRCRESAHA.120.318458#TissueBlock3,http://purl.org/ccf/1.5/6d7cca9f-1fe3-442d-8ac9-43896f194326,heart,UBERON:0000948,sc_bulk,https://purl.org/ccf/ASCTB-TEMP_arterial-endothelial,Arterial Endothelial,2534.636986,0.00394643819558721
https://doi.org/10.1161/CIRCRESAHA.120.318458#TissueBlock3,http://purl.org/ccf/1.5/6d7cca9f-1fe3-442d-8ac9-43896f194326,heart,UBERON:0000948,sc_bulk,https://purl.org/ccf/ASCTB-TEMP_venous-endothelial,Venous Endothelial,2368.464812,0.00368770756941092
https://doi.org/10.1161/CIRCRESAHA.120.318458#TissueBlock3,http://purl.org/ccf/1.5/6d7cca9f-1fe3-442d-8ac9-43896f194326,heart,UBERON:0000948,sc_bulk,https://purl.org/ccf/ASCTB-TEMP_smooth-muscle,Smooth Muscle,2301.448870000001,0.003583363525398751
https://doi.org/10.1161/CIRCRESAHA.120.318458#TissueBlock3,http://purl.org/ccf/1.5/6d7cca9f-1fe3-442d-8ac9-43896f194326,heart,UBERON:0000948,sc_bulk,https://purl.org/ccf/ASCTB-TEMP_endocardial,Endocardial,1719.077234,0.002676608956191571
https://doi.org/10.1161/CIRCRESAHA.120.318458#TissueBlock3,http://purl.org/ccf/1.5/6d7cca9f-1fe3-442d-8ac9-43896f194326,heart,UBERON:0000948,sc_bulk,https://purl.org/ccf/ASCTB-TEMP_nk,NK,1715.106988,0.002670427269998708
https://doi.org/10.1161/CIRCRESAHA.120.318458#TissueBlock3,http://purl.org/ccf/1.5/6d7cca9f-1fe3-442d-8ac9-43896f194326,heart,UBERON:0000948,sc_bulk,http://purl.obolibrary.org/obo/CL_0000623,natural killer cell,1290.963618,0.00201003463585876
https://doi.org/10.1161/CIRCRESAHA.120.318458#TissueBlock3,http://purl.org/ccf/1.5/6d7cca9f-1fe3-442d-8ac9-43896f194326,heart,UBERON:0000948,sc_bulk,http://purl.obolibrary.org/obo/CL_0000934,"CD4-positive, alpha-beta cytotoxic T cell",1202.766768,0.00187271184782521
https://doi.org/10.1161/CIRCRESAHA.120.318458#TissueBlock3,http://purl.org/ccf/1.5/6d7cca9f-1fe3-442d-8ac9-43896f194326,heart,UBERON:0000948,sc_bulk,http://purl.obolibrary.org/obo/CL_0002319,neural cell,1064.36582,0.001657221112658971
https://doi.org/10.1161/CIRCRESAHA.120.318458#TissueBlock3,http://purl.org/ccf/1.5/6d7cca9f-1fe3-442d-8ac9-43896f194326,heart,UBERON:0000948,sc_bulk,http://purl.obolibrary.org/obo/CL_0002397,"CD14-positive, CD16-positive monocyte",969.228512,0.001509092008495198
https://doi.org/10.1161/CIRCRESAHA.120.318458#TissueBlock3,http://purl.org/ccf/1.5/6d7cca9f-1fe3-442d-8ac9-43896f194326,heart,UBERON:0000948,sc_bulk,https://purl.org/ccf/ASCTB-TEMP_t,T,968.78614,0.001508403233823677
https://doi.org/10.1161/CIRCRESAHA.120.318458#TissueBlock3,http://purl.org/ccf/1.5/6d7cca9f-1fe3-442d-8ac9-43896f194326,heart,UBERON:0000948,sc_bulk,http://purl.obolibrary.org/obo/CL_1000309,epicardial adipocyte,831.24517,0.001294251487256323
https://doi.org/10.1161/CIRCRESAHA.120.318458#TissueBlock3,http://purl.org/ccf/1.5/6d7cca9f-1fe3-442d-8ac9-43896f194326,heart,UBERON:0000948,sc_bulk,http://purl.obolibrary.org/obo/CL_0000794,"CD8-positive, alpha-beta cytotoxic T cell",785.715868,0.001223362213003767
https://doi.org/10.1161/CIRCRESAHA.120.318458#TissueBlock3,http://purl.org/ccf/1.5/6d7cca9f-1fe3-442d-8ac9-43896f194326,heart,UBERON:0000948,sc_bulk,http://purl.obolibrary.org/obo/CL_0000906,"activated CD8-positive, alpha-beta T cell",782.351962,0.001218124600202371
https://doi.org/10.1161/CIRCRESAHA.120.318458#TissueBlock3,http://purl.org/ccf/1.5/6d7cca9f-1fe3-442d-8ac9-43896f194326,heart,UBERON:0000948,sc_bulk,https://purl.org/ccf/ASCTB-TEMP_adipocyte,Adipocyte,691.183192,0.001076174522869796
https://doi.org/10.1161/CIRCRESAHA.120.318458#TissueBlock3,http://purl.org/ccf/1.5/6d7cca9f-1fe3-442d-8ac9-43896f194326,heart,UBERON:0000948,sc_bulk,http://purl.obolibrary.org/obo/CL_0000097,mast cell,688.8218820000002,0.001072497955366405
https://doi.org/10.1161/CIRCRESAHA.120.318458#TissueBlock3,http://purl.org/ccf/1.5/6d7cca9f-1fe3-442d-8ac9-43896f194326,heart,UBERON:0000948,sc_bulk,https://purl.org/ccf/ASCTB-TEMP_neuronal,Neuronal,556.3733139999999,8.662750956065453E-4
https://doi.org/10.1161/CIRCRESAHA.120.318458#TissueBlock3,http://purl.org/ccf/1.5/6d7cca9f-1fe3-442d-8ac9-43896f194326,heart,UBERON:0000948,sc_bulk,https://purl.org/ccf/ASCTB-TEMP_lymphatic-endothelial,Lymphatic Endothelial,548.2253000000001,8.535886107783866E-4
https://doi.org/10.1161/CIRCRESAHA.120.318458#TissueBlock3,http://purl.org/ccf/1.5/6d7cca9f-1fe3-442d-8ac9-43896f194326,heart,UBERON:0000948,sc_bulk,http://purl.obolibrary.org/obo/CL_0000814,mature NK T cell,541.46589,8.430641869847718E-4
https://doi.org/10.1161/CIRCRESAHA.120.318458#TissueBlock3,http://purl.org/ccf/1.5/6d7cca9f-1fe3-442d-8ac9-43896f194326,heart,UBERON:0000948,sc_bulk,http://purl.obolibrary.org/obo/CL_0001054,CD14-positive monocyte,525.0255360000001,8.174665012676683E-4
https://doi.org/10.1161/CIRCRESAHA.120.318458#TissueBlock3,http://purl.org/ccf/1.5/6d7cca9f-1fe3-442d-8ac9-43896f194326,heart,UBERON:0000948,sc_bulk,https://purl.org/ccf/ASCTB-TEMP_mast,Mast,522.78891,8.139840671659022E-4
https://doi.org/10.1161/CIRCRESAHA.120.318458#TissueBlock3,http://purl.org/ccf/1.5/6d7cca9f-1fe3-442d-8ac9-43896f194326,heart,UBERON:0000948,sc_bulk,http://purl.obolibrary.org/obo/CL_0000576,monocyte,507.226468,7.897532933451771E-4
https://doi.org/10.1161/CIRCRESAHA.120.318458#TissueBlock3,http://purl.org/ccf/1.5/6d7cca9f-1fe3-442d-8ac9-43896f194326,heart,UBERON:0000948,sc_bulk,http://purl.obolibrary.org/obo/CL_0000896,"activated CD4-positive, alpha-beta T cell",397.0331400000001,6.181819160946799E-4
https://doi.org/10.1161/CIRCRESAHA.120.318458#TissueBlock3,http://purl.org/ccf/1.5/6d7cca9f-1fe3-442d-8ac9-43896f194326,heart,UBERON:0000948,sc_bulk,http://purl.obolibrary.org/obo/CL_0002138,endothelial cell of lymphatic vessel,318.76831,4.963233161495356E-4
https://doi.org/10.1161/CIRCRESAHA.120.318458#TissueBlock3,http://purl.org/ccf/1.5/6d7cca9f-1fe3-442d-8ac9-43896f194326,heart,UBERON:0000948,sc_bulk,http://purl.obolibrary.org/obo/CL_0000236,B cell,274.617364,4.275801467615276E-4
https://doi.org/10.1161/CIRCRESAHA.120.318458#TissueBlock3,http://purl.org/ccf/1.5/6d7cca9f-1fe3-442d-8ac9-43896f194326,heart,UBERON:0000948,sc_bulk,http://purl.obolibrary.org/obo/CL_0000451,dendritic cell,262.57511,4.088303173346469E-4
https://doi.org/10.1161/CIRCRESAHA.120.318458#TissueBlock3,http://purl.org/ccf/1.5/6d7cca9f-1fe3-442d-8ac9-43896f194326,heart,UBERON:0000948,sc_bulk,https://purl.org/ccf/ASCTB-TEMP_atrial-cardiomyocyte,Atrial Cardiomyocyte,177.4612,2.763076771084177E-4
https://doi.org/10.1161/CIRCRESAHA.120.318458#TissueBlock3,http://purl.org/ccf/1.5/6d7cca9f-1fe3-442d-8ac9-43896f194326,heart,UBERON:0000948,sc_bulk,https://purl.org/ccf/ASCTB-TEMP_endothelial,Endothelial,34.31372,5.342657587207035E-5
https://doi.org/10.1161/CIRCRESAHA.120.318458#TissueBlock3,http://purl.org/ccf/1.5/6d7cca9f-1fe3-442d-8ac9-43896f194326,heart,UBERON:0000948,sc_bulk,http://purl.obolibrary.org/obo/CL_0000077,mesothelial cell,29.13848,4.536871002376905E-5
https://doi.org/10.1161/CIRCRESAHA.120.318458#TissueBlock4,http://purl.org/ccf/1.5/ee4110ca-9ea3-4580-a79c-30471359f11c,heart,UBERON:0000948,sc_bulk,https://purl.org/ccf/ASCTB-TEMP_fibroblast,Fibroblast,143002.795975,0.3330088912100684
https://doi.org/10.1161/CIRCRESAHA.120.318458#TissueBlock4,http://purl.org/ccf/1.5/ee4110ca-9ea3-4580-a79c-30471359f11c,heart,UBERON:0000948,sc_bulk,https://purl.org/ccf/ASCTB-TEMP_ventricular-cardiomycoyte,Ventricular Cardiomycoyte,112673.035226,0.2623803421049387
https://doi.org/10.1161/CIRCRESAHA.120.318458#TissueBlock4,http://purl.org/ccf/1.5/ee4110ca-9ea3-4580-a79c-30471359f11c,heart,UBERON:0000948,sc_bulk,http://purl.obolibrary.org/obo/CL_0002131,regular ventricular cardiac myocyte,40774.85876,0.09495192322874962
https://doi.org/10.1161/CIRCRESAHA.120.318458#TissueBlock4,http://purl.org/ccf/1.5/ee4110ca-9ea3-4580-a79c-30471359f11c,heart,UBERON:0000948,sc_bulk,http://purl.obolibrary.org/obo/CL_0000669,pericyte,21670.943165,0.05046486472974056
https://doi.org/10.1161/CIRCRESAHA.120.318458#TissueBlock4,http://purl.org/ccf/1.5/ee4110ca-9ea3-4580-a79c-30471359f11c,heart,UBERON:0000948,sc_bulk,http://purl.obolibrary.org/obo/CL_0002144,capillary endothelial cell,17410.393547,0.04054337407242713
https://doi.org/10.1161/CIRCRESAHA.120.318458#TissueBlock4,http://purl.org/ccf/1.5/ee4110ca-9ea3-4580-a79c-30471359f11c,heart,UBERON:0000948,sc_bulk,https://purl.org/ccf/ASCTB-TEMP_b,B,17080.952813,0.03977620939707385
https://doi.org/10.1161/CIRCRESAHA.120.318458#TissueBlock4,http://purl.org/ccf/1.5/ee4110ca-9ea3-4580-a79c-30471359f11c,heart,UBERON:0000948,sc_bulk,http://purl.obolibrary.org/obo/CL_0000057,fibroblast,12633.655361,0.0294198413045871
https://doi.org/10.1161/CIRCRESAHA.120.318458#TissueBlock4,http://purl.org/ccf/1.5/ee4110ca-9ea3-4580-a79c-30471359f11c,heart,UBERON:0000948,sc_bulk,http://purl.obolibrary.org/obo/CL_0000003,native cell,9126.020632999998,0.02125165449692906
https://doi.org/10.1161/CIRCRESAHA.120.318458#TissueBlock4,http://purl.org/ccf/1.5/ee4110ca-9ea3-4580-a79c-30471359f11c,heart,UBERON:0000948,sc_bulk,http://purl.obolibrary.org/obo/CL_1000413,endothelial cell of artery,6173.799889,0.01437685355430502
https://doi.org/10.1161/CIRCRESAHA.120.318458#TissueBlock4,http://purl.org/ccf/1.5/ee4110ca-9ea3-4580-a79c-30471359f11c,heart,UBERON:0000948,sc_bulk,https://purl.org/ccf/ASCTB-TEMP_pericyte,Pericyte,5269.180576999999,0.01227027744156244
https://doi.org/10.1161/CIRCRESAHA.120.318458#TissueBlock4,http://purl.org/ccf/1.5/ee4110ca-9ea3-4580-a79c-30471359f11c,heart,UBERON:0000948,sc_bulk,https://purl.org/ccf/ASCTB-TEMP_monocyte-cdc,Monocyte/cDC,4864.034379,0.01132681836263967
https://doi.org/10.1161/CIRCRESAHA.120.318458#TissueBlock4,http://purl.org/ccf/1.5/ee4110ca-9ea3-4580-a79c-30471359f11c,heart,UBERON:0000948,sc_bulk,https://purl.org/ccf/ASCTB-TEMP_capillary-endothelial,Capillary Endothelial,4819.161201999999,0.01122232273501253
https://doi.org/10.1161/CIRCRESAHA.120.318458#TissueBlock4,http://purl.org/ccf/1.5/ee4110ca-9ea3-4580-a79c-30471359f11c,heart,UBERON:0000948,sc_bulk,https://purl.org/ccf/ASCTB-TEMP_macrophage,Macrophage,4298.861433999999,0.01001070692248795
https://doi.org/10.1161/CIRCRESAHA.120.318458#TissueBlock4,http://purl.org/ccf/1.5/ee4110ca-9ea3-4580-a79c-30471359f11c,heart,UBERON:0000948,sc_bulk,http://purl.obolibrary.org/obo/CL_0000192,smooth muscle cell,4001.929443000001,0.009319244966002891
https://doi.org/10.1161/CIRCRESAHA.120.318458#TissueBlock4,http://purl.org/ccf/1.5/ee4110ca-9ea3-4580-a79c-30471359f11c,heart,UBERON:0000948,sc_bulk,http://purl.obolibrary.org/obo/CL_0000235,macrophage,3392.009511999999,0.00789893175768814
https://doi.org/10.1161/CIRCRESAHA.120.318458#TissueBlock4,http://purl.org/ccf/1.5/ee4110ca-9ea3-4580-a79c-30471359f11c,heart,UBERON:0000948,sc_bulk,http://purl.obolibrary.org/obo/CL_0000115,endothelial cell,2215.74266,0.005159773285428923
https://doi.org/10.1161/CIRCRESAHA.120.318458#TissueBlock4,http://purl.org/ccf/1.5/ee4110ca-9ea3-4580-a79c-30471359f11c,heart,UBERON:0000948,sc_bulk,http://purl.obolibrary.org/obo/CL_0002543,vein endothelial cell,1790.492123,0.004169497474055186
https://doi.org/10.1161/CIRCRESAHA.120.318458#TissueBlock4,http://purl.org/ccf/1.5/ee4110ca-9ea3-4580-a79c-30471359f11c,heart,UBERON:0000948,sc_bulk,https://purl.org/ccf/ASCTB-TEMP_mesothelial,Mesothelial,1774.34824,0.004131903407862277
https://doi.org/10.1161/CIRCRESAHA.120.318458#TissueBlock4,http://purl.org/ccf/1.5/ee4110ca-9ea3-4580-a79c-30471359f11c,heart,UBERON:0000948,sc_bulk,https://purl.org/ccf/ASCTB-TEMP_arterial-endothelial,Arterial Endothelial,1694.704589,0.003946438195587209
https://doi.org/10.1161/CIRCRESAHA.120.318458#TissueBlock4,http://purl.org/ccf/1.5/ee4110ca-9ea3-4580-a79c-30471359f11c,heart,UBERON:0000948,sc_bulk,https://purl.org/ccf/ASCTB-TEMP_venous-endothelial,Venous Endothelial,1583.598838,0.003687707569410919
https://doi.org/10.1161/CIRCRESAHA.120.318458#TissueBlock4,http://purl.org/ccf/1.5/ee4110ca-9ea3-4580-a79c-30471359f11c,heart,UBERON:0000948,sc_bulk,https://purl.org/ccf/ASCTB-TEMP_smooth-muscle,Smooth Muscle,1538.790755,0.003583363525398751
https://doi.org/10.1161/CIRCRESAHA.120.318458#TissueBlock4,http://purl.org/ccf/1.5/ee4110ca-9ea3-4580-a79c-30471359f11c,heart,UBERON:0000948,sc_bulk,https://purl.org/ccf/ASCTB-TEMP_endocardial,Endocardial,1149.406441,0.002676608956191571
https://doi.org/10.1161/CIRCRESAHA.120.318458#TissueBlock4,http://purl.org/ccf/1.5/ee4110ca-9ea3-4580-a79c-30471359f11c,heart,UBERON:0000948,sc_bulk,https://purl.org/ccf/ASCTB-TEMP_nk,NK,1146.751862,0.002670427269998707
https://doi.org/10.1161/CIRCRESAHA.120.318458#TissueBlock4,http://purl.org/ccf/1.5/ee4110ca-9ea3-4580-a79c-30471359f11c,heart,UBERON:0000948,sc_bulk,http://purl.obolibrary.org/obo/CL_0000623,natural killer cell,863.1618569999998,0.00201003463585876
https://doi.org/10.1161/CIRCRESAHA.120.318458#TissueBlock4,http://purl.org/ccf/1.5/ee4110ca-9ea3-4580-a79c-30471359f11c,heart,UBERON:0000948,sc_bulk,http://purl.obolibrary.org/obo/CL_0000934,"CD4-positive, alpha-beta cytotoxic T cell",804.191832,0.001872711847825209
https://doi.org/10.1161/CIRCRESAHA.120.318458#TissueBlock4,http://purl.org/ccf/1.5/ee4110ca-9ea3-4580-a79c-30471359f11c,heart,UBERON:0000948,sc_bulk,http://purl.obolibrary.org/obo/CL_0002319,neural cell,711.6544299999999,0.001657221112658971
https://doi.org/10.1161/CIRCRESAHA.120.318458#TissueBlock4,http://purl.org/ccf/1.5/ee4110ca-9ea3-4580-a79c-30471359f11c,heart,UBERON:0000948,sc_bulk,http://purl.obolibrary.org/obo/CL_0002397,"CD14-positive, CD16-positive monocyte",648.043888,0.001509092008495198
https://doi.org/10.1161/CIRCRESAHA.120.318458#TissueBlock4,http://purl.org/ccf/1.5/ee4110ca-9ea3-4580-a79c-30471359f11c,heart,UBERON:0000948,sc_bulk,https://purl.org/ccf/ASCTB-TEMP_t,T,647.74811,0.001508403233823677
https://doi.org/10.1161/CIRCRESAHA.120.318458#TissueBlock4,http://purl.org/ccf/1.5/ee4110ca-9ea3-4580-a79c-30471359f11c,heart,UBERON:0000948,sc_bulk,http://purl.obolibrary.org/obo/CL_1000309,epicardial adipocyte,555.785705,0.001294251487256323
https://doi.org/10.1161/CIRCRESAHA.120.318458#TissueBlock4,http://purl.org/ccf/1.5/ee4110ca-9ea3-4580-a79c-30471359f11c,heart,UBERON:0000948,sc_bulk,http://purl.obolibrary.org/obo/CL_0000794,"CD8-positive, alpha-beta cytotoxic T cell",525.343982,0.001223362213003767
https://doi.org/10.1161/CIRCRESAHA.120.318458#TissueBlock4,http://purl.org/ccf/1.5/ee4110ca-9ea3-4580-a79c-30471359f11c,heart,UBERON:0000948,sc_bulk,http://purl.obolibrary.org/obo/CL_0000906,"activated CD8-positive, alpha-beta T cell",523.0948129999999,0.001218124600202371
https://doi.org/10.1161/CIRCRESAHA.120.318458#TissueBlock4,http://purl.org/ccf/1.5/ee4110ca-9ea3-4580-a79c-30471359f11c,heart,UBERON:0000948,sc_bulk,https://purl.org/ccf/ASCTB-TEMP_adipocyte,Adipocyte,462.1377079999999,0.001076174522869796
https://doi.org/10.1161/CIRCRESAHA.120.318458#TissueBlock4,http://purl.org/ccf/1.5/ee4110ca-9ea3-4580-a79c-30471359f11c,heart,UBERON:0000948,sc_bulk,http://purl.obolibrary.org/obo/CL_0000097,mast cell,460.5588930000001,0.001072497955366404
https://doi.org/10.1161/CIRCRESAHA.120.318458#TissueBlock4,http://purl.org/ccf/1.5/ee4110ca-9ea3-4580-a79c-30471359f11c,heart,UBERON:0000948,sc_bulk,https://purl.org/ccf/ASCTB-TEMP_neuronal,Neuronal,372.001361,8.662750956065453E-4
https://doi.org/10.1161/CIRCRESAHA.120.318458#TissueBlock4,http://purl.org/ccf/1.5/ee4110ca-9ea3-4580-a79c-30471359f11c,heart,UBERON:0000948,sc_bulk,https://purl.org/ccf/ASCTB-TEMP_lymphatic-endothelial,Lymphatic Endothelial,366.55345,8.535886107783864E-4
https://doi.org/10.1161/CIRCRESAHA.120.318458#TissueBlock4,http://purl.org/ccf/1.5/ee4110ca-9ea3-4580-a79c-30471359f11c,heart,UBERON:0000948,sc_bulk,http://purl.obolibrary.org/obo/CL_0000814,mature NK T cell,362.033985,8.430641869847717E-4
https://doi.org/10.1161/CIRCRESAHA.120.318458#TissueBlock4,http://purl.org/ccf/1.5/ee4110ca-9ea3-4580-a79c-30471359f11c,heart,UBERON:0000948,sc_bulk,http://purl.obolibrary.org/obo/CL_0001054,CD14-positive monocyte,351.041664,8.174665012676681E-4
https://doi.org/10.1161/CIRCRESAHA.120.318458#TissueBlock4,http://purl.org/ccf/1.5/ee4110ca-9ea3-4580-a79c-30471359f11c,heart,UBERON:0000948,sc_bulk,https://purl.org/ccf/ASCTB-TEMP_mast,Mast,349.546215,8.139840671659021E-4
https://doi.org/10.1161/CIRCRESAHA.120.318458#TissueBlock4,http://purl.org/ccf/1.5/ee4110ca-9ea3-4580-a79c-30471359f11c,heart,UBERON:0000948,sc_bulk,http://purl.obolibrary.org/obo/CL_0000576,monocyte,339.140882,7.89753293345177E-4
https://doi.org/10.1161/CIRCRESAHA.120.318458#TissueBlock4,http://purl.org/ccf/1.5/ee4110ca-9ea3-4580-a79c-30471359f11c,heart,UBERON:0000948,sc_bulk,http://purl.obolibrary.org/obo/CL_0000896,"activated CD4-positive, alpha-beta T cell",265.4636100000001,6.181819160946799E-4
https://doi.org/10.1161/CIRCRESAHA.120.318458#TissueBlock4,http://purl.org/ccf/1.5/ee4110ca-9ea3-4580-a79c-30471359f11c,heart,UBERON:0000948,sc_bulk,http://purl.obolibrary.org/obo/CL_0002138,endothelial cell of lymphatic vessel,213.134315,4.963233161495356E-4
https://doi.org/10.1161/CIRCRESAHA.120.318458#TissueBlock4,http://purl.org/ccf/1.5/ee4110ca-9ea3-4580-a79c-30471359f11c,heart,UBERON:0000948,sc_bulk,http://purl.obolibrary.org/obo/CL_0000236,B cell,183.614186,4.275801467615275E-4
https://doi.org/10.1161/CIRCRESAHA.120.318458#TissueBlock4,http://purl.org/ccf/1.5/ee4110ca-9ea3-4580-a79c-30471359f11c,heart,UBERON:0000948,sc_bulk,http://purl.obolibrary.org/obo/CL_0000451,dendritic cell,175.562515,4.088303173346468E-4
https://doi.org/10.1161/CIRCRESAHA.120.318458#TissueBlock4,http://purl.org/ccf/1.5/ee4110ca-9ea3-4580-a79c-30471359f11c,heart,UBERON:0000948,sc_bulk,https://purl.org/ccf/ASCTB-TEMP_atrial-cardiomyocyte,Atrial Cardiomyocyte,118.6538,2.763076771084177E-4
https://doi.org/10.1161/CIRCRESAHA.120.318458#TissueBlock4,http://purl.org/ccf/1.5/ee4110ca-9ea3-4580-a79c-30471359f11c,heart,UBERON:0000948,sc_bulk,https://purl.org/ccf/ASCTB-TEMP_endothelial,Endothelial,22.94278,5.342657587207035E-5
https://doi.org/10.1161/CIRCRESAHA.120.318458#TissueBlock4,http://purl.org/ccf/1.5/ee4110ca-9ea3-4580-a79c-30471359f11c,heart,UBERON:0000948,sc_bulk,http://purl.obolibrary.org/obo/CL_0000077,mesothelial cell,19.48252,4.536871002376905E-5
https://doi.org/10.1161/CIRCRESAHA.120.318458#TissueBlock5,http://purl.org/ccf/1.5/35247281-a3a5-4e0e-b4d5-5dda314c25f2,heart,UBERON:0000948,sc_bulk,https://purl.org/ccf/ASCTB-TEMP_fibroblast,Fibroblast,99175.31909999998,0.3330088912100683
https://doi.org/10.1161/CIRCRESAHA.120.318458#TissueBlock5,http://purl.org/ccf/1.5/35247281-a3a5-4e0e-b4d5-5dda314c25f2,heart,UBERON:0000948,sc_bulk,https://purl.org/ccf/ASCTB-TEMP_ventricular-cardiomycoyte,Ventricular Cardiomycoyte,78141.019176,0.2623803421049387
https://doi.org/10.1161/CIRCRESAHA.120.318458#TissueBlock5,http://purl.org/ccf/1.5/35247281-a3a5-4e0e-b4d5-5dda314c25f2,heart,UBERON:0000948,sc_bulk,http://purl.obolibrary.org/obo/CL_0002131,regular ventricular cardiac myocyte,28278.18576,0.09495192322874962
https://doi.org/10.1161/CIRCRESAHA.120.318458#TissueBlock5,http://purl.org/ccf/1.5/35247281-a3a5-4e0e-b4d5-5dda314c25f2,heart,UBERON:0000948,sc_bulk,http://purl.obolibrary.org/obo/CL_0000669,pericyte,15029.23554,0.05046486472974056
https://doi.org/10.1161/CIRCRESAHA.120.318458#TissueBlock5,http://purl.org/ccf/1.5/35247281-a3a5-4e0e-b4d5-5dda314c25f2,heart,UBERON:0000948,sc_bulk,http://purl.obolibrary.org/obo/CL_0002144,capillary endothelial cell,12074.458572,0.04054337407242713
https://doi.org/10.1161/CIRCRESAHA.120.318458#TissueBlock5,http://purl.org/ccf/1.5/35247281-a3a5-4e0e-b4d5-5dda314c25f2,heart,UBERON:0000948,sc_bulk,https://purl.org/ccf/ASCTB-TEMP_b,B,11845.984788,0.03977620939707384
https://doi.org/10.1161/CIRCRESAHA.120.318458#TissueBlock5,http://purl.org/ccf/1.5/35247281-a3a5-4e0e-b4d5-5dda314c25f2,heart,UBERON:0000948,sc_bulk,http://purl.obolibrary.org/obo/CL_0000057,fibroblast,8761.694436000002,0.0294198413045871
https://doi.org/10.1161/CIRCRESAHA.120.318458#TissueBlock5,http://purl.org/ccf/1.5/35247281-a3a5-4e0e-b4d5-5dda314c25f2,heart,UBERON:0000948,sc_bulk,http://purl.obolibrary.org/obo/CL_0000003,native cell,6329.079108,0.02125165449692905
https://doi.org/10.1161/CIRCRESAHA.120.318458#TissueBlock5,http://purl.org/ccf/1.5/35247281-a3a5-4e0e-b4d5-5dda314c25f2,heart,UBERON:0000948,sc_bulk,http://purl.obolibrary.org/obo/CL_1000413,endothelial cell of artery,4281.654564,0.01437685355430502
https://doi.org/10.1161/CIRCRESAHA.120.318458#TissueBlock5,http://purl.org/ccf/1.5/35247281-a3a5-4e0e-b4d5-5dda314c25f2,heart,UBERON:0000948,sc_bulk,https://purl.org/ccf/ASCTB-TEMP_pericyte,Pericyte,3654.282852,0.01227027744156244
https://doi.org/10.1161/CIRCRESAHA.120.318458#TissueBlock5,http://purl.org/ccf/1.5/35247281-a3a5-4e0e-b4d5-5dda314c25f2,heart,UBERON:0000948,sc_bulk,https://purl.org/ccf/ASCTB-TEMP_monocyte-cdc,Monocyte/cDC,3373.305804000001,0.01132681836263967
https://doi.org/10.1161/CIRCRESAHA.120.318458#TissueBlock5,http://purl.org/ccf/1.5/35247281-a3a5-4e0e-b4d5-5dda314c25f2,heart,UBERON:0000948,sc_bulk,https://purl.org/ccf/ASCTB-TEMP_capillary-endothelial,Capillary Endothelial,3342.185352,0.01122232273501253
https://doi.org/10.1161/CIRCRESAHA.120.318458#TissueBlock5,http://purl.org/ccf/1.5/35247281-a3a5-4e0e-b4d5-5dda314c25f2,heart,UBERON:0000948,sc_bulk,https://purl.org/ccf/ASCTB-TEMP_macrophage,Macrophage,2981.346984,0.01001070692248795
https://doi.org/10.1161/CIRCRESAHA.120.318458#TissueBlock5,http://purl.org/ccf/1.5/35247281-a3a5-4e0e-b4d5-5dda314c25f2,heart,UBERON:0000948,sc_bulk,http://purl.obolibrary.org/obo/CL_0000192,smooth muscle cell,2775.418668000001,0.009319244966002891
https://doi.org/10.1161/CIRCRESAHA.120.318458#TissueBlock5,http://purl.org/ccf/1.5/35247281-a3a5-4e0e-b4d5-5dda314c25f2,heart,UBERON:0000948,sc_bulk,http://purl.obolibrary.org/obo/CL_0000235,macrophage,2352.426911999999,0.007898931757688138
https://doi.org/10.1161/CIRCRESAHA.120.318458#TissueBlock5,http://purl.org/ccf/1.5/35247281-a3a5-4e0e-b4d5-5dda314c25f2,heart,UBERON:0000948,sc_bulk,http://purl.obolibrary.org/obo/CL_0000115,endothelial cell,1536.66216,0.005159773285428922
https://doi.org/10.1161/CIRCRESAHA.120.318458#TissueBlock5,http://purl.org/ccf/1.5/35247281-a3a5-4e0e-b4d5-5dda314c25f2,heart,UBERON:0000948,sc_bulk,http://purl.obolibrary.org/obo/CL_0002543,vein endothelial cell,1241.742348,0.004169497474055185
https://doi.org/10.1161/CIRCRESAHA.120.318458#TissueBlock5,http://purl.org/ccf/1.5/35247281-a3a5-4e0e-b4d5-5dda314c25f2,heart,UBERON:0000948,sc_bulk,https://purl.org/ccf/ASCTB-TEMP_mesothelial,Mesothelial,1230.54624,0.004131903407862277
https://doi.org/10.1161/CIRCRESAHA.120.318458#TissueBlock5,http://purl.org/ccf/1.5/35247281-a3a5-4e0e-b4d5-5dda314c25f2,heart,UBERON:0000948,sc_bulk,https://purl.org/ccf/ASCTB-TEMP_arterial-endothelial,Arterial Endothelial,1175.311764,0.00394643819558721
https://doi.org/10.1161/CIRCRESAHA.120.318458#TissueBlock5,http://purl.org/ccf/1.5/35247281-a3a5-4e0e-b4d5-5dda314c25f2,heart,UBERON:0000948,sc_bulk,https://purl.org/ccf/ASCTB-TEMP_venous-endothelial,Venous Endothelial,1098.257688,0.003687707569410919
https://doi.org/10.1161/CIRCRESAHA.120.318458#TissueBlock5,http://purl.org/ccf/1.5/35247281-a3a5-4e0e-b4d5-5dda314c25f2,heart,UBERON:0000948,sc_bulk,https://purl.org/ccf/ASCTB-TEMP_smooth-muscle,Smooth Muscle,1067.18238,0.003583363525398751
https://doi.org/10.1161/CIRCRESAHA.120.318458#TissueBlock5,http://purl.org/ccf/1.5/35247281-a3a5-4e0e-b4d5-5dda314c25f2,heart,UBERON:0000948,sc_bulk,https://purl.org/ccf/ASCTB-TEMP_endocardial,Endocardial,797.1365159999999,0.00267660895619157
https://doi.org/10.1161/CIRCRESAHA.120.318458#TissueBlock5,http://purl.org/ccf/1.5/35247281-a3a5-4e0e-b4d5-5dda314c25f2,heart,UBERON:0000948,sc_bulk,https://purl.org/ccf/ASCTB-TEMP_nk,NK,795.2955119999999,0.002670427269998707
https://doi.org/10.1161/CIRCRESAHA.120.318458#TissueBlock5,http://purl.org/ccf/1.5/35247281-a3a5-4e0e-b4d5-5dda314c25f2,heart,UBERON:0000948,sc_bulk,http://purl.obolibrary.org/obo/CL_0000623,natural killer cell,598.620132,0.00201003463585876
https://doi.org/10.1161/CIRCRESAHA.120.318458#TissueBlock5,http://purl.org/ccf/1.5/35247281-a3a5-4e0e-b4d5-5dda314c25f2,heart,UBERON:0000948,sc_bulk,http://purl.obolibrary.org/obo/CL_0000934,"CD4-positive, alpha-beta cytotoxic T cell",557.723232,0.001872711847825209
https://doi.org/10.1161/CIRCRESAHA.120.318458#TissueBlock5,http://purl.org/ccf/1.5/35247281-a3a5-4e0e-b4d5-5dda314c25f2,heart,UBERON:0000948,sc_bulk,http://purl.obolibrary.org/obo/CL_0002319,neural cell,493.54668,0.00165722111265897
https://doi.org/10.1161/CIRCRESAHA.120.318458#TissueBlock5,http://purl.org/ccf/1.5/35247281-a3a5-4e0e-b4d5-5dda314c25f2,heart,UBERON:0000948,sc_bulk,http://purl.obolibrary.org/obo/CL_0002397,"CD14-positive, CD16-positive monocyte",449.4314880000001,0.001509092008495198
https://doi.org/10.1161/CIRCRESAHA.120.318458#TissueBlock5,http://purl.org/ccf/1.5/35247281-a3a5-4e0e-b4d5-5dda314c25f2,heart,UBERON:0000948,sc_bulk,https://purl.org/ccf/ASCTB-TEMP_t,T,449.2263600000001,0.001508403233823677
https://doi.org/10.1161/CIRCRESAHA.120.318458#TissueBlock5,http://purl.org/ccf/1.5/35247281-a3a5-4e0e-b4d5-5dda314c25f2,heart,UBERON:0000948,sc_bulk,http://purl.obolibrary.org/obo/CL_1000309,epicardial adipocyte,385.44858,0.001294251487256322
https://doi.org/10.1161/CIRCRESAHA.120.318458#TissueBlock5,http://purl.org/ccf/1.5/35247281-a3a5-4e0e-b4d5-5dda314c25f2,heart,UBERON:0000948,sc_bulk,http://purl.obolibrary.org/obo/CL_0000794,"CD8-positive, alpha-beta cytotoxic T cell",364.336632,0.001223362213003767
https://doi.org/10.1161/CIRCRESAHA.120.318458#TissueBlock5,http://purl.org/ccf/1.5/35247281-a3a5-4e0e-b4d5-5dda314c25f2,heart,UBERON:0000948,sc_bulk,http://purl.obolibrary.org/obo/CL_0000906,"activated CD8-positive, alpha-beta T cell",362.776788,0.001218124600202371
https://doi.org/10.1161/CIRCRESAHA.120.318458#TissueBlock5,http://purl.org/ccf/1.5/35247281-a3a5-4e0e-b4d5-5dda314c25f2,heart,UBERON:0000948,sc_bulk,https://purl.org/ccf/ASCTB-TEMP_adipocyte,Adipocyte,320.501808,0.001076174522869796
https://doi.org/10.1161/CIRCRESAHA.120.318458#TissueBlock5,http://purl.org/ccf/1.5/35247281-a3a5-4e0e-b4d5-5dda314c25f2,heart,UBERON:0000948,sc_bulk,http://purl.obolibrary.org/obo/CL_0000097,mast cell,319.4068680000001,0.001072497955366404
https://doi.org/10.1161/CIRCRESAHA.120.318458#TissueBlock5,http://purl.org/ccf/1.5/35247281-a3a5-4e0e-b4d5-5dda314c25f2,heart,UBERON:0000948,sc_bulk,https://purl.org/ccf/ASCTB-TEMP_neuronal,Neuronal,257.990436,8.66275095606545E-4
https://doi.org/10.1161/CIRCRESAHA.120.318458#TissueBlock5,http://purl.org/ccf/1.5/35247281-a3a5-4e0e-b4d5-5dda314c25f2,heart,UBERON:0000948,sc_bulk,https://purl.org/ccf/ASCTB-TEMP_lymphatic-endothelial,Lymphatic Endothelial,254.2122,8.535886107783863E-4
https://doi.org/10.1161/CIRCRESAHA.120.318458#TissueBlock5,http://purl.org/ccf/1.5/35247281-a3a5-4e0e-b4d5-5dda314c25f2,heart,UBERON:0000948,sc_bulk,http://purl.obolibrary.org/obo/CL_0000814,mature NK T cell,251.07786,8.430641869847716E-4
https://doi.org/10.1161/CIRCRESAHA.120.318458#TissueBlock5,http://purl.org/ccf/1.5/35247281-a3a5-4e0e-b4d5-5dda314c25f2,heart,UBERON:0000948,sc_bulk,http://purl.obolibrary.org/obo/CL_0001054,CD14-positive monocyte,243.4544640000001,8.174665012676681E-4
https://doi.org/10.1161/CIRCRESAHA.120.318458#TissueBlock5,http://purl.org/ccf/1.5/35247281-a3a5-4e0e-b4d5-5dda314c25f2,heart,UBERON:0000948,sc_bulk,https://purl.org/ccf/ASCTB-TEMP_mast,Mast,242.41734,8.13984067165902E-4
https://doi.org/10.1161/CIRCRESAHA.120.318458#TissueBlock5,http://purl.org/ccf/1.5/35247281-a3a5-4e0e-b4d5-5dda314c25f2,heart,UBERON:0000948,sc_bulk,http://purl.obolibrary.org/obo/CL_0000576,monocyte,235.201032,7.89753293345177E-4
https://doi.org/10.1161/CIRCRESAHA.120.318458#TissueBlock5,http://purl.org/ccf/1.5/35247281-a3a5-4e0e-b4d5-5dda314c25f2,heart,UBERON:0000948,sc_bulk,http://purl.obolibrary.org/obo/CL_0000896,"activated CD4-positive, alpha-beta T cell",184.1043600000001,6.181819160946798E-4
https://doi.org/10.1161/CIRCRESAHA.120.318458#TissueBlock5,http://purl.org/ccf/1.5/35247281-a3a5-4e0e-b4d5-5dda314c25f2,heart,UBERON:0000948,sc_bulk,http://purl.obolibrary.org/obo/CL_0002138,endothelial cell of lymphatic vessel,147.81294,4.963233161495355E-4
https://doi.org/10.1161/CIRCRESAHA.120.318458#TissueBlock5,http://purl.org/ccf/1.5/35247281-a3a5-4e0e-b4d5-5dda314c25f2,heart,UBERON:0000948,sc_bulk,http://purl.obolibrary.org/obo/CL_0000236,B cell,127.340136,4.275801467615275E-4
https://doi.org/10.1161/CIRCRESAHA.120.318458#TissueBlock5,http://purl.org/ccf/1.5/35247281-a3a5-4e0e-b4d5-5dda314c25f2,heart,UBERON:0000948,sc_bulk,http://purl.obolibrary.org/obo/CL_0000451,dendritic cell,121.75614,4.088303173346468E-4
https://doi.org/10.1161/CIRCRESAHA.120.318458#TissueBlock5,http://purl.org/ccf/1.5/35247281-a3a5-4e0e-b4d5-5dda314c25f2,heart,UBERON:0000948,sc_bulk,https://purl.org/ccf/ASCTB-TEMP_atrial-cardiomyocyte,Atrial Cardiomyocyte,82.28880000000002,2.763076771084177E-4
https://doi.org/10.1161/CIRCRESAHA.120.318458#TissueBlock5,http://purl.org/ccf/1.5/35247281-a3a5-4e0e-b4d5-5dda314c25f2,heart,UBERON:0000948,sc_bulk,https://purl.org/ccf/ASCTB-TEMP_endothelial,Endothelial,15.91128,5.342657587207035E-5
https://doi.org/10.1161/CIRCRESAHA.120.318458#TissueBlock5,http://purl.org/ccf/1.5/35247281-a3a5-4e0e-b4d5-5dda314c25f2,heart,UBERON:0000948,sc_bulk,http://purl.obolibrary.org/obo/CL_0000077,mesothelial cell,13.51152,4.536871002376904E-5
https://doi.org/10.1161/CIRCRESAHA.120.318458#TissueBlock6,http://purl.org/ccf/1.5/273dd4c3-5442-4c31-8ffb-163cbc0f303d,heart,UBERON:0000948,sc_bulk,https://purl.org/ccf/ASCTB-TEMP_fibroblast,Fibroblast,3255.755424999999,0.3330088912100683
https://doi.org/10.1161/CIRCRESAHA.120.318458#TissueBlock6,http://purl.org/ccf/1.5/273dd4c3-5442-4c31-8ffb-163cbc0f303d,heart,UBERON:0000948,sc_bulk,https://purl.org/ccf/ASCTB-TEMP_ventricular-cardiomycoyte,Ventricular Cardiomycoyte,2565.235478,0.2623803421049386
https://doi.org/10.1161/CIRCRESAHA.120.318458#TissueBlock6,http://purl.org/ccf/1.5/273dd4c3-5442-4c31-8ffb-163cbc0f303d,heart,UBERON:0000948,sc_bulk,http://purl.obolibrary.org/obo/CL_0002131,regular ventricular cardiac myocyte,928.3242799999999,0.09495192322874961
https://doi.org/10.1161/CIRCRESAHA.120.318458#TissueBlock6,http://purl.org/ccf/1.5/273dd4c3-5442-4c31-8ffb-163cbc0f303d,heart,UBERON:0000948,sc_bulk,http://purl.obolibrary.org/obo/CL_0000669,pericyte,493.383995,0.05046486472974054
https://doi.org/10.1161/CIRCRESAHA.120.318458#TissueBlock6,http://purl.org/ccf/1.5/273dd4c3-5442-4c31-8ffb-163cbc0f303d,heart,UBERON:0000948,sc_bulk,http://purl.obolibrary.org/obo/CL_0002144,capillary endothelial cell,396.383741,0.04054337407242712
https://doi.org/10.1161/CIRCRESAHA.120.318458#TissueBlock6,http://purl.org/ccf/1.5/273dd4c3-5442-4c31-8ffb-163cbc0f303d,heart,UBERON:0000948,sc_bulk,https://purl.org/ccf/ASCTB-TEMP_b,B,388.8833389999999,0.03977620939707384
https://doi.org/10.1161/CIRCRESAHA.120.318458#TissueBlock6,http://purl.org/ccf/1.5/273dd4c3-5442-4c31-8ffb-163cbc0f303d,heart,UBERON:0000948,sc_bulk,http://purl.obolibrary.org/obo/CL_0000057,fibroblast,287.631383,0.0294198413045871
https://doi.org/10.1161/CIRCRESAHA.120.318458#TissueBlock6,http://purl.org/ccf/1.5/273dd4c3-5442-4c31-8ffb-163cbc0f303d,heart,UBERON:0000948,sc_bulk,http://purl.obolibrary.org/obo/CL_0000003,native cell,207.772799,0.02125165449692905
https://doi.org/10.1161/CIRCRESAHA.120.318458#TissueBlock6,http://purl.org/ccf/1.5/273dd4c3-5442-4c31-8ffb-163cbc0f303d,heart,UBERON:0000948,sc_bulk,http://purl.obolibrary.org/obo/CL_1000413,endothelial cell of artery,140.559367,0.01437685355430501
https://doi.org/10.1161/CIRCRESAHA.120.318458#TissueBlock6,http://purl.org/ccf/1.5/273dd4c3-5442-4c31-8ffb-163cbc0f303d,heart,UBERON:0000948,sc_bulk,https://purl.org/ccf/ASCTB-TEMP_pericyte,Pericyte,119.963831,0.01227027744156244
https://doi.org/10.1161/CIRCRESAHA.120.318458#TissueBlock6,http://purl.org/ccf/1.5/273dd4c3-5442-4c31-8ffb-163cbc0f303d,heart,UBERON:0000948,sc_bulk,https://purl.org/ccf/ASCTB-TEMP_monocyte-cdc,Monocyte/cDC,110.739837,0.01132681836263967
https://doi.org/10.1161/CIRCRESAHA.120.318458#TissueBlock6,http://purl.org/ccf/1.5/273dd4c3-5442-4c31-8ffb-163cbc0f303d,heart,UBERON:0000948,sc_bulk,https://purl.org/ccf/ASCTB-TEMP_capillary-endothelial,Capillary Endothelial,109.718206,0.01122232273501253
https://doi.org/10.1161/CIRCRESAHA.120.318458#TissueBlock6,http://purl.org/ccf/1.5/273dd4c3-5442-4c31-8ffb-163cbc0f303d,heart,UBERON:0000948,sc_bulk,https://purl.org/ccf/ASCTB-TEMP_macrophage,Macrophage,97.87250199999998,0.01001070692248795
https://doi.org/10.1161/CIRCRESAHA.120.318458#TissueBlock6,http://purl.org/ccf/1.5/273dd4c3-5442-4c31-8ffb-163cbc0f303d,heart,UBERON:0000948,sc_bulk,http://purl.obolibrary.org/obo/CL_0000192,smooth muscle cell,91.11222900000003,0.00931924496600289
https://doi.org/10.1161/CIRCRESAHA.120.318458#TissueBlock6,http://purl.org/ccf/1.5/273dd4c3-5442-4c31-8ffb-163cbc0f303d,heart,UBERON:0000948,sc_bulk,http://purl.obolibrary.org/obo/CL_0000235,macrophage,77.22613599999998,0.007898931757688138
https://doi.org/10.1161/CIRCRESAHA.120.318458#TissueBlock6,http://purl.org/ccf/1.5/273dd4c3-5442-4c31-8ffb-163cbc0f303d,heart,UBERON:0000948,sc_bulk,http://purl.obolibrary.org/obo/CL_0000115,endothelial cell,50.44598,0.005159773285428922
https://doi.org/10.1161/CIRCRESAHA.120.318458#TissueBlock6,http://purl.org/ccf/1.5/273dd4c3-5442-4c31-8ffb-163cbc0f303d,heart,UBERON:0000948,sc_bulk,http://purl.obolibrary.org/obo/CL_0002543,vein endothelial cell,40.764269,0.004169497474055184
https://doi.org/10.1161/CIRCRESAHA.120.318458#TissueBlock6,http://purl.org/ccf/1.5/273dd4c3-5442-4c31-8ffb-163cbc0f303d,heart,UBERON:0000948,sc_bulk,https://purl.org/ccf/ASCTB-TEMP_mesothelial,Mesothelial,40.39672,0.004131903407862277
https://doi.org/10.1161/CIRCRESAHA.120.318458#TissueBlock6,http://purl.org/ccf/1.5/273dd4c3-5442-4c31-8ffb-163cbc0f303d,heart,UBERON:0000948,sc_bulk,https://purl.org/ccf/ASCTB-TEMP_arterial-endothelial,Arterial Endothelial,38.583467,0.003946438195587208
https://doi.org/10.1161/CIRCRESAHA.120.318458#TissueBlock6,http://purl.org/ccf/1.5/273dd4c3-5442-4c31-8ffb-163cbc0f303d,heart,UBERON:0000948,sc_bulk,https://purl.org/ccf/ASCTB-TEMP_venous-endothelial,Venous Endothelial,36.053914,0.003687707569410919
https://doi.org/10.1161/CIRCRESAHA.120.318458#TissueBlock6,http://purl.org/ccf/1.5/273dd4c3-5442-4c31-8ffb-163cbc0f303d,heart,UBERON:0000948,sc_bulk,https://purl.org/ccf/ASCTB-TEMP_smooth-muscle,Smooth Muscle,35.03376500000001,0.00358336352539875
https://doi.org/10.1161/CIRCRESAHA.120.318458#TissueBlock6,http://purl.org/ccf/1.5/273dd4c3-5442-4c31-8ffb-163cbc0f303d,heart,UBERON:0000948,sc_bulk,https://purl.org/ccf/ASCTB-TEMP_endocardial,Endocardial,26.168623,0.00267660895619157
https://doi.org/10.1161/CIRCRESAHA.120.318458#TissueBlock6,http://purl.org/ccf/1.5/273dd4c3-5442-4c31-8ffb-163cbc0f303d,heart,UBERON:0000948,sc_bulk,https://purl.org/ccf/ASCTB-TEMP_nk,NK,26.10818599999999,0.002670427269998707
https://doi.org/10.1161/CIRCRESAHA.120.318458#TissueBlock6,http://purl.org/ccf/1.5/273dd4c3-5442-4c31-8ffb-163cbc0f303d,heart,UBERON:0000948,sc_bulk,http://purl.obolibrary.org/obo/CL_0000623,natural killer cell,19.651671,0.002010034635858759
https://doi.org/10.1161/CIRCRESAHA.120.318458#TissueBlock6,http://purl.org/ccf/1.5/273dd4c3-5442-4c31-8ffb-163cbc0f303d,heart,UBERON:0000948,sc_bulk,http://purl.obolibrary.org/obo/CL_0000934,"CD4-positive, alpha-beta cytotoxic T cell",18.309096,0.001872711847825209
https://doi.org/10.1161/CIRCRESAHA.120.318458#TissueBlock6,http://purl.org/ccf/1.5/273dd4c3-5442-4c31-8ffb-163cbc0f303d,heart,UBERON:0000948,sc_bulk,http://purl.obolibrary.org/obo/CL_0002319,neural cell,16.20229,0.00165722111265897
https://doi.org/10.1161/CIRCRESAHA.120.318458#TissueBlock6,http://purl.org/ccf/1.5/273dd4c3-5442-4c31-8ffb-163cbc0f303d,heart,UBERON:0000948,sc_bulk,http://purl.obolibrary.org/obo/CL_0002397,"CD14-positive, CD16-positive monocyte",14.754064,0.001509092008495198
https://doi.org/10.1161/CIRCRESAHA.120.318458#TissueBlock6,http://purl.org/ccf/1.5/273dd4c3-5442-4c31-8ffb-163cbc0f303d,heart,UBERON:0000948,sc_bulk,https://purl.org/ccf/ASCTB-TEMP_t,T,14.74733,0.001508403233823677
https://doi.org/10.1161/CIRCRESAHA.120.318458#TissueBlock6,http://purl.org/ccf/1.5/273dd4c3-5442-4c31-8ffb-163cbc0f303d,heart,UBERON:0000948,sc_bulk,http://purl.obolibrary.org/obo/CL_1000309,epicardial adipocyte,12.653615,0.001294251487256322
https://doi.org/10.1161/CIRCRESAHA.120.318458#TissueBlock6,http://purl.org/ccf/1.5/273dd4c3-5442-4c31-8ffb-163cbc0f303d,heart,UBERON:0000948,sc_bulk,http://purl.obolibrary.org/obo/CL_0000794,"CD8-positive, alpha-beta cytotoxic T cell",11.960546,0.001223362213003767
https://doi.org/10.1161/CIRCRESAHA.120.318458#TissueBlock6,http://purl.org/ccf/1.5/273dd4c3-5442-4c31-8ffb-163cbc0f303d,heart,UBERON:0000948,sc_bulk,http://purl.obolibrary.org/obo/CL_0000906,"activated CD8-positive, alpha-beta T cell",11.909339,0.001218124600202371
https://doi.org/10.1161/CIRCRESAHA.120.318458#TissueBlock6,http://purl.org/ccf/1.5/273dd4c3-5442-4c31-8ffb-163cbc0f303d,heart,UBERON:0000948,sc_bulk,https://purl.org/ccf/ASCTB-TEMP_adipocyte,Adipocyte,10.521524,0.001076174522869796
https://doi.org/10.1161/CIRCRESAHA.120.318458#TissueBlock6,http://purl.org/ccf/1.5/273dd4c3-5442-4c31-8ffb-163cbc0f303d,heart,UBERON:0000948,sc_bulk,http://purl.obolibrary.org/obo/CL_0000097,mast cell,10.485579,0.001072497955366404
https://doi.org/10.1161/CIRCRESAHA.120.318458#TissueBlock6,http://purl.org/ccf/1.5/273dd4c3-5442-4c31-8ffb-163cbc0f303d,heart,UBERON:0000948,sc_bulk,https://purl.org/ccf/ASCTB-TEMP_neuronal,Neuronal,8.469382999999999,8.662750956065449E-4
https://doi.org/10.1161/CIRCRESAHA.120.318458#TissueBlock6,http://purl.org/ccf/1.5/273dd4c3-5442-4c31-8ffb-163cbc0f303d,heart,UBERON:0000948,sc_bulk,https://purl.org/ccf/ASCTB-TEMP_lymphatic-endothelial,Lymphatic Endothelial,8.34535,8.535886107783862E-4
https://doi.org/10.1161/CIRCRESAHA.120.318458#TissueBlock6,http://purl.org/ccf/1.5/273dd4c3-5442-4c31-8ffb-163cbc0f303d,heart,UBERON:0000948,sc_bulk,http://purl.obolibrary.org/obo/CL_0000814,mature NK T cell,8.242455,8.430641869847716E-4
https://doi.org/10.1161/CIRCRESAHA.120.318458#TissueBlock6,http://purl.org/ccf/1.5/273dd4c3-5442-4c31-8ffb-163cbc0f303d,heart,UBERON:0000948,sc_bulk,http://purl.obolibrary.org/obo/CL_0001054,CD14-positive monocyte,7.992192000000001,8.17466501267668E-4
https://doi.org/10.1161/CIRCRESAHA.120.318458#TissueBlock6,http://purl.org/ccf/1.5/273dd4c3-5442-4c31-8ffb-163cbc0f303d,heart,UBERON:0000948,sc_bulk,https://purl.org/ccf/ASCTB-TEMP_mast,Mast,7.958144999999999,8.13984067165902E-4
https://doi.org/10.1161/CIRCRESAHA.120.318458#TissueBlock6,http://purl.org/ccf/1.5/273dd4c3-5442-4c31-8ffb-163cbc0f303d,heart,UBERON:0000948,sc_bulk,http://purl.obolibrary.org/obo/CL_0000576,monocyte,7.721246,7.897532933451768E-4
https://doi.org/10.1161/CIRCRESAHA.120.318458#TissueBlock6,http://purl.org/ccf/1.5/273dd4c3-5442-4c31-8ffb-163cbc0f303d,heart,UBERON:0000948,sc_bulk,http://purl.obolibrary.org/obo/CL_0000896,"activated CD4-positive, alpha-beta T cell",6.043830000000002,6.181819160946797E-4
https://doi.org/10.1161/CIRCRESAHA.120.318458#TissueBlock6,http://purl.org/ccf/1.5/273dd4c3-5442-4c31-8ffb-163cbc0f303d,heart,UBERON:0000948,sc_bulk,http://purl.obolibrary.org/obo/CL_0002138,endothelial cell of lymphatic vessel,4.852444999999999,4.963233161495355E-4
https://doi.org/10.1161/CIRCRESAHA.120.318458#TissueBlock6,http://purl.org/ccf/1.5/273dd4c3-5442-4c31-8ffb-163cbc0f303d,heart,UBERON:0000948,sc_bulk,http://purl.obolibrary.org/obo/CL_0000236,B cell,4.180358,4.275801467615275E-4
https://doi.org/10.1161/CIRCRESAHA.120.318458#TissueBlock6,http://purl.org/ccf/1.5/273dd4c3-5442-4c31-8ffb-163cbc0f303d,heart,UBERON:0000948,sc_bulk,http://purl.obolibrary.org/obo/CL_0000451,dendritic cell,3.997045,4.088303173346467E-4
https://doi.org/10.1161/CIRCRESAHA.120.318458#TissueBlock6,http://purl.org/ccf/1.5/273dd4c3-5442-4c31-8ffb-163cbc0f303d,heart,UBERON:0000948,sc_bulk,https://purl.org/ccf/ASCTB-TEMP_atrial-cardiomyocyte,Atrial Cardiomyocyte,2.7014,2.763076771084176E-4
https://doi.org/10.1161/CIRCRESAHA.120.318458#TissueBlock6,http://purl.org/ccf/1.5/273dd4c3-5442-4c31-8ffb-163cbc0f303d,heart,UBERON:0000948,sc_bulk,https://purl.org/ccf/ASCTB-TEMP_endothelial,Endothelial,0.52234,5.342657587207035E-5
https://doi.org/10.1161/CIRCRESAHA.120.318458#TissueBlock6,http://purl.org/ccf/1.5/273dd4c3-5442-4c31-8ffb-163cbc0f303d,heart,UBERON:0000948,sc_bulk,http://purl.obolibrary.org/obo/CL_0000077,mesothelial cell,0.44356,4.536871002376904E-5
https://doi.org/10.1161/CIRCRESAHA.120.318458#TissueBlock8,http://purl.org/ccf/1.5/4b81bf86-4c5b-4422-9edb-c0f4ec525d8e,heart,UBERON:0000948,sc_bulk,https://purl.org/ccf/ASCTB-TEMP_fibroblast,Fibroblast,73880.60387499999,0.3330088912100682
https://doi.org/10.1161/CIRCRESAHA.120.318458#TissueBlock8,http://purl.org/ccf/1.5/4b81bf86-4c5b-4422-9edb-c0f4ec525d8e,heart,UBERON:0000948,sc_bulk,https://purl.org/ccf/ASCTB-TEMP_ventricular-cardiomycoyte,Ventricular Cardiomycoyte,58211.11277,0.2623803421049385
https://doi.org/10.1161/CIRCRESAHA.120.318458#TissueBlock8,http://purl.org/ccf/1.5/4b81bf86-4c5b-4422-9edb-c0f4ec525d8e,heart,UBERON:0000948,sc_bulk,http://purl.obolibrary.org/obo/CL_0002131,regular ventricular cardiac myocyte,21065.8202,0.09495192322874958
https://doi.org/10.1161/CIRCRESAHA.120.318458#TissueBlock8,http://purl.org/ccf/1.5/4b81bf86-4c5b-4422-9edb-c0f4ec525d8e,heart,UBERON:0000948,sc_bulk,http://purl.obolibrary.org/obo/CL_0000669,pericyte,11196.021425,0.05046486472974053
https://doi.org/10.1161/CIRCRESAHA.120.318458#TissueBlock8,http://purl.org/ccf/1.5/4b81bf86-4c5b-4422-9edb-c0f4ec525d8e,heart,UBERON:0000948,sc_bulk,http://purl.obolibrary.org/obo/CL_0002144,capillary endothelial cell,8994.861815,0.04054337407242711
https://doi.org/10.1161/CIRCRESAHA.120.318458#TissueBlock8,http://purl.org/ccf/1.5/4b81bf86-4c5b-4422-9edb-c0f4ec525d8e,heart,UBERON:0000948,sc_bulk,https://purl.org/ccf/ASCTB-TEMP_b,B,8824.660384999997,0.03977620939707382
https://doi.org/10.1161/CIRCRESAHA.120.318458#TissueBlock8,http://purl.org/ccf/1.5/4b81bf86-4c5b-4422-9edb-c0f4ec525d8e,heart,UBERON:0000948,sc_bulk,http://purl.obolibrary.org/obo/CL_0000057,fibroblast,6527.019845,0.02941984130458709
https://doi.org/10.1161/CIRCRESAHA.120.318458#TissueBlock8,http://purl.org/ccf/1.5/4b81bf86-4c5b-4422-9edb-c0f4ec525d8e,heart,UBERON:0000948,sc_bulk,http://purl.obolibrary.org/obo/CL_0000003,native cell,4714.844284999999,0.02125165449692904
https://doi.org/10.1161/CIRCRESAHA.120.318458#TissueBlock8,http://purl.org/ccf/1.5/4b81bf86-4c5b-4422-9edb-c0f4ec525d8e,heart,UBERON:0000948,sc_bulk,http://purl.obolibrary.org/obo/CL_1000413,endothelial cell of artery,3189.616405,0.01437685355430501
https://doi.org/10.1161/CIRCRESAHA.120.318458#TissueBlock8,http://purl.org/ccf/1.5/4b81bf86-4c5b-4422-9edb-c0f4ec525d8e,heart,UBERON:0000948,sc_bulk,https://purl.org/ccf/ASCTB-TEMP_pericyte,Pericyte,2722.256165,0.01227027744156243
https://doi.org/10.1161/CIRCRESAHA.120.318458#TissueBlock8,http://purl.org/ccf/1.5/4b81bf86-4c5b-4422-9edb-c0f4ec525d8e,heart,UBERON:0000948,sc_bulk,https://purl.org/ccf/ASCTB-TEMP_monocyte-cdc,Monocyte/cDC,2512.942455,0.01132681836263966
https://doi.org/10.1161/CIRCRESAHA.120.318458#TissueBlock8,http://purl.org/ccf/1.5/4b81bf86-4c5b-4422-9edb-c0f4ec525d8e,heart,UBERON:0000948,sc_bulk,https://purl.org/ccf/ASCTB-TEMP_capillary-endothelial,Capillary Endothelial,2489.75929,0.01122232273501252
https://doi.org/10.1161/CIRCRESAHA.120.318458#TissueBlock8,http://purl.org/ccf/1.5/4b81bf86-4c5b-4422-9edb-c0f4ec525d8e,heart,UBERON:0000948,sc_bulk,https://purl.org/ccf/ASCTB-TEMP_macrophage,Macrophage,2220.952929999999,0.01001070692248795
https://doi.org/10.1161/CIRCRESAHA.120.318458#TissueBlock8,http://purl.org/ccf/1.5/4b81bf86-4c5b-4422-9edb-c0f4ec525d8e,heart,UBERON:0000948,sc_bulk,http://purl.obolibrary.org/obo/CL_0000192,smooth muscle cell,2067.546735000001,0.009319244966002888
https://doi.org/10.1161/CIRCRESAHA.120.318458#TissueBlock8,http://purl.org/ccf/1.5/4b81bf86-4c5b-4422-9edb-c0f4ec525d8e,heart,UBERON:0000948,sc_bulk,http://purl.obolibrary.org/obo/CL_0000235,macrophage,1752.439239999999,0.007898931757688136
https://doi.org/10.1161/CIRCRESAHA.120.318458#TissueBlock8,http://purl.org/ccf/1.5/4b81bf86-4c5b-4422-9edb-c0f4ec525d8e,heart,UBERON:0000948,sc_bulk,http://purl.obolibrary.org/obo/CL_0000115,endothelial cell,1144.7357,0.00515977328542892
https://doi.org/10.1161/CIRCRESAHA.120.318458#TissueBlock8,http://purl.org/ccf/1.5/4b81bf86-4c5b-4422-9edb-c0f4ec525d8e,heart,UBERON:0000948,sc_bulk,http://purl.obolibrary.org/obo/CL_0002543,vein endothelial cell,925.035335,0.004169497474055183
https://doi.org/10.1161/CIRCRESAHA.120.318458#TissueBlock8,http://purl.org/ccf/1.5/4b81bf86-4c5b-4422-9edb-c0f4ec525d8e,heart,UBERON:0000948,sc_bulk,https://purl.org/ccf/ASCTB-TEMP_mesothelial,Mesothelial,916.6948,0.004131903407862275
https://doi.org/10.1161/CIRCRESAHA.120.318458#TissueBlock8,http://purl.org/ccf/1.5/4b81bf86-4c5b-4422-9edb-c0f4ec525d8e,heart,UBERON:0000948,sc_bulk,https://purl.org/ccf/ASCTB-TEMP_arterial-endothelial,Arterial Endothelial,875.547905,0.003946438195587207
https://doi.org/10.1161/CIRCRESAHA.120.318458#TissueBlock8,http://purl.org/ccf/1.5/4b81bf86-4c5b-4422-9edb-c0f4ec525d8e,heart,UBERON:0000948,sc_bulk,https://purl.org/ccf/ASCTB-TEMP_venous-endothelial,Venous Endothelial,818.14651,0.003687707569410917
https://doi.org/10.1161/CIRCRESAHA.120.318458#TissueBlock8,http://purl.org/ccf/1.5/4b81bf86-4c5b-4422-9edb-c0f4ec525d8e,heart,UBERON:0000948,sc_bulk,https://purl.org/ccf/ASCTB-TEMP_smooth-muscle,Smooth Muscle,794.9969750000001,0.003583363525398748
https://doi.org/10.1161/CIRCRESAHA.120.318458#TissueBlock8,http://purl.org/ccf/1.5/4b81bf86-4c5b-4422-9edb-c0f4ec525d8e,heart,UBERON:0000948,sc_bulk,https://purl.org/ccf/ASCTB-TEMP_endocardial,Endocardial,593.8264449999999,0.00267660895619157
https://doi.org/10.1161/CIRCRESAHA.120.318458#TissueBlock8,http://purl.org/ccf/1.5/4b81bf86-4c5b-4422-9edb-c0f4ec525d8e,heart,UBERON:0000948,sc_bulk,https://purl.org/ccf/ASCTB-TEMP_nk,NK,592.4549899999998,0.002670427269998706
https://doi.org/10.1161/CIRCRESAHA.120.318458#TissueBlock8,http://purl.org/ccf/1.5/4b81bf86-4c5b-4422-9edb-c0f4ec525d8e,heart,UBERON:0000948,sc_bulk,http://purl.obolibrary.org/obo/CL_0000623,natural killer cell,445.941765,0.002010034635858759
https://doi.org/10.1161/CIRCRESAHA.120.318458#TissueBlock8,http://purl.org/ccf/1.5/4b81bf86-4c5b-4422-9edb-c0f4ec525d8e,heart,UBERON:0000948,sc_bulk,http://purl.obolibrary.org/obo/CL_0000934,"CD4-positive, alpha-beta cytotoxic T cell",415.47564,0.001872711847825208
https://doi.org/10.1161/CIRCRESAHA.120.318458#TissueBlock8,http://purl.org/ccf/1.5/4b81bf86-4c5b-4422-9edb-c0f4ec525d8e,heart,UBERON:0000948,sc_bulk,http://purl.obolibrary.org/obo/CL_0002319,neural cell,367.6673499999999,0.00165722111265897
https://doi.org/10.1161/CIRCRESAHA.120.318458#TissueBlock8,http://purl.org/ccf/1.5/4b81bf86-4c5b-4422-9edb-c0f4ec525d8e,heart,UBERON:0000948,sc_bulk,http://purl.obolibrary.org/obo/CL_0002397,"CD14-positive, CD16-positive monocyte",334.80376,0.001509092008495197
https://doi.org/10.1161/CIRCRESAHA.120.318458#TissueBlock8,http://purl.org/ccf/1.5/4b81bf86-4c5b-4422-9edb-c0f4ec525d8e,heart,UBERON:0000948,sc_bulk,https://purl.org/ccf/ASCTB-TEMP_t,T,334.65095,0.001508403233823676
https://doi.org/10.1161/CIRCRESAHA.120.318458#TissueBlock8,http://purl.org/ccf/1.5/4b81bf86-4c5b-4422-9edb-c0f4ec525d8e,heart,UBERON:0000948,sc_bulk,http://purl.obolibrary.org/obo/CL_1000309,epicardial adipocyte,287.139725,0.001294251487256322
https://doi.org/10.1161/CIRCRESAHA.120.318458#TissueBlock8,http://purl.org/ccf/1.5/4b81bf86-4c5b-4422-9edb-c0f4ec525d8e,heart,UBERON:0000948,sc_bulk,http://purl.obolibrary.org/obo/CL_0000794,"CD8-positive, alpha-beta cytotoxic T cell",271.41239,0.001223362213003766
https://doi.org/10.1161/CIRCRESAHA.120.318458#TissueBlock8,http://purl.org/ccf/1.5/4b81bf86-4c5b-4422-9edb-c0f4ec525d8e,heart,UBERON:0000948,sc_bulk,http://purl.obolibrary.org/obo/CL_0000906,"activated CD8-positive, alpha-beta T cell",270.250385,0.00121812460020237
https://doi.org/10.1161/CIRCRESAHA.120.318458#TissueBlock8,http://purl.org/ccf/1.5/4b81bf86-4c5b-4422-9edb-c0f4ec525d8e,heart,UBERON:0000948,sc_bulk,https://purl.org/ccf/ASCTB-TEMP_adipocyte,Adipocyte,238.75766,0.001076174522869795
https://doi.org/10.1161/CIRCRESAHA.120.318458#TissueBlock8,http://purl.org/ccf/1.5/4b81bf86-4c5b-4422-9edb-c0f4ec525d8e,heart,UBERON:0000948,sc_bulk,http://purl.obolibrary.org/obo/CL_0000097,mast cell,237.941985,0.001072497955366404
https://doi.org/10.1161/CIRCRESAHA.120.318458#TissueBlock8,http://purl.org/ccf/1.5/4b81bf86-4c5b-4422-9edb-c0f4ec525d8e,heart,UBERON:0000948,sc_bulk,https://purl.org/ccf/ASCTB-TEMP_neuronal,Neuronal,192.189845,8.662750956065447E-4
https://doi.org/10.1161/CIRCRESAHA.120.318458#TissueBlock8,http://purl.org/ccf/1.5/4b81bf86-4c5b-4422-9edb-c0f4ec525d8e,heart,UBERON:0000948,sc_bulk,https://purl.org/ccf/ASCTB-TEMP_lymphatic-endothelial,Lymphatic Endothelial,189.37525,8.535886107783859E-4
https://doi.org/10.1161/CIRCRESAHA.120.318458#TissueBlock8,http://purl.org/ccf/1.5/4b81bf86-4c5b-4422-9edb-c0f4ec525d8e,heart,UBERON:0000948,sc_bulk,http://purl.obolibrary.org/obo/CL_0000814,mature NK T cell,187.040325,8.430641869847711E-4
https://doi.org/10.1161/CIRCRESAHA.120.318458#TissueBlock8,http://purl.org/ccf/1.5/4b81bf86-4c5b-4422-9edb-c0f4ec525d8e,heart,UBERON:0000948,sc_bulk,http://purl.obolibrary.org/obo/CL_0001054,CD14-positive monocyte,181.36128,8.174665012676678E-4
https://doi.org/10.1161/CIRCRESAHA.120.318458#TissueBlock8,http://purl.org/ccf/1.5/4b81bf86-4c5b-4422-9edb-c0f4ec525d8e,heart,UBERON:0000948,sc_bulk,https://purl.org/ccf/ASCTB-TEMP_mast,Mast,180.588675,8.139840671659017E-4
https://doi.org/10.1161/CIRCRESAHA.120.318458#TissueBlock8,http://purl.org/ccf/1.5/4b81bf86-4c5b-4422-9edb-c0f4ec525d8e,heart,UBERON:0000948,sc_bulk,http://purl.obolibrary.org/obo/CL_0000576,monocyte,175.21289,7.897532933451765E-4
https://doi.org/10.1161/CIRCRESAHA.120.318458#TissueBlock8,http://purl.org/ccf/1.5/4b81bf86-4c5b-4422-9edb-c0f4ec525d8e,heart,UBERON:0000948,sc_bulk,http://purl.obolibrary.org/obo/CL_0000896,"activated CD4-positive, alpha-beta T cell",137.14845,6.181819160946795E-4
https://doi.org/10.1161/CIRCRESAHA.120.318458#TissueBlock8,http://purl.org/ccf/1.5/4b81bf86-4c5b-4422-9edb-c0f4ec525d8e,heart,UBERON:0000948,sc_bulk,http://purl.obolibrary.org/obo/CL_0002138,endothelial cell of lymphatic vessel,110.113175,4.963233161495353E-4
https://doi.org/10.1161/CIRCRESAHA.120.318458#TissueBlock8,http://purl.org/ccf/1.5/4b81bf86-4c5b-4422-9edb-c0f4ec525d8e,heart,UBERON:0000948,sc_bulk,http://purl.obolibrary.org/obo/CL_0000236,B cell,94.86197,4.275801467615273E-4
https://doi.org/10.1161/CIRCRESAHA.120.318458#TissueBlock8,http://purl.org/ccf/1.5/4b81bf86-4c5b-4422-9edb-c0f4ec525d8e,heart,UBERON:0000948,sc_bulk,http://purl.obolibrary.org/obo/CL_0000451,dendritic cell,90.70217499999998,4.088303173346466E-4
https://doi.org/10.1161/CIRCRESAHA.120.318458#TissueBlock8,http://purl.org/ccf/1.5/4b81bf86-4c5b-4422-9edb-c0f4ec525d8e,heart,UBERON:0000948,sc_bulk,https://purl.org/ccf/ASCTB-TEMP_atrial-cardiomyocyte,Atrial Cardiomyocyte,61.30100000000001,2.763076771084175E-4
https://doi.org/10.1161/CIRCRESAHA.120.318458#TissueBlock8,http://purl.org/ccf/1.5/4b81bf86-4c5b-4422-9edb-c0f4ec525d8e,heart,UBERON:0000948,sc_bulk,https://purl.org/ccf/ASCTB-TEMP_endothelial,Endothelial,11.8531,5.342657587207033E-5
https://doi.org/10.1161/CIRCRESAHA.120.318458#TissueBlock8,http://purl.org/ccf/1.5/4b81bf86-4c5b-4422-9edb-c0f4ec525d8e,heart,UBERON:0000948,sc_bulk,http://purl.obolibrary.org/obo/CL_0000077,mesothelial cell,10.0654,4.536871002376902E-5
https://doi.org/10.1161/CIRCRESAHA.120.318458#TissueBlock9,http://purl.org/ccf/1.5/891363dd-7c97-421c-b321-6a27b3b55dae,heart,UBERON:0000948,sc_bulk,http://purl.obolibrary.org/obo/CL_0002131,regular ventricular cardiac myocyte,7156.868472,0.2906960807811062
https://doi.org/10.1161/CIRCRESAHA.120.318458#TissueBlock9,http://purl.org/ccf/1.5/891363dd-7c97-421c-b321-6a27b3b55dae,heart,UBERON:0000948,sc_bulk,http://purl.obolibrary.org/obo/CL_0000669,pericyte,3041.036048,0.1235201211432385
https://doi.org/10.1161/CIRCRESAHA.120.318458#TissueBlock9,http://purl.org/ccf/1.5/891363dd-7c97-421c-b321-6a27b3b55dae,heart,UBERON:0000948,sc_bulk,https://purl.org/ccf/ASCTB-TEMP_fibroblast,Fibroblast,2937.717632,0.1193235568607991
https://doi.org/10.1161/CIRCRESAHA.120.318458#TissueBlock9,http://purl.org/ccf/1.5/891363dd-7c97-421c-b321-6a27b3b55dae,heart,UBERON:0000948,sc_bulk,http://purl.obolibrary.org/obo/CL_0002144,capillary endothelial cell,2122.423696,0.0862081303572893
https://doi.org/10.1161/CIRCRESAHA.120.318458#TissueBlock9,http://purl.org/ccf/1.5/891363dd-7c97-421c-b321-6a27b3b55dae,heart,UBERON:0000948,sc_bulk,http://purl.obolibrary.org/obo/CL_0000057,fibroblast,2068.64076,0.08402358710778454
https://doi.org/10.1161/CIRCRESAHA.120.318458#TissueBlock9,http://purl.org/ccf/1.5/891363dd-7c97-421c-b321-6a27b3b55dae,heart,UBERON:0000948,sc_bulk,https://purl.org/ccf/ASCTB-TEMP_ventricular-cardiomycoyte,Ventricular Cardiomycoyte,1667.596512,0.06773406165827926
https://doi.org/10.1161/CIRCRESAHA.120.318458#TissueBlock9,http://purl.org/ccf/1.5/891363dd-7c97-421c-b321-6a27b3b55dae,heart,UBERON:0000948,sc_bulk,http://purl.obolibrary.org/obo/CL_0000003,native cell,1571.301432,0.06382276966457849
https://doi.org/10.1161/CIRCRESAHA.120.318458#TissueBlock9,http://purl.org/ccf/1.5/891363dd-7c97-421c-b321-6a27b3b55dae,heart,UBERON:0000948,sc_bulk,http://purl.obolibrary.org/obo/CL_1000413,endothelial cell of artery,730.4919040000001,0.02967095655955044
https://doi.org/10.1161/CIRCRESAHA.120.318458#TissueBlock9,http://purl.org/ccf/1.5/891363dd-7c97-421c-b321-6a27b3b55dae,heart,UBERON:0000948,sc_bulk,http://purl.obolibrary.org/obo/CL_0000192,smooth muscle cell,519.9481920000001,0.02111913921779589
https://doi.org/10.1161/CIRCRESAHA.120.318458#TissueBlock9,http://purl.org/ccf/1.5/891363dd-7c97-421c-b321-6a27b3b55dae,heart,UBERON:0000948,sc_bulk,http://purl.obolibrary.org/obo/CL_0000235,macrophage,455.628976,0.01850663570690093
https://doi.org/10.1161/CIRCRESAHA.120.318458#TissueBlock9,http://purl.org/ccf/1.5/891363dd-7c97-421c-b321-6a27b3b55dae,heart,UBERON:0000948,sc_bulk,http://purl.obolibrary.org/obo/CL_0000115,endothelial cell,340.368592,0.01382501524269781
https://doi.org/10.1161/CIRCRESAHA.120.318458#TissueBlock9,http://purl.org/ccf/1.5/891363dd-7c97-421c-b321-6a27b3b55dae,heart,UBERON:0000948,sc_bulk,http://purl.obolibrary.org/obo/CL_0002543,vein endothelial cell,228.461072,0.009279580657556914
https://doi.org/10.1161/CIRCRESAHA.120.318458#TissueBlock9,http://purl.org/ccf/1.5/891363dd-7c97-421c-b321-6a27b3b55dae,heart,UBERON:0000948,sc_bulk,https://purl.org/ccf/ASCTB-TEMP_b,B,218.36884,0.00886965663838407
https://doi.org/10.1161/CIRCRESAHA.120.318458#TissueBlock9,http://purl.org/ccf/1.5/891363dd-7c97-421c-b321-6a27b3b55dae,heart,UBERON:0000948,sc_bulk,http://purl.obolibrary.org/obo/CL_0000623,natural killer cell,116.430128,0.004729132864025412
https://doi.org/10.1161/CIRCRESAHA.120.318458#TissueBlock9,http://purl.org/ccf/1.5/891363dd-7c97-421c-b321-6a27b3b55dae,heart,UBERON:0000948,sc_bulk,http://purl.obolibrary.org/obo/CL_0000934,"CD4-positive, alpha-beta cytotoxic T cell",112.740168,0.00457925489512943
https://doi.org/10.1161/CIRCRESAHA.120.318458#TissueBlock9,http://purl.org/ccf/1.5/891363dd-7c97-421c-b321-6a27b3b55dae,heart,UBERON:0000948,sc_bulk,https://purl.org/ccf/ASCTB-TEMP_monocyte-cdc,Monocyte/cDC,105.097392,0.004268822331197312
https://doi.org/10.1161/CIRCRESAHA.120.318458#TissueBlock9,http://purl.org/ccf/1.5/891363dd-7c97-421c-b321-6a27b3b55dae,heart,UBERON:0000948,sc_bulk,http://purl.obolibrary.org/obo/CL_0002397,"CD14-positive, CD16-positive monocyte",102.728208,0.004172591346075289
https://doi.org/10.1161/CIRCRESAHA.120.318458#TissueBlock9,http://purl.org/ccf/1.5/891363dd-7c97-421c-b321-6a27b3b55dae,heart,UBERON:0000948,sc_bulk,http://purl.obolibrary.org/obo/CL_0002319,neural cell,101.96168,0.004141456683438865
https://doi.org/10.1161/CIRCRESAHA.120.318458#TissueBlock9,http://purl.org/ccf/1.5/891363dd-7c97-421c-b321-6a27b3b55dae,heart,UBERON:0000948,sc_bulk,http://purl.obolibrary.org/obo/CL_0000906,"activated CD8-positive, alpha-beta T cell",95.161064,0.003865230785781026
https://doi.org/10.1161/CIRCRESAHA.120.318458#TissueBlock9,http://purl.org/ccf/1.5/891363dd-7c97-421c-b321-6a27b3b55dae,heart,UBERON:0000948,sc_bulk,https://purl.org/ccf/ASCTB-TEMP_capillary-endothelial,Capillary Endothelial,80.78216800000001,0.003281192008274886
https://doi.org/10.1161/CIRCRESAHA.120.318458#TissueBlock9,http://purl.org/ccf/1.5/891363dd-7c97-421c-b321-6a27b3b55dae,heart,UBERON:0000948,sc_bulk,https://purl.org/ccf/ASCTB-TEMP_pericyte,Pericyte,77.53672000000002,0.003149369128244337
https://doi.org/10.1161/CIRCRESAHA.120.318458#TissueBlock9,http://purl.org/ccf/1.5/891363dd-7c97-421c-b321-6a27b3b55dae,heart,UBERON:0000948,sc_bulk,http://purl.obolibrary.org/obo/CL_1000309,epicardial adipocyte,76.55141599999999,0.003109348271035833
https://doi.org/10.1161/CIRCRESAHA.120.318458#TissueBlock9,http://purl.org/ccf/1.5/891363dd-7c97-421c-b321-6a27b3b55dae,heart,UBERON:0000948,sc_bulk,https://purl.org/ccf/ASCTB-TEMP_macrophage,Macrophage,76.047976,0.003088899657863606
https://doi.org/10.1161/CIRCRESAHA.120.318458#TissueBlock9,http://purl.org/ccf/1.5/891363dd-7c97-421c-b321-6a27b3b55dae,heart,UBERON:0000948,sc_bulk,http://purl.obolibrary.org/obo/CL_0000794,"CD8-positive, alpha-beta cytotoxic T cell",74.77313600000001,0.003037118492250062
https://doi.org/10.1161/CIRCRESAHA.120.318458#TissueBlock9,http://purl.org/ccf/1.5/891363dd-7c97-421c-b321-6a27b3b55dae,heart,UBERON:0000948,sc_bulk,http://purl.obolibrary.org/obo/CL_0000576,monocyte,61.74749599999999,0.00250804596388383
https://doi.org/10.1161/CIRCRESAHA.120.318458#TissueBlock9,http://purl.org/ccf/1.5/891363dd-7c97-421c-b321-6a27b3b55dae,heart,UBERON:0000948,sc_bulk,http://purl.obolibrary.org/obo/CL_0001054,CD14-positive monocyte,57.677056,0.002342713743558146
https://doi.org/10.1161/CIRCRESAHA.120.318458#TissueBlock9,http://purl.org/ccf/1.5/891363dd-7c97-421c-b321-6a27b3b55dae,heart,UBERON:0000948,sc_bulk,http://purl.obolibrary.org/obo/CL_0000097,mast cell,51.19729599999999,0.002079520303051086
https://doi.org/10.1161/CIRCRESAHA.120.318458#TissueBlock9,http://purl.org/ccf/1.5/891363dd-7c97-421c-b321-6a27b3b55dae,heart,UBERON:0000948,sc_bulk,https://purl.org/ccf/ASCTB-TEMP_mesothelial,Mesothelial,49.764,0.002021303007116514
https://doi.org/10.1161/CIRCRESAHA.120.318458#TissueBlock9,http://purl.org/ccf/1.5/891363dd-7c97-421c-b321-6a27b3b55dae,heart,UBERON:0000948,sc_bulk,http://purl.obolibrary.org/obo/CL_0000814,mature NK T cell,44.85812799999999,0.001822037396913782
https://doi.org/10.1161/CIRCRESAHA.120.318458#TissueBlock9,http://purl.org/ccf/1.5/891363dd-7c97-421c-b321-6a27b3b55dae,heart,UBERON:0000948,sc_bulk,http://purl.obolibrary.org/obo/CL_0000451,dendritic cell,33.639768,0.001366372562838636
https://doi.org/10.1161/CIRCRESAHA.120.318458#TissueBlock9,http://purl.org/ccf/1.5/891363dd-7c97-421c-b321-6a27b3b55dae,heart,UBERON:0000948,sc_bulk,http://purl.obolibrary.org/obo/CL_0002138,endothelial cell of lymphatic vessel,31.12488799999999,0.001264223730217922
https://doi.org/10.1161/CIRCRESAHA.120.318458#TissueBlock9,http://purl.org/ccf/1.5/891363dd-7c97-421c-b321-6a27b3b55dae,heart,UBERON:0000948,sc_bulk,http://purl.obolibrary.org/obo/CL_0000236,B cell,27.12544,0.001101775047049244
https://doi.org/10.1161/CIRCRESAHA.120.318458#TissueBlock9,http://purl.org/ccf/1.5/891363dd-7c97-421c-b321-6a27b3b55dae,heart,UBERON:0000948,sc_bulk,https://purl.org/ccf/ASCTB-TEMP_nk,NK,26.750064,0.001086528108748477
https://doi.org/10.1161/CIRCRESAHA.120.318458#TissueBlock9,http://purl.org/ccf/1.5/891363dd-7c97-421c-b321-6a27b3b55dae,heart,UBERON:0000948,sc_bulk,http://purl.obolibrary.org/obo/CL_0000896,"activated CD4-positive, alpha-beta T cell",26.316688,0.001068925339437084
https://doi.org/10.1161/CIRCRESAHA.120.318458#TissueBlock9,http://purl.org/ccf/1.5/891363dd-7c97-421c-b321-6a27b3b55dae,heart,UBERON:0000948,sc_bulk,https://purl.org/ccf/ASCTB-TEMP_smooth-muscle,Smooth Muscle,25.110984,0.001019952324388206
https://doi.org/10.1161/CIRCRESAHA.120.318458#TissueBlock9,http://purl.org/ccf/1.5/891363dd-7c97-421c-b321-6a27b3b55dae,heart,UBERON:0000948,sc_bulk,https://purl.org/ccf/ASCTB-TEMP_venous-endothelial,Venous Endothelial,20.775368,8.438492446819427E-4
https://doi.org/10.1161/CIRCRESAHA.120.318458#TissueBlock9,http://purl.org/ccf/1.5/891363dd-7c97-421c-b321-6a27b3b55dae,heart,UBERON:0000948,sc_bulk,https://purl.org/ccf/ASCTB-TEMP_arterial-endothelial,Arterial Endothelial,18.937928,7.69216518265333E-4
https://doi.org/10.1161/CIRCRESAHA.120.318458#TissueBlock9,http://purl.org/ccf/1.5/891363dd-7c97-421c-b321-6a27b3b55dae,heart,UBERON:0000948,sc_bulk,https://purl.org/ccf/ASCTB-TEMP_t,T,15.671368,6.365361157469157E-4
https://doi.org/10.1161/CIRCRESAHA.120.318458#TissueBlock9,http://purl.org/ccf/1.5/891363dd-7c97-421c-b321-6a27b3b55dae,heart,UBERON:0000948,sc_bulk,https://purl.org/ccf/ASCTB-TEMP_endocardial,Endocardial,15.248664,6.193668193414783E-4
https://doi.org/10.1161/CIRCRESAHA.120.318458#TissueBlock9,http://purl.org/ccf/1.5/891363dd-7c97-421c-b321-6a27b3b55dae,heart,UBERON:0000948,sc_bulk,https://purl.org/ccf/ASCTB-TEMP_lymphatic-endothelial,Lymphatic Endothelial,11.014896,4.474005788898734E-4
https://doi.org/10.1161/CIRCRESAHA.120.318458#TissueBlock9,http://purl.org/ccf/1.5/891363dd-7c97-421c-b321-6a27b3b55dae,heart,UBERON:0000948,sc_bulk,https://purl.org/ccf/ASCTB-TEMP_mast,Mast,10.211248,4.147581844066492E-4
https://doi.org/10.1161/CIRCRESAHA.120.318458#TissueBlock9,http://purl.org/ccf/1.5/891363dd-7c97-421c-b321-6a27b3b55dae,heart,UBERON:0000948,sc_bulk,https://purl.org/ccf/ASCTB-TEMP_adipocyte,Adipocyte,4.973848,2.020266441471839E-4
https://doi.org/10.1161/CIRCRESAHA.120.318458#TissueBlock9,http://purl.org/ccf/1.5/891363dd-7c97-421c-b321-6a27b3b55dae,heart,UBERON:0000948,sc_bulk,http://purl.obolibrary.org/obo/CL_0000077,mesothelial cell,3.59832,1.461557558991941E-4
https://doi.org/10.1161/CIRCRESAHA.120.318458#TissueBlock9,http://purl.org/ccf/1.5/891363dd-7c97-421c-b321-6a27b3b55dae,heart,UBERON:0000948,sc_bulk,https://purl.org/ccf/ASCTB-TEMP_neuronal,Neuronal,3.244520000000001,1.317851867343797E-4
https://doi.org/10.1161/CIRCRESAHA.120.318458#TissueBlock9,http://purl.org/ccf/1.5/891363dd-7c97-421c-b321-6a27b3b55dae,heart,UBERON:0000948,sc_bulk,https://purl.org/ccf/ASCTB-TEMP_atrial-cardiomyocyte,Atrial Cardiomyocyte,2.075704,8.43104802082585E-5
https://doi.org/10.1161/CIRCRESAHA.120.318458#TissueBlock9,http://purl.org/ccf/1.5/891363dd-7c97-421c-b321-6a27b3b55dae,heart,UBERON:0000948,sc_bulk,https://purl.org/ccf/ASCTB-TEMP_endothelial,Endothelial,0.036656,1.488885198715194E-6
https://doi.org/10.1161/CIRCULATIONAHA.119.045401#P1221_LV_TissueBlock,http://purl.org/ccf/1.5/60d98bd4-122b-485f-b55e-444065091e23,heart,UBERON:0000948,sc_bulk,https://purl.org/ccf/ASCTB-TEMP_fibroblast,Fibroblast,250192.2822749999,0.3330088912100683
https://doi.org/10.1161/CIRCULATIONAHA.119.045401#P1221_LV_TissueBlock,http://purl.org/ccf/1.5/60d98bd4-122b-485f-b55e-444065091e23,heart,UBERON:0000948,sc_bulk,https://purl.org/ccf/ASCTB-TEMP_ventricular-cardiomycoyte,Ventricular Cardiomycoyte,197128.480194,0.2623803421049387
https://doi.org/10.1161/CIRCULATIONAHA.119.045401#P1221_LV_TissueBlock,http://purl.org/ccf/1.5/60d98bd4-122b-485f-b55e-444065091e23,heart,UBERON:0000948,sc_bulk,http://purl.obolibrary.org/obo/CL_0002131,regular ventricular cardiac myocyte,71338.15044,0.09495192322874962
https://doi.org/10.1161/CIRCULATIONAHA.119.045401#P1221_LV_TissueBlock,http://purl.org/ccf/1.5/60d98bd4-122b-485f-b55e-444065091e23,heart,UBERON:0000948,sc_bulk,http://purl.obolibrary.org/obo/CL_0000669,pericyte,37914.662385,0.05046486472974055
https://doi.org/10.1161/CIRCULATIONAHA.119.045401#P1221_LV_TissueBlock,http://purl.org/ccf/1.5/60d98bd4-122b-485f-b55e-444065091e23,heart,UBERON:0000948,sc_bulk,http://purl.obolibrary.org/obo/CL_0002144,capillary endothelial cell,30460.565943,0.04054337407242712
https://doi.org/10.1161/CIRCULATIONAHA.119.045401#P1221_LV_TissueBlock,http://purl.org/ccf/1.5/60d98bd4-122b-485f-b55e-444065091e23,heart,UBERON:0000948,sc_bulk,https://purl.org/ccf/ASCTB-TEMP_b,B,29884.188897,0.03977620939707385
https://doi.org/10.1161/CIRCULATIONAHA.119.045401#P1221_LV_TissueBlock,http://purl.org/ccf/1.5/60d98bd4-122b-485f-b55e-444065091e23,heart,UBERON:0000948,sc_bulk,http://purl.obolibrary.org/obo/CL_0000057,fibroblast,22103.365509,0.0294198413045871
https://doi.org/10.1161/CIRCULATIONAHA.119.045401#P1221_LV_TissueBlock,http://purl.org/ccf/1.5/60d98bd4-122b-485f-b55e-444065091e23,heart,UBERON:0000948,sc_bulk,http://purl.obolibrary.org/obo/CL_0000003,native cell,15966.540477,0.02125165449692905
https://doi.org/10.1161/CIRCULATIONAHA.119.045401#P1221_LV_TissueBlock,http://purl.org/ccf/1.5/60d98bd4-122b-485f-b55e-444065091e23,heart,UBERON:0000948,sc_bulk,http://purl.obolibrary.org/obo/CL_1000413,endothelial cell of artery,10801.446741,0.01437685355430501
https://doi.org/10.1161/CIRCULATIONAHA.119.045401#P1221_LV_TissueBlock,http://purl.org/ccf/1.5/60d98bd4-122b-485f-b55e-444065091e23,heart,UBERON:0000948,sc_bulk,https://purl.org/ccf/ASCTB-TEMP_pericyte,Pericyte,9218.759012999999,0.01227027744156244
https://doi.org/10.1161/CIRCULATIONAHA.119.045401#P1221_LV_TissueBlock,http://purl.org/ccf/1.5/60d98bd4-122b-485f-b55e-444065091e23,heart,UBERON:0000948,sc_bulk,https://purl.org/ccf/ASCTB-TEMP_monocyte-cdc,Monocyte/cDC,8509.930551000001,0.01132681836263967
https://doi.org/10.1161/CIRCULATIONAHA.119.045401#P1221_LV_TissueBlock,http://purl.org/ccf/1.5/60d98bd4-122b-485f-b55e-444065091e23,heart,UBERON:0000948,sc_bulk,https://purl.org/ccf/ASCTB-TEMP_capillary-endothelial,Capillary Endothelial,8431.422138,0.01122232273501253
https://doi.org/10.1161/CIRCULATIONAHA.119.045401#P1221_LV_TissueBlock,http://purl.org/ccf/1.5/60d98bd4-122b-485f-b55e-444065091e23,heart,UBERON:0000948,sc_bulk,https://purl.org/ccf/ASCTB-TEMP_macrophage,Macrophage,7521.125345999999,0.01001070692248795
https://doi.org/10.1161/CIRCULATIONAHA.119.045401#P1221_LV_TissueBlock,http://purl.org/ccf/1.5/60d98bd4-122b-485f-b55e-444065091e23,heart,UBERON:0000948,sc_bulk,http://purl.obolibrary.org/obo/CL_0000192,smooth muscle cell,7001.624367000002,0.00931924496600289
https://doi.org/10.1161/CIRCULATIONAHA.119.045401#P1221_LV_TissueBlock,http://purl.org/ccf/1.5/60d98bd4-122b-485f-b55e-444065091e23,heart,UBERON:0000948,sc_bulk,http://purl.obolibrary.org/obo/CL_0000235,macrophage,5934.531527999999,0.00789893175768814
https://doi.org/10.1161/CIRCULATIONAHA.119.045401#P1221_LV_TissueBlock,http://purl.org/ccf/1.5/60d98bd4-122b-485f-b55e-444065091e23,heart,UBERON:0000948,sc_bulk,http://purl.obolibrary.org/obo/CL_0000115,endothelial cell,3876.57954,0.005159773285428923
https://doi.org/10.1161/CIRCULATIONAHA.119.045401#P1221_LV_TissueBlock,http://purl.org/ccf/1.5/60d98bd4-122b-485f-b55e-444065091e23,heart,UBERON:0000948,sc_bulk,http://purl.obolibrary.org/obo/CL_0002543,vein endothelial cell,3132.577287,0.004169497474055185
https://doi.org/10.1161/CIRCULATIONAHA.119.045401#P1221_LV_TissueBlock,http://purl.org/ccf/1.5/60d98bd4-122b-485f-b55e-444065091e23,heart,UBERON:0000948,sc_bulk,https://purl.org/ccf/ASCTB-TEMP_mesothelial,Mesothelial,3104.33256,0.004131903407862276
https://doi.org/10.1161/CIRCULATIONAHA.119.045401#P1221_LV_TissueBlock,http://purl.org/ccf/1.5/60d98bd4-122b-485f-b55e-444065091e23,heart,UBERON:0000948,sc_bulk,https://purl.org/ccf/ASCTB-TEMP_arterial-endothelial,Arterial Endothelial,2964.991041,0.003946438195587209
https://doi.org/10.1161/CIRCULATIONAHA.119.045401#P1221_LV_TissueBlock,http://purl.org/ccf/1.5/60d98bd4-122b-485f-b55e-444065091e23,heart,UBERON:0000948,sc_bulk,https://purl.org/ccf/ASCTB-TEMP_venous-endothelial,Venous Endothelial,2770.604622,0.003687707569410919
https://doi.org/10.1161/CIRCULATIONAHA.119.045401#P1221_LV_TissueBlock,http://purl.org/ccf/1.5/60d98bd4-122b-485f-b55e-444065091e23,heart,UBERON:0000948,sc_bulk,https://purl.org/ccf/ASCTB-TEMP_smooth-muscle,Smooth Muscle,2692.210095000001,0.00358336352539875
https://doi.org/10.1161/CIRCULATIONAHA.119.045401#P1221_LV_TissueBlock,http://purl.org/ccf/1.5/60d98bd4-122b-485f-b55e-444065091e23,heart,UBERON:0000948,sc_bulk,https://purl.org/ccf/ASCTB-TEMP_endocardial,Endocardial,2010.958029,0.00267660895619157
https://doi.org/10.1161/CIRCULATIONAHA.119.045401#P1221_LV_TissueBlock,http://purl.org/ccf/1.5/60d98bd4-122b-485f-b55e-444065091e23,heart,UBERON:0000948,sc_bulk,https://purl.org/ccf/ASCTB-TEMP_nk,NK,2006.313678,0.002670427269998707
https://doi.org/10.1161/CIRCULATIONAHA.119.045401#P1221_LV_TissueBlock,http://purl.org/ccf/1.5/60d98bd4-122b-485f-b55e-444065091e23,heart,UBERON:0000948,sc_bulk,http://purl.obolibrary.org/obo/CL_0000623,natural killer cell,1510.155333,0.00201003463585876
https://doi.org/10.1161/CIRCULATIONAHA.119.045401#P1221_LV_TissueBlock,http://purl.org/ccf/1.5/60d98bd4-122b-485f-b55e-444065091e23,heart,UBERON:0000948,sc_bulk,http://purl.obolibrary.org/obo/CL_0000934,"CD4-positive, alpha-beta cytotoxic T cell",1406.983608,0.001872711847825209
https://doi.org/10.1161/CIRCULATIONAHA.119.045401#P1221_LV_TissueBlock,http://purl.org/ccf/1.5/60d98bd4-122b-485f-b55e-444065091e23,heart,UBERON:0000948,sc_bulk,http://purl.obolibrary.org/obo/CL_0002319,neural cell,1245.08367,0.00165722111265897
https://doi.org/10.1161/CIRCULATIONAHA.119.045401#P1221_LV_TissueBlock,http://purl.org/ccf/1.5/60d98bd4-122b-485f-b55e-444065091e23,heart,UBERON:0000948,sc_bulk,http://purl.obolibrary.org/obo/CL_0002397,"CD14-positive, CD16-positive monocyte",1133.793072,0.001509092008495198
https://doi.org/10.1161/CIRCULATIONAHA.119.045401#P1221_LV_TissueBlock,http://purl.org/ccf/1.5/60d98bd4-122b-485f-b55e-444065091e23,heart,UBERON:0000948,sc_bulk,https://purl.org/ccf/ASCTB-TEMP_t,T,1133.27559,0.001508403233823677
https://doi.org/10.1161/CIRCULATIONAHA.119.045401#P1221_LV_TissueBlock,http://purl.org/ccf/1.5/60d98bd4-122b-485f-b55e-444065091e23,heart,UBERON:0000948,sc_bulk,http://purl.obolibrary.org/obo/CL_1000309,epicardial adipocyte,972.381645,0.001294251487256322
https://doi.org/10.1161/CIRCULATIONAHA.119.045401#P1221_LV_TissueBlock,http://purl.org/ccf/1.5/60d98bd4-122b-485f-b55e-444065091e23,heart,UBERON:0000948,sc_bulk,http://purl.obolibrary.org/obo/CL_0000794,"CD8-positive, alpha-beta cytotoxic T cell",919.1219580000001,0.001223362213003767
https://doi.org/10.1161/CIRCULATIONAHA.119.045401#P1221_LV_TissueBlock,http://purl.org/ccf/1.5/60d98bd4-122b-485f-b55e-444065091e23,heart,UBERON:0000948,sc_bulk,http://purl.obolibrary.org/obo/CL_0000906,"activated CD8-positive, alpha-beta T cell",915.1868969999999,0.001218124600202371
https://doi.org/10.1161/CIRCULATIONAHA.119.045401#P1221_LV_TissueBlock,http://purl.org/ccf/1.5/60d98bd4-122b-485f-b55e-444065091e23,heart,UBERON:0000948,sc_bulk,https://purl.org/ccf/ASCTB-TEMP_adipocyte,Adipocyte,808.538652,0.001076174522869796
https://doi.org/10.1161/CIRCULATIONAHA.119.045401#P1221_LV_TissueBlock,http://purl.org/ccf/1.5/60d98bd4-122b-485f-b55e-444065091e23,heart,UBERON:0000948,sc_bulk,http://purl.obolibrary.org/obo/CL_0000097,mast cell,805.7764170000002,0.001072497955366404
https://doi.org/10.1161/CIRCULATIONAHA.119.045401#P1221_LV_TissueBlock,http://purl.org/ccf/1.5/60d98bd4-122b-485f-b55e-444065091e23,heart,UBERON:0000948,sc_bulk,https://purl.org/ccf/ASCTB-TEMP_neuronal,Neuronal,650.839509,8.662750956065452E-4
https://doi.org/10.1161/CIRCULATIONAHA.119.045401#P1221_LV_TissueBlock,http://purl.org/ccf/1.5/60d98bd4-122b-485f-b55e-444065091e23,heart,UBERON:0000948,sc_bulk,https://purl.org/ccf/ASCTB-TEMP_lymphatic-endothelial,Lymphatic Endothelial,641.3080500000001,8.535886107783864E-4
https://doi.org/10.1161/CIRCULATIONAHA.119.045401#P1221_LV_TissueBlock,http://purl.org/ccf/1.5/60d98bd4-122b-485f-b55e-444065091e23,heart,UBERON:0000948,sc_bulk,http://purl.obolibrary.org/obo/CL_0000814,mature NK T cell,633.4009649999999,8.430641869847716E-4
https://doi.org/10.1161/CIRCULATIONAHA.119.045401#P1221_LV_TissueBlock,http://purl.org/ccf/1.5/60d98bd4-122b-485f-b55e-444065091e23,heart,UBERON:0000948,sc_bulk,http://purl.obolibrary.org/obo/CL_0001054,CD14-positive monocyte,614.1692160000001,8.174665012676681E-4
https://doi.org/10.1161/CIRCULATIONAHA.119.045401#P1221_LV_TissueBlock,http://purl.org/ccf/1.5/60d98bd4-122b-485f-b55e-444065091e23,heart,UBERON:0000948,sc_bulk,https://purl.org/ccf/ASCTB-TEMP_mast,Mast,611.552835,8.13984067165902E-4
https://doi.org/10.1161/CIRCULATIONAHA.119.045401#P1221_LV_TissueBlock,http://purl.org/ccf/1.5/60d98bd4-122b-485f-b55e-444065091e23,heart,UBERON:0000948,sc_bulk,http://purl.obolibrary.org/obo/CL_0000576,monocyte,593.348058,7.89753293345177E-4
https://doi.org/10.1161/CIRCULATIONAHA.119.045401#P1221_LV_TissueBlock,http://purl.org/ccf/1.5/60d98bd4-122b-485f-b55e-444065091e23,heart,UBERON:0000948,sc_bulk,http://purl.obolibrary.org/obo/CL_0000896,"activated CD4-positive, alpha-beta T cell",464.4450900000002,6.181819160946798E-4
https://doi.org/10.1161/CIRCULATIONAHA.119.045401#P1221_LV_TissueBlock,http://purl.org/ccf/1.5/60d98bd4-122b-485f-b55e-444065091e23,heart,UBERON:0000948,sc_bulk,http://purl.obolibrary.org/obo/CL_0002138,endothelial cell of lymphatic vessel,372.891735,4.963233161495355E-4
https://doi.org/10.1161/CIRCULATIONAHA.119.045401#P1221_LV_TissueBlock,http://purl.org/ccf/1.5/60d98bd4-122b-485f-b55e-444065091e23,heart,UBERON:0000948,sc_bulk,http://purl.obolibrary.org/obo/CL_0000236,B cell,321.244434,4.275801467615275E-4
https://doi.org/10.1161/CIRCULATIONAHA.119.045401#P1221_LV_TissueBlock,http://purl.org/ccf/1.5/60d98bd4-122b-485f-b55e-444065091e23,heart,UBERON:0000948,sc_bulk,http://purl.obolibrary.org/obo/CL_0000451,dendritic cell,307.157535,4.088303173346468E-4
https://doi.org/10.1161/CIRCULATIONAHA.119.045401#P1221_LV_TissueBlock,http://purl.org/ccf/1.5/60d98bd4-122b-485f-b55e-444065091e23,heart,UBERON:0000948,sc_bulk,https://purl.org/ccf/ASCTB-TEMP_atrial-cardiomyocyte,Atrial Cardiomyocyte,207.5922,2.763076771084176E-4
https://doi.org/10.1161/CIRCULATIONAHA.119.045401#P1221_LV_TissueBlock,http://purl.org/ccf/1.5/60d98bd4-122b-485f-b55e-444065091e23,heart,UBERON:0000948,sc_bulk,https://purl.org/ccf/ASCTB-TEMP_endothelial,Endothelial,40.13982,5.342657587207035E-5
https://doi.org/10.1161/CIRCULATIONAHA.119.045401#P1221_LV_TissueBlock,http://purl.org/ccf/1.5/60d98bd4-122b-485f-b55e-444065091e23,heart,UBERON:0000948,sc_bulk,http://purl.obolibrary.org/obo/CL_0000077,mesothelial cell,34.08588,4.536871002376904E-5
https://doi.org/10.1161/CIRCULATIONAHA.119.045401#P1221_RA_TissueBlock,http://purl.org/ccf/1.5/e306f975-0649-40fe-96f8-43ac7a3a9a1d,heart,UBERON:0000948,sc_bulk,https://purl.org/ccf/ASCTB-TEMP_muscle,Muscle,4887.140184,0.1886987746624205
https://doi.org/10.1161/CIRCULATIONAHA.119.045401#P1221_RA_TissueBlock,http://purl.org/ccf/1.5/e306f975-0649-40fe-96f8-43ac7a3a9a1d,heart,UBERON:0000948,sc_bulk,https://purl.org/ccf/ASCTB-TEMP_fibroblast,Fibroblast,3691.731816,0.1425425184941804
https://doi.org/10.1161/CIRCULATIONAHA.119.045401#P1221_RA_TissueBlock,http://purl.org/ccf/1.5/e306f975-0649-40fe-96f8-43ac7a3a9a1d,heart,UBERON:0000948,sc_bulk,https://purl.org/ccf/ASCTB-TEMP_endothelial-cell,Endothelial cell,3061.317888,0.118201425080658
https://doi.org/10.1161/CIRCULATIONAHA.119.045401#P1221_RA_TissueBlock,http://purl.org/ccf/1.5/e306f975-0649-40fe-96f8-43ac7a3a9a1d,heart,UBERON:0000948,sc_bulk,http://purl.obolibrary.org/obo/CL_0000057,fibroblast,2926.239048,0.1129858571552135
https://doi.org/10.1161/CIRCULATIONAHA.119.045401#P1221_RA_TissueBlock,http://purl.org/ccf/1.5/e306f975-0649-40fe-96f8-43ac7a3a9a1d,heart,UBERON:0000948,sc_bulk,http://purl.obolibrary.org/obo/CL_0002129,regular atrial cardiac myocyte,2429.96112,0.0938239274008357
https://doi.org/10.1161/CIRCULATIONAHA.119.045401#P1221_RA_TissueBlock,http://purl.org/ccf/1.5/e306f975-0649-40fe-96f8-43ac7a3a9a1d,heart,UBERON:0000948,sc_bulk,https://purl.org/ccf/ASCTB-TEMP_immune-myeloid-,Immune (myeloid),2244.165264,0.08665011018983435
https://doi.org/10.1161/CIRCULATIONAHA.119.045401#P1221_RA_TissueBlock,http://purl.org/ccf/1.5/e306f975-0649-40fe-96f8-43ac7a3a9a1d,heart,UBERON:0000948,sc_bulk,http://purl.obolibrary.org/obo/CL_0000115,endothelial cell,990.502344,0.0382445707665535
https://doi.org/10.1161/CIRCULATIONAHA.119.045401#P1221_RA_TissueBlock,http://purl.org/ccf/1.5/e306f975-0649-40fe-96f8-43ac7a3a9a1d,heart,UBERON:0000948,sc_bulk,http://purl.obolibrary.org/obo/CL_0000669,pericyte,772.41924,0.02982410134067029
https://doi.org/10.1161/CIRCULATIONAHA.119.045401#P1221_RA_TissueBlock,http://purl.org/ccf/1.5/e306f975-0649-40fe-96f8-43ac7a3a9a1d,heart,UBERON:0000948,sc_bulk,http://purl.obolibrary.org/obo/CL_0000003,native cell,710.853408,0.02744696530158007
https://doi.org/10.1161/CIRCULATIONAHA.119.045401#P1221_RA_TissueBlock,http://purl.org/ccf/1.5/e306f975-0649-40fe-96f8-43ac7a3a9a1d,heart,UBERON:0000948,sc_bulk,http://purl.obolibrary.org/obo/CL_0002543,vein endothelial cell,476.221032,0.01838750717670704
https://doi.org/10.1161/CIRCULATIONAHA.119.045401#P1221_RA_TissueBlock,http://purl.org/ccf/1.5/e306f975-0649-40fe-96f8-43ac7a3a9a1d,heart,UBERON:0000948,sc_bulk,http://purl.obolibrary.org/obo/CL_0000235,macrophage,449.7541200000001,0.01736558562842633
https://doi.org/10.1161/CIRCULATIONAHA.119.045401#P1221_RA_TissueBlock,http://purl.org/ccf/1.5/e306f975-0649-40fe-96f8-43ac7a3a9a1d,heart,UBERON:0000948,sc_bulk,http://purl.obolibrary.org/obo/CL_0000192,smooth muscle cell,448.9382880000001,0.01733408530452844
https://doi.org/10.1161/CIRCULATIONAHA.119.045401#P1221_RA_TissueBlock,http://purl.org/ccf/1.5/e306f975-0649-40fe-96f8-43ac7a3a9a1d,heart,UBERON:0000948,sc_bulk,http://purl.obolibrary.org/obo/CL_0002144,capillary endothelial cell,427.758408,0.01651630286878378
https://doi.org/10.1161/CIRCULATIONAHA.119.045401#P1221_RA_TissueBlock,http://purl.org/ccf/1.5/e306f975-0649-40fe-96f8-43ac7a3a9a1d,heart,UBERON:0000948,sc_bulk,http://purl.obolibrary.org/obo/CL_1000413,endothelial cell of artery,393.2245440000001,0.01518290591763984
https://doi.org/10.1161/CIRCULATIONAHA.119.045401#P1221_RA_TissueBlock,http://purl.org/ccf/1.5/e306f975-0649-40fe-96f8-43ac7a3a9a1d,heart,UBERON:0000948,sc_bulk,https://purl.org/ccf/ASCTB-TEMP_immune-lymphocyte-,Immune (lymphocyte),259.185744,0.01000749527563947
https://doi.org/10.1161/CIRCULATIONAHA.119.045401#P1221_RA_TissueBlock,http://purl.org/ccf/1.5/e306f975-0649-40fe-96f8-43ac7a3a9a1d,heart,UBERON:0000948,sc_bulk,http://purl.obolibrary.org/obo/CL_0002319,neural cell,235.686024,0.009100140830717335
https://doi.org/10.1161/CIRCULATIONAHA.119.045401#P1221_RA_TissueBlock,http://purl.org/ccf/1.5/e306f975-0649-40fe-96f8-43ac7a3a9a1d,heart,UBERON:0000948,sc_bulk,http://purl.obolibrary.org/obo/CL_1000309,epicardial adipocyte,196.489152,0.007586699137103794
https://doi.org/10.1161/CIRCULATIONAHA.119.045401#P1221_RA_TissueBlock,http://purl.org/ccf/1.5/e306f975-0649-40fe-96f8-43ac7a3a9a1d,heart,UBERON:0000948,sc_bulk,http://purl.obolibrary.org/obo/CL_0000906,"activated CD8-positive, alpha-beta T cell",173.312136,0.006691804709100765
https://doi.org/10.1161/CIRCULATIONAHA.119.045401#P1221_RA_TissueBlock,http://purl.org/ccf/1.5/e306f975-0649-40fe-96f8-43ac7a3a9a1d,heart,UBERON:0000948,sc_bulk,http://purl.obolibrary.org/obo/CL_0000794,"CD8-positive, alpha-beta cytotoxic T cell",157.0752,0.006064875705201304
https://doi.org/10.1161/CIRCULATIONAHA.119.045401#P1221_RA_TissueBlock,http://purl.org/ccf/1.5/e306f975-0649-40fe-96f8-43ac7a3a9a1d,heart,UBERON:0000948,sc_bulk,https://purl.org/ccf/ASCTB-TEMP_glia,Glia,117.48564,0.004536271822324762
https://doi.org/10.1161/CIRCULATIONAHA.119.045401#P1221_RA_TissueBlock,http://purl.org/ccf/1.5/e306f975-0649-40fe-96f8-43ac7a3a9a1d,heart,UBERON:0000948,sc_bulk,http://purl.obolibrary.org/obo/CL_0000236,B cell,112.234896,0.004333533836189258
https://doi.org/10.1161/CIRCULATIONAHA.119.045401#P1221_RA_TissueBlock,http://purl.org/ccf/1.5/e306f975-0649-40fe-96f8-43ac7a3a9a1d,heart,UBERON:0000948,sc_bulk,http://purl.obolibrary.org/obo/CL_0002397,"CD14-positive, CD16-positive monocyte",111.570696,0.004307888219036489
https://doi.org/10.1161/CIRCULATIONAHA.119.045401#P1221_RA_TissueBlock,http://purl.org/ccf/1.5/e306f975-0649-40fe-96f8-43ac7a3a9a1d,heart,UBERON:0000948,sc_bulk,http://purl.obolibrary.org/obo/CL_0000623,natural killer cell,105.360912,0.004068120463743816
https://doi.org/10.1161/CIRCULATIONAHA.119.045401#P1221_RA_TissueBlock,http://purl.org/ccf/1.5/e306f975-0649-40fe-96f8-43ac7a3a9a1d,heart,UBERON:0000948,sc_bulk,http://purl.obolibrary.org/obo/CL_0001054,CD14-positive monocyte,100.156176,0.003867158905723283
https://doi.org/10.1161/CIRCULATIONAHA.119.045401#P1221_RA_TissueBlock,http://purl.org/ccf/1.5/e306f975-0649-40fe-96f8-43ac7a3a9a1d,heart,UBERON:0000948,sc_bulk,http://purl.obolibrary.org/obo/CL_0000934,"CD4-positive, alpha-beta cytotoxic T cell",92.77027199999999,0.003581979642984486
https://doi.org/10.1161/CIRCULATIONAHA.119.045401#P1221_RA_TissueBlock,http://purl.org/ccf/1.5/e306f975-0649-40fe-96f8-43ac7a3a9a1d,heart,UBERON:0000948,sc_bulk,https://purl.org/ccf/ASCTB-TEMP_adipocyte,Adipocyte,78.156576,0.003017726025394965
https://doi.org/10.1161/CIRCULATIONAHA.119.045401#P1221_RA_TissueBlock,http://purl.org/ccf/1.5/e306f975-0649-40fe-96f8-43ac7a3a9a1d,heart,UBERON:0000948,sc_bulk,http://purl.obolibrary.org/obo/CL_0000576,monocyte,64.982088,0.002509042081655495
https://doi.org/10.1161/CIRCULATIONAHA.119.045401#P1221_RA_TissueBlock,http://purl.org/ccf/1.5/e306f975-0649-40fe-96f8-43ac7a3a9a1d,heart,UBERON:0000948,sc_bulk,http://purl.obolibrary.org/obo/CL_0000077,mesothelial cell,63.033552,0.002433806597969272
https://doi.org/10.1161/CIRCULATIONAHA.119.045401#P1221_RA_TissueBlock,http://purl.org/ccf/1.5/e306f975-0649-40fe-96f8-43ac7a3a9a1d,heart,UBERON:0000948,sc_bulk,http://purl.obolibrary.org/obo/CL_0000814,mature NK T cell,39.064032,0.001508312570182984
https://doi.org/10.1161/CIRCULATIONAHA.119.045401#P1221_RA_TissueBlock,http://purl.org/ccf/1.5/e306f975-0649-40fe-96f8-43ac7a3a9a1d,heart,UBERON:0000948,sc_bulk,http://purl.obolibrary.org/obo/CL_0000896,"activated CD4-positive, alpha-beta T cell",36.7254,0.00141801497769094
https://doi.org/10.1161/CIRCULATIONAHA.119.045401#P1221_RA_TissueBlock,http://purl.org/ccf/1.5/e306f975-0649-40fe-96f8-43ac7a3a9a1d,heart,UBERON:0000948,sc_bulk,http://purl.obolibrary.org/obo/CL_0000451,dendritic cell,26.335368,0.001016842465078738
https://doi.org/10.1161/CIRCULATIONAHA.119.045401#P1221_RA_TissueBlock,http://purl.org/ccf/1.5/e306f975-0649-40fe-96f8-43ac7a3a9a1d,heart,UBERON:0000948,sc_bulk,http://purl.obolibrary.org/obo/CL_0000097,mast cell,13.76028,5.313021270624986E-4
https://doi.org/10.1161/CIRCULATIONAHA.119.045401#P1221_RA_TissueBlock,http://purl.org/ccf/1.5/e306f975-0649-40fe-96f8-43ac7a3a9a1d,heart,UBERON:0000948,sc_bulk,http://purl.obolibrary.org/obo/CL_0002138,endothelial cell of lymphatic vessel,5.551416000000001,2.143473191685626E-4
https://doi.org/10.1161/CIRCULATIONAHA.119.045401#P1221_RV_TissueBlock,http://purl.org/ccf/1.5/aefbf9c4-7f7f-494d-bdad-708aa232d02b,heart,UBERON:0000948,sc_bulk,http://purl.obolibrary.org/obo/CL_0002131,regular ventricular cardiac myocyte,30694.328145,0.2906960807811061
https://doi.org/10.1161/CIRCULATIONAHA.119.045401#P1221_RV_TissueBlock,http://purl.org/ccf/1.5/aefbf9c4-7f7f-494d-bdad-708aa232d02b,heart,UBERON:0000948,sc_bulk,http://purl.obolibrary.org/obo/CL_0000669,pericyte,13042.37443,0.1235201211432384
https://doi.org/10.1161/CIRCULATIONAHA.119.045401#P1221_RV_TissueBlock,http://purl.org/ccf/1.5/aefbf9c4-7f7f-494d-bdad-708aa232d02b,heart,UBERON:0000948,sc_bulk,https://purl.org/ccf/ASCTB-TEMP_fibroblast,Fibroblast,12599.26312,0.119323556860799
https://doi.org/10.1161/CIRCULATIONAHA.119.045401#P1221_RV_TissueBlock,http://purl.org/ccf/1.5/aefbf9c4-7f7f-494d-bdad-708aa232d02b,heart,UBERON:0000948,sc_bulk,http://purl.obolibrary.org/obo/CL_0002144,capillary endothelial cell,9102.63611,0.08620813035728929
https://doi.org/10.1161/CIRCULATIONAHA.119.045401#P1221_RV_TissueBlock,http://purl.org/ccf/1.5/aefbf9c4-7f7f-494d-bdad-708aa232d02b,heart,UBERON:0000948,sc_bulk,http://purl.obolibrary.org/obo/CL_0000057,fibroblast,8871.972224999998,0.08402358710778451
https://doi.org/10.1161/CIRCULATIONAHA.119.045401#P1221_RV_TissueBlock,http://purl.org/ccf/1.5/aefbf9c4-7f7f-494d-bdad-708aa232d02b,heart,UBERON:0000948,sc_bulk,https://purl.org/ccf/ASCTB-TEMP_ventricular-cardiomycoyte,Ventricular Cardiomycoyte,7151.97642,0.06773406165827925
https://doi.org/10.1161/CIRCULATIONAHA.119.045401#P1221_RV_TissueBlock,http://purl.org/ccf/1.5/aefbf9c4-7f7f-494d-bdad-708aa232d02b,heart,UBERON:0000948,sc_bulk,http://purl.obolibrary.org/obo/CL_0000003,native cell,6738.986744999999,0.06382276966457848
https://doi.org/10.1161/CIRCULATIONAHA.119.045401#P1221_RV_TissueBlock,http://purl.org/ccf/1.5/aefbf9c4-7f7f-494d-bdad-708aa232d02b,heart,UBERON:0000948,sc_bulk,http://purl.obolibrary.org/obo/CL_1000413,endothelial cell of artery,3132.92864,0.02967095655955043
https://doi.org/10.1161/CIRCULATIONAHA.119.045401#P1221_RV_TissueBlock,http://purl.org/ccf/1.5/aefbf9c4-7f7f-494d-bdad-708aa232d02b,heart,UBERON:0000948,sc_bulk,http://purl.obolibrary.org/obo/CL_0000192,smooth muscle cell,2229.95022,0.02111913921779588
https://doi.org/10.1161/CIRCULATIONAHA.119.045401#P1221_RV_TissueBlock,http://purl.org/ccf/1.5/aefbf9c4-7f7f-494d-bdad-708aa232d02b,heart,UBERON:0000948,sc_bulk,http://purl.obolibrary.org/obo/CL_0000235,macrophage,1954.09841,0.01850663570690092
https://doi.org/10.1161/CIRCULATIONAHA.119.045401#P1221_RV_TissueBlock,http://purl.org/ccf/1.5/aefbf9c4-7f7f-494d-bdad-708aa232d02b,heart,UBERON:0000948,sc_bulk,http://purl.obolibrary.org/obo/CL_0000115,endothelial cell,1459.77047,0.0138250152426978
https://doi.org/10.1161/CIRCULATIONAHA.119.045401#P1221_RV_TissueBlock,http://purl.org/ccf/1.5/aefbf9c4-7f7f-494d-bdad-708aa232d02b,heart,UBERON:0000948,sc_bulk,http://purl.obolibrary.org/obo/CL_0002543,vein endothelial cell,979.8222699999999,0.009279580657556913
https://doi.org/10.1161/CIRCULATIONAHA.119.045401#P1221_RV_TissueBlock,http://purl.org/ccf/1.5/aefbf9c4-7f7f-494d-bdad-708aa232d02b,heart,UBERON:0000948,sc_bulk,https://purl.org/ccf/ASCTB-TEMP_b,B,936.538775,0.008869656638384068
https://doi.org/10.1161/CIRCULATIONAHA.119.045401#P1221_RV_TissueBlock,http://purl.org/ccf/1.5/aefbf9c4-7f7f-494d-bdad-708aa232d02b,heart,UBERON:0000948,sc_bulk,http://purl.obolibrary.org/obo/CL_0000623,natural killer cell,499.34473,0.004729132864025412
https://doi.org/10.1161/CIRCULATIONAHA.119.045401#P1221_RV_TissueBlock,http://purl.org/ccf/1.5/aefbf9c4-7f7f-494d-bdad-708aa232d02b,heart,UBERON:0000948,sc_bulk,http://purl.obolibrary.org/obo/CL_0000934,"CD4-positive, alpha-beta cytotoxic T cell",483.519255,0.004579254895129429
https://doi.org/10.1161/CIRCULATIONAHA.119.045401#P1221_RV_TissueBlock,http://purl.org/ccf/1.5/aefbf9c4-7f7f-494d-bdad-708aa232d02b,heart,UBERON:0000948,sc_bulk,https://purl.org/ccf/ASCTB-TEMP_monocyte-cdc,Monocyte/cDC,450.74097,0.004268822331197311
https://doi.org/10.1161/CIRCULATIONAHA.119.045401#P1221_RV_TissueBlock,http://purl.org/ccf/1.5/aefbf9c4-7f7f-494d-bdad-708aa232d02b,heart,UBERON:0000948,sc_bulk,http://purl.obolibrary.org/obo/CL_0002397,"CD14-positive, CD16-positive monocyte",440.58003,0.004172591346075288
https://doi.org/10.1161/CIRCULATIONAHA.119.045401#P1221_RV_TissueBlock,http://purl.org/ccf/1.5/aefbf9c4-7f7f-494d-bdad-708aa232d02b,heart,UBERON:0000948,sc_bulk,http://purl.obolibrary.org/obo/CL_0002319,neural cell,437.29255,0.004141456683438864
https://doi.org/10.1161/CIRCULATIONAHA.119.045401#P1221_RV_TissueBlock,http://purl.org/ccf/1.5/aefbf9c4-7f7f-494d-bdad-708aa232d02b,heart,UBERON:0000948,sc_bulk,http://purl.obolibrary.org/obo/CL_0000906,"activated CD8-positive, alpha-beta T cell",408.126115,0.003865230785781026
https://doi.org/10.1161/CIRCULATIONAHA.119.045401#P1221_RV_TissueBlock,http://purl.org/ccf/1.5/aefbf9c4-7f7f-494d-bdad-708aa232d02b,heart,UBERON:0000948,sc_bulk,https://purl.org/ccf/ASCTB-TEMP_capillary-endothelial,Capillary Endothelial,346.458005,0.003281192008274885
https://doi.org/10.1161/CIRCULATIONAHA.119.045401#P1221_RV_TissueBlock,http://purl.org/ccf/1.5/aefbf9c4-7f7f-494d-bdad-708aa232d02b,heart,UBERON:0000948,sc_bulk,https://purl.org/ccf/ASCTB-TEMP_pericyte,Pericyte,332.5389500000001,0.003149369128244336
https://doi.org/10.1161/CIRCULATIONAHA.119.045401#P1221_RV_TissueBlock,http://purl.org/ccf/1.5/aefbf9c4-7f7f-494d-bdad-708aa232d02b,heart,UBERON:0000948,sc_bulk,http://purl.obolibrary.org/obo/CL_1000309,epicardial adipocyte,328.313185,0.003109348271035832
https://doi.org/10.1161/CIRCULATIONAHA.119.045401#P1221_RV_TissueBlock,http://purl.org/ccf/1.5/aefbf9c4-7f7f-494d-bdad-708aa232d02b,heart,UBERON:0000948,sc_bulk,https://purl.org/ccf/ASCTB-TEMP_macrophage,Macrophage,326.154035,0.003088899657863605
https://doi.org/10.1161/CIRCULATIONAHA.119.045401#P1221_RV_TissueBlock,http://purl.org/ccf/1.5/aefbf9c4-7f7f-494d-bdad-708aa232d02b,heart,UBERON:0000948,sc_bulk,http://purl.obolibrary.org/obo/CL_0000794,"CD8-positive, alpha-beta cytotoxic T cell",320.68651,0.003037118492250061
https://doi.org/10.1161/CIRCULATIONAHA.119.045401#P1221_RV_TissueBlock,http://purl.org/ccf/1.5/aefbf9c4-7f7f-494d-bdad-708aa232d02b,heart,UBERON:0000948,sc_bulk,http://purl.obolibrary.org/obo/CL_0000576,monocyte,264.822235,0.002508045963883829
https://doi.org/10.1161/CIRCULATIONAHA.119.045401#P1221_RV_TissueBlock,http://purl.org/ccf/1.5/aefbf9c4-7f7f-494d-bdad-708aa232d02b,heart,UBERON:0000948,sc_bulk,http://purl.obolibrary.org/obo/CL_0001054,CD14-positive monocyte,247.36496,0.002342713743558145
https://doi.org/10.1161/CIRCULATIONAHA.119.045401#P1221_RV_TissueBlock,http://purl.org/ccf/1.5/aefbf9c4-7f7f-494d-bdad-708aa232d02b,heart,UBERON:0000948,sc_bulk,http://purl.obolibrary.org/obo/CL_0000097,mast cell,219.57461,0.002079520303051086
https://doi.org/10.1161/CIRCULATIONAHA.119.045401#P1221_RV_TissueBlock,http://purl.org/ccf/1.5/aefbf9c4-7f7f-494d-bdad-708aa232d02b,heart,UBERON:0000948,sc_bulk,https://purl.org/ccf/ASCTB-TEMP_mesothelial,Mesothelial,213.4275,0.002021303007116513
https://doi.org/10.1161/CIRCULATIONAHA.119.045401#P1221_RV_TissueBlock,http://purl.org/ccf/1.5/aefbf9c4-7f7f-494d-bdad-708aa232d02b,heart,UBERON:0000948,sc_bulk,http://purl.obolibrary.org/obo/CL_0000814,mature NK T cell,192.38723,0.001822037396913782
https://doi.org/10.1161/CIRCULATIONAHA.119.045401#P1221_RV_TissueBlock,http://purl.org/ccf/1.5/aefbf9c4-7f7f-494d-bdad-708aa232d02b,heart,UBERON:0000948,sc_bulk,http://purl.obolibrary.org/obo/CL_0000451,dendritic cell,144.274005,0.001366372562838635
https://doi.org/10.1161/CIRCULATIONAHA.119.045401#P1221_RV_TissueBlock,http://purl.org/ccf/1.5/aefbf9c4-7f7f-494d-bdad-708aa232d02b,heart,UBERON:0000948,sc_bulk,http://purl.obolibrary.org/obo/CL_0002138,endothelial cell of lymphatic vessel,133.488205,0.001264223730217922
https://doi.org/10.1161/CIRCULATIONAHA.119.045401#P1221_RV_TissueBlock,http://purl.org/ccf/1.5/aefbf9c4-7f7f-494d-bdad-708aa232d02b,heart,UBERON:0000948,sc_bulk,http://purl.obolibrary.org/obo/CL_0000236,B cell,116.3354,0.001101775047049244
https://doi.org/10.1161/CIRCULATIONAHA.119.045401#P1221_RV_TissueBlock,http://purl.org/ccf/1.5/aefbf9c4-7f7f-494d-bdad-708aa232d02b,heart,UBERON:0000948,sc_bulk,https://purl.org/ccf/ASCTB-TEMP_nk,NK,114.72549,0.001086528108748477
https://doi.org/10.1161/CIRCULATIONAHA.119.045401#P1221_RV_TissueBlock,http://purl.org/ccf/1.5/aefbf9c4-7f7f-494d-bdad-708aa232d02b,heart,UBERON:0000948,sc_bulk,http://purl.obolibrary.org/obo/CL_0000896,"activated CD4-positive, alpha-beta T cell",112.86683,0.001068925339437084
https://doi.org/10.1161/CIRCULATIONAHA.119.045401#P1221_RV_TissueBlock,http://purl.org/ccf/1.5/aefbf9c4-7f7f-494d-bdad-708aa232d02b,heart,UBERON:0000948,sc_bulk,https://purl.org/ccf/ASCTB-TEMP_smooth-muscle,Smooth Muscle,107.695815,0.001019952324388205
https://doi.org/10.1161/CIRCULATIONAHA.119.045401#P1221_RV_TissueBlock,http://purl.org/ccf/1.5/aefbf9c4-7f7f-494d-bdad-708aa232d02b,heart,UBERON:0000948,sc_bulk,https://purl.org/ccf/ASCTB-TEMP_venous-endothelial,Venous Endothelial,89.10125500000001,8.438492446819425E-4
https://doi.org/10.1161/CIRCULATIONAHA.119.045401#P1221_RV_TissueBlock,http://purl.org/ccf/1.5/aefbf9c4-7f7f-494d-bdad-708aa232d02b,heart,UBERON:0000948,sc_bulk,https://purl.org/ccf/ASCTB-TEMP_arterial-endothelial,Arterial Endothelial,81.220855,7.692165182653328E-4
https://doi.org/10.1161/CIRCULATIONAHA.119.045401#P1221_RV_TissueBlock,http://purl.org/ccf/1.5/aefbf9c4-7f7f-494d-bdad-708aa232d02b,heart,UBERON:0000948,sc_bulk,https://purl.org/ccf/ASCTB-TEMP_t,T,67.21125500000001,6.365361157469156E-4
https://doi.org/10.1161/CIRCULATIONAHA.119.045401#P1221_RV_TissueBlock,http://purl.org/ccf/1.5/aefbf9c4-7f7f-494d-bdad-708aa232d02b,heart,UBERON:0000948,sc_bulk,https://purl.org/ccf/ASCTB-TEMP_endocardial,Endocardial,65.398365,6.193668193414782E-4
https://doi.org/10.1161/CIRCULATIONAHA.119.045401#P1221_RV_TissueBlock,http://purl.org/ccf/1.5/aefbf9c4-7f7f-494d-bdad-708aa232d02b,heart,UBERON:0000948,sc_bulk,https://purl.org/ccf/ASCTB-TEMP_lymphatic-endothelial,Lymphatic Endothelial,47.24061,4.474005788898734E-4
https://doi.org/10.1161/CIRCULATIONAHA.119.045401#P1221_RV_TissueBlock,http://purl.org/ccf/1.5/aefbf9c4-7f7f-494d-bdad-708aa232d02b,heart,UBERON:0000948,sc_bulk,https://purl.org/ccf/ASCTB-TEMP_mast,Mast,43.79393,4.147581844066491E-4
https://doi.org/10.1161/CIRCULATIONAHA.119.045401#P1221_RV_TissueBlock,http://purl.org/ccf/1.5/aefbf9c4-7f7f-494d-bdad-708aa232d02b,heart,UBERON:0000948,sc_bulk,https://purl.org/ccf/ASCTB-TEMP_adipocyte,Adipocyte,21.331805,2.020266441471838E-4
https://doi.org/10.1161/CIRCULATIONAHA.119.045401#P1221_RV_TissueBlock,http://purl.org/ccf/1.5/aefbf9c4-7f7f-494d-bdad-708aa232d02b,heart,UBERON:0000948,sc_bulk,http://purl.obolibrary.org/obo/CL_0000077,mesothelial cell,15.43245,1.46155755899194E-4
https://doi.org/10.1161/CIRCULATIONAHA.119.045401#P1221_RV_TissueBlock,http://purl.org/ccf/1.5/aefbf9c4-7f7f-494d-bdad-708aa232d02b,heart,UBERON:0000948,sc_bulk,https://purl.org/ccf/ASCTB-TEMP_neuronal,Neuronal,13.915075,1.317851867343797E-4
https://doi.org/10.1161/CIRCULATIONAHA.119.045401#P1221_RV_TissueBlock,http://purl.org/ccf/1.5/aefbf9c4-7f7f-494d-bdad-708aa232d02b,heart,UBERON:0000948,sc_bulk,https://purl.org/ccf/ASCTB-TEMP_atrial-cardiomyocyte,Atrial Cardiomyocyte,8.902265,8.431048020825849E-5
https://doi.org/10.1161/CIRCULATIONAHA.119.045401#P1221_RV_TissueBlock,http://purl.org/ccf/1.5/aefbf9c4-7f7f-494d-bdad-708aa232d02b,heart,UBERON:0000948,sc_bulk,https://purl.org/ccf/ASCTB-TEMP_endothelial,Endothelial,0.15721,1.488885198715194E-6
https://doi.org/10.1161/CIRCULATIONAHA.119.045401#P1600_LA_TissueBlock,http://purl.org/ccf/1.5/817b4f43-5cb7-47c7-8e5d-db6e2d52fa68,heart,UBERON:0000948,sc_bulk,http://purl.obolibrary.org/obo/CL_0000669,pericyte,2262.258567,0.1796743913592813
https://doi.org/10.1161/CIRCULATIONAHA.119.045401#P1600_LA_TissueBlock,http://purl.org/ccf/1.5/817b4f43-5cb7-47c7-8e5d-db6e2d52fa68,heart,UBERON:0000948,sc_bulk,http://purl.obolibrary.org/obo/CL_0002129,regular atrial cardiac myocyte,2073.315888,0.1646680780464154
https://doi.org/10.1161/CIRCULATIONAHA.119.045401#P1600_LA_TissueBlock,http://purl.org/ccf/1.5/817b4f43-5cb7-47c7-8e5d-db6e2d52fa68,heart,UBERON:0000948,sc_bulk,http://purl.obolibrary.org/obo/CL_0000057,fibroblast,1982.543049,0.1574586658080489
https://doi.org/10.1161/CIRCULATIONAHA.119.045401#P1600_LA_TissueBlock,http://purl.org/ccf/1.5/817b4f43-5cb7-47c7-8e5d-db6e2d52fa68,heart,UBERON:0000948,sc_bulk,http://purl.obolibrary.org/obo/CL_0002144,capillary endothelial cell,1559.623419,0.1238693015229087
https://doi.org/10.1161/CIRCULATIONAHA.119.045401#P1600_LA_TissueBlock,http://purl.org/ccf/1.5/817b4f43-5cb7-47c7-8e5d-db6e2d52fa68,heart,UBERON:0000948,sc_bulk,http://purl.obolibrary.org/obo/CL_0000235,macrophage,691.995429,0.05496005600007955
https://doi.org/10.1161/CIRCULATIONAHA.119.045401#P1600_LA_TissueBlock,http://purl.org/ccf/1.5/817b4f43-5cb7-47c7-8e5d-db6e2d52fa68,heart,UBERON:0000948,sc_bulk,http://purl.obolibrary.org/obo/CL_0000003,native cell,636.590889,0.05055968499552102
https://doi.org/10.1161/CIRCULATIONAHA.119.045401#P1600_LA_TissueBlock,http://purl.org/ccf/1.5/817b4f43-5cb7-47c7-8e5d-db6e2d52fa68,heart,UBERON:0000948,sc_bulk,http://purl.obolibrary.org/obo/CL_0000192,smooth muscle cell,579.8069459999999,0.04604975825843945
https://doi.org/10.1161/CIRCULATIONAHA.119.045401#P1600_LA_TissueBlock,http://purl.org/ccf/1.5/817b4f43-5cb7-47c7-8e5d-db6e2d52fa68,heart,UBERON:0000948,sc_bulk,http://purl.obolibrary.org/obo/CL_0000115,endothelial cell,437.221683,0.03472527010309057
https://doi.org/10.1161/CIRCULATIONAHA.119.045401#P1600_LA_TissueBlock,http://purl.org/ccf/1.5/817b4f43-5cb7-47c7-8e5d-db6e2d52fa68,heart,UBERON:0000948,sc_bulk,http://purl.obolibrary.org/obo/CL_1000413,endothelial cell of artery,391.9001939999999,0.03112572093114511
https://doi.org/10.1161/CIRCULATIONAHA.119.045401#P1600_LA_TissueBlock,http://purl.org/ccf/1.5/817b4f43-5cb7-47c7-8e5d-db6e2d52fa68,heart,UBERON:0000948,sc_bulk,http://purl.obolibrary.org/obo/CL_0002543,vein endothelial cell,344.3389199999999,0.02734828227630809
https://doi.org/10.1161/CIRCULATIONAHA.119.045401#P1600_LA_TissueBlock,http://purl.org/ccf/1.5/817b4f43-5cb7-47c7-8e5d-db6e2d52fa68,heart,UBERON:0000948,sc_bulk,http://purl.obolibrary.org/obo/CL_1000309,epicardial adipocyte,260.599725,0.02069750012699193
https://doi.org/10.1161/CIRCULATIONAHA.119.045401#P1600_LA_TissueBlock,http://purl.org/ccf/1.5/817b4f43-5cb7-47c7-8e5d-db6e2d52fa68,heart,UBERON:0000948,sc_bulk,http://purl.obolibrary.org/obo/CL_0000794,"CD8-positive, alpha-beta cytotoxic T cell",186.502392,0.01481249944567017
https://doi.org/10.1161/CIRCULATIONAHA.119.045401#P1600_LA_TissueBlock,http://purl.org/ccf/1.5/817b4f43-5cb7-47c7-8e5d-db6e2d52fa68,heart,UBERON:0000948,sc_bulk,http://purl.obolibrary.org/obo/CL_0002319,neural cell,173.600892,0.01378782914761676
https://doi.org/10.1161/CIRCULATIONAHA.119.045401#P1600_LA_TissueBlock,http://purl.org/ccf/1.5/817b4f43-5cb7-47c7-8e5d-db6e2d52fa68,heart,UBERON:0000948,sc_bulk,http://purl.obolibrary.org/obo/CL_0002397,"CD14-positive, CD16-positive monocyte",158.883876,0.01261896590139138
https://doi.org/10.1161/CIRCULATIONAHA.119.045401#P1600_LA_TissueBlock,http://purl.org/ccf/1.5/817b4f43-5cb7-47c7-8e5d-db6e2d52fa68,heart,UBERON:0000948,sc_bulk,http://purl.obolibrary.org/obo/CL_0000906,"activated CD8-positive, alpha-beta T cell",154.714788,0.01228784621425648
https://doi.org/10.1161/CIRCULATIONAHA.119.045401#P1600_LA_TissueBlock,http://purl.org/ccf/1.5/817b4f43-5cb7-47c7-8e5d-db6e2d52fa68,heart,UBERON:0000948,sc_bulk,http://purl.obolibrary.org/obo/CL_0000623,natural killer cell,122.969484,0.009766552557590501
https://doi.org/10.1161/CIRCULATIONAHA.119.045401#P1600_LA_TissueBlock,http://purl.org/ccf/1.5/817b4f43-5cb7-47c7-8e5d-db6e2d52fa68,heart,UBERON:0000948,sc_bulk,http://purl.obolibrary.org/obo/CL_0000934,"CD4-positive, alpha-beta cytotoxic T cell",98.61568199999999,0.00783231099234044
https://doi.org/10.1161/CIRCULATIONAHA.119.045401#P1600_LA_TissueBlock,http://purl.org/ccf/1.5/817b4f43-5cb7-47c7-8e5d-db6e2d52fa68,heart,UBERON:0000948,sc_bulk,http://purl.obolibrary.org/obo/CL_0000077,mesothelial cell,92.44664999999998,0.007342350611133522
https://doi.org/10.1161/CIRCULATIONAHA.119.045401#P1600_LA_TissueBlock,http://purl.org/ccf/1.5/817b4f43-5cb7-47c7-8e5d-db6e2d52fa68,heart,UBERON:0000948,sc_bulk,http://purl.obolibrary.org/obo/CL_0000576,monocyte,73.489482,0.005836723592197079
https://doi.org/10.1161/CIRCULATIONAHA.119.045401#P1600_LA_TissueBlock,http://purl.org/ccf/1.5/817b4f43-5cb7-47c7-8e5d-db6e2d52fa68,heart,UBERON:0000948,sc_bulk,http://purl.obolibrary.org/obo/CL_0000814,mature NK T cell,61.90689599999999,0.004916804834777458
https://doi.org/10.1161/CIRCULATIONAHA.119.045401#P1600_LA_TissueBlock,http://purl.org/ccf/1.5/817b4f43-5cb7-47c7-8e5d-db6e2d52fa68,heart,UBERON:0000948,sc_bulk,http://purl.obolibrary.org/obo/CL_0001054,CD14-positive monocyte,57.54745799999999,0.004570567061277837
https://doi.org/10.1161/CIRCULATIONAHA.119.045401#P1600_LA_TissueBlock,http://purl.org/ccf/1.5/817b4f43-5cb7-47c7-8e5d-db6e2d52fa68,heart,UBERON:0000948,sc_bulk,http://purl.obolibrary.org/obo/CL_0000097,mast cell,45.84896999999999,0.003641443069049474
https://doi.org/10.1161/CIRCULATIONAHA.119.045401#P1600_LA_TissueBlock,http://purl.org/ccf/1.5/817b4f43-5cb7-47c7-8e5d-db6e2d52fa68,heart,UBERON:0000948,sc_bulk,http://purl.obolibrary.org/obo/CL_0000236,B cell,45.71276399999999,0.003630625238361828
https://doi.org/10.1161/CIRCULATIONAHA.119.045401#P1600_LA_TissueBlock,http://purl.org/ccf/1.5/817b4f43-5cb7-47c7-8e5d-db6e2d52fa68,heart,UBERON:0000948,sc_bulk,http://purl.obolibrary.org/obo/CL_0000896,"activated CD4-positive, alpha-beta T cell",39.54542399999999,0.003140799240144822
https://doi.org/10.1161/CIRCULATIONAHA.119.045401#P1600_LA_TissueBlock,http://purl.org/ccf/1.5/817b4f43-5cb7-47c7-8e5d-db6e2d52fa68,heart,UBERON:0000948,sc_bulk,http://purl.obolibrary.org/obo/CL_0000451,dendritic cell,35.72361899999999,0.002837261661688672
https://doi.org/10.1161/CIRCULATIONAHA.119.045401#P1600_LA_TissueBlock,http://purl.org/ccf/1.5/817b4f43-5cb7-47c7-8e5d-db6e2d52fa68,heart,UBERON:0000948,sc_bulk,http://purl.obolibrary.org/obo/CL_0002138,endothelial cell of lymphatic vessel,23.17617,0.001840711004273648
https://doi.org/10.1161/CIRCULATIONAHA.119.045401#P1600_RA_TissueBlock,http://purl.org/ccf/1.5/e306f975-0649-40fe-96f8-43ac7a3a9a1d,heart,UBERON:0000948,sc_bulk,https://purl.org/ccf/ASCTB-TEMP_muscle,Muscle,4887.140184,0.1886987746624205
https://doi.org/10.1161/CIRCULATIONAHA.119.045401#P1600_RA_TissueBlock,http://purl.org/ccf/1.5/e306f975-0649-40fe-96f8-43ac7a3a9a1d,heart,UBERON:0000948,sc_bulk,https://purl.org/ccf/ASCTB-TEMP_fibroblast,Fibroblast,3691.731816,0.1425425184941804
https://doi.org/10.1161/CIRCULATIONAHA.119.045401#P1600_RA_TissueBlock,http://purl.org/ccf/1.5/e306f975-0649-40fe-96f8-43ac7a3a9a1d,heart,UBERON:0000948,sc_bulk,https://purl.org/ccf/ASCTB-TEMP_endothelial-cell,Endothelial cell,3061.317888,0.118201425080658
https://doi.org/10.1161/CIRCULATIONAHA.119.045401#P1600_RA_TissueBlock,http://purl.org/ccf/1.5/e306f975-0649-40fe-96f8-43ac7a3a9a1d,heart,UBERON:0000948,sc_bulk,http://purl.obolibrary.org/obo/CL_0000057,fibroblast,2926.239048,0.1129858571552135
https://doi.org/10.1161/CIRCULATIONAHA.119.045401#P1600_RA_TissueBlock,http://purl.org/ccf/1.5/e306f975-0649-40fe-96f8-43ac7a3a9a1d,heart,UBERON:0000948,sc_bulk,http://purl.obolibrary.org/obo/CL_0002129,regular atrial cardiac myocyte,2429.96112,0.0938239274008357
https://doi.org/10.1161/CIRCULATIONAHA.119.045401#P1600_RA_TissueBlock,http://purl.org/ccf/1.5/e306f975-0649-40fe-96f8-43ac7a3a9a1d,heart,UBERON:0000948,sc_bulk,https://purl.org/ccf/ASCTB-TEMP_immune-myeloid-,Immune (myeloid),2244.165264,0.08665011018983435
https://doi.org/10.1161/CIRCULATIONAHA.119.045401#P1600_RA_TissueBlock,http://purl.org/ccf/1.5/e306f975-0649-40fe-96f8-43ac7a3a9a1d,heart,UBERON:0000948,sc_bulk,http://purl.obolibrary.org/obo/CL_0000115,endothelial cell,990.502344,0.0382445707665535
https://doi.org/10.1161/CIRCULATIONAHA.119.045401#P1600_RA_TissueBlock,http://purl.org/ccf/1.5/e306f975-0649-40fe-96f8-43ac7a3a9a1d,heart,UBERON:0000948,sc_bulk,http://purl.obolibrary.org/obo/CL_0000669,pericyte,772.41924,0.02982410134067029
https://doi.org/10.1161/CIRCULATIONAHA.119.045401#P1600_RA_TissueBlock,http://purl.org/ccf/1.5/e306f975-0649-40fe-96f8-43ac7a3a9a1d,heart,UBERON:0000948,sc_bulk,http://purl.obolibrary.org/obo/CL_0000003,native cell,710.853408,0.02744696530158007
https://doi.org/10.1161/CIRCULATIONAHA.119.045401#P1600_RA_TissueBlock,http://purl.org/ccf/1.5/e306f975-0649-40fe-96f8-43ac7a3a9a1d,heart,UBERON:0000948,sc_bulk,http://purl.obolibrary.org/obo/CL_0002543,vein endothelial cell,476.221032,0.01838750717670704
https://doi.org/10.1161/CIRCULATIONAHA.119.045401#P1600_RA_TissueBlock,http://purl.org/ccf/1.5/e306f975-0649-40fe-96f8-43ac7a3a9a1d,heart,UBERON:0000948,sc_bulk,http://purl.obolibrary.org/obo/CL_0000235,macrophage,449.7541200000001,0.01736558562842633
https://doi.org/10.1161/CIRCULATIONAHA.119.045401#P1600_RA_TissueBlock,http://purl.org/ccf/1.5/e306f975-0649-40fe-96f8-43ac7a3a9a1d,heart,UBERON:0000948,sc_bulk,http://purl.obolibrary.org/obo/CL_0000192,smooth muscle cell,448.9382880000001,0.01733408530452844
https://doi.org/10.1161/CIRCULATIONAHA.119.045401#P1600_RA_TissueBlock,http://purl.org/ccf/1.5/e306f975-0649-40fe-96f8-43ac7a3a9a1d,heart,UBERON:0000948,sc_bulk,http://purl.obolibrary.org/obo/CL_0002144,capillary endothelial cell,427.758408,0.01651630286878378
https://doi.org/10.1161/CIRCULATIONAHA.119.045401#P1600_RA_TissueBlock,http://purl.org/ccf/1.5/e306f975-0649-40fe-96f8-43ac7a3a9a1d,heart,UBERON:0000948,sc_bulk,http://purl.obolibrary.org/obo/CL_1000413,endothelial cell of artery,393.2245440000001,0.01518290591763984
https://doi.org/10.1161/CIRCULATIONAHA.119.045401#P1600_RA_TissueBlock,http://purl.org/ccf/1.5/e306f975-0649-40fe-96f8-43ac7a3a9a1d,heart,UBERON:0000948,sc_bulk,https://purl.org/ccf/ASCTB-TEMP_immune-lymphocyte-,Immune (lymphocyte),259.185744,0.01000749527563947
https://doi.org/10.1161/CIRCULATIONAHA.119.045401#P1600_RA_TissueBlock,http://purl.org/ccf/1.5/e306f975-0649-40fe-96f8-43ac7a3a9a1d,heart,UBERON:0000948,sc_bulk,http://purl.obolibrary.org/obo/CL_0002319,neural cell,235.686024,0.009100140830717335
https://doi.org/10.1161/CIRCULATIONAHA.119.045401#P1600_RA_TissueBlock,http://purl.org/ccf/1.5/e306f975-0649-40fe-96f8-43ac7a3a9a1d,heart,UBERON:0000948,sc_bulk,http://purl.obolibrary.org/obo/CL_1000309,epicardial adipocyte,196.489152,0.007586699137103794
https://doi.org/10.1161/CIRCULATIONAHA.119.045401#P1600_RA_TissueBlock,http://purl.org/ccf/1.5/e306f975-0649-40fe-96f8-43ac7a3a9a1d,heart,UBERON:0000948,sc_bulk,http://purl.obolibrary.org/obo/CL_0000906,"activated CD8-positive, alpha-beta T cell",173.312136,0.006691804709100765
https://doi.org/10.1161/CIRCULATIONAHA.119.045401#P1600_RA_TissueBlock,http://purl.org/ccf/1.5/e306f975-0649-40fe-96f8-43ac7a3a9a1d,heart,UBERON:0000948,sc_bulk,http://purl.obolibrary.org/obo/CL_0000794,"CD8-positive, alpha-beta cytotoxic T cell",157.0752,0.006064875705201304
https://doi.org/10.1161/CIRCULATIONAHA.119.045401#P1600_RA_TissueBlock,http://purl.org/ccf/1.5/e306f975-0649-40fe-96f8-43ac7a3a9a1d,heart,UBERON:0000948,sc_bulk,https://purl.org/ccf/ASCTB-TEMP_glia,Glia,117.48564,0.004536271822324762
https://doi.org/10.1161/CIRCULATIONAHA.119.045401#P1600_RA_TissueBlock,http://purl.org/ccf/1.5/e306f975-0649-40fe-96f8-43ac7a3a9a1d,heart,UBERON:0000948,sc_bulk,http://purl.obolibrary.org/obo/CL_0000236,B cell,112.234896,0.004333533836189258
https://doi.org/10.1161/CIRCULATIONAHA.119.045401#P1600_RA_TissueBlock,http://purl.org/ccf/1.5/e306f975-0649-40fe-96f8-43ac7a3a9a1d,heart,UBERON:0000948,sc_bulk,http://purl.obolibrary.org/obo/CL_0002397,"CD14-positive, CD16-positive monocyte",111.570696,0.004307888219036489
https://doi.org/10.1161/CIRCULATIONAHA.119.045401#P1600_RA_TissueBlock,http://purl.org/ccf/1.5/e306f975-0649-40fe-96f8-43ac7a3a9a1d,heart,UBERON:0000948,sc_bulk,http://purl.obolibrary.org/obo/CL_0000623,natural killer cell,105.360912,0.004068120463743816
https://doi.org/10.1161/CIRCULATIONAHA.119.045401#P1600_RA_TissueBlock,http://purl.org/ccf/1.5/e306f975-0649-40fe-96f8-43ac7a3a9a1d,heart,UBERON:0000948,sc_bulk,http://purl.obolibrary.org/obo/CL_0001054,CD14-positive monocyte,100.156176,0.003867158905723283
https://doi.org/10.1161/CIRCULATIONAHA.119.045401#P1600_RA_TissueBlock,http://purl.org/ccf/1.5/e306f975-0649-40fe-96f8-43ac7a3a9a1d,heart,UBERON:0000948,sc_bulk,http://purl.obolibrary.org/obo/CL_0000934,"CD4-positive, alpha-beta cytotoxic T cell",92.77027199999999,0.003581979642984486
https://doi.org/10.1161/CIRCULATIONAHA.119.045401#P1600_RA_TissueBlock,http://purl.org/ccf/1.5/e306f975-0649-40fe-96f8-43ac7a3a9a1d,heart,UBERON:0000948,sc_bulk,https://purl.org/ccf/ASCTB-TEMP_adipocyte,Adipocyte,78.156576,0.003017726025394965
https://doi.org/10.1161/CIRCULATIONAHA.119.045401#P1600_RA_TissueBlock,http://purl.org/ccf/1.5/e306f975-0649-40fe-96f8-43ac7a3a9a1d,heart,UBERON:0000948,sc_bulk,http://purl.obolibrary.org/obo/CL_0000576,monocyte,64.982088,0.002509042081655495
https://doi.org/10.1161/CIRCULATIONAHA.119.045401#P1600_RA_TissueBlock,http://purl.org/ccf/1.5/e306f975-0649-40fe-96f8-43ac7a3a9a1d,heart,UBERON:0000948,sc_bulk,http://purl.obolibrary.org/obo/CL_0000077,mesothelial cell,63.033552,0.002433806597969272
https://doi.org/10.1161/CIRCULATIONAHA.119.045401#P1600_RA_TissueBlock,http://purl.org/ccf/1.5/e306f975-0649-40fe-96f8-43ac7a3a9a1d,heart,UBERON:0000948,sc_bulk,http://purl.obolibrary.org/obo/CL_0000814,mature NK T cell,39.064032,0.001508312570182984
https://doi.org/10.1161/CIRCULATIONAHA.119.045401#P1600_RA_TissueBlock,http://purl.org/ccf/1.5/e306f975-0649-40fe-96f8-43ac7a3a9a1d,heart,UBERON:0000948,sc_bulk,http://purl.obolibrary.org/obo/CL_0000896,"activated CD4-positive, alpha-beta T cell",36.7254,0.00141801497769094
https://doi.org/10.1161/CIRCULATIONAHA.119.045401#P1600_RA_TissueBlock,http://purl.org/ccf/1.5/e306f975-0649-40fe-96f8-43ac7a3a9a1d,heart,UBERON:0000948,sc_bulk,http://purl.obolibrary.org/obo/CL_0000451,dendritic cell,26.335368,0.001016842465078738
https://doi.org/10.1161/CIRCULATIONAHA.119.045401#P1600_RA_TissueBlock,http://purl.org/ccf/1.5/e306f975-0649-40fe-96f8-43ac7a3a9a1d,heart,UBERON:0000948,sc_bulk,http://purl.obolibrary.org/obo/CL_0000097,mast cell,13.76028,5.313021270624986E-4
https://doi.org/10.1161/CIRCULATIONAHA.119.045401#P1600_RA_TissueBlock,http://purl.org/ccf/1.5/e306f975-0649-40fe-96f8-43ac7a3a9a1d,heart,UBERON:0000948,sc_bulk,http://purl.obolibrary.org/obo/CL_0002138,endothelial cell of lymphatic vessel,5.551416000000001,2.143473191685626E-4
https://doi.org/10.1161/CIRCULATIONAHA.119.045401#P1666_LA_TissueBlock,http://purl.org/ccf/1.5/3db43e49-5b7f-4806-a772-07a1ccfd49a8,heart,UBERON:0000948,sc_bulk,http://purl.obolibrary.org/obo/CL_0000669,pericyte,5310.692097,0.1796743913592813
https://doi.org/10.1161/CIRCULATIONAHA.119.045401#P1666_LA_TissueBlock,http://purl.org/ccf/1.5/3db43e49-5b7f-4806-a772-07a1ccfd49a8,heart,UBERON:0000948,sc_bulk,http://purl.obolibrary.org/obo/CL_0002129,regular atrial cardiac myocyte,4867.145808,0.1646680780464154
https://doi.org/10.1161/CIRCULATIONAHA.119.045401#P1666_LA_TissueBlock,http://purl.org/ccf/1.5/3db43e49-5b7f-4806-a772-07a1ccfd49a8,heart,UBERON:0000948,sc_bulk,http://purl.obolibrary.org/obo/CL_0000057,fibroblast,4654.054958999999,0.1574586658080489
https://doi.org/10.1161/CIRCULATIONAHA.119.045401#P1666_LA_TissueBlock,http://purl.org/ccf/1.5/3db43e49-5b7f-4806-a772-07a1ccfd49a8,heart,UBERON:0000948,sc_bulk,http://purl.obolibrary.org/obo/CL_0002144,capillary endothelial cell,3661.243629,0.1238693015229087
https://doi.org/10.1161/CIRCULATIONAHA.119.045401#P1666_LA_TissueBlock,http://purl.org/ccf/1.5/3db43e49-5b7f-4806-a772-07a1ccfd49a8,heart,UBERON:0000948,sc_bulk,http://purl.obolibrary.org/obo/CL_0000235,macrophage,1624.471539,0.05496005600007955
https://doi.org/10.1161/CIRCULATIONAHA.119.045401#P1666_LA_TissueBlock,http://purl.org/ccf/1.5/3db43e49-5b7f-4806-a772-07a1ccfd49a8,heart,UBERON:0000948,sc_bulk,http://purl.obolibrary.org/obo/CL_0000003,native cell,1494.408399,0.05055968499552101
https://doi.org/10.1161/CIRCULATIONAHA.119.045401#P1666_LA_TissueBlock,http://purl.org/ccf/1.5/3db43e49-5b7f-4806-a772-07a1ccfd49a8,heart,UBERON:0000948,sc_bulk,http://purl.obolibrary.org/obo/CL_0000192,smooth muscle cell,1361.107086,0.04604975825843945
https://doi.org/10.1161/CIRCULATIONAHA.119.045401#P1666_LA_TissueBlock,http://purl.org/ccf/1.5/3db43e49-5b7f-4806-a772-07a1ccfd49a8,heart,UBERON:0000948,sc_bulk,http://purl.obolibrary.org/obo/CL_0000115,endothelial cell,1026.385653,0.03472527010309057
https://doi.org/10.1161/CIRCULATIONAHA.119.045401#P1666_LA_TissueBlock,http://purl.org/ccf/1.5/3db43e49-5b7f-4806-a772-07a1ccfd49a8,heart,UBERON:0000948,sc_bulk,http://purl.obolibrary.org/obo/CL_1000413,endothelial cell of artery,919.9926539999999,0.03112572093114511
https://doi.org/10.1161/CIRCULATIONAHA.119.045401#P1666_LA_TissueBlock,http://purl.org/ccf/1.5/3db43e49-5b7f-4806-a772-07a1ccfd49a8,heart,UBERON:0000948,sc_bulk,http://purl.obolibrary.org/obo/CL_0002543,vein endothelial cell,808.3417199999999,0.02734828227630809
https://doi.org/10.1161/CIRCULATIONAHA.119.045401#P1666_LA_TissueBlock,http://purl.org/ccf/1.5/3db43e49-5b7f-4806-a772-07a1ccfd49a8,heart,UBERON:0000948,sc_bulk,http://purl.obolibrary.org/obo/CL_1000309,epicardial adipocyte,611.7624749999999,0.02069750012699192
https://doi.org/10.1161/CIRCULATIONAHA.119.045401#P1666_LA_TissueBlock,http://purl.org/ccf/1.5/3db43e49-5b7f-4806-a772-07a1ccfd49a8,heart,UBERON:0000948,sc_bulk,http://purl.obolibrary.org/obo/CL_0000794,"CD8-positive, alpha-beta cytotoxic T cell",437.817672,0.01481249944567017
https://doi.org/10.1161/CIRCULATIONAHA.119.045401#P1666_LA_TissueBlock,http://purl.org/ccf/1.5/3db43e49-5b7f-4806-a772-07a1ccfd49a8,heart,UBERON:0000948,sc_bulk,http://purl.obolibrary.org/obo/CL_0002319,neural cell,407.531172,0.01378782914761676
https://doi.org/10.1161/CIRCULATIONAHA.119.045401#P1666_LA_TissueBlock,http://purl.org/ccf/1.5/3db43e49-5b7f-4806-a772-07a1ccfd49a8,heart,UBERON:0000948,sc_bulk,http://purl.obolibrary.org/obo/CL_0002397,"CD14-positive, CD16-positive monocyte",372.982716,0.01261896590139137
https://doi.org/10.1161/CIRCULATIONAHA.119.045401#P1666_LA_TissueBlock,http://purl.org/ccf/1.5/3db43e49-5b7f-4806-a772-07a1ccfd49a8,heart,UBERON:0000948,sc_bulk,http://purl.obolibrary.org/obo/CL_0000906,"activated CD8-positive, alpha-beta T cell",363.195708,0.01228784621425648
https://doi.org/10.1161/CIRCULATIONAHA.119.045401#P1666_LA_TissueBlock,http://purl.org/ccf/1.5/3db43e49-5b7f-4806-a772-07a1ccfd49a8,heart,UBERON:0000948,sc_bulk,http://purl.obolibrary.org/obo/CL_0000623,natural killer cell,288.6730439999999,0.009766552557590501
https://doi.org/10.1161/CIRCULATIONAHA.119.045401#P1666_LA_TissueBlock,http://purl.org/ccf/1.5/3db43e49-5b7f-4806-a772-07a1ccfd49a8,heart,UBERON:0000948,sc_bulk,http://purl.obolibrary.org/obo/CL_0000934,"CD4-positive, alpha-beta cytotoxic T cell",231.502062,0.007832310992340438
https://doi.org/10.1161/CIRCULATIONAHA.119.045401#P1666_LA_TissueBlock,http://purl.org/ccf/1.5/3db43e49-5b7f-4806-a772-07a1ccfd49a8,heart,UBERON:0000948,sc_bulk,http://purl.obolibrary.org/obo/CL_0000077,mesothelial cell,217.0201499999999,0.007342350611133521
https://doi.org/10.1161/CIRCULATIONAHA.119.045401#P1666_LA_TissueBlock,http://purl.org/ccf/1.5/3db43e49-5b7f-4806-a772-07a1ccfd49a8,heart,UBERON:0000948,sc_bulk,http://purl.obolibrary.org/obo/CL_0000576,monocyte,172.517862,0.005836723592197078
https://doi.org/10.1161/CIRCULATIONAHA.119.045401#P1666_LA_TissueBlock,http://purl.org/ccf/1.5/3db43e49-5b7f-4806-a772-07a1ccfd49a8,heart,UBERON:0000948,sc_bulk,http://purl.obolibrary.org/obo/CL_0000814,mature NK T cell,145.327536,0.004916804834777457
https://doi.org/10.1161/CIRCULATIONAHA.119.045401#P1666_LA_TissueBlock,http://purl.org/ccf/1.5/3db43e49-5b7f-4806-a772-07a1ccfd49a8,heart,UBERON:0000948,sc_bulk,http://purl.obolibrary.org/obo/CL_0001054,CD14-positive monocyte,135.093678,0.004570567061277836
https://doi.org/10.1161/CIRCULATIONAHA.119.045401#P1666_LA_TissueBlock,http://purl.org/ccf/1.5/3db43e49-5b7f-4806-a772-07a1ccfd49a8,heart,UBERON:0000948,sc_bulk,http://purl.obolibrary.org/obo/CL_0000097,mast cell,107.63127,0.003641443069049474
https://doi.org/10.1161/CIRCULATIONAHA.119.045401#P1666_LA_TissueBlock,http://purl.org/ccf/1.5/3db43e49-5b7f-4806-a772-07a1ccfd49a8,heart,UBERON:0000948,sc_bulk,http://purl.obolibrary.org/obo/CL_0000236,B cell,107.311524,0.003630625238361827
https://doi.org/10.1161/CIRCULATIONAHA.119.045401#P1666_LA_TissueBlock,http://purl.org/ccf/1.5/3db43e49-5b7f-4806-a772-07a1ccfd49a8,heart,UBERON:0000948,sc_bulk,http://purl.obolibrary.org/obo/CL_0000896,"activated CD4-positive, alpha-beta T cell",92.83358399999999,0.003140799240144821
https://doi.org/10.1161/CIRCULATIONAHA.119.045401#P1666_LA_TissueBlock,http://purl.org/ccf/1.5/3db43e49-5b7f-4806-a772-07a1ccfd49a8,heart,UBERON:0000948,sc_bulk,http://purl.obolibrary.org/obo/CL_0000451,dendritic cell,83.86182899999999,0.002837261661688672
https://doi.org/10.1161/CIRCULATIONAHA.119.045401#P1666_LA_TissueBlock,http://purl.org/ccf/1.5/3db43e49-5b7f-4806-a772-07a1ccfd49a8,heart,UBERON:0000948,sc_bulk,http://purl.obolibrary.org/obo/CL_0002138,endothelial cell of lymphatic vessel,54.40646999999999,0.001840711004273647
https://doi.org/10.1161/CIRCULATIONAHA.119.045401#P1666_LV_TissueBlock,http://purl.org/ccf/1.5/2d7b421b-cd7a-4b31-8f36-157067599c24,heart,UBERON:0000948,sc_bulk,https://purl.org/ccf/ASCTB-TEMP_fibroblast,Fibroblast,250442.7249999999,0.3330088912100684
https://doi.org/10.1161/CIRCULATIONAHA.119.045401#P1666_LV_TissueBlock,http://purl.org/ccf/1.5/2d7b421b-cd7a-4b31-8f36-157067599c24,heart,UBERON:0000948,sc_bulk,https://purl.org/ccf/ASCTB-TEMP_ventricular-cardiomycoyte,Ventricular Cardiomycoyte,197325.806,0.2623803421049387
https://doi.org/10.1161/CIRCULATIONAHA.119.045401#P1666_LV_TissueBlock,http://purl.org/ccf/1.5/2d7b421b-cd7a-4b31-8f36-157067599c24,heart,UBERON:0000948,sc_bulk,http://purl.obolibrary.org/obo/CL_0002131,regular ventricular cardiac myocyte,71409.56,0.09495192322874962
https://doi.org/10.1161/CIRCULATIONAHA.119.045401#P1666_LV_TissueBlock,http://purl.org/ccf/1.5/2d7b421b-cd7a-4b31-8f36-157067599c24,heart,UBERON:0000948,sc_bulk,http://purl.obolibrary.org/obo/CL_0000669,pericyte,37952.61500000001,0.05046486472974055
https://doi.org/10.1161/CIRCULATIONAHA.119.045401#P1666_LV_TissueBlock,http://purl.org/ccf/1.5/2d7b421b-cd7a-4b31-8f36-157067599c24,heart,UBERON:0000948,sc_bulk,http://purl.obolibrary.org/obo/CL_0002144,capillary endothelial cell,30491.057,0.04054337407242712
https://doi.org/10.1161/CIRCULATIONAHA.119.045401#P1666_LV_TissueBlock,http://purl.org/ccf/1.5/2d7b421b-cd7a-4b31-8f36-157067599c24,heart,UBERON:0000948,sc_bulk,https://purl.org/ccf/ASCTB-TEMP_b,B,29914.103,0.03977620939707384
https://doi.org/10.1161/CIRCULATIONAHA.119.045401#P1666_LV_TissueBlock,http://purl.org/ccf/1.5/2d7b421b-cd7a-4b31-8f36-157067599c24,heart,UBERON:0000948,sc_bulk,http://purl.obolibrary.org/obo/CL_0000057,fibroblast,22125.491,0.0294198413045871
https://doi.org/10.1161/CIRCULATIONAHA.119.045401#P1666_LV_TissueBlock,http://purl.org/ccf/1.5/2d7b421b-cd7a-4b31-8f36-157067599c24,heart,UBERON:0000948,sc_bulk,http://purl.obolibrary.org/obo/CL_0000003,native cell,15982.523,0.02125165449692905
https://doi.org/10.1161/CIRCULATIONAHA.119.045401#P1666_LV_TissueBlock,http://purl.org/ccf/1.5/2d7b421b-cd7a-4b31-8f36-157067599c24,heart,UBERON:0000948,sc_bulk,http://purl.obolibrary.org/obo/CL_1000413,endothelial cell of artery,10812.259,0.01437685355430501
https://doi.org/10.1161/CIRCULATIONAHA.119.045401#P1666_LV_TissueBlock,http://purl.org/ccf/1.5/2d7b421b-cd7a-4b31-8f36-157067599c24,heart,UBERON:0000948,sc_bulk,https://purl.org/ccf/ASCTB-TEMP_pericyte,Pericyte,9227.987,0.01227027744156244
https://doi.org/10.1161/CIRCULATIONAHA.119.045401#P1666_LV_TissueBlock,http://purl.org/ccf/1.5/2d7b421b-cd7a-4b31-8f36-157067599c24,heart,UBERON:0000948,sc_bulk,https://purl.org/ccf/ASCTB-TEMP_monocyte-cdc,Monocyte/cDC,8518.449,0.01132681836263967
https://doi.org/10.1161/CIRCULATIONAHA.119.045401#P1666_LV_TissueBlock,http://purl.org/ccf/1.5/2d7b421b-cd7a-4b31-8f36-157067599c24,heart,UBERON:0000948,sc_bulk,https://purl.org/ccf/ASCTB-TEMP_capillary-endothelial,Capillary Endothelial,8439.862,0.01122232273501253
https://doi.org/10.1161/CIRCULATIONAHA.119.045401#P1666_LV_TissueBlock,http://purl.org/ccf/1.5/2d7b421b-cd7a-4b31-8f36-157067599c24,heart,UBERON:0000948,sc_bulk,https://purl.org/ccf/ASCTB-TEMP_macrophage,Macrophage,7528.653999999999,0.01001070692248795
https://doi.org/10.1161/CIRCULATIONAHA.119.045401#P1666_LV_TissueBlock,http://purl.org/ccf/1.5/2d7b421b-cd7a-4b31-8f36-157067599c24,heart,UBERON:0000948,sc_bulk,http://purl.obolibrary.org/obo/CL_0000192,smooth muscle cell,7008.633000000003,0.009319244966002891
https://doi.org/10.1161/CIRCULATIONAHA.119.045401#P1666_LV_TissueBlock,http://purl.org/ccf/1.5/2d7b421b-cd7a-4b31-8f36-157067599c24,heart,UBERON:0000948,sc_bulk,http://purl.obolibrary.org/obo/CL_0000235,macrophage,5940.471999999999,0.00789893175768814
https://doi.org/10.1161/CIRCULATIONAHA.119.045401#P1666_LV_TissueBlock,http://purl.org/ccf/1.5/2d7b421b-cd7a-4b31-8f36-157067599c24,heart,UBERON:0000948,sc_bulk,http://purl.obolibrary.org/obo/CL_0000115,endothelial cell,3880.46,0.005159773285428922
https://doi.org/10.1161/CIRCULATIONAHA.119.045401#P1666_LV_TissueBlock,http://purl.org/ccf/1.5/2d7b421b-cd7a-4b31-8f36-157067599c24,heart,UBERON:0000948,sc_bulk,http://purl.obolibrary.org/obo/CL_0002543,vein endothelial cell,3135.713,0.004169497474055185
https://doi.org/10.1161/CIRCULATIONAHA.119.045401#P1666_LV_TissueBlock,http://purl.org/ccf/1.5/2d7b421b-cd7a-4b31-8f36-157067599c24,heart,UBERON:0000948,sc_bulk,https://purl.org/ccf/ASCTB-TEMP_mesothelial,Mesothelial,3107.44,0.004131903407862277
https://doi.org/10.1161/CIRCULATIONAHA.119.045401#P1666_LV_TissueBlock,http://purl.org/ccf/1.5/2d7b421b-cd7a-4b31-8f36-157067599c24,heart,UBERON:0000948,sc_bulk,https://purl.org/ccf/ASCTB-TEMP_arterial-endothelial,Arterial Endothelial,2967.959,0.003946438195587209
https://doi.org/10.1161/CIRCULATIONAHA.119.045401#P1666_LV_TissueBlock,http://purl.org/ccf/1.5/2d7b421b-cd7a-4b31-8f36-157067599c24,heart,UBERON:0000948,sc_bulk,https://purl.org/ccf/ASCTB-TEMP_venous-endothelial,Venous Endothelial,2773.378,0.003687707569410919
https://doi.org/10.1161/CIRCULATIONAHA.119.045401#P1666_LV_TissueBlock,http://purl.org/ccf/1.5/2d7b421b-cd7a-4b31-8f36-157067599c24,heart,UBERON:0000948,sc_bulk,https://purl.org/ccf/ASCTB-TEMP_smooth-muscle,Smooth Muscle,2694.905000000001,0.00358336352539875
https://doi.org/10.1161/CIRCULATIONAHA.119.045401#P1666_LV_TissueBlock,http://purl.org/ccf/1.5/2d7b421b-cd7a-4b31-8f36-157067599c24,heart,UBERON:0000948,sc_bulk,https://purl.org/ccf/ASCTB-TEMP_endocardial,Endocardial,2012.971,0.002676608956191571
https://doi.org/10.1161/CIRCULATIONAHA.119.045401#P1666_LV_TissueBlock,http://purl.org/ccf/1.5/2d7b421b-cd7a-4b31-8f36-157067599c24,heart,UBERON:0000948,sc_bulk,https://purl.org/ccf/ASCTB-TEMP_nk,NK,2008.322,0.002670427269998707
https://doi.org/10.1161/CIRCULATIONAHA.119.045401#P1666_LV_TissueBlock,http://purl.org/ccf/1.5/2d7b421b-cd7a-4b31-8f36-157067599c24,heart,UBERON:0000948,sc_bulk,http://purl.obolibrary.org/obo/CL_0000623,natural killer cell,1511.667,0.00201003463585876
https://doi.org/10.1161/CIRCULATIONAHA.119.045401#P1666_LV_TissueBlock,http://purl.org/ccf/1.5/2d7b421b-cd7a-4b31-8f36-157067599c24,heart,UBERON:0000948,sc_bulk,http://purl.obolibrary.org/obo/CL_0000934,"CD4-positive, alpha-beta cytotoxic T cell",1408.392,0.001872711847825209
https://doi.org/10.1161/CIRCULATIONAHA.119.045401#P1666_LV_TissueBlock,http://purl.org/ccf/1.5/2d7b421b-cd7a-4b31-8f36-157067599c24,heart,UBERON:0000948,sc_bulk,http://purl.obolibrary.org/obo/CL_0002319,neural cell,1246.33,0.00165722111265897
https://doi.org/10.1161/CIRCULATIONAHA.119.045401#P1666_LV_TissueBlock,http://purl.org/ccf/1.5/2d7b421b-cd7a-4b31-8f36-157067599c24,heart,UBERON:0000948,sc_bulk,http://purl.obolibrary.org/obo/CL_0002397,"CD14-positive, CD16-positive monocyte",1134.928,0.001509092008495198
https://doi.org/10.1161/CIRCULATIONAHA.119.045401#P1666_LV_TissueBlock,http://purl.org/ccf/1.5/2d7b421b-cd7a-4b31-8f36-157067599c24,heart,UBERON:0000948,sc_bulk,https://purl.org/ccf/ASCTB-TEMP_t,T,1134.41,0.001508403233823677
https://doi.org/10.1161/CIRCULATIONAHA.119.045401#P1666_LV_TissueBlock,http://purl.org/ccf/1.5/2d7b421b-cd7a-4b31-8f36-157067599c24,heart,UBERON:0000948,sc_bulk,http://purl.obolibrary.org/obo/CL_1000309,epicardial adipocyte,973.355,0.001294251487256322
https://doi.org/10.1161/CIRCULATIONAHA.119.045401#P1666_LV_TissueBlock,http://purl.org/ccf/1.5/2d7b421b-cd7a-4b31-8f36-157067599c24,heart,UBERON:0000948,sc_bulk,http://purl.obolibrary.org/obo/CL_0000794,"CD8-positive, alpha-beta cytotoxic T cell",920.042,0.001223362213003767
https://doi.org/10.1161/CIRCULATIONAHA.119.045401#P1666_LV_TissueBlock,http://purl.org/ccf/1.5/2d7b421b-cd7a-4b31-8f36-157067599c24,heart,UBERON:0000948,sc_bulk,http://purl.obolibrary.org/obo/CL_0000906,"activated CD8-positive, alpha-beta T cell",916.103,0.001218124600202371
https://doi.org/10.1161/CIRCULATIONAHA.119.045401#P1666_LV_TissueBlock,http://purl.org/ccf/1.5/2d7b421b-cd7a-4b31-8f36-157067599c24,heart,UBERON:0000948,sc_bulk,https://purl.org/ccf/ASCTB-TEMP_adipocyte,Adipocyte,809.348,0.001076174522869796
https://doi.org/10.1161/CIRCULATIONAHA.119.045401#P1666_LV_TissueBlock,http://purl.org/ccf/1.5/2d7b421b-cd7a-4b31-8f36-157067599c24,heart,UBERON:0000948,sc_bulk,http://purl.obolibrary.org/obo/CL_0000097,mast cell,806.5830000000002,0.001072497955366404
https://doi.org/10.1161/CIRCULATIONAHA.119.045401#P1666_LV_TissueBlock,http://purl.org/ccf/1.5/2d7b421b-cd7a-4b31-8f36-157067599c24,heart,UBERON:0000948,sc_bulk,https://purl.org/ccf/ASCTB-TEMP_neuronal,Neuronal,651.491,8.662750956065452E-4
https://doi.org/10.1161/CIRCULATIONAHA.119.045401#P1666_LV_TissueBlock,http://purl.org/ccf/1.5/2d7b421b-cd7a-4b31-8f36-157067599c24,heart,UBERON:0000948,sc_bulk,https://purl.org/ccf/ASCTB-TEMP_lymphatic-endothelial,Lymphatic Endothelial,641.95,8.535886107783864E-4
https://doi.org/10.1161/CIRCULATIONAHA.119.045401#P1666_LV_TissueBlock,http://purl.org/ccf/1.5/2d7b421b-cd7a-4b31-8f36-157067599c24,heart,UBERON:0000948,sc_bulk,http://purl.obolibrary.org/obo/CL_0000814,mature NK T cell,634.035,8.430641869847716E-4
https://doi.org/10.1161/CIRCULATIONAHA.119.045401#P1666_LV_TissueBlock,http://purl.org/ccf/1.5/2d7b421b-cd7a-4b31-8f36-157067599c24,heart,UBERON:0000948,sc_bulk,http://purl.obolibrary.org/obo/CL_0001054,CD14-positive monocyte,614.7840000000001,8.174665012676681E-4
https://doi.org/10.1161/CIRCULATIONAHA.119.045401#P1666_LV_TissueBlock,http://purl.org/ccf/1.5/2d7b421b-cd7a-4b31-8f36-157067599c24,heart,UBERON:0000948,sc_bulk,https://purl.org/ccf/ASCTB-TEMP_mast,Mast,612.165,8.13984067165902E-4
https://doi.org/10.1161/CIRCULATIONAHA.119.045401#P1666_LV_TissueBlock,http://purl.org/ccf/1.5/2d7b421b-cd7a-4b31-8f36-157067599c24,heart,UBERON:0000948,sc_bulk,http://purl.obolibrary.org/obo/CL_0000576,monocyte,593.942,7.897532933451768E-4
https://doi.org/10.1161/CIRCULATIONAHA.119.045401#P1666_LV_TissueBlock,http://purl.org/ccf/1.5/2d7b421b-cd7a-4b31-8f36-157067599c24,heart,UBERON:0000948,sc_bulk,http://purl.obolibrary.org/obo/CL_0000896,"activated CD4-positive, alpha-beta T cell",464.9100000000001,6.181819160946798E-4
https://doi.org/10.1161/CIRCULATIONAHA.119.045401#P1666_LV_TissueBlock,http://purl.org/ccf/1.5/2d7b421b-cd7a-4b31-8f36-157067599c24,heart,UBERON:0000948,sc_bulk,http://purl.obolibrary.org/obo/CL_0002138,endothelial cell of lymphatic vessel,373.265,4.963233161495355E-4
https://doi.org/10.1161/CIRCULATIONAHA.119.045401#P1666_LV_TissueBlock,http://purl.org/ccf/1.5/2d7b421b-cd7a-4b31-8f36-157067599c24,heart,UBERON:0000948,sc_bulk,http://purl.obolibrary.org/obo/CL_0000236,B cell,321.566,4.275801467615275E-4
https://doi.org/10.1161/CIRCULATIONAHA.119.045401#P1666_LV_TissueBlock,http://purl.org/ccf/1.5/2d7b421b-cd7a-4b31-8f36-157067599c24,heart,UBERON:0000948,sc_bulk,http://purl.obolibrary.org/obo/CL_0000451,dendritic cell,307.465,4.088303173346468E-4
https://doi.org/10.1161/CIRCULATIONAHA.119.045401#P1666_LV_TissueBlock,http://purl.org/ccf/1.5/2d7b421b-cd7a-4b31-8f36-157067599c24,heart,UBERON:0000948,sc_bulk,https://purl.org/ccf/ASCTB-TEMP_atrial-cardiomyocyte,Atrial Cardiomyocyte,207.8,2.763076771084176E-4
https://doi.org/10.1161/CIRCULATIONAHA.119.045401#P1666_LV_TissueBlock,http://purl.org/ccf/1.5/2d7b421b-cd7a-4b31-8f36-157067599c24,heart,UBERON:0000948,sc_bulk,https://purl.org/ccf/ASCTB-TEMP_endothelial,Endothelial,40.18,5.342657587207035E-5
https://doi.org/10.1161/CIRCULATIONAHA.119.045401#P1666_LV_TissueBlock,http://purl.org/ccf/1.5/2d7b421b-cd7a-4b31-8f36-157067599c24,heart,UBERON:0000948,sc_bulk,http://purl.obolibrary.org/obo/CL_0000077,mesothelial cell,34.12,4.536871002376904E-5
https://doi.org/10.1161/CIRCULATIONAHA.119.045401#P1666_RV_TissueBlock,http://purl.org/ccf/1.5/c127016f-4de6-41ce-a314-56ad21390e0b,heart,UBERON:0000948,sc_bulk,http://purl.obolibrary.org/obo/CL_0002131,regular ventricular cardiac myocyte,30848.571,0.2906960807811061
https://doi.org/10.1161/CIRCULATIONAHA.119.045401#P1666_RV_TissueBlock,http://purl.org/ccf/1.5/c127016f-4de6-41ce-a314-56ad21390e0b,heart,UBERON:0000948,sc_bulk,http://purl.obolibrary.org/obo/CL_0000669,pericyte,13107.914,0.1235201211432384
https://doi.org/10.1161/CIRCULATIONAHA.119.045401#P1666_RV_TissueBlock,http://purl.org/ccf/1.5/c127016f-4de6-41ce-a314-56ad21390e0b,heart,UBERON:0000948,sc_bulk,https://purl.org/ccf/ASCTB-TEMP_fibroblast,Fibroblast,12662.576,0.119323556860799
https://doi.org/10.1161/CIRCULATIONAHA.119.045401#P1666_RV_TissueBlock,http://purl.org/ccf/1.5/c127016f-4de6-41ce-a314-56ad21390e0b,heart,UBERON:0000948,sc_bulk,http://purl.obolibrary.org/obo/CL_0002144,capillary endothelial cell,9148.377999999999,0.08620813035728926
https://doi.org/10.1161/CIRCULATIONAHA.119.045401#P1666_RV_TissueBlock,http://purl.org/ccf/1.5/c127016f-4de6-41ce-a314-56ad21390e0b,heart,UBERON:0000948,sc_bulk,http://purl.obolibrary.org/obo/CL_0000057,fibroblast,8916.554999999998,0.0840235871077845
https://doi.org/10.1161/CIRCULATIONAHA.119.045401#P1666_RV_TissueBlock,http://purl.org/ccf/1.5/c127016f-4de6-41ce-a314-56ad21390e0b,heart,UBERON:0000948,sc_bulk,https://purl.org/ccf/ASCTB-TEMP_ventricular-cardiomycoyte,Ventricular Cardiomycoyte,7187.916,0.06773406165827925
https://doi.org/10.1161/CIRCULATIONAHA.119.045401#P1666_RV_TissueBlock,http://purl.org/ccf/1.5/c127016f-4de6-41ce-a314-56ad21390e0b,heart,UBERON:0000948,sc_bulk,http://purl.obolibrary.org/obo/CL_0000003,native cell,6772.851,0.06382276966457846
https://doi.org/10.1161/CIRCULATIONAHA.119.045401#P1666_RV_TissueBlock,http://purl.org/ccf/1.5/c127016f-4de6-41ce-a314-56ad21390e0b,heart,UBERON:0000948,sc_bulk,http://purl.obolibrary.org/obo/CL_1000413,endothelial cell of artery,3148.672,0.02967095655955042
https://doi.org/10.1161/CIRCULATIONAHA.119.045401#P1666_RV_TissueBlock,http://purl.org/ccf/1.5/c127016f-4de6-41ce-a314-56ad21390e0b,heart,UBERON:0000948,sc_bulk,http://purl.obolibrary.org/obo/CL_0000192,smooth muscle cell,2241.156,0.02111913921779588
https://doi.org/10.1161/CIRCULATIONAHA.119.045401#P1666_RV_TissueBlock,http://purl.org/ccf/1.5/c127016f-4de6-41ce-a314-56ad21390e0b,heart,UBERON:0000948,sc_bulk,http://purl.obolibrary.org/obo/CL_0000235,macrophage,1963.918,0.01850663570690092
https://doi.org/10.1161/CIRCULATIONAHA.119.045401#P1666_RV_TissueBlock,http://purl.org/ccf/1.5/c127016f-4de6-41ce-a314-56ad21390e0b,heart,UBERON:0000948,sc_bulk,http://purl.obolibrary.org/obo/CL_0000115,endothelial cell,1467.106,0.0138250152426978
https://doi.org/10.1161/CIRCULATIONAHA.119.045401#P1666_RV_TissueBlock,http://purl.org/ccf/1.5/c127016f-4de6-41ce-a314-56ad21390e0b,heart,UBERON:0000948,sc_bulk,http://purl.obolibrary.org/obo/CL_0002543,vein endothelial cell,984.7459999999999,0.00927958065755691
https://doi.org/10.1161/CIRCULATIONAHA.119.045401#P1666_RV_TissueBlock,http://purl.org/ccf/1.5/c127016f-4de6-41ce-a314-56ad21390e0b,heart,UBERON:0000948,sc_bulk,https://purl.org/ccf/ASCTB-TEMP_b,B,941.245,0.008869656638384066
https://doi.org/10.1161/CIRCULATIONAHA.119.045401#P1666_RV_TissueBlock,http://purl.org/ccf/1.5/c127016f-4de6-41ce-a314-56ad21390e0b,heart,UBERON:0000948,sc_bulk,http://purl.obolibrary.org/obo/CL_0000623,natural killer cell,501.854,0.004729132864025411
https://doi.org/10.1161/CIRCULATIONAHA.119.045401#P1666_RV_TissueBlock,http://purl.org/ccf/1.5/c127016f-4de6-41ce-a314-56ad21390e0b,heart,UBERON:0000948,sc_bulk,http://purl.obolibrary.org/obo/CL_0000934,"CD4-positive, alpha-beta cytotoxic T cell",485.949,0.004579254895129429
https://doi.org/10.1161/CIRCULATIONAHA.119.045401#P1666_RV_TissueBlock,http://purl.org/ccf/1.5/c127016f-4de6-41ce-a314-56ad21390e0b,heart,UBERON:0000948,sc_bulk,https://purl.org/ccf/ASCTB-TEMP_monocyte-cdc,Monocyte/cDC,453.006,0.00426882233119731
https://doi.org/10.1161/CIRCULATIONAHA.119.045401#P1666_RV_TissueBlock,http://purl.org/ccf/1.5/c127016f-4de6-41ce-a314-56ad21390e0b,heart,UBERON:0000948,sc_bulk,http://purl.obolibrary.org/obo/CL_0002397,"CD14-positive, CD16-positive monocyte",442.794,0.004172591346075288
https://doi.org/10.1161/CIRCULATIONAHA.119.045401#P1666_RV_TissueBlock,http://purl.org/ccf/1.5/c127016f-4de6-41ce-a314-56ad21390e0b,heart,UBERON:0000948,sc_bulk,http://purl.obolibrary.org/obo/CL_0002319,neural cell,439.49,0.004141456683438864
https://doi.org/10.1161/CIRCULATIONAHA.119.045401#P1666_RV_TissueBlock,http://purl.org/ccf/1.5/c127016f-4de6-41ce-a314-56ad21390e0b,heart,UBERON:0000948,sc_bulk,http://purl.obolibrary.org/obo/CL_0000906,"activated CD8-positive, alpha-beta T cell",410.177,0.003865230785781025
https://doi.org/10.1161/CIRCULATIONAHA.119.045401#P1666_RV_TissueBlock,http://purl.org/ccf/1.5/c127016f-4de6-41ce-a314-56ad21390e0b,heart,UBERON:0000948,sc_bulk,https://purl.org/ccf/ASCTB-TEMP_capillary-endothelial,Capillary Endothelial,348.199,0.003281192008274884
https://doi.org/10.1161/CIRCULATIONAHA.119.045401#P1666_RV_TissueBlock,http://purl.org/ccf/1.5/c127016f-4de6-41ce-a314-56ad21390e0b,heart,UBERON:0000948,sc_bulk,https://purl.org/ccf/ASCTB-TEMP_pericyte,Pericyte,334.21,0.003149369128244335
https://doi.org/10.1161/CIRCULATIONAHA.119.045401#P1666_RV_TissueBlock,http://purl.org/ccf/1.5/c127016f-4de6-41ce-a314-56ad21390e0b,heart,UBERON:0000948,sc_bulk,http://purl.obolibrary.org/obo/CL_1000309,epicardial adipocyte,329.963,0.003109348271035832
https://doi.org/10.1161/CIRCULATIONAHA.119.045401#P1666_RV_TissueBlock,http://purl.org/ccf/1.5/c127016f-4de6-41ce-a314-56ad21390e0b,heart,UBERON:0000948,sc_bulk,https://purl.org/ccf/ASCTB-TEMP_macrophage,Macrophage,327.793,0.003088899657863604
https://doi.org/10.1161/CIRCULATIONAHA.119.045401#P1666_RV_TissueBlock,http://purl.org/ccf/1.5/c127016f-4de6-41ce-a314-56ad21390e0b,heart,UBERON:0000948,sc_bulk,http://purl.obolibrary.org/obo/CL_0000794,"CD8-positive, alpha-beta cytotoxic T cell",322.298,0.00303711849225006
https://doi.org/10.1161/CIRCULATIONAHA.119.045401#P1666_RV_TissueBlock,http://purl.org/ccf/1.5/c127016f-4de6-41ce-a314-56ad21390e0b,heart,UBERON:0000948,sc_bulk,http://purl.obolibrary.org/obo/CL_0000576,monocyte,266.153,0.002508045963883828
https://doi.org/10.1161/CIRCULATIONAHA.119.045401#P1666_RV_TissueBlock,http://purl.org/ccf/1.5/c127016f-4de6-41ce-a314-56ad21390e0b,heart,UBERON:0000948,sc_bulk,http://purl.obolibrary.org/obo/CL_0001054,CD14-positive monocyte,248.608,0.002342713743558145
https://doi.org/10.1161/CIRCULATIONAHA.119.045401#P1666_RV_TissueBlock,http://purl.org/ccf/1.5/c127016f-4de6-41ce-a314-56ad21390e0b,heart,UBERON:0000948,sc_bulk,http://purl.obolibrary.org/obo/CL_0000097,mast cell,220.6779999999999,0.002079520303051085
https://doi.org/10.1161/CIRCULATIONAHA.119.045401#P1666_RV_TissueBlock,http://purl.org/ccf/1.5/c127016f-4de6-41ce-a314-56ad21390e0b,heart,UBERON:0000948,sc_bulk,https://purl.org/ccf/ASCTB-TEMP_mesothelial,Mesothelial,214.5,0.002021303007116513
https://doi.org/10.1161/CIRCULATIONAHA.119.045401#P1666_RV_TissueBlock,http://purl.org/ccf/1.5/c127016f-4de6-41ce-a314-56ad21390e0b,heart,UBERON:0000948,sc_bulk,http://purl.obolibrary.org/obo/CL_0000814,mature NK T cell,193.354,0.001822037396913782
https://doi.org/10.1161/CIRCULATIONAHA.119.045401#P1666_RV_TissueBlock,http://purl.org/ccf/1.5/c127016f-4de6-41ce-a314-56ad21390e0b,heart,UBERON:0000948,sc_bulk,http://purl.obolibrary.org/obo/CL_0000451,dendritic cell,144.999,0.001366372562838635
https://doi.org/10.1161/CIRCULATIONAHA.119.045401#P1666_RV_TissueBlock,http://purl.org/ccf/1.5/c127016f-4de6-41ce-a314-56ad21390e0b,heart,UBERON:0000948,sc_bulk,http://purl.obolibrary.org/obo/CL_0002138,endothelial cell of lymphatic vessel,134.159,0.001264223730217922
https://doi.org/10.1161/CIRCULATIONAHA.119.045401#P1666_RV_TissueBlock,http://purl.org/ccf/1.5/c127016f-4de6-41ce-a314-56ad21390e0b,heart,UBERON:0000948,sc_bulk,http://purl.obolibrary.org/obo/CL_0000236,B cell,116.92,0.001101775047049243
https://doi.org/10.1161/CIRCULATIONAHA.119.045401#P1666_RV_TissueBlock,http://purl.org/ccf/1.5/c127016f-4de6-41ce-a314-56ad21390e0b,heart,UBERON:0000948,sc_bulk,https://purl.org/ccf/ASCTB-TEMP_nk,NK,115.302,0.001086528108748476
https://doi.org/10.1161/CIRCULATIONAHA.119.045401#P1666_RV_TissueBlock,http://purl.org/ccf/1.5/c127016f-4de6-41ce-a314-56ad21390e0b,heart,UBERON:0000948,sc_bulk,http://purl.obolibrary.org/obo/CL_0000896,"activated CD4-positive, alpha-beta T cell",113.434,0.001068925339437084
https://doi.org/10.1161/CIRCULATIONAHA.119.045401#P1666_RV_TissueBlock,http://purl.org/ccf/1.5/c127016f-4de6-41ce-a314-56ad21390e0b,heart,UBERON:0000948,sc_bulk,https://purl.org/ccf/ASCTB-TEMP_smooth-muscle,Smooth Muscle,108.237,0.001019952324388205
https://doi.org/10.1161/CIRCULATIONAHA.119.045401#P1666_RV_TissueBlock,http://purl.org/ccf/1.5/c127016f-4de6-41ce-a314-56ad21390e0b,heart,UBERON:0000948,sc_bulk,https://purl.org/ccf/ASCTB-TEMP_venous-endothelial,Venous Endothelial,89.549,8.438492446819424E-4
https://doi.org/10.1161/CIRCULATIONAHA.119.045401#P1666_RV_TissueBlock,http://purl.org/ccf/1.5/c127016f-4de6-41ce-a314-56ad21390e0b,heart,UBERON:0000948,sc_bulk,https://purl.org/ccf/ASCTB-TEMP_arterial-endothelial,Arterial Endothelial,81.629,7.692165182653326E-4
https://doi.org/10.1161/CIRCULATIONAHA.119.045401#P1666_RV_TissueBlock,http://purl.org/ccf/1.5/c127016f-4de6-41ce-a314-56ad21390e0b,heart,UBERON:0000948,sc_bulk,https://purl.org/ccf/ASCTB-TEMP_t,T,67.549,6.365361157469154E-4
https://doi.org/10.1161/CIRCULATIONAHA.119.045401#P1666_RV_TissueBlock,http://purl.org/ccf/1.5/c127016f-4de6-41ce-a314-56ad21390e0b,heart,UBERON:0000948,sc_bulk,https://purl.org/ccf/ASCTB-TEMP_endocardial,Endocardial,65.727,6.193668193414781E-4
https://doi.org/10.1161/CIRCULATIONAHA.119.045401#P1666_RV_TissueBlock,http://purl.org/ccf/1.5/c127016f-4de6-41ce-a314-56ad21390e0b,heart,UBERON:0000948,sc_bulk,https://purl.org/ccf/ASCTB-TEMP_lymphatic-endothelial,Lymphatic Endothelial,47.478,4.474005788898732E-4
https://doi.org/10.1161/CIRCULATIONAHA.119.045401#P1666_RV_TissueBlock,http://purl.org/ccf/1.5/c127016f-4de6-41ce-a314-56ad21390e0b,heart,UBERON:0000948,sc_bulk,https://purl.org/ccf/ASCTB-TEMP_mast,Mast,44.014,4.14758184406649E-4
https://doi.org/10.1161/CIRCULATIONAHA.119.045401#P1666_RV_TissueBlock,http://purl.org/ccf/1.5/c127016f-4de6-41ce-a314-56ad21390e0b,heart,UBERON:0000948,sc_bulk,https://purl.org/ccf/ASCTB-TEMP_adipocyte,Adipocyte,21.439,2.020266441471838E-4
https://doi.org/10.1161/CIRCULATIONAHA.119.045401#P1666_RV_TissueBlock,http://purl.org/ccf/1.5/c127016f-4de6-41ce-a314-56ad21390e0b,heart,UBERON:0000948,sc_bulk,http://purl.obolibrary.org/obo/CL_0000077,mesothelial cell,15.51,1.46155755899194E-4
https://doi.org/10.1161/CIRCULATIONAHA.119.045401#P1666_RV_TissueBlock,http://purl.org/ccf/1.5/c127016f-4de6-41ce-a314-56ad21390e0b,heart,UBERON:0000948,sc_bulk,https://purl.org/ccf/ASCTB-TEMP_neuronal,Neuronal,13.985,1.317851867343797E-4
https://doi.org/10.1161/CIRCULATIONAHA.119.045401#P1666_RV_TissueBlock,http://purl.org/ccf/1.5/c127016f-4de6-41ce-a314-56ad21390e0b,heart,UBERON:0000948,sc_bulk,https://purl.org/ccf/ASCTB-TEMP_atrial-cardiomyocyte,Atrial Cardiomyocyte,8.947,8.431048020825846E-5
https://doi.org/10.1161/CIRCULATIONAHA.119.045401#P1666_RV_TissueBlock,http://purl.org/ccf/1.5/c127016f-4de6-41ce-a314-56ad21390e0b,heart,UBERON:0000948,sc_bulk,https://purl.org/ccf/ASCTB-TEMP_endothelial,Endothelial,0.158,1.488885198715194E-6
https://doi.org/10.1161/CIRCULATIONAHA.119.045401#P1681_LA_TissueBlock,http://purl.org/ccf/1.5/3db43e49-5b7f-4806-a772-07a1ccfd49a8,heart,UBERON:0000948,sc_bulk,http://purl.obolibrary.org/obo/CL_0000669,pericyte,5310.692097,0.1796743913592813
https://doi.org/10.1161/CIRCULATIONAHA.119.045401#P1681_LA_TissueBlock,http://purl.org/ccf/1.5/3db43e49-5b7f-4806-a772-07a1ccfd49a8,heart,UBERON:0000948,sc_bulk,http://purl.obolibrary.org/obo/CL_0002129,regular atrial cardiac myocyte,4867.145808,0.1646680780464154
https://doi.org/10.1161/CIRCULATIONAHA.119.045401#P1681_LA_TissueBlock,http://purl.org/ccf/1.5/3db43e49-5b7f-4806-a772-07a1ccfd49a8,heart,UBERON:0000948,sc_bulk,http://purl.obolibrary.org/obo/CL_0000057,fibroblast,4654.054958999999,0.1574586658080489
https://doi.org/10.1161/CIRCULATIONAHA.119.045401#P1681_LA_TissueBlock,http://purl.org/ccf/1.5/3db43e49-5b7f-4806-a772-07a1ccfd49a8,heart,UBERON:0000948,sc_bulk,http://purl.obolibrary.org/obo/CL_0002144,capillary endothelial cell,3661.243629,0.1238693015229087
https://doi.org/10.1161/CIRCULATIONAHA.119.045401#P1681_LA_TissueBlock,http://purl.org/ccf/1.5/3db43e49-5b7f-4806-a772-07a1ccfd49a8,heart,UBERON:0000948,sc_bulk,http://purl.obolibrary.org/obo/CL_0000235,macrophage,1624.471539,0.05496005600007955
https://doi.org/10.1161/CIRCULATIONAHA.119.045401#P1681_LA_TissueBlock,http://purl.org/ccf/1.5/3db43e49-5b7f-4806-a772-07a1ccfd49a8,heart,UBERON:0000948,sc_bulk,http://purl.obolibrary.org/obo/CL_0000003,native cell,1494.408399,0.05055968499552101
https://doi.org/10.1161/CIRCULATIONAHA.119.045401#P1681_LA_TissueBlock,http://purl.org/ccf/1.5/3db43e49-5b7f-4806-a772-07a1ccfd49a8,heart,UBERON:0000948,sc_bulk,http://purl.obolibrary.org/obo/CL_0000192,smooth muscle cell,1361.107086,0.04604975825843945
https://doi.org/10.1161/CIRCULATIONAHA.119.045401#P1681_LA_TissueBlock,http://purl.org/ccf/1.5/3db43e49-5b7f-4806-a772-07a1ccfd49a8,heart,UBERON:0000948,sc_bulk,http://purl.obolibrary.org/obo/CL_0000115,endothelial cell,1026.385653,0.03472527010309057
https://doi.org/10.1161/CIRCULATIONAHA.119.045401#P1681_LA_TissueBlock,http://purl.org/ccf/1.5/3db43e49-5b7f-4806-a772-07a1ccfd49a8,heart,UBERON:0000948,sc_bulk,http://purl.obolibrary.org/obo/CL_1000413,endothelial cell of artery,919.9926539999999,0.03112572093114511
https://doi.org/10.1161/CIRCULATIONAHA.119.045401#P1681_LA_TissueBlock,http://purl.org/ccf/1.5/3db43e49-5b7f-4806-a772-07a1ccfd49a8,heart,UBERON:0000948,sc_bulk,http://purl.obolibrary.org/obo/CL_0002543,vein endothelial cell,808.3417199999999,0.02734828227630809
https://doi.org/10.1161/CIRCULATIONAHA.119.045401#P1681_LA_TissueBlock,http://purl.org/ccf/1.5/3db43e49-5b7f-4806-a772-07a1ccfd49a8,heart,UBERON:0000948,sc_bulk,http://purl.obolibrary.org/obo/CL_1000309,epicardial adipocyte,611.7624749999999,0.02069750012699192
https://doi.org/10.1161/CIRCULATIONAHA.119.045401#P1681_LA_TissueBlock,http://purl.org/ccf/1.5/3db43e49-5b7f-4806-a772-07a1ccfd49a8,heart,UBERON:0000948,sc_bulk,http://purl.obolibrary.org/obo/CL_0000794,"CD8-positive, alpha-beta cytotoxic T cell",437.817672,0.01481249944567017
https://doi.org/10.1161/CIRCULATIONAHA.119.045401#P1681_LA_TissueBlock,http://purl.org/ccf/1.5/3db43e49-5b7f-4806-a772-07a1ccfd49a8,heart,UBERON:0000948,sc_bulk,http://purl.obolibrary.org/obo/CL_0002319,neural cell,407.531172,0.01378782914761676
https://doi.org/10.1161/CIRCULATIONAHA.119.045401#P1681_LA_TissueBlock,http://purl.org/ccf/1.5/3db43e49-5b7f-4806-a772-07a1ccfd49a8,heart,UBERON:0000948,sc_bulk,http://purl.obolibrary.org/obo/CL_0002397,"CD14-positive, CD16-positive monocyte",372.982716,0.01261896590139137
https://doi.org/10.1161/CIRCULATIONAHA.119.045401#P1681_LA_TissueBlock,http://purl.org/ccf/1.5/3db43e49-5b7f-4806-a772-07a1ccfd49a8,heart,UBERON:0000948,sc_bulk,http://purl.obolibrary.org/obo/CL_0000906,"activated CD8-positive, alpha-beta T cell",363.195708,0.01228784621425648
https://doi.org/10.1161/CIRCULATIONAHA.119.045401#P1681_LA_TissueBlock,http://purl.org/ccf/1.5/3db43e49-5b7f-4806-a772-07a1ccfd49a8,heart,UBERON:0000948,sc_bulk,http://purl.obolibrary.org/obo/CL_0000623,natural killer cell,288.6730439999999,0.009766552557590501
https://doi.org/10.1161/CIRCULATIONAHA.119.045401#P1681_LA_TissueBlock,http://purl.org/ccf/1.5/3db43e49-5b7f-4806-a772-07a1ccfd49a8,heart,UBERON:0000948,sc_bulk,http://purl.obolibrary.org/obo/CL_0000934,"CD4-positive, alpha-beta cytotoxic T cell",231.502062,0.007832310992340438
https://doi.org/10.1161/CIRCULATIONAHA.119.045401#P1681_LA_TissueBlock,http://purl.org/ccf/1.5/3db43e49-5b7f-4806-a772-07a1ccfd49a8,heart,UBERON:0000948,sc_bulk,http://purl.obolibrary.org/obo/CL_0000077,mesothelial cell,217.0201499999999,0.007342350611133521
https://doi.org/10.1161/CIRCULATIONAHA.119.045401#P1681_LA_TissueBlock,http://purl.org/ccf/1.5/3db43e49-5b7f-4806-a772-07a1ccfd49a8,heart,UBERON:0000948,sc_bulk,http://purl.obolibrary.org/obo/CL_0000576,monocyte,172.517862,0.005836723592197078
https://doi.org/10.1161/CIRCULATIONAHA.119.045401#P1681_LA_TissueBlock,http://purl.org/ccf/1.5/3db43e49-5b7f-4806-a772-07a1ccfd49a8,heart,UBERON:0000948,sc_bulk,http://purl.obolibrary.org/obo/CL_0000814,mature NK T cell,145.327536,0.004916804834777457
https://doi.org/10.1161/CIRCULATIONAHA.119.045401#P1681_LA_TissueBlock,http://purl.org/ccf/1.5/3db43e49-5b7f-4806-a772-07a1ccfd49a8,heart,UBERON:0000948,sc_bulk,http://purl.obolibrary.org/obo/CL_0001054,CD14-positive monocyte,135.093678,0.004570567061277836
https://doi.org/10.1161/CIRCULATIONAHA.119.045401#P1681_LA_TissueBlock,http://purl.org/ccf/1.5/3db43e49-5b7f-4806-a772-07a1ccfd49a8,heart,UBERON:0000948,sc_bulk,http://purl.obolibrary.org/obo/CL_0000097,mast cell,107.63127,0.003641443069049474
https://doi.org/10.1161/CIRCULATIONAHA.119.045401#P1681_LA_TissueBlock,http://purl.org/ccf/1.5/3db43e49-5b7f-4806-a772-07a1ccfd49a8,heart,UBERON:0000948,sc_bulk,http://purl.obolibrary.org/obo/CL_0000236,B cell,107.311524,0.003630625238361827
https://doi.org/10.1161/CIRCULATIONAHA.119.045401#P1681_LA_TissueBlock,http://purl.org/ccf/1.5/3db43e49-5b7f-4806-a772-07a1ccfd49a8,heart,UBERON:0000948,sc_bulk,http://purl.obolibrary.org/obo/CL_0000896,"activated CD4-positive, alpha-beta T cell",92.83358399999999,0.003140799240144821
https://doi.org/10.1161/CIRCULATIONAHA.119.045401#P1681_LA_TissueBlock,http://purl.org/ccf/1.5/3db43e49-5b7f-4806-a772-07a1ccfd49a8,heart,UBERON:0000948,sc_bulk,http://purl.obolibrary.org/obo/CL_0000451,dendritic cell,83.86182899999999,0.002837261661688672
https://doi.org/10.1161/CIRCULATIONAHA.119.045401#P1681_LA_TissueBlock,http://purl.org/ccf/1.5/3db43e49-5b7f-4806-a772-07a1ccfd49a8,heart,UBERON:0000948,sc_bulk,http://purl.obolibrary.org/obo/CL_0002138,endothelial cell of lymphatic vessel,54.40646999999999,0.001840711004273647
https://doi.org/10.1161/CIRCULATIONAHA.119.045401#P1681_LV_TissueBlock,http://purl.org/ccf/1.5/2d7b421b-cd7a-4b31-8f36-157067599c24,heart,UBERON:0000948,sc_bulk,https://purl.org/ccf/ASCTB-TEMP_fibroblast,Fibroblast,250442.7249999999,0.3330088912100684
https://doi.org/10.1161/CIRCULATIONAHA.119.045401#P1681_LV_TissueBlock,http://purl.org/ccf/1.5/2d7b421b-cd7a-4b31-8f36-157067599c24,heart,UBERON:0000948,sc_bulk,https://purl.org/ccf/ASCTB-TEMP_ventricular-cardiomycoyte,Ventricular Cardiomycoyte,197325.806,0.2623803421049387
https://doi.org/10.1161/CIRCULATIONAHA.119.045401#P1681_LV_TissueBlock,http://purl.org/ccf/1.5/2d7b421b-cd7a-4b31-8f36-157067599c24,heart,UBERON:0000948,sc_bulk,http://purl.obolibrary.org/obo/CL_0002131,regular ventricular cardiac myocyte,71409.56,0.09495192322874962
https://doi.org/10.1161/CIRCULATIONAHA.119.045401#P1681_LV_TissueBlock,http://purl.org/ccf/1.5/2d7b421b-cd7a-4b31-8f36-157067599c24,heart,UBERON:0000948,sc_bulk,http://purl.obolibrary.org/obo/CL_0000669,pericyte,37952.61500000001,0.05046486472974055
https://doi.org/10.1161/CIRCULATIONAHA.119.045401#P1681_LV_TissueBlock,http://purl.org/ccf/1.5/2d7b421b-cd7a-4b31-8f36-157067599c24,heart,UBERON:0000948,sc_bulk,http://purl.obolibrary.org/obo/CL_0002144,capillary endothelial cell,30491.057,0.04054337407242712
https://doi.org/10.1161/CIRCULATIONAHA.119.045401#P1681_LV_TissueBlock,http://purl.org/ccf/1.5/2d7b421b-cd7a-4b31-8f36-157067599c24,heart,UBERON:0000948,sc_bulk,https://purl.org/ccf/ASCTB-TEMP_b,B,29914.103,0.03977620939707384
https://doi.org/10.1161/CIRCULATIONAHA.119.045401#P1681_LV_TissueBlock,http://purl.org/ccf/1.5/2d7b421b-cd7a-4b31-8f36-157067599c24,heart,UBERON:0000948,sc_bulk,http://purl.obolibrary.org/obo/CL_0000057,fibroblast,22125.491,0.0294198413045871
https://doi.org/10.1161/CIRCULATIONAHA.119.045401#P1681_LV_TissueBlock,http://purl.org/ccf/1.5/2d7b421b-cd7a-4b31-8f36-157067599c24,heart,UBERON:0000948,sc_bulk,http://purl.obolibrary.org/obo/CL_0000003,native cell,15982.523,0.02125165449692905
https://doi.org/10.1161/CIRCULATIONAHA.119.045401#P1681_LV_TissueBlock,http://purl.org/ccf/1.5/2d7b421b-cd7a-4b31-8f36-157067599c24,heart,UBERON:0000948,sc_bulk,http://purl.obolibrary.org/obo/CL_1000413,endothelial cell of artery,10812.259,0.01437685355430501
https://doi.org/10.1161/CIRCULATIONAHA.119.045401#P1681_LV_TissueBlock,http://purl.org/ccf/1.5/2d7b421b-cd7a-4b31-8f36-157067599c24,heart,UBERON:0000948,sc_bulk,https://purl.org/ccf/ASCTB-TEMP_pericyte,Pericyte,9227.987,0.01227027744156244
https://doi.org/10.1161/CIRCULATIONAHA.119.045401#P1681_LV_TissueBlock,http://purl.org/ccf/1.5/2d7b421b-cd7a-4b31-8f36-157067599c24,heart,UBERON:0000948,sc_bulk,https://purl.org/ccf/ASCTB-TEMP_monocyte-cdc,Monocyte/cDC,8518.449,0.01132681836263967
https://doi.org/10.1161/CIRCULATIONAHA.119.045401#P1681_LV_TissueBlock,http://purl.org/ccf/1.5/2d7b421b-cd7a-4b31-8f36-157067599c24,heart,UBERON:0000948,sc_bulk,https://purl.org/ccf/ASCTB-TEMP_capillary-endothelial,Capillary Endothelial,8439.862,0.01122232273501253
https://doi.org/10.1161/CIRCULATIONAHA.119.045401#P1681_LV_TissueBlock,http://purl.org/ccf/1.5/2d7b421b-cd7a-4b31-8f36-157067599c24,heart,UBERON:0000948,sc_bulk,https://purl.org/ccf/ASCTB-TEMP_macrophage,Macrophage,7528.653999999999,0.01001070692248795
https://doi.org/10.1161/CIRCULATIONAHA.119.045401#P1681_LV_TissueBlock,http://purl.org/ccf/1.5/2d7b421b-cd7a-4b31-8f36-157067599c24,heart,UBERON:0000948,sc_bulk,http://purl.obolibrary.org/obo/CL_0000192,smooth muscle cell,7008.633000000003,0.009319244966002891
https://doi.org/10.1161/CIRCULATIONAHA.119.045401#P1681_LV_TissueBlock,http://purl.org/ccf/1.5/2d7b421b-cd7a-4b31-8f36-157067599c24,heart,UBERON:0000948,sc_bulk,http://purl.obolibrary.org/obo/CL_0000235,macrophage,5940.471999999999,0.00789893175768814
https://doi.org/10.1161/CIRCULATIONAHA.119.045401#P1681_LV_TissueBlock,http://purl.org/ccf/1.5/2d7b421b-cd7a-4b31-8f36-157067599c24,heart,UBERON:0000948,sc_bulk,http://purl.obolibrary.org/obo/CL_0000115,endothelial cell,3880.46,0.005159773285428922
https://doi.org/10.1161/CIRCULATIONAHA.119.045401#P1681_LV_TissueBlock,http://purl.org/ccf/1.5/2d7b421b-cd7a-4b31-8f36-157067599c24,heart,UBERON:0000948,sc_bulk,http://purl.obolibrary.org/obo/CL_0002543,vein endothelial cell,3135.713,0.004169497474055185
https://doi.org/10.1161/CIRCULATIONAHA.119.045401#P1681_LV_TissueBlock,http://purl.org/ccf/1.5/2d7b421b-cd7a-4b31-8f36-157067599c24,heart,UBERON:0000948,sc_bulk,https://purl.org/ccf/ASCTB-TEMP_mesothelial,Mesothelial,3107.44,0.004131903407862277
https://doi.org/10.1161/CIRCULATIONAHA.119.045401#P1681_LV_TissueBlock,http://purl.org/ccf/1.5/2d7b421b-cd7a-4b31-8f36-157067599c24,heart,UBERON:0000948,sc_bulk,https://purl.org/ccf/ASCTB-TEMP_arterial-endothelial,Arterial Endothelial,2967.959,0.003946438195587209
https://doi.org/10.1161/CIRCULATIONAHA.119.045401#P1681_LV_TissueBlock,http://purl.org/ccf/1.5/2d7b421b-cd7a-4b31-8f36-157067599c24,heart,UBERON:0000948,sc_bulk,https://purl.org/ccf/ASCTB-TEMP_venous-endothelial,Venous Endothelial,2773.378,0.003687707569410919
https://doi.org/10.1161/CIRCULATIONAHA.119.045401#P1681_LV_TissueBlock,http://purl.org/ccf/1.5/2d7b421b-cd7a-4b31-8f36-157067599c24,heart,UBERON:0000948,sc_bulk,https://purl.org/ccf/ASCTB-TEMP_smooth-muscle,Smooth Muscle,2694.905000000001,0.00358336352539875
https://doi.org/10.1161/CIRCULATIONAHA.119.045401#P1681_LV_TissueBlock,http://purl.org/ccf/1.5/2d7b421b-cd7a-4b31-8f36-157067599c24,heart,UBERON:0000948,sc_bulk,https://purl.org/ccf/ASCTB-TEMP_endocardial,Endocardial,2012.971,0.002676608956191571
https://doi.org/10.1161/CIRCULATIONAHA.119.045401#P1681_LV_TissueBlock,http://purl.org/ccf/1.5/2d7b421b-cd7a-4b31-8f36-157067599c24,heart,UBERON:0000948,sc_bulk,https://purl.org/ccf/ASCTB-TEMP_nk,NK,2008.322,0.002670427269998707
https://doi.org/10.1161/CIRCULATIONAHA.119.045401#P1681_LV_TissueBlock,http://purl.org/ccf/1.5/2d7b421b-cd7a-4b31-8f36-157067599c24,heart,UBERON:0000948,sc_bulk,http://purl.obolibrary.org/obo/CL_0000623,natural killer cell,1511.667,0.00201003463585876
https://doi.org/10.1161/CIRCULATIONAHA.119.045401#P1681_LV_TissueBlock,http://purl.org/ccf/1.5/2d7b421b-cd7a-4b31-8f36-157067599c24,heart,UBERON:0000948,sc_bulk,http://purl.obolibrary.org/obo/CL_0000934,"CD4-positive, alpha-beta cytotoxic T cell",1408.392,0.001872711847825209
https://doi.org/10.1161/CIRCULATIONAHA.119.045401#P1681_LV_TissueBlock,http://purl.org/ccf/1.5/2d7b421b-cd7a-4b31-8f36-157067599c24,heart,UBERON:0000948,sc_bulk,http://purl.obolibrary.org/obo/CL_0002319,neural cell,1246.33,0.00165722111265897
https://doi.org/10.1161/CIRCULATIONAHA.119.045401#P1681_LV_TissueBlock,http://purl.org/ccf/1.5/2d7b421b-cd7a-4b31-8f36-157067599c24,heart,UBERON:0000948,sc_bulk,http://purl.obolibrary.org/obo/CL_0002397,"CD14-positive, CD16-positive monocyte",1134.928,0.001509092008495198
https://doi.org/10.1161/CIRCULATIONAHA.119.045401#P1681_LV_TissueBlock,http://purl.org/ccf/1.5/2d7b421b-cd7a-4b31-8f36-157067599c24,heart,UBERON:0000948,sc_bulk,https://purl.org/ccf/ASCTB-TEMP_t,T,1134.41,0.001508403233823677
https://doi.org/10.1161/CIRCULATIONAHA.119.045401#P1681_LV_TissueBlock,http://purl.org/ccf/1.5/2d7b421b-cd7a-4b31-8f36-157067599c24,heart,UBERON:0000948,sc_bulk,http://purl.obolibrary.org/obo/CL_1000309,epicardial adipocyte,973.355,0.001294251487256322
https://doi.org/10.1161/CIRCULATIONAHA.119.045401#P1681_LV_TissueBlock,http://purl.org/ccf/1.5/2d7b421b-cd7a-4b31-8f36-157067599c24,heart,UBERON:0000948,sc_bulk,http://purl.obolibrary.org/obo/CL_0000794,"CD8-positive, alpha-beta cytotoxic T cell",920.042,0.001223362213003767
https://doi.org/10.1161/CIRCULATIONAHA.119.045401#P1681_LV_TissueBlock,http://purl.org/ccf/1.5/2d7b421b-cd7a-4b31-8f36-157067599c24,heart,UBERON:0000948,sc_bulk,http://purl.obolibrary.org/obo/CL_0000906,"activated CD8-positive, alpha-beta T cell",916.103,0.001218124600202371
https://doi.org/10.1161/CIRCULATIONAHA.119.045401#P1681_LV_TissueBlock,http://purl.org/ccf/1.5/2d7b421b-cd7a-4b31-8f36-157067599c24,heart,UBERON:0000948,sc_bulk,https://purl.org/ccf/ASCTB-TEMP_adipocyte,Adipocyte,809.348,0.001076174522869796
https://doi.org/10.1161/CIRCULATIONAHA.119.045401#P1681_LV_TissueBlock,http://purl.org/ccf/1.5/2d7b421b-cd7a-4b31-8f36-157067599c24,heart,UBERON:0000948,sc_bulk,http://purl.obolibrary.org/obo/CL_0000097,mast cell,806.5830000000002,0.001072497955366404
https://doi.org/10.1161/CIRCULATIONAHA.119.045401#P1681_LV_TissueBlock,http://purl.org/ccf/1.5/2d7b421b-cd7a-4b31-8f36-157067599c24,heart,UBERON:0000948,sc_bulk,https://purl.org/ccf/ASCTB-TEMP_neuronal,Neuronal,651.491,8.662750956065452E-4
https://doi.org/10.1161/CIRCULATIONAHA.119.045401#P1681_LV_TissueBlock,http://purl.org/ccf/1.5/2d7b421b-cd7a-4b31-8f36-157067599c24,heart,UBERON:0000948,sc_bulk,https://purl.org/ccf/ASCTB-TEMP_lymphatic-endothelial,Lymphatic Endothelial,641.95,8.535886107783864E-4
https://doi.org/10.1161/CIRCULATIONAHA.119.045401#P1681_LV_TissueBlock,http://purl.org/ccf/1.5/2d7b421b-cd7a-4b31-8f36-157067599c24,heart,UBERON:0000948,sc_bulk,http://purl.obolibrary.org/obo/CL_0000814,mature NK T cell,634.035,8.430641869847716E-4
https://doi.org/10.1161/CIRCULATIONAHA.119.045401#P1681_LV_TissueBlock,http://purl.org/ccf/1.5/2d7b421b-cd7a-4b31-8f36-157067599c24,heart,UBERON:0000948,sc_bulk,http://purl.obolibrary.org/obo/CL_0001054,CD14-positive monocyte,614.7840000000001,8.174665012676681E-4
https://doi.org/10.1161/CIRCULATIONAHA.119.045401#P1681_LV_TissueBlock,http://purl.org/ccf/1.5/2d7b421b-cd7a-4b31-8f36-157067599c24,heart,UBERON:0000948,sc_bulk,https://purl.org/ccf/ASCTB-TEMP_mast,Mast,612.165,8.13984067165902E-4
https://doi.org/10.1161/CIRCULATIONAHA.119.045401#P1681_LV_TissueBlock,http://purl.org/ccf/1.5/2d7b421b-cd7a-4b31-8f36-157067599c24,heart,UBERON:0000948,sc_bulk,http://purl.obolibrary.org/obo/CL_0000576,monocyte,593.942,7.897532933451768E-4
https://doi.org/10.1161/CIRCULATIONAHA.119.045401#P1681_LV_TissueBlock,http://purl.org/ccf/1.5/2d7b421b-cd7a-4b31-8f36-157067599c24,heart,UBERON:0000948,sc_bulk,http://purl.obolibrary.org/obo/CL_0000896,"activated CD4-positive, alpha-beta T cell",464.9100000000001,6.181819160946798E-4
https://doi.org/10.1161/CIRCULATIONAHA.119.045401#P1681_LV_TissueBlock,http://purl.org/ccf/1.5/2d7b421b-cd7a-4b31-8f36-157067599c24,heart,UBERON:0000948,sc_bulk,http://purl.obolibrary.org/obo/CL_0002138,endothelial cell of lymphatic vessel,373.265,4.963233161495355E-4
https://doi.org/10.1161/CIRCULATIONAHA.119.045401#P1681_LV_TissueBlock,http://purl.org/ccf/1.5/2d7b421b-cd7a-4b31-8f36-157067599c24,heart,UBERON:0000948,sc_bulk,http://purl.obolibrary.org/obo/CL_0000236,B cell,321.566,4.275801467615275E-4
https://doi.org/10.1161/CIRCULATIONAHA.119.045401#P1681_LV_TissueBlock,http://purl.org/ccf/1.5/2d7b421b-cd7a-4b31-8f36-157067599c24,heart,UBERON:0000948,sc_bulk,http://purl.obolibrary.org/obo/CL_0000451,dendritic cell,307.465,4.088303173346468E-4
https://doi.org/10.1161/CIRCULATIONAHA.119.045401#P1681_LV_TissueBlock,http://purl.org/ccf/1.5/2d7b421b-cd7a-4b31-8f36-157067599c24,heart,UBERON:0000948,sc_bulk,https://purl.org/ccf/ASCTB-TEMP_atrial-cardiomyocyte,Atrial Cardiomyocyte,207.8,2.763076771084176E-4
https://doi.org/10.1161/CIRCULATIONAHA.119.045401#P1681_LV_TissueBlock,http://purl.org/ccf/1.5/2d7b421b-cd7a-4b31-8f36-157067599c24,heart,UBERON:0000948,sc_bulk,https://purl.org/ccf/ASCTB-TEMP_endothelial,Endothelial,40.18,5.342657587207035E-5
https://doi.org/10.1161/CIRCULATIONAHA.119.045401#P1681_LV_TissueBlock,http://purl.org/ccf/1.5/2d7b421b-cd7a-4b31-8f36-157067599c24,heart,UBERON:0000948,sc_bulk,http://purl.obolibrary.org/obo/CL_0000077,mesothelial cell,34.12,4.536871002376904E-5
https://doi.org/10.1161/CIRCULATIONAHA.119.045401#P1681_RA_TissueBlock,http://purl.org/ccf/1.5/0c0a1979-77be-40f2-b950-3725707e40c9,heart,UBERON:0000948,sc_bulk,https://purl.org/ccf/ASCTB-TEMP_muscle,Muscle,3567.310659,0.1886987746624204
https://doi.org/10.1161/CIRCULATIONAHA.119.045401#P1681_RA_TissueBlock,http://purl.org/ccf/1.5/0c0a1979-77be-40f2-b950-3725707e40c9,heart,UBERON:0000948,sc_bulk,https://purl.org/ccf/ASCTB-TEMP_fibroblast,Fibroblast,2694.736341,0.1425425184941804
https://doi.org/10.1161/CIRCULATIONAHA.119.045401#P1681_RA_TissueBlock,http://purl.org/ccf/1.5/0c0a1979-77be-40f2-b950-3725707e40c9,heart,UBERON:0000948,sc_bulk,https://purl.org/ccf/ASCTB-TEMP_endothelial-cell,Endothelial cell,2234.573088,0.118201425080658
https://doi.org/10.1161/CIRCULATIONAHA.119.045401#P1681_RA_TissueBlock,http://purl.org/ccf/1.5/0c0a1979-77be-40f2-b950-3725707e40c9,heart,UBERON:0000948,sc_bulk,http://purl.obolibrary.org/obo/CL_0000057,fibroblast,2135.973873,0.1129858571552135
https://doi.org/10.1161/CIRCULATIONAHA.119.045401#P1681_RA_TissueBlock,http://purl.org/ccf/1.5/0c0a1979-77be-40f2-b950-3725707e40c9,heart,UBERON:0000948,sc_bulk,http://purl.obolibrary.org/obo/CL_0002129,regular atrial cardiac myocyte,1773.72162,0.09382392740083569
https://doi.org/10.1161/CIRCULATIONAHA.119.045401#P1681_RA_TissueBlock,http://purl.org/ccf/1.5/0c0a1979-77be-40f2-b950-3725707e40c9,heart,UBERON:0000948,sc_bulk,https://purl.org/ccf/ASCTB-TEMP_immune-myeloid-,Immune (myeloid),1638.102114,0.08665011018983433
https://doi.org/10.1161/CIRCULATIONAHA.119.045401#P1681_RA_TissueBlock,http://purl.org/ccf/1.5/0c0a1979-77be-40f2-b950-3725707e40c9,heart,UBERON:0000948,sc_bulk,http://purl.obolibrary.org/obo/CL_0000115,endothelial cell,723.0055689999999,0.03824457076655349
https://doi.org/10.1161/CIRCULATIONAHA.119.045401#P1681_RA_TissueBlock,http://purl.org/ccf/1.5/0c0a1979-77be-40f2-b950-3725707e40c9,heart,UBERON:0000948,sc_bulk,http://purl.obolibrary.org/obo/CL_0000669,pericyte,563.818365,0.02982410134067029
https://doi.org/10.1161/CIRCULATIONAHA.119.045401#P1681_RA_TissueBlock,http://purl.org/ccf/1.5/0c0a1979-77be-40f2-b950-3725707e40c9,heart,UBERON:0000948,sc_bulk,http://purl.obolibrary.org/obo/CL_0000003,native cell,518.8791079999999,0.02744696530158006
https://doi.org/10.1161/CIRCULATIONAHA.119.045401#P1681_RA_TissueBlock,http://purl.org/ccf/1.5/0c0a1979-77be-40f2-b950-3725707e40c9,heart,UBERON:0000948,sc_bulk,http://purl.obolibrary.org/obo/CL_0002543,vein endothelial cell,347.611957,0.01838750717670703
https://doi.org/10.1161/CIRCULATIONAHA.119.045401#P1681_RA_TissueBlock,http://purl.org/ccf/1.5/0c0a1979-77be-40f2-b950-3725707e40c9,heart,UBERON:0000948,sc_bulk,http://purl.obolibrary.org/obo/CL_0000235,macrophage,328.292745,0.01736558562842633
https://doi.org/10.1161/CIRCULATIONAHA.119.045401#P1681_RA_TissueBlock,http://purl.org/ccf/1.5/0c0a1979-77be-40f2-b950-3725707e40c9,heart,UBERON:0000948,sc_bulk,http://purl.obolibrary.org/obo/CL_0000192,smooth muscle cell,327.697238,0.01733408530452844
https://doi.org/10.1161/CIRCULATIONAHA.119.045401#P1681_RA_TissueBlock,http://purl.org/ccf/1.5/0c0a1979-77be-40f2-b950-3725707e40c9,heart,UBERON:0000948,sc_bulk,http://purl.obolibrary.org/obo/CL_0002144,capillary endothelial cell,312.237233,0.01651630286878378
https://doi.org/10.1161/CIRCULATIONAHA.119.045401#P1681_RA_TissueBlock,http://purl.org/ccf/1.5/0c0a1979-77be-40f2-b950-3725707e40c9,heart,UBERON:0000948,sc_bulk,http://purl.obolibrary.org/obo/CL_1000413,endothelial cell of artery,287.029644,0.01518290591763984
https://doi.org/10.1161/CIRCULATIONAHA.119.045401#P1681_RA_TissueBlock,http://purl.org/ccf/1.5/0c0a1979-77be-40f2-b950-3725707e40c9,heart,UBERON:0000948,sc_bulk,https://purl.org/ccf/ASCTB-TEMP_immune-lymphocyte-,Immune (lymphocyte),189.189594,0.01000749527563947
https://doi.org/10.1161/CIRCULATIONAHA.119.045401#P1681_RA_TissueBlock,http://purl.org/ccf/1.5/0c0a1979-77be-40f2-b950-3725707e40c9,heart,UBERON:0000948,sc_bulk,http://purl.obolibrary.org/obo/CL_0002319,neural cell,172.036249,0.009100140830717333
https://doi.org/10.1161/CIRCULATIONAHA.119.045401#P1681_RA_TissueBlock,http://purl.org/ccf/1.5/0c0a1979-77be-40f2-b950-3725707e40c9,heart,UBERON:0000948,sc_bulk,http://purl.obolibrary.org/obo/CL_1000309,epicardial adipocyte,143.424952,0.007586699137103792
https://doi.org/10.1161/CIRCULATIONAHA.119.045401#P1681_RA_TissueBlock,http://purl.org/ccf/1.5/0c0a1979-77be-40f2-b950-3725707e40c9,heart,UBERON:0000948,sc_bulk,http://purl.obolibrary.org/obo/CL_0000906,"activated CD8-positive, alpha-beta T cell",126.507161,0.006691804709100763
https://doi.org/10.1161/CIRCULATIONAHA.119.045401#P1681_RA_TissueBlock,http://purl.org/ccf/1.5/0c0a1979-77be-40f2-b950-3725707e40c9,heart,UBERON:0000948,sc_bulk,http://purl.obolibrary.org/obo/CL_0000794,"CD8-positive, alpha-beta cytotoxic T cell",114.6552,0.006064875705201304
https://doi.org/10.1161/CIRCULATIONAHA.119.045401#P1681_RA_TissueBlock,http://purl.org/ccf/1.5/0c0a1979-77be-40f2-b950-3725707e40c9,heart,UBERON:0000948,sc_bulk,https://purl.org/ccf/ASCTB-TEMP_glia,Glia,85.757265,0.004536271822324762
https://doi.org/10.1161/CIRCULATIONAHA.119.045401#P1681_RA_TissueBlock,http://purl.org/ccf/1.5/0c0a1979-77be-40f2-b950-3725707e40c9,heart,UBERON:0000948,sc_bulk,http://purl.obolibrary.org/obo/CL_0000236,B cell,81.92454599999999,0.004333533836189257
https://doi.org/10.1161/CIRCULATIONAHA.119.045401#P1681_RA_TissueBlock,http://purl.org/ccf/1.5/0c0a1979-77be-40f2-b950-3725707e40c9,heart,UBERON:0000948,sc_bulk,http://purl.obolibrary.org/obo/CL_0002397,"CD14-positive, CD16-positive monocyte",81.43972099999999,0.004307888219036488
https://doi.org/10.1161/CIRCULATIONAHA.119.045401#P1681_RA_TissueBlock,http://purl.org/ccf/1.5/0c0a1979-77be-40f2-b950-3725707e40c9,heart,UBERON:0000948,sc_bulk,http://purl.obolibrary.org/obo/CL_0000623,natural killer cell,76.90696200000001,0.004068120463743815
https://doi.org/10.1161/CIRCULATIONAHA.119.045401#P1681_RA_TissueBlock,http://purl.org/ccf/1.5/0c0a1979-77be-40f2-b950-3725707e40c9,heart,UBERON:0000948,sc_bulk,http://purl.obolibrary.org/obo/CL_0001054,CD14-positive monocyte,73.10782599999999,0.003867158905723282
https://doi.org/10.1161/CIRCULATIONAHA.119.045401#P1681_RA_TissueBlock,http://purl.org/ccf/1.5/0c0a1979-77be-40f2-b950-3725707e40c9,heart,UBERON:0000948,sc_bulk,http://purl.obolibrary.org/obo/CL_0000934,"CD4-positive, alpha-beta cytotoxic T cell",67.71657199999999,0.003581979642984485
https://doi.org/10.1161/CIRCULATIONAHA.119.045401#P1681_RA_TissueBlock,http://purl.org/ccf/1.5/0c0a1979-77be-40f2-b950-3725707e40c9,heart,UBERON:0000948,sc_bulk,https://purl.org/ccf/ASCTB-TEMP_adipocyte,Adipocyte,57.04947599999999,0.003017726025394964
https://doi.org/10.1161/CIRCULATIONAHA.119.045401#P1681_RA_TissueBlock,http://purl.org/ccf/1.5/0c0a1979-77be-40f2-b950-3725707e40c9,heart,UBERON:0000948,sc_bulk,http://purl.obolibrary.org/obo/CL_0000576,monocyte,47.432913,0.002509042081655494
https://doi.org/10.1161/CIRCULATIONAHA.119.045401#P1681_RA_TissueBlock,http://purl.org/ccf/1.5/0c0a1979-77be-40f2-b950-3725707e40c9,heart,UBERON:0000948,sc_bulk,http://purl.obolibrary.org/obo/CL_0000077,mesothelial cell,46.010602,0.002433806597969272
https://doi.org/10.1161/CIRCULATIONAHA.119.045401#P1681_RA_TissueBlock,http://purl.org/ccf/1.5/0c0a1979-77be-40f2-b950-3725707e40c9,heart,UBERON:0000948,sc_bulk,http://purl.obolibrary.org/obo/CL_0000814,mature NK T cell,28.514332,0.001508312570182984
https://doi.org/10.1161/CIRCULATIONAHA.119.045401#P1681_RA_TissueBlock,http://purl.org/ccf/1.5/0c0a1979-77be-40f2-b950-3725707e40c9,heart,UBERON:0000948,sc_bulk,http://purl.obolibrary.org/obo/CL_0000896,"activated CD4-positive, alpha-beta T cell",26.807275,0.00141801497769094
https://doi.org/10.1161/CIRCULATIONAHA.119.045401#P1681_RA_TissueBlock,http://purl.org/ccf/1.5/0c0a1979-77be-40f2-b950-3725707e40c9,heart,UBERON:0000948,sc_bulk,http://purl.obolibrary.org/obo/CL_0000451,dendritic cell,19.223193,0.001016842465078738
https://doi.org/10.1161/CIRCULATIONAHA.119.045401#P1681_RA_TissueBlock,http://purl.org/ccf/1.5/0c0a1979-77be-40f2-b950-3725707e40c9,heart,UBERON:0000948,sc_bulk,http://purl.obolibrary.org/obo/CL_0000097,mast cell,10.044155,5.313021270624985E-4
https://doi.org/10.1161/CIRCULATIONAHA.119.045401#P1681_RA_TissueBlock,http://purl.org/ccf/1.5/0c0a1979-77be-40f2-b950-3725707e40c9,heart,UBERON:0000948,sc_bulk,http://purl.obolibrary.org/obo/CL_0002138,endothelial cell of lymphatic vessel,4.052191,2.143473191685625E-4
https://doi.org/10.1161/CIRCULATIONAHA.119.045401#P1702_LA_TissueBlock,http://purl.org/ccf/1.5/3db43e49-5b7f-4806-a772-07a1ccfd49a8,heart,UBERON:0000948,sc_bulk,http://purl.obolibrary.org/obo/CL_0000669,pericyte,5310.692097,0.1796743913592813
https://doi.org/10.1161/CIRCULATIONAHA.119.045401#P1702_LA_TissueBlock,http://purl.org/ccf/1.5/3db43e49-5b7f-4806-a772-07a1ccfd49a8,heart,UBERON:0000948,sc_bulk,http://purl.obolibrary.org/obo/CL_0002129,regular atrial cardiac myocyte,4867.145808,0.1646680780464154
https://doi.org/10.1161/CIRCULATIONAHA.119.045401#P1702_LA_TissueBlock,http://purl.org/ccf/1.5/3db43e49-5b7f-4806-a772-07a1ccfd49a8,heart,UBERON:0000948,sc_bulk,http://purl.obolibrary.org/obo/CL_0000057,fibroblast,4654.054958999999,0.1574586658080489
https://doi.org/10.1161/CIRCULATIONAHA.119.045401#P1702_LA_TissueBlock,http://purl.org/ccf/1.5/3db43e49-5b7f-4806-a772-07a1ccfd49a8,heart,UBERON:0000948,sc_bulk,http://purl.obolibrary.org/obo/CL_0002144,capillary endothelial cell,3661.243629,0.1238693015229087
https://doi.org/10.1161/CIRCULATIONAHA.119.045401#P1702_LA_TissueBlock,http://purl.org/ccf/1.5/3db43e49-5b7f-4806-a772-07a1ccfd49a8,heart,UBERON:0000948,sc_bulk,http://purl.obolibrary.org/obo/CL_0000235,macrophage,1624.471539,0.05496005600007955
https://doi.org/10.1161/CIRCULATIONAHA.119.045401#P1702_LA_TissueBlock,http://purl.org/ccf/1.5/3db43e49-5b7f-4806-a772-07a1ccfd49a8,heart,UBERON:0000948,sc_bulk,http://purl.obolibrary.org/obo/CL_0000003,native cell,1494.408399,0.05055968499552101
https://doi.org/10.1161/CIRCULATIONAHA.119.045401#P1702_LA_TissueBlock,http://purl.org/ccf/1.5/3db43e49-5b7f-4806-a772-07a1ccfd49a8,heart,UBERON:0000948,sc_bulk,http://purl.obolibrary.org/obo/CL_0000192,smooth muscle cell,1361.107086,0.04604975825843945
https://doi.org/10.1161/CIRCULATIONAHA.119.045401#P1702_LA_TissueBlock,http://purl.org/ccf/1.5/3db43e49-5b7f-4806-a772-07a1ccfd49a8,heart,UBERON:0000948,sc_bulk,http://purl.obolibrary.org/obo/CL_0000115,endothelial cell,1026.385653,0.03472527010309057
https://doi.org/10.1161/CIRCULATIONAHA.119.045401#P1702_LA_TissueBlock,http://purl.org/ccf/1.5/3db43e49-5b7f-4806-a772-07a1ccfd49a8,heart,UBERON:0000948,sc_bulk,http://purl.obolibrary.org/obo/CL_1000413,endothelial cell of artery,919.9926539999999,0.03112572093114511
https://doi.org/10.1161/CIRCULATIONAHA.119.045401#P1702_LA_TissueBlock,http://purl.org/ccf/1.5/3db43e49-5b7f-4806-a772-07a1ccfd49a8,heart,UBERON:0000948,sc_bulk,http://purl.obolibrary.org/obo/CL_0002543,vein endothelial cell,808.3417199999999,0.02734828227630809
https://doi.org/10.1161/CIRCULATIONAHA.119.045401#P1702_LA_TissueBlock,http://purl.org/ccf/1.5/3db43e49-5b7f-4806-a772-07a1ccfd49a8,heart,UBERON:0000948,sc_bulk,http://purl.obolibrary.org/obo/CL_1000309,epicardial adipocyte,611.7624749999999,0.02069750012699192
https://doi.org/10.1161/CIRCULATIONAHA.119.045401#P1702_LA_TissueBlock,http://purl.org/ccf/1.5/3db43e49-5b7f-4806-a772-07a1ccfd49a8,heart,UBERON:0000948,sc_bulk,http://purl.obolibrary.org/obo/CL_0000794,"CD8-positive, alpha-beta cytotoxic T cell",437.817672,0.01481249944567017
https://doi.org/10.1161/CIRCULATIONAHA.119.045401#P1702_LA_TissueBlock,http://purl.org/ccf/1.5/3db43e49-5b7f-4806-a772-07a1ccfd49a8,heart,UBERON:0000948,sc_bulk,http://purl.obolibrary.org/obo/CL_0002319,neural cell,407.531172,0.01378782914761676
https://doi.org/10.1161/CIRCULATIONAHA.119.045401#P1702_LA_TissueBlock,http://purl.org/ccf/1.5/3db43e49-5b7f-4806-a772-07a1ccfd49a8,heart,UBERON:0000948,sc_bulk,http://purl.obolibrary.org/obo/CL_0002397,"CD14-positive, CD16-positive monocyte",372.982716,0.01261896590139137
https://doi.org/10.1161/CIRCULATIONAHA.119.045401#P1702_LA_TissueBlock,http://purl.org/ccf/1.5/3db43e49-5b7f-4806-a772-07a1ccfd49a8,heart,UBERON:0000948,sc_bulk,http://purl.obolibrary.org/obo/CL_0000906,"activated CD8-positive, alpha-beta T cell",363.195708,0.01228784621425648
https://doi.org/10.1161/CIRCULATIONAHA.119.045401#P1702_LA_TissueBlock,http://purl.org/ccf/1.5/3db43e49-5b7f-4806-a772-07a1ccfd49a8,heart,UBERON:0000948,sc_bulk,http://purl.obolibrary.org/obo/CL_0000623,natural killer cell,288.6730439999999,0.009766552557590501
https://doi.org/10.1161/CIRCULATIONAHA.119.045401#P1702_LA_TissueBlock,http://purl.org/ccf/1.5/3db43e49-5b7f-4806-a772-07a1ccfd49a8,heart,UBERON:0000948,sc_bulk,http://purl.obolibrary.org/obo/CL_0000934,"CD4-positive, alpha-beta cytotoxic T cell",231.502062,0.007832310992340438
https://doi.org/10.1161/CIRCULATIONAHA.119.045401#P1702_LA_TissueBlock,http://purl.org/ccf/1.5/3db43e49-5b7f-4806-a772-07a1ccfd49a8,heart,UBERON:0000948,sc_bulk,http://purl.obolibrary.org/obo/CL_0000077,mesothelial cell,217.0201499999999,0.007342350611133521
https://doi.org/10.1161/CIRCULATIONAHA.119.045401#P1702_LA_TissueBlock,http://purl.org/ccf/1.5/3db43e49-5b7f-4806-a772-07a1ccfd49a8,heart,UBERON:0000948,sc_bulk,http://purl.obolibrary.org/obo/CL_0000576,monocyte,172.517862,0.005836723592197078
https://doi.org/10.1161/CIRCULATIONAHA.119.045401#P1702_LA_TissueBlock,http://purl.org/ccf/1.5/3db43e49-5b7f-4806-a772-07a1ccfd49a8,heart,UBERON:0000948,sc_bulk,http://purl.obolibrary.org/obo/CL_0000814,mature NK T cell,145.327536,0.004916804834777457
https://doi.org/10.1161/CIRCULATIONAHA.119.045401#P1702_LA_TissueBlock,http://purl.org/ccf/1.5/3db43e49-5b7f-4806-a772-07a1ccfd49a8,heart,UBERON:0000948,sc_bulk,http://purl.obolibrary.org/obo/CL_0001054,CD14-positive monocyte,135.093678,0.004570567061277836
https://doi.org/10.1161/CIRCULATIONAHA.119.045401#P1702_LA_TissueBlock,http://purl.org/ccf/1.5/3db43e49-5b7f-4806-a772-07a1ccfd49a8,heart,UBERON:0000948,sc_bulk,http://purl.obolibrary.org/obo/CL_0000097,mast cell,107.63127,0.003641443069049474
https://doi.org/10.1161/CIRCULATIONAHA.119.045401#P1702_LA_TissueBlock,http://purl.org/ccf/1.5/3db43e49-5b7f-4806-a772-07a1ccfd49a8,heart,UBERON:0000948,sc_bulk,http://purl.obolibrary.org/obo/CL_0000236,B cell,107.311524,0.003630625238361827
https://doi.org/10.1161/CIRCULATIONAHA.119.045401#P1702_LA_TissueBlock,http://purl.org/ccf/1.5/3db43e49-5b7f-4806-a772-07a1ccfd49a8,heart,UBERON:0000948,sc_bulk,http://purl.obolibrary.org/obo/CL_0000896,"activated CD4-positive, alpha-beta T cell",92.83358399999999,0.003140799240144821
https://doi.org/10.1161/CIRCULATIONAHA.119.045401#P1702_LA_TissueBlock,http://purl.org/ccf/1.5/3db43e49-5b7f-4806-a772-07a1ccfd49a8,heart,UBERON:0000948,sc_bulk,http://purl.obolibrary.org/obo/CL_0000451,dendritic cell,83.86182899999999,0.002837261661688672
https://doi.org/10.1161/CIRCULATIONAHA.119.045401#P1702_LA_TissueBlock,http://purl.org/ccf/1.5/3db43e49-5b7f-4806-a772-07a1ccfd49a8,heart,UBERON:0000948,sc_bulk,http://purl.obolibrary.org/obo/CL_0002138,endothelial cell of lymphatic vessel,54.40646999999999,0.001840711004273647
https://doi.org/10.1161/CIRCULATIONAHA.119.045401#P1702_LV_TissueBlock,http://purl.org/ccf/1.5/2d7b421b-cd7a-4b31-8f36-157067599c24,heart,UBERON:0000948,sc_bulk,https://purl.org/ccf/ASCTB-TEMP_fibroblast,Fibroblast,250442.7249999999,0.3330088912100684
https://doi.org/10.1161/CIRCULATIONAHA.119.045401#P1702_LV_TissueBlock,http://purl.org/ccf/1.5/2d7b421b-cd7a-4b31-8f36-157067599c24,heart,UBERON:0000948,sc_bulk,https://purl.org/ccf/ASCTB-TEMP_ventricular-cardiomycoyte,Ventricular Cardiomycoyte,197325.806,0.2623803421049387
https://doi.org/10.1161/CIRCULATIONAHA.119.045401#P1702_LV_TissueBlock,http://purl.org/ccf/1.5/2d7b421b-cd7a-4b31-8f36-157067599c24,heart,UBERON:0000948,sc_bulk,http://purl.obolibrary.org/obo/CL_0002131,regular ventricular cardiac myocyte,71409.56,0.09495192322874962
https://doi.org/10.1161/CIRCULATIONAHA.119.045401#P1702_LV_TissueBlock,http://purl.org/ccf/1.5/2d7b421b-cd7a-4b31-8f36-157067599c24,heart,UBERON:0000948,sc_bulk,http://purl.obolibrary.org/obo/CL_0000669,pericyte,37952.61500000001,0.05046486472974055
https://doi.org/10.1161/CIRCULATIONAHA.119.045401#P1702_LV_TissueBlock,http://purl.org/ccf/1.5/2d7b421b-cd7a-4b31-8f36-157067599c24,heart,UBERON:0000948,sc_bulk,http://purl.obolibrary.org/obo/CL_0002144,capillary endothelial cell,30491.057,0.04054337407242712
https://doi.org/10.1161/CIRCULATIONAHA.119.045401#P1702_LV_TissueBlock,http://purl.org/ccf/1.5/2d7b421b-cd7a-4b31-8f36-157067599c24,heart,UBERON:0000948,sc_bulk,https://purl.org/ccf/ASCTB-TEMP_b,B,29914.103,0.03977620939707384
https://doi.org/10.1161/CIRCULATIONAHA.119.045401#P1702_LV_TissueBlock,http://purl.org/ccf/1.5/2d7b421b-cd7a-4b31-8f36-157067599c24,heart,UBERON:0000948,sc_bulk,http://purl.obolibrary.org/obo/CL_0000057,fibroblast,22125.491,0.0294198413045871
https://doi.org/10.1161/CIRCULATIONAHA.119.045401#P1702_LV_TissueBlock,http://purl.org/ccf/1.5/2d7b421b-cd7a-4b31-8f36-157067599c24,heart,UBERON:0000948,sc_bulk,http://purl.obolibrary.org/obo/CL_0000003,native cell,15982.523,0.02125165449692905
https://doi.org/10.1161/CIRCULATIONAHA.119.045401#P1702_LV_TissueBlock,http://purl.org/ccf/1.5/2d7b421b-cd7a-4b31-8f36-157067599c24,heart,UBERON:0000948,sc_bulk,http://purl.obolibrary.org/obo/CL_1000413,endothelial cell of artery,10812.259,0.01437685355430501
https://doi.org/10.1161/CIRCULATIONAHA.119.045401#P1702_LV_TissueBlock,http://purl.org/ccf/1.5/2d7b421b-cd7a-4b31-8f36-157067599c24,heart,UBERON:0000948,sc_bulk,https://purl.org/ccf/ASCTB-TEMP_pericyte,Pericyte,9227.987,0.01227027744156244
https://doi.org/10.1161/CIRCULATIONAHA.119.045401#P1702_LV_TissueBlock,http://purl.org/ccf/1.5/2d7b421b-cd7a-4b31-8f36-157067599c24,heart,UBERON:0000948,sc_bulk,https://purl.org/ccf/ASCTB-TEMP_monocyte-cdc,Monocyte/cDC,8518.449,0.01132681836263967
https://doi.org/10.1161/CIRCULATIONAHA.119.045401#P1702_LV_TissueBlock,http://purl.org/ccf/1.5/2d7b421b-cd7a-4b31-8f36-157067599c24,heart,UBERON:0000948,sc_bulk,https://purl.org/ccf/ASCTB-TEMP_capillary-endothelial,Capillary Endothelial,8439.862,0.01122232273501253
https://doi.org/10.1161/CIRCULATIONAHA.119.045401#P1702_LV_TissueBlock,http://purl.org/ccf/1.5/2d7b421b-cd7a-4b31-8f36-157067599c24,heart,UBERON:0000948,sc_bulk,https://purl.org/ccf/ASCTB-TEMP_macrophage,Macrophage,7528.653999999999,0.01001070692248795
https://doi.org/10.1161/CIRCULATIONAHA.119.045401#P1702_LV_TissueBlock,http://purl.org/ccf/1.5/2d7b421b-cd7a-4b31-8f36-157067599c24,heart,UBERON:0000948,sc_bulk,http://purl.obolibrary.org/obo/CL_0000192,smooth muscle cell,7008.633000000003,0.009319244966002891
https://doi.org/10.1161/CIRCULATIONAHA.119.045401#P1702_LV_TissueBlock,http://purl.org/ccf/1.5/2d7b421b-cd7a-4b31-8f36-157067599c24,heart,UBERON:0000948,sc_bulk,http://purl.obolibrary.org/obo/CL_0000235,macrophage,5940.471999999999,0.00789893175768814
https://doi.org/10.1161/CIRCULATIONAHA.119.045401#P1702_LV_TissueBlock,http://purl.org/ccf/1.5/2d7b421b-cd7a-4b31-8f36-157067599c24,heart,UBERON:0000948,sc_bulk,http://purl.obolibrary.org/obo/CL_0000115,endothelial cell,3880.46,0.005159773285428922
https://doi.org/10.1161/CIRCULATIONAHA.119.045401#P1702_LV_TissueBlock,http://purl.org/ccf/1.5/2d7b421b-cd7a-4b31-8f36-157067599c24,heart,UBERON:0000948,sc_bulk,http://purl.obolibrary.org/obo/CL_0002543,vein endothelial cell,3135.713,0.004169497474055185
https://doi.org/10.1161/CIRCULATIONAHA.119.045401#P1702_LV_TissueBlock,http://purl.org/ccf/1.5/2d7b421b-cd7a-4b31-8f36-157067599c24,heart,UBERON:0000948,sc_bulk,https://purl.org/ccf/ASCTB-TEMP_mesothelial,Mesothelial,3107.44,0.004131903407862277
https://doi.org/10.1161/CIRCULATIONAHA.119.045401#P1702_LV_TissueBlock,http://purl.org/ccf/1.5/2d7b421b-cd7a-4b31-8f36-157067599c24,heart,UBERON:0000948,sc_bulk,https://purl.org/ccf/ASCTB-TEMP_arterial-endothelial,Arterial Endothelial,2967.959,0.003946438195587209
https://doi.org/10.1161/CIRCULATIONAHA.119.045401#P1702_LV_TissueBlock,http://purl.org/ccf/1.5/2d7b421b-cd7a-4b31-8f36-157067599c24,heart,UBERON:0000948,sc_bulk,https://purl.org/ccf/ASCTB-TEMP_venous-endothelial,Venous Endothelial,2773.378,0.003687707569410919
https://doi.org/10.1161/CIRCULATIONAHA.119.045401#P1702_LV_TissueBlock,http://purl.org/ccf/1.5/2d7b421b-cd7a-4b31-8f36-157067599c24,heart,UBERON:0000948,sc_bulk,https://purl.org/ccf/ASCTB-TEMP_smooth-muscle,Smooth Muscle,2694.905000000001,0.00358336352539875
https://doi.org/10.1161/CIRCULATIONAHA.119.045401#P1702_LV_TissueBlock,http://purl.org/ccf/1.5/2d7b421b-cd7a-4b31-8f36-157067599c24,heart,UBERON:0000948,sc_bulk,https://purl.org/ccf/ASCTB-TEMP_endocardial,Endocardial,2012.971,0.002676608956191571
https://doi.org/10.1161/CIRCULATIONAHA.119.045401#P1702_LV_TissueBlock,http://purl.org/ccf/1.5/2d7b421b-cd7a-4b31-8f36-157067599c24,heart,UBERON:0000948,sc_bulk,https://purl.org/ccf/ASCTB-TEMP_nk,NK,2008.322,0.002670427269998707
https://doi.org/10.1161/CIRCULATIONAHA.119.045401#P1702_LV_TissueBlock,http://purl.org/ccf/1.5/2d7b421b-cd7a-4b31-8f36-157067599c24,heart,UBERON:0000948,sc_bulk,http://purl.obolibrary.org/obo/CL_0000623,natural killer cell,1511.667,0.00201003463585876
https://doi.org/10.1161/CIRCULATIONAHA.119.045401#P1702_LV_TissueBlock,http://purl.org/ccf/1.5/2d7b421b-cd7a-4b31-8f36-157067599c24,heart,UBERON:0000948,sc_bulk,http://purl.obolibrary.org/obo/CL_0000934,"CD4-positive, alpha-beta cytotoxic T cell",1408.392,0.001872711847825209
https://doi.org/10.1161/CIRCULATIONAHA.119.045401#P1702_LV_TissueBlock,http://purl.org/ccf/1.5/2d7b421b-cd7a-4b31-8f36-157067599c24,heart,UBERON:0000948,sc_bulk,http://purl.obolibrary.org/obo/CL_0002319,neural cell,1246.33,0.00165722111265897
https://doi.org/10.1161/CIRCULATIONAHA.119.045401#P1702_LV_TissueBlock,http://purl.org/ccf/1.5/2d7b421b-cd7a-4b31-8f36-157067599c24,heart,UBERON:0000948,sc_bulk,http://purl.obolibrary.org/obo/CL_0002397,"CD14-positive, CD16-positive monocyte",1134.928,0.001509092008495198
https://doi.org/10.1161/CIRCULATIONAHA.119.045401#P1702_LV_TissueBlock,http://purl.org/ccf/1.5/2d7b421b-cd7a-4b31-8f36-157067599c24,heart,UBERON:0000948,sc_bulk,https://purl.org/ccf/ASCTB-TEMP_t,T,1134.41,0.001508403233823677
https://doi.org/10.1161/CIRCULATIONAHA.119.045401#P1702_LV_TissueBlock,http://purl.org/ccf/1.5/2d7b421b-cd7a-4b31-8f36-157067599c24,heart,UBERON:0000948,sc_bulk,http://purl.obolibrary.org/obo/CL_1000309,epicardial adipocyte,973.355,0.001294251487256322
https://doi.org/10.1161/CIRCULATIONAHA.119.045401#P1702_LV_TissueBlock,http://purl.org/ccf/1.5/2d7b421b-cd7a-4b31-8f36-157067599c24,heart,UBERON:0000948,sc_bulk,http://purl.obolibrary.org/obo/CL_0000794,"CD8-positive, alpha-beta cytotoxic T cell",920.042,0.001223362213003767
https://doi.org/10.1161/CIRCULATIONAHA.119.045401#P1702_LV_TissueBlock,http://purl.org/ccf/1.5/2d7b421b-cd7a-4b31-8f36-157067599c24,heart,UBERON:0000948,sc_bulk,http://purl.obolibrary.org/obo/CL_0000906,"activated CD8-positive, alpha-beta T cell",916.103,0.001218124600202371
https://doi.org/10.1161/CIRCULATIONAHA.119.045401#P1702_LV_TissueBlock,http://purl.org/ccf/1.5/2d7b421b-cd7a-4b31-8f36-157067599c24,heart,UBERON:0000948,sc_bulk,https://purl.org/ccf/ASCTB-TEMP_adipocyte,Adipocyte,809.348,0.001076174522869796
https://doi.org/10.1161/CIRCULATIONAHA.119.045401#P1702_LV_TissueBlock,http://purl.org/ccf/1.5/2d7b421b-cd7a-4b31-8f36-157067599c24,heart,UBERON:0000948,sc_bulk,http://purl.obolibrary.org/obo/CL_0000097,mast cell,806.5830000000002,0.001072497955366404
https://doi.org/10.1161/CIRCULATIONAHA.119.045401#P1702_LV_TissueBlock,http://purl.org/ccf/1.5/2d7b421b-cd7a-4b31-8f36-157067599c24,heart,UBERON:0000948,sc_bulk,https://purl.org/ccf/ASCTB-TEMP_neuronal,Neuronal,651.491,8.662750956065452E-4
https://doi.org/10.1161/CIRCULATIONAHA.119.045401#P1702_LV_TissueBlock,http://purl.org/ccf/1.5/2d7b421b-cd7a-4b31-8f36-157067599c24,heart,UBERON:0000948,sc_bulk,https://purl.org/ccf/ASCTB-TEMP_lymphatic-endothelial,Lymphatic Endothelial,641.95,8.535886107783864E-4
https://doi.org/10.1161/CIRCULATIONAHA.119.045401#P1702_LV_TissueBlock,http://purl.org/ccf/1.5/2d7b421b-cd7a-4b31-8f36-157067599c24,heart,UBERON:0000948,sc_bulk,http://purl.obolibrary.org/obo/CL_0000814,mature NK T cell,634.035,8.430641869847716E-4
https://doi.org/10.1161/CIRCULATIONAHA.119.045401#P1702_LV_TissueBlock,http://purl.org/ccf/1.5/2d7b421b-cd7a-4b31-8f36-157067599c24,heart,UBERON:0000948,sc_bulk,http://purl.obolibrary.org/obo/CL_0001054,CD14-positive monocyte,614.7840000000001,8.174665012676681E-4
https://doi.org/10.1161/CIRCULATIONAHA.119.045401#P1702_LV_TissueBlock,http://purl.org/ccf/1.5/2d7b421b-cd7a-4b31-8f36-157067599c24,heart,UBERON:0000948,sc_bulk,https://purl.org/ccf/ASCTB-TEMP_mast,Mast,612.165,8.13984067165902E-4
https://doi.org/10.1161/CIRCULATIONAHA.119.045401#P1702_LV_TissueBlock,http://purl.org/ccf/1.5/2d7b421b-cd7a-4b31-8f36-157067599c24,heart,UBERON:0000948,sc_bulk,http://purl.obolibrary.org/obo/CL_0000576,monocyte,593.942,7.897532933451768E-4
https://doi.org/10.1161/CIRCULATIONAHA.119.045401#P1702_LV_TissueBlock,http://purl.org/ccf/1.5/2d7b421b-cd7a-4b31-8f36-157067599c24,heart,UBERON:0000948,sc_bulk,http://purl.obolibrary.org/obo/CL_0000896,"activated CD4-positive, alpha-beta T cell",464.9100000000001,6.181819160946798E-4
https://doi.org/10.1161/CIRCULATIONAHA.119.045401#P1702_LV_TissueBlock,http://purl.org/ccf/1.5/2d7b421b-cd7a-4b31-8f36-157067599c24,heart,UBERON:0000948,sc_bulk,http://purl.obolibrary.org/obo/CL_0002138,endothelial cell of lymphatic vessel,373.265,4.963233161495355E-4
https://doi.org/10.1161/CIRCULATIONAHA.119.045401#P1702_LV_TissueBlock,http://purl.org/ccf/1.5/2d7b421b-cd7a-4b31-8f36-157067599c24,heart,UBERON:0000948,sc_bulk,http://purl.obolibrary.org/obo/CL_0000236,B cell,321.566,4.275801467615275E-4
https://doi.org/10.1161/CIRCULATIONAHA.119.045401#P1702_LV_TissueBlock,http://purl.org/ccf/1.5/2d7b421b-cd7a-4b31-8f36-157067599c24,heart,UBERON:0000948,sc_bulk,http://purl.obolibrary.org/obo/CL_0000451,dendritic cell,307.465,4.088303173346468E-4
https://doi.org/10.1161/CIRCULATIONAHA.119.045401#P1702_LV_TissueBlock,http://purl.org/ccf/1.5/2d7b421b-cd7a-4b31-8f36-157067599c24,heart,UBERON:0000948,sc_bulk,https://purl.org/ccf/ASCTB-TEMP_atrial-cardiomyocyte,Atrial Cardiomyocyte,207.8,2.763076771084176E-4
https://doi.org/10.1161/CIRCULATIONAHA.119.045401#P1702_LV_TissueBlock,http://purl.org/ccf/1.5/2d7b421b-cd7a-4b31-8f36-157067599c24,heart,UBERON:0000948,sc_bulk,https://purl.org/ccf/ASCTB-TEMP_endothelial,Endothelial,40.18,5.342657587207035E-5
https://doi.org/10.1161/CIRCULATIONAHA.119.045401#P1702_LV_TissueBlock,http://purl.org/ccf/1.5/2d7b421b-cd7a-4b31-8f36-157067599c24,heart,UBERON:0000948,sc_bulk,http://purl.obolibrary.org/obo/CL_0000077,mesothelial cell,34.12,4.536871002376904E-5
https://doi.org/10.1161/CIRCULATIONAHA.119.045401#P1702_RA_TissueBlock,http://purl.org/ccf/1.5/0c0a1979-77be-40f2-b950-3725707e40c9,heart,UBERON:0000948,sc_bulk,https://purl.org/ccf/ASCTB-TEMP_muscle,Muscle,3567.310659,0.1886987746624204
https://doi.org/10.1161/CIRCULATIONAHA.119.045401#P1702_RA_TissueBlock,http://purl.org/ccf/1.5/0c0a1979-77be-40f2-b950-3725707e40c9,heart,UBERON:0000948,sc_bulk,https://purl.org/ccf/ASCTB-TEMP_fibroblast,Fibroblast,2694.736341,0.1425425184941804
https://doi.org/10.1161/CIRCULATIONAHA.119.045401#P1702_RA_TissueBlock,http://purl.org/ccf/1.5/0c0a1979-77be-40f2-b950-3725707e40c9,heart,UBERON:0000948,sc_bulk,https://purl.org/ccf/ASCTB-TEMP_endothelial-cell,Endothelial cell,2234.573088,0.118201425080658
https://doi.org/10.1161/CIRCULATIONAHA.119.045401#P1702_RA_TissueBlock,http://purl.org/ccf/1.5/0c0a1979-77be-40f2-b950-3725707e40c9,heart,UBERON:0000948,sc_bulk,http://purl.obolibrary.org/obo/CL_0000057,fibroblast,2135.973873,0.1129858571552135
https://doi.org/10.1161/CIRCULATIONAHA.119.045401#P1702_RA_TissueBlock,http://purl.org/ccf/1.5/0c0a1979-77be-40f2-b950-3725707e40c9,heart,UBERON:0000948,sc_bulk,http://purl.obolibrary.org/obo/CL_0002129,regular atrial cardiac myocyte,1773.72162,0.09382392740083569
https://doi.org/10.1161/CIRCULATIONAHA.119.045401#P1702_RA_TissueBlock,http://purl.org/ccf/1.5/0c0a1979-77be-40f2-b950-3725707e40c9,heart,UBERON:0000948,sc_bulk,https://purl.org/ccf/ASCTB-TEMP_immune-myeloid-,Immune (myeloid),1638.102114,0.08665011018983433
https://doi.org/10.1161/CIRCULATIONAHA.119.045401#P1702_RA_TissueBlock,http://purl.org/ccf/1.5/0c0a1979-77be-40f2-b950-3725707e40c9,heart,UBERON:0000948,sc_bulk,http://purl.obolibrary.org/obo/CL_0000115,endothelial cell,723.0055689999999,0.03824457076655349
https://doi.org/10.1161/CIRCULATIONAHA.119.045401#P1702_RA_TissueBlock,http://purl.org/ccf/1.5/0c0a1979-77be-40f2-b950-3725707e40c9,heart,UBERON:0000948,sc_bulk,http://purl.obolibrary.org/obo/CL_0000669,pericyte,563.818365,0.02982410134067029
https://doi.org/10.1161/CIRCULATIONAHA.119.045401#P1702_RA_TissueBlock,http://purl.org/ccf/1.5/0c0a1979-77be-40f2-b950-3725707e40c9,heart,UBERON:0000948,sc_bulk,http://purl.obolibrary.org/obo/CL_0000003,native cell,518.8791079999999,0.02744696530158006
https://doi.org/10.1161/CIRCULATIONAHA.119.045401#P1702_RA_TissueBlock,http://purl.org/ccf/1.5/0c0a1979-77be-40f2-b950-3725707e40c9,heart,UBERON:0000948,sc_bulk,http://purl.obolibrary.org/obo/CL_0002543,vein endothelial cell,347.611957,0.01838750717670703
https://doi.org/10.1161/CIRCULATIONAHA.119.045401#P1702_RA_TissueBlock,http://purl.org/ccf/1.5/0c0a1979-77be-40f2-b950-3725707e40c9,heart,UBERON:0000948,sc_bulk,http://purl.obolibrary.org/obo/CL_0000235,macrophage,328.292745,0.01736558562842633
https://doi.org/10.1161/CIRCULATIONAHA.119.045401#P1702_RA_TissueBlock,http://purl.org/ccf/1.5/0c0a1979-77be-40f2-b950-3725707e40c9,heart,UBERON:0000948,sc_bulk,http://purl.obolibrary.org/obo/CL_0000192,smooth muscle cell,327.697238,0.01733408530452844
https://doi.org/10.1161/CIRCULATIONAHA.119.045401#P1702_RA_TissueBlock,http://purl.org/ccf/1.5/0c0a1979-77be-40f2-b950-3725707e40c9,heart,UBERON:0000948,sc_bulk,http://purl.obolibrary.org/obo/CL_0002144,capillary endothelial cell,312.237233,0.01651630286878378
https://doi.org/10.1161/CIRCULATIONAHA.119.045401#P1702_RA_TissueBlock,http://purl.org/ccf/1.5/0c0a1979-77be-40f2-b950-3725707e40c9,heart,UBERON:0000948,sc_bulk,http://purl.obolibrary.org/obo/CL_1000413,endothelial cell of artery,287.029644,0.01518290591763984
https://doi.org/10.1161/CIRCULATIONAHA.119.045401#P1702_RA_TissueBlock,http://purl.org/ccf/1.5/0c0a1979-77be-40f2-b950-3725707e40c9,heart,UBERON:0000948,sc_bulk,https://purl.org/ccf/ASCTB-TEMP_immune-lymphocyte-,Immune (lymphocyte),189.189594,0.01000749527563947
https://doi.org/10.1161/CIRCULATIONAHA.119.045401#P1702_RA_TissueBlock,http://purl.org/ccf/1.5/0c0a1979-77be-40f2-b950-3725707e40c9,heart,UBERON:0000948,sc_bulk,http://purl.obolibrary.org/obo/CL_0002319,neural cell,172.036249,0.009100140830717333
https://doi.org/10.1161/CIRCULATIONAHA.119.045401#P1702_RA_TissueBlock,http://purl.org/ccf/1.5/0c0a1979-77be-40f2-b950-3725707e40c9,heart,UBERON:0000948,sc_bulk,http://purl.obolibrary.org/obo/CL_1000309,epicardial adipocyte,143.424952,0.007586699137103792
https://doi.org/10.1161/CIRCULATIONAHA.119.045401#P1702_RA_TissueBlock,http://purl.org/ccf/1.5/0c0a1979-77be-40f2-b950-3725707e40c9,heart,UBERON:0000948,sc_bulk,http://purl.obolibrary.org/obo/CL_0000906,"activated CD8-positive, alpha-beta T cell",126.507161,0.006691804709100763
https://doi.org/10.1161/CIRCULATIONAHA.119.045401#P1702_RA_TissueBlock,http://purl.org/ccf/1.5/0c0a1979-77be-40f2-b950-3725707e40c9,heart,UBERON:0000948,sc_bulk,http://purl.obolibrary.org/obo/CL_0000794,"CD8-positive, alpha-beta cytotoxic T cell",114.6552,0.006064875705201304
https://doi.org/10.1161/CIRCULATIONAHA.119.045401#P1702_RA_TissueBlock,http://purl.org/ccf/1.5/0c0a1979-77be-40f2-b950-3725707e40c9,heart,UBERON:0000948,sc_bulk,https://purl.org/ccf/ASCTB-TEMP_glia,Glia,85.757265,0.004536271822324762
https://doi.org/10.1161/CIRCULATIONAHA.119.045401#P1702_RA_TissueBlock,http://purl.org/ccf/1.5/0c0a1979-77be-40f2-b950-3725707e40c9,heart,UBERON:0000948,sc_bulk,http://purl.obolibrary.org/obo/CL_0000236,B cell,81.92454599999999,0.004333533836189257
https://doi.org/10.1161/CIRCULATIONAHA.119.045401#P1702_RA_TissueBlock,http://purl.org/ccf/1.5/0c0a1979-77be-40f2-b950-3725707e40c9,heart,UBERON:0000948,sc_bulk,http://purl.obolibrary.org/obo/CL_0002397,"CD14-positive, CD16-positive monocyte",81.43972099999999,0.004307888219036488
https://doi.org/10.1161/CIRCULATIONAHA.119.045401#P1702_RA_TissueBlock,http://purl.org/ccf/1.5/0c0a1979-77be-40f2-b950-3725707e40c9,heart,UBERON:0000948,sc_bulk,http://purl.obolibrary.org/obo/CL_0000623,natural killer cell,76.90696200000001,0.004068120463743815
https://doi.org/10.1161/CIRCULATIONAHA.119.045401#P1702_RA_TissueBlock,http://purl.org/ccf/1.5/0c0a1979-77be-40f2-b950-3725707e40c9,heart,UBERON:0000948,sc_bulk,http://purl.obolibrary.org/obo/CL_0001054,CD14-positive monocyte,73.10782599999999,0.003867158905723282
https://doi.org/10.1161/CIRCULATIONAHA.119.045401#P1702_RA_TissueBlock,http://purl.org/ccf/1.5/0c0a1979-77be-40f2-b950-3725707e40c9,heart,UBERON:0000948,sc_bulk,http://purl.obolibrary.org/obo/CL_0000934,"CD4-positive, alpha-beta cytotoxic T cell",67.71657199999999,0.003581979642984485
https://doi.org/10.1161/CIRCULATIONAHA.119.045401#P1702_RA_TissueBlock,http://purl.org/ccf/1.5/0c0a1979-77be-40f2-b950-3725707e40c9,heart,UBERON:0000948,sc_bulk,https://purl.org/ccf/ASCTB-TEMP_adipocyte,Adipocyte,57.04947599999999,0.003017726025394964
https://doi.org/10.1161/CIRCULATIONAHA.119.045401#P1702_RA_TissueBlock,http://purl.org/ccf/1.5/0c0a1979-77be-40f2-b950-3725707e40c9,heart,UBERON:0000948,sc_bulk,http://purl.obolibrary.org/obo/CL_0000576,monocyte,47.432913,0.002509042081655494
https://doi.org/10.1161/CIRCULATIONAHA.119.045401#P1702_RA_TissueBlock,http://purl.org/ccf/1.5/0c0a1979-77be-40f2-b950-3725707e40c9,heart,UBERON:0000948,sc_bulk,http://purl.obolibrary.org/obo/CL_0000077,mesothelial cell,46.010602,0.002433806597969272
https://doi.org/10.1161/CIRCULATIONAHA.119.045401#P1702_RA_TissueBlock,http://purl.org/ccf/1.5/0c0a1979-77be-40f2-b950-3725707e40c9,heart,UBERON:0000948,sc_bulk,http://purl.obolibrary.org/obo/CL_0000814,mature NK T cell,28.514332,0.001508312570182984
https://doi.org/10.1161/CIRCULATIONAHA.119.045401#P1702_RA_TissueBlock,http://purl.org/ccf/1.5/0c0a1979-77be-40f2-b950-3725707e40c9,heart,UBERON:0000948,sc_bulk,http://purl.obolibrary.org/obo/CL_0000896,"activated CD4-positive, alpha-beta T cell",26.807275,0.00141801497769094
https://doi.org/10.1161/CIRCULATIONAHA.119.045401#P1702_RA_TissueBlock,http://purl.org/ccf/1.5/0c0a1979-77be-40f2-b950-3725707e40c9,heart,UBERON:0000948,sc_bulk,http://purl.obolibrary.org/obo/CL_0000451,dendritic cell,19.223193,0.001016842465078738
https://doi.org/10.1161/CIRCULATIONAHA.119.045401#P1702_RA_TissueBlock,http://purl.org/ccf/1.5/0c0a1979-77be-40f2-b950-3725707e40c9,heart,UBERON:0000948,sc_bulk,http://purl.obolibrary.org/obo/CL_0000097,mast cell,10.044155,5.313021270624985E-4
https://doi.org/10.1161/CIRCULATIONAHA.119.045401#P1702_RA_TissueBlock,http://purl.org/ccf/1.5/0c0a1979-77be-40f2-b950-3725707e40c9,heart,UBERON:0000948,sc_bulk,http://purl.obolibrary.org/obo/CL_0002138,endothelial cell of lymphatic vessel,4.052191,2.143473191685625E-4
https://doi.org/10.1161/CIRCULATIONAHA.119.045401#P1702_RV_TissueBlock,http://purl.org/ccf/1.5/c127016f-4de6-41ce-a314-56ad21390e0b,heart,UBERON:0000948,sc_bulk,http://purl.obolibrary.org/obo/CL_0002131,regular ventricular cardiac myocyte,30848.571,0.2906960807811061
https://doi.org/10.1161/CIRCULATIONAHA.119.045401#P1702_RV_TissueBlock,http://purl.org/ccf/1.5/c127016f-4de6-41ce-a314-56ad21390e0b,heart,UBERON:0000948,sc_bulk,http://purl.obolibrary.org/obo/CL_0000669,pericyte,13107.914,0.1235201211432384
https://doi.org/10.1161/CIRCULATIONAHA.119.045401#P1702_RV_TissueBlock,http://purl.org/ccf/1.5/c127016f-4de6-41ce-a314-56ad21390e0b,heart,UBERON:0000948,sc_bulk,https://purl.org/ccf/ASCTB-TEMP_fibroblast,Fibroblast,12662.576,0.119323556860799
https://doi.org/10.1161/CIRCULATIONAHA.119.045401#P1702_RV_TissueBlock,http://purl.org/ccf/1.5/c127016f-4de6-41ce-a314-56ad21390e0b,heart,UBERON:0000948,sc_bulk,http://purl.obolibrary.org/obo/CL_0002144,capillary endothelial cell,9148.377999999999,0.08620813035728926
https://doi.org/10.1161/CIRCULATIONAHA.119.045401#P1702_RV_TissueBlock,http://purl.org/ccf/1.5/c127016f-4de6-41ce-a314-56ad21390e0b,heart,UBERON:0000948,sc_bulk,http://purl.obolibrary.org/obo/CL_0000057,fibroblast,8916.554999999998,0.0840235871077845
https://doi.org/10.1161/CIRCULATIONAHA.119.045401#P1702_RV_TissueBlock,http://purl.org/ccf/1.5/c127016f-4de6-41ce-a314-56ad21390e0b,heart,UBERON:0000948,sc_bulk,https://purl.org/ccf/ASCTB-TEMP_ventricular-cardiomycoyte,Ventricular Cardiomycoyte,7187.916,0.06773406165827925
https://doi.org/10.1161/CIRCULATIONAHA.119.045401#P1702_RV_TissueBlock,http://purl.org/ccf/1.5/c127016f-4de6-41ce-a314-56ad21390e0b,heart,UBERON:0000948,sc_bulk,http://purl.obolibrary.org/obo/CL_0000003,native cell,6772.851,0.06382276966457846
https://doi.org/10.1161/CIRCULATIONAHA.119.045401#P1702_RV_TissueBlock,http://purl.org/ccf/1.5/c127016f-4de6-41ce-a314-56ad21390e0b,heart,UBERON:0000948,sc_bulk,http://purl.obolibrary.org/obo/CL_1000413,endothelial cell of artery,3148.672,0.02967095655955042
https://doi.org/10.1161/CIRCULATIONAHA.119.045401#P1702_RV_TissueBlock,http://purl.org/ccf/1.5/c127016f-4de6-41ce-a314-56ad21390e0b,heart,UBERON:0000948,sc_bulk,http://purl.obolibrary.org/obo/CL_0000192,smooth muscle cell,2241.156,0.02111913921779588
https://doi.org/10.1161/CIRCULATIONAHA.119.045401#P1702_RV_TissueBlock,http://purl.org/ccf/1.5/c127016f-4de6-41ce-a314-56ad21390e0b,heart,UBERON:0000948,sc_bulk,http://purl.obolibrary.org/obo/CL_0000235,macrophage,1963.918,0.01850663570690092
https://doi.org/10.1161/CIRCULATIONAHA.119.045401#P1702_RV_TissueBlock,http://purl.org/ccf/1.5/c127016f-4de6-41ce-a314-56ad21390e0b,heart,UBERON:0000948,sc_bulk,http://purl.obolibrary.org/obo/CL_0000115,endothelial cell,1467.106,0.0138250152426978
https://doi.org/10.1161/CIRCULATIONAHA.119.045401#P1702_RV_TissueBlock,http://purl.org/ccf/1.5/c127016f-4de6-41ce-a314-56ad21390e0b,heart,UBERON:0000948,sc_bulk,http://purl.obolibrary.org/obo/CL_0002543,vein endothelial cell,984.7459999999999,0.00927958065755691
https://doi.org/10.1161/CIRCULATIONAHA.119.045401#P1702_RV_TissueBlock,http://purl.org/ccf/1.5/c127016f-4de6-41ce-a314-56ad21390e0b,heart,UBERON:0000948,sc_bulk,https://purl.org/ccf/ASCTB-TEMP_b,B,941.245,0.008869656638384066
https://doi.org/10.1161/CIRCULATIONAHA.119.045401#P1702_RV_TissueBlock,http://purl.org/ccf/1.5/c127016f-4de6-41ce-a314-56ad21390e0b,heart,UBERON:0000948,sc_bulk,http://purl.obolibrary.org/obo/CL_0000623,natural killer cell,501.854,0.004729132864025411
https://doi.org/10.1161/CIRCULATIONAHA.119.045401#P1702_RV_TissueBlock,http://purl.org/ccf/1.5/c127016f-4de6-41ce-a314-56ad21390e0b,heart,UBERON:0000948,sc_bulk,http://purl.obolibrary.org/obo/CL_0000934,"CD4-positive, alpha-beta cytotoxic T cell",485.949,0.004579254895129429
https://doi.org/10.1161/CIRCULATIONAHA.119.045401#P1702_RV_TissueBlock,http://purl.org/ccf/1.5/c127016f-4de6-41ce-a314-56ad21390e0b,heart,UBERON:0000948,sc_bulk,https://purl.org/ccf/ASCTB-TEMP_monocyte-cdc,Monocyte/cDC,453.006,0.00426882233119731
https://doi.org/10.1161/CIRCULATIONAHA.119.045401#P1702_RV_TissueBlock,http://purl.org/ccf/1.5/c127016f-4de6-41ce-a314-56ad21390e0b,heart,UBERON:0000948,sc_bulk,http://purl.obolibrary.org/obo/CL_0002397,"CD14-positive, CD16-positive monocyte",442.794,0.004172591346075288
https://doi.org/10.1161/CIRCULATIONAHA.119.045401#P1702_RV_TissueBlock,http://purl.org/ccf/1.5/c127016f-4de6-41ce-a314-56ad21390e0b,heart,UBERON:0000948,sc_bulk,http://purl.obolibrary.org/obo/CL_0002319,neural cell,439.49,0.004141456683438864
https://doi.org/10.1161/CIRCULATIONAHA.119.045401#P1702_RV_TissueBlock,http://purl.org/ccf/1.5/c127016f-4de6-41ce-a314-56ad21390e0b,heart,UBERON:0000948,sc_bulk,http://purl.obolibrary.org/obo/CL_0000906,"activated CD8-positive, alpha-beta T cell",410.177,0.003865230785781025
https://doi.org/10.1161/CIRCULATIONAHA.119.045401#P1702_RV_TissueBlock,http://purl.org/ccf/1.5/c127016f-4de6-41ce-a314-56ad21390e0b,heart,UBERON:0000948,sc_bulk,https://purl.org/ccf/ASCTB-TEMP_capillary-endothelial,Capillary Endothelial,348.199,0.003281192008274884
https://doi.org/10.1161/CIRCULATIONAHA.119.045401#P1702_RV_TissueBlock,http://purl.org/ccf/1.5/c127016f-4de6-41ce-a314-56ad21390e0b,heart,UBERON:0000948,sc_bulk,https://purl.org/ccf/ASCTB-TEMP_pericyte,Pericyte,334.21,0.003149369128244335
https://doi.org/10.1161/CIRCULATIONAHA.119.045401#P1702_RV_TissueBlock,http://purl.org/ccf/1.5/c127016f-4de6-41ce-a314-56ad21390e0b,heart,UBERON:0000948,sc_bulk,http://purl.obolibrary.org/obo/CL_1000309,epicardial adipocyte,329.963,0.003109348271035832
https://doi.org/10.1161/CIRCULATIONAHA.119.045401#P1702_RV_TissueBlock,http://purl.org/ccf/1.5/c127016f-4de6-41ce-a314-56ad21390e0b,heart,UBERON:0000948,sc_bulk,https://purl.org/ccf/ASCTB-TEMP_macrophage,Macrophage,327.793,0.003088899657863604
https://doi.org/10.1161/CIRCULATIONAHA.119.045401#P1702_RV_TissueBlock,http://purl.org/ccf/1.5/c127016f-4de6-41ce-a314-56ad21390e0b,heart,UBERON:0000948,sc_bulk,http://purl.obolibrary.org/obo/CL_0000794,"CD8-positive, alpha-beta cytotoxic T cell",322.298,0.00303711849225006
https://doi.org/10.1161/CIRCULATIONAHA.119.045401#P1702_RV_TissueBlock,http://purl.org/ccf/1.5/c127016f-4de6-41ce-a314-56ad21390e0b,heart,UBERON:0000948,sc_bulk,http://purl.obolibrary.org/obo/CL_0000576,monocyte,266.153,0.002508045963883828
https://doi.org/10.1161/CIRCULATIONAHA.119.045401#P1702_RV_TissueBlock,http://purl.org/ccf/1.5/c127016f-4de6-41ce-a314-56ad21390e0b,heart,UBERON:0000948,sc_bulk,http://purl.obolibrary.org/obo/CL_0001054,CD14-positive monocyte,248.608,0.002342713743558145
https://doi.org/10.1161/CIRCULATIONAHA.119.045401#P1702_RV_TissueBlock,http://purl.org/ccf/1.5/c127016f-4de6-41ce-a314-56ad21390e0b,heart,UBERON:0000948,sc_bulk,http://purl.obolibrary.org/obo/CL_0000097,mast cell,220.6779999999999,0.002079520303051085
https://doi.org/10.1161/CIRCULATIONAHA.119.045401#P1702_RV_TissueBlock,http://purl.org/ccf/1.5/c127016f-4de6-41ce-a314-56ad21390e0b,heart,UBERON:0000948,sc_bulk,https://purl.org/ccf/ASCTB-TEMP_mesothelial,Mesothelial,214.5,0.002021303007116513
https://doi.org/10.1161/CIRCULATIONAHA.119.045401#P1702_RV_TissueBlock,http://purl.org/ccf/1.5/c127016f-4de6-41ce-a314-56ad21390e0b,heart,UBERON:0000948,sc_bulk,http://purl.obolibrary.org/obo/CL_0000814,mature NK T cell,193.354,0.001822037396913782
https://doi.org/10.1161/CIRCULATIONAHA.119.045401#P1702_RV_TissueBlock,http://purl.org/ccf/1.5/c127016f-4de6-41ce-a314-56ad21390e0b,heart,UBERON:0000948,sc_bulk,http://purl.obolibrary.org/obo/CL_0000451,dendritic cell,144.999,0.001366372562838635
https://doi.org/10.1161/CIRCULATIONAHA.119.045401#P1702_RV_TissueBlock,http://purl.org/ccf/1.5/c127016f-4de6-41ce-a314-56ad21390e0b,heart,UBERON:0000948,sc_bulk,http://purl.obolibrary.org/obo/CL_0002138,endothelial cell of lymphatic vessel,134.159,0.001264223730217922
https://doi.org/10.1161/CIRCULATIONAHA.119.045401#P1702_RV_TissueBlock,http://purl.org/ccf/1.5/c127016f-4de6-41ce-a314-56ad21390e0b,heart,UBERON:0000948,sc_bulk,http://purl.obolibrary.org/obo/CL_0000236,B cell,116.92,0.001101775047049243
https://doi.org/10.1161/CIRCULATIONAHA.119.045401#P1702_RV_TissueBlock,http://purl.org/ccf/1.5/c127016f-4de6-41ce-a314-56ad21390e0b,heart,UBERON:0000948,sc_bulk,https://purl.org/ccf/ASCTB-TEMP_nk,NK,115.302,0.001086528108748476
https://doi.org/10.1161/CIRCULATIONAHA.119.045401#P1702_RV_TissueBlock,http://purl.org/ccf/1.5/c127016f-4de6-41ce-a314-56ad21390e0b,heart,UBERON:0000948,sc_bulk,http://purl.obolibrary.org/obo/CL_0000896,"activated CD4-positive, alpha-beta T cell",113.434,0.001068925339437084
https://doi.org/10.1161/CIRCULATIONAHA.119.045401#P1702_RV_TissueBlock,http://purl.org/ccf/1.5/c127016f-4de6-41ce-a314-56ad21390e0b,heart,UBERON:0000948,sc_bulk,https://purl.org/ccf/ASCTB-TEMP_smooth-muscle,Smooth Muscle,108.237,0.001019952324388205
https://doi.org/10.1161/CIRCULATIONAHA.119.045401#P1702_RV_TissueBlock,http://purl.org/ccf/1.5/c127016f-4de6-41ce-a314-56ad21390e0b,heart,UBERON:0000948,sc_bulk,https://purl.org/ccf/ASCTB-TEMP_venous-endothelial,Venous Endothelial,89.549,8.438492446819424E-4
https://doi.org/10.1161/CIRCULATIONAHA.119.045401#P1702_RV_TissueBlock,http://purl.org/ccf/1.5/c127016f-4de6-41ce-a314-56ad21390e0b,heart,UBERON:0000948,sc_bulk,https://purl.org/ccf/ASCTB-TEMP_arterial-endothelial,Arterial Endothelial,81.629,7.692165182653326E-4
https://doi.org/10.1161/CIRCULATIONAHA.119.045401#P1702_RV_TissueBlock,http://purl.org/ccf/1.5/c127016f-4de6-41ce-a314-56ad21390e0b,heart,UBERON:0000948,sc_bulk,https://purl.org/ccf/ASCTB-TEMP_t,T,67.549,6.365361157469154E-4
https://doi.org/10.1161/CIRCULATIONAHA.119.045401#P1702_RV_TissueBlock,http://purl.org/ccf/1.5/c127016f-4de6-41ce-a314-56ad21390e0b,heart,UBERON:0000948,sc_bulk,https://purl.org/ccf/ASCTB-TEMP_endocardial,Endocardial,65.727,6.193668193414781E-4
https://doi.org/10.1161/CIRCULATIONAHA.119.045401#P1702_RV_TissueBlock,http://purl.org/ccf/1.5/c127016f-4de6-41ce-a314-56ad21390e0b,heart,UBERON:0000948,sc_bulk,https://purl.org/ccf/ASCTB-TEMP_lymphatic-endothelial,Lymphatic Endothelial,47.478,4.474005788898732E-4
https://doi.org/10.1161/CIRCULATIONAHA.119.045401#P1702_RV_TissueBlock,http://purl.org/ccf/1.5/c127016f-4de6-41ce-a314-56ad21390e0b,heart,UBERON:0000948,sc_bulk,https://purl.org/ccf/ASCTB-TEMP_mast,Mast,44.014,4.14758184406649E-4
https://doi.org/10.1161/CIRCULATIONAHA.119.045401#P1702_RV_TissueBlock,http://purl.org/ccf/1.5/c127016f-4de6-41ce-a314-56ad21390e0b,heart,UBERON:0000948,sc_bulk,https://purl.org/ccf/ASCTB-TEMP_adipocyte,Adipocyte,21.439,2.020266441471838E-4
https://doi.org/10.1161/CIRCULATIONAHA.119.045401#P1702_RV_TissueBlock,http://purl.org/ccf/1.5/c127016f-4de6-41ce-a314-56ad21390e0b,heart,UBERON:0000948,sc_bulk,http://purl.obolibrary.org/obo/CL_0000077,mesothelial cell,15.51,1.46155755899194E-4
https://doi.org/10.1161/CIRCULATIONAHA.119.045401#P1702_RV_TissueBlock,http://purl.org/ccf/1.5/c127016f-4de6-41ce-a314-56ad21390e0b,heart,UBERON:0000948,sc_bulk,https://purl.org/ccf/ASCTB-TEMP_neuronal,Neuronal,13.985,1.317851867343797E-4
https://doi.org/10.1161/CIRCULATIONAHA.119.045401#P1702_RV_TissueBlock,http://purl.org/ccf/1.5/c127016f-4de6-41ce-a314-56ad21390e0b,heart,UBERON:0000948,sc_bulk,https://purl.org/ccf/ASCTB-TEMP_atrial-cardiomyocyte,Atrial Cardiomyocyte,8.947,8.431048020825846E-5
https://doi.org/10.1161/CIRCULATIONAHA.119.045401#P1702_RV_TissueBlock,http://purl.org/ccf/1.5/c127016f-4de6-41ce-a314-56ad21390e0b,heart,UBERON:0000948,sc_bulk,https://purl.org/ccf/ASCTB-TEMP_endothelial,Endothelial,0.158,1.488885198715194E-6
https://doi.org/10.1161/CIRCULATIONAHA.119.045401#P1708_LA_TissueBlock,http://purl.org/ccf/1.5/817b4f43-5cb7-47c7-8e5d-db6e2d52fa68,heart,UBERON:0000948,sc_bulk,http://purl.obolibrary.org/obo/CL_0000669,pericyte,2262.258567,0.1796743913592813
https://doi.org/10.1161/CIRCULATIONAHA.119.045401#P1708_LA_TissueBlock,http://purl.org/ccf/1.5/817b4f43-5cb7-47c7-8e5d-db6e2d52fa68,heart,UBERON:0000948,sc_bulk,http://purl.obolibrary.org/obo/CL_0002129,regular atrial cardiac myocyte,2073.315888,0.1646680780464154
https://doi.org/10.1161/CIRCULATIONAHA.119.045401#P1708_LA_TissueBlock,http://purl.org/ccf/1.5/817b4f43-5cb7-47c7-8e5d-db6e2d52fa68,heart,UBERON:0000948,sc_bulk,http://purl.obolibrary.org/obo/CL_0000057,fibroblast,1982.543049,0.1574586658080489
https://doi.org/10.1161/CIRCULATIONAHA.119.045401#P1708_LA_TissueBlock,http://purl.org/ccf/1.5/817b4f43-5cb7-47c7-8e5d-db6e2d52fa68,heart,UBERON:0000948,sc_bulk,http://purl.obolibrary.org/obo/CL_0002144,capillary endothelial cell,1559.623419,0.1238693015229087
https://doi.org/10.1161/CIRCULATIONAHA.119.045401#P1708_LA_TissueBlock,http://purl.org/ccf/1.5/817b4f43-5cb7-47c7-8e5d-db6e2d52fa68,heart,UBERON:0000948,sc_bulk,http://purl.obolibrary.org/obo/CL_0000235,macrophage,691.995429,0.05496005600007955
https://doi.org/10.1161/CIRCULATIONAHA.119.045401#P1708_LA_TissueBlock,http://purl.org/ccf/1.5/817b4f43-5cb7-47c7-8e5d-db6e2d52fa68,heart,UBERON:0000948,sc_bulk,http://purl.obolibrary.org/obo/CL_0000003,native cell,636.590889,0.05055968499552102
https://doi.org/10.1161/CIRCULATIONAHA.119.045401#P1708_LA_TissueBlock,http://purl.org/ccf/1.5/817b4f43-5cb7-47c7-8e5d-db6e2d52fa68,heart,UBERON:0000948,sc_bulk,http://purl.obolibrary.org/obo/CL_0000192,smooth muscle cell,579.8069459999999,0.04604975825843945
https://doi.org/10.1161/CIRCULATIONAHA.119.045401#P1708_LA_TissueBlock,http://purl.org/ccf/1.5/817b4f43-5cb7-47c7-8e5d-db6e2d52fa68,heart,UBERON:0000948,sc_bulk,http://purl.obolibrary.org/obo/CL_0000115,endothelial cell,437.221683,0.03472527010309057
https://doi.org/10.1161/CIRCULATIONAHA.119.045401#P1708_LA_TissueBlock,http://purl.org/ccf/1.5/817b4f43-5cb7-47c7-8e5d-db6e2d52fa68,heart,UBERON:0000948,sc_bulk,http://purl.obolibrary.org/obo/CL_1000413,endothelial cell of artery,391.9001939999999,0.03112572093114511
https://doi.org/10.1161/CIRCULATIONAHA.119.045401#P1708_LA_TissueBlock,http://purl.org/ccf/1.5/817b4f43-5cb7-47c7-8e5d-db6e2d52fa68,heart,UBERON:0000948,sc_bulk,http://purl.obolibrary.org/obo/CL_0002543,vein endothelial cell,344.3389199999999,0.02734828227630809
https://doi.org/10.1161/CIRCULATIONAHA.119.045401#P1708_LA_TissueBlock,http://purl.org/ccf/1.5/817b4f43-5cb7-47c7-8e5d-db6e2d52fa68,heart,UBERON:0000948,sc_bulk,http://purl.obolibrary.org/obo/CL_1000309,epicardial adipocyte,260.599725,0.02069750012699193
https://doi.org/10.1161/CIRCULATIONAHA.119.045401#P1708_LA_TissueBlock,http://purl.org/ccf/1.5/817b4f43-5cb7-47c7-8e5d-db6e2d52fa68,heart,UBERON:0000948,sc_bulk,http://purl.obolibrary.org/obo/CL_0000794,"CD8-positive, alpha-beta cytotoxic T cell",186.502392,0.01481249944567017
https://doi.org/10.1161/CIRCULATIONAHA.119.045401#P1708_LA_TissueBlock,http://purl.org/ccf/1.5/817b4f43-5cb7-47c7-8e5d-db6e2d52fa68,heart,UBERON:0000948,sc_bulk,http://purl.obolibrary.org/obo/CL_0002319,neural cell,173.600892,0.01378782914761676
https://doi.org/10.1161/CIRCULATIONAHA.119.045401#P1708_LA_TissueBlock,http://purl.org/ccf/1.5/817b4f43-5cb7-47c7-8e5d-db6e2d52fa68,heart,UBERON:0000948,sc_bulk,http://purl.obolibrary.org/obo/CL_0002397,"CD14-positive, CD16-positive monocyte",158.883876,0.01261896590139138
https://doi.org/10.1161/CIRCULATIONAHA.119.045401#P1708_LA_TissueBlock,http://purl.org/ccf/1.5/817b4f43-5cb7-47c7-8e5d-db6e2d52fa68,heart,UBERON:0000948,sc_bulk,http://purl.obolibrary.org/obo/CL_0000906,"activated CD8-positive, alpha-beta T cell",154.714788,0.01228784621425648
https://doi.org/10.1161/CIRCULATIONAHA.119.045401#P1708_LA_TissueBlock,http://purl.org/ccf/1.5/817b4f43-5cb7-47c7-8e5d-db6e2d52fa68,heart,UBERON:0000948,sc_bulk,http://purl.obolibrary.org/obo/CL_0000623,natural killer cell,122.969484,0.009766552557590501
https://doi.org/10.1161/CIRCULATIONAHA.119.045401#P1708_LA_TissueBlock,http://purl.org/ccf/1.5/817b4f43-5cb7-47c7-8e5d-db6e2d52fa68,heart,UBERON:0000948,sc_bulk,http://purl.obolibrary.org/obo/CL_0000934,"CD4-positive, alpha-beta cytotoxic T cell",98.61568199999999,0.00783231099234044
https://doi.org/10.1161/CIRCULATIONAHA.119.045401#P1708_LA_TissueBlock,http://purl.org/ccf/1.5/817b4f43-5cb7-47c7-8e5d-db6e2d52fa68,heart,UBERON:0000948,sc_bulk,http://purl.obolibrary.org/obo/CL_0000077,mesothelial cell,92.44664999999998,0.007342350611133522
https://doi.org/10.1161/CIRCULATIONAHA.119.045401#P1708_LA_TissueBlock,http://purl.org/ccf/1.5/817b4f43-5cb7-47c7-8e5d-db6e2d52fa68,heart,UBERON:0000948,sc_bulk,http://purl.obolibrary.org/obo/CL_0000576,monocyte,73.489482,0.005836723592197079
https://doi.org/10.1161/CIRCULATIONAHA.119.045401#P1708_LA_TissueBlock,http://purl.org/ccf/1.5/817b4f43-5cb7-47c7-8e5d-db6e2d52fa68,heart,UBERON:0000948,sc_bulk,http://purl.obolibrary.org/obo/CL_0000814,mature NK T cell,61.90689599999999,0.004916804834777458
https://doi.org/10.1161/CIRCULATIONAHA.119.045401#P1708_LA_TissueBlock,http://purl.org/ccf/1.5/817b4f43-5cb7-47c7-8e5d-db6e2d52fa68,heart,UBERON:0000948,sc_bulk,http://purl.obolibrary.org/obo/CL_0001054,CD14-positive monocyte,57.54745799999999,0.004570567061277837
https://doi.org/10.1161/CIRCULATIONAHA.119.045401#P1708_LA_TissueBlock,http://purl.org/ccf/1.5/817b4f43-5cb7-47c7-8e5d-db6e2d52fa68,heart,UBERON:0000948,sc_bulk,http://purl.obolibrary.org/obo/CL_0000097,mast cell,45.84896999999999,0.003641443069049474
https://doi.org/10.1161/CIRCULATIONAHA.119.045401#P1708_LA_TissueBlock,http://purl.org/ccf/1.5/817b4f43-5cb7-47c7-8e5d-db6e2d52fa68,heart,UBERON:0000948,sc_bulk,http://purl.obolibrary.org/obo/CL_0000236,B cell,45.71276399999999,0.003630625238361828
https://doi.org/10.1161/CIRCULATIONAHA.119.045401#P1708_LA_TissueBlock,http://purl.org/ccf/1.5/817b4f43-5cb7-47c7-8e5d-db6e2d52fa68,heart,UBERON:0000948,sc_bulk,http://purl.obolibrary.org/obo/CL_0000896,"activated CD4-positive, alpha-beta T cell",39.54542399999999,0.003140799240144822
https://doi.org/10.1161/CIRCULATIONAHA.119.045401#P1708_LA_TissueBlock,http://purl.org/ccf/1.5/817b4f43-5cb7-47c7-8e5d-db6e2d52fa68,heart,UBERON:0000948,sc_bulk,http://purl.obolibrary.org/obo/CL_0000451,dendritic cell,35.72361899999999,0.002837261661688672
https://doi.org/10.1161/CIRCULATIONAHA.119.045401#P1708_LA_TissueBlock,http://purl.org/ccf/1.5/817b4f43-5cb7-47c7-8e5d-db6e2d52fa68,heart,UBERON:0000948,sc_bulk,http://purl.obolibrary.org/obo/CL_0002138,endothelial cell of lymphatic vessel,23.17617,0.001840711004273648
https://doi.org/10.1161/CIRCULATIONAHA.119.045401#P1708_LV_TissueBlock,http://purl.org/ccf/1.5/60d98bd4-122b-485f-b55e-444065091e23,heart,UBERON:0000948,sc_bulk,https://purl.org/ccf/ASCTB-TEMP_fibroblast,Fibroblast,250192.2822749999,0.3330088912100683
https://doi.org/10.1161/CIRCULATIONAHA.119.045401#P1708_LV_TissueBlock,http://purl.org/ccf/1.5/60d98bd4-122b-485f-b55e-444065091e23,heart,UBERON:0000948,sc_bulk,https://purl.org/ccf/ASCTB-TEMP_ventricular-cardiomycoyte,Ventricular Cardiomycoyte,197128.480194,0.2623803421049387
https://doi.org/10.1161/CIRCULATIONAHA.119.045401#P1708_LV_TissueBlock,http://purl.org/ccf/1.5/60d98bd4-122b-485f-b55e-444065091e23,heart,UBERON:0000948,sc_bulk,http://purl.obolibrary.org/obo/CL_0002131,regular ventricular cardiac myocyte,71338.15044,0.09495192322874962
https://doi.org/10.1161/CIRCULATIONAHA.119.045401#P1708_LV_TissueBlock,http://purl.org/ccf/1.5/60d98bd4-122b-485f-b55e-444065091e23,heart,UBERON:0000948,sc_bulk,http://purl.obolibrary.org/obo/CL_0000669,pericyte,37914.662385,0.05046486472974055
https://doi.org/10.1161/CIRCULATIONAHA.119.045401#P1708_LV_TissueBlock,http://purl.org/ccf/1.5/60d98bd4-122b-485f-b55e-444065091e23,heart,UBERON:0000948,sc_bulk,http://purl.obolibrary.org/obo/CL_0002144,capillary endothelial cell,30460.565943,0.04054337407242712
https://doi.org/10.1161/CIRCULATIONAHA.119.045401#P1708_LV_TissueBlock,http://purl.org/ccf/1.5/60d98bd4-122b-485f-b55e-444065091e23,heart,UBERON:0000948,sc_bulk,https://purl.org/ccf/ASCTB-TEMP_b,B,29884.188897,0.03977620939707385
https://doi.org/10.1161/CIRCULATIONAHA.119.045401#P1708_LV_TissueBlock,http://purl.org/ccf/1.5/60d98bd4-122b-485f-b55e-444065091e23,heart,UBERON:0000948,sc_bulk,http://purl.obolibrary.org/obo/CL_0000057,fibroblast,22103.365509,0.0294198413045871
https://doi.org/10.1161/CIRCULATIONAHA.119.045401#P1708_LV_TissueBlock,http://purl.org/ccf/1.5/60d98bd4-122b-485f-b55e-444065091e23,heart,UBERON:0000948,sc_bulk,http://purl.obolibrary.org/obo/CL_0000003,native cell,15966.540477,0.02125165449692905
https://doi.org/10.1161/CIRCULATIONAHA.119.045401#P1708_LV_TissueBlock,http://purl.org/ccf/1.5/60d98bd4-122b-485f-b55e-444065091e23,heart,UBERON:0000948,sc_bulk,http://purl.obolibrary.org/obo/CL_1000413,endothelial cell of artery,10801.446741,0.01437685355430501
https://doi.org/10.1161/CIRCULATIONAHA.119.045401#P1708_LV_TissueBlock,http://purl.org/ccf/1.5/60d98bd4-122b-485f-b55e-444065091e23,heart,UBERON:0000948,sc_bulk,https://purl.org/ccf/ASCTB-TEMP_pericyte,Pericyte,9218.759012999999,0.01227027744156244
https://doi.org/10.1161/CIRCULATIONAHA.119.045401#P1708_LV_TissueBlock,http://purl.org/ccf/1.5/60d98bd4-122b-485f-b55e-444065091e23,heart,UBERON:0000948,sc_bulk,https://purl.org/ccf/ASCTB-TEMP_monocyte-cdc,Monocyte/cDC,8509.930551000001,0.01132681836263967
https://doi.org/10.1161/CIRCULATIONAHA.119.045401#P1708_LV_TissueBlock,http://purl.org/ccf/1.5/60d98bd4-122b-485f-b55e-444065091e23,heart,UBERON:0000948,sc_bulk,https://purl.org/ccf/ASCTB-TEMP_capillary-endothelial,Capillary Endothelial,8431.422138,0.01122232273501253
https://doi.org/10.1161/CIRCULATIONAHA.119.045401#P1708_LV_TissueBlock,http://purl.org/ccf/1.5/60d98bd4-122b-485f-b55e-444065091e23,heart,UBERON:0000948,sc_bulk,https://purl.org/ccf/ASCTB-TEMP_macrophage,Macrophage,7521.125345999999,0.01001070692248795
https://doi.org/10.1161/CIRCULATIONAHA.119.045401#P1708_LV_TissueBlock,http://purl.org/ccf/1.5/60d98bd4-122b-485f-b55e-444065091e23,heart,UBERON:0000948,sc_bulk,http://purl.obolibrary.org/obo/CL_0000192,smooth muscle cell,7001.624367000002,0.00931924496600289
https://doi.org/10.1161/CIRCULATIONAHA.119.045401#P1708_LV_TissueBlock,http://purl.org/ccf/1.5/60d98bd4-122b-485f-b55e-444065091e23,heart,UBERON:0000948,sc_bulk,http://purl.obolibrary.org/obo/CL_0000235,macrophage,5934.531527999999,0.00789893175768814
https://doi.org/10.1161/CIRCULATIONAHA.119.045401#P1708_LV_TissueBlock,http://purl.org/ccf/1.5/60d98bd4-122b-485f-b55e-444065091e23,heart,UBERON:0000948,sc_bulk,http://purl.obolibrary.org/obo/CL_0000115,endothelial cell,3876.57954,0.005159773285428923
https://doi.org/10.1161/CIRCULATIONAHA.119.045401#P1708_LV_TissueBlock,http://purl.org/ccf/1.5/60d98bd4-122b-485f-b55e-444065091e23,heart,UBERON:0000948,sc_bulk,http://purl.obolibrary.org/obo/CL_0002543,vein endothelial cell,3132.577287,0.004169497474055185
https://doi.org/10.1161/CIRCULATIONAHA.119.045401#P1708_LV_TissueBlock,http://purl.org/ccf/1.5/60d98bd4-122b-485f-b55e-444065091e23,heart,UBERON:0000948,sc_bulk,https://purl.org/ccf/ASCTB-TEMP_mesothelial,Mesothelial,3104.33256,0.004131903407862276
https://doi.org/10.1161/CIRCULATIONAHA.119.045401#P1708_LV_TissueBlock,http://purl.org/ccf/1.5/60d98bd4-122b-485f-b55e-444065091e23,heart,UBERON:0000948,sc_bulk,https://purl.org/ccf/ASCTB-TEMP_arterial-endothelial,Arterial Endothelial,2964.991041,0.003946438195587209
https://doi.org/10.1161/CIRCULATIONAHA.119.045401#P1708_LV_TissueBlock,http://purl.org/ccf/1.5/60d98bd4-122b-485f-b55e-444065091e23,heart,UBERON:0000948,sc_bulk,https://purl.org/ccf/ASCTB-TEMP_venous-endothelial,Venous Endothelial,2770.604622,0.003687707569410919
https://doi.org/10.1161/CIRCULATIONAHA.119.045401#P1708_LV_TissueBlock,http://purl.org/ccf/1.5/60d98bd4-122b-485f-b55e-444065091e23,heart,UBERON:0000948,sc_bulk,https://purl.org/ccf/ASCTB-TEMP_smooth-muscle,Smooth Muscle,2692.210095000001,0.00358336352539875
https://doi.org/10.1161/CIRCULATIONAHA.119.045401#P1708_LV_TissueBlock,http://purl.org/ccf/1.5/60d98bd4-122b-485f-b55e-444065091e23,heart,UBERON:0000948,sc_bulk,https://purl.org/ccf/ASCTB-TEMP_endocardial,Endocardial,2010.958029,0.00267660895619157
https://doi.org/10.1161/CIRCULATIONAHA.119.045401#P1708_LV_TissueBlock,http://purl.org/ccf/1.5/60d98bd4-122b-485f-b55e-444065091e23,heart,UBERON:0000948,sc_bulk,https://purl.org/ccf/ASCTB-TEMP_nk,NK,2006.313678,0.002670427269998707
https://doi.org/10.1161/CIRCULATIONAHA.119.045401#P1708_LV_TissueBlock,http://purl.org/ccf/1.5/60d98bd4-122b-485f-b55e-444065091e23,heart,UBERON:0000948,sc_bulk,http://purl.obolibrary.org/obo/CL_0000623,natural killer cell,1510.155333,0.00201003463585876
https://doi.org/10.1161/CIRCULATIONAHA.119.045401#P1708_LV_TissueBlock,http://purl.org/ccf/1.5/60d98bd4-122b-485f-b55e-444065091e23,heart,UBERON:0000948,sc_bulk,http://purl.obolibrary.org/obo/CL_0000934,"CD4-positive, alpha-beta cytotoxic T cell",1406.983608,0.001872711847825209
https://doi.org/10.1161/CIRCULATIONAHA.119.045401#P1708_LV_TissueBlock,http://purl.org/ccf/1.5/60d98bd4-122b-485f-b55e-444065091e23,heart,UBERON:0000948,sc_bulk,http://purl.obolibrary.org/obo/CL_0002319,neural cell,1245.08367,0.00165722111265897
https://doi.org/10.1161/CIRCULATIONAHA.119.045401#P1708_LV_TissueBlock,http://purl.org/ccf/1.5/60d98bd4-122b-485f-b55e-444065091e23,heart,UBERON:0000948,sc_bulk,http://purl.obolibrary.org/obo/CL_0002397,"CD14-positive, CD16-positive monocyte",1133.793072,0.001509092008495198
https://doi.org/10.1161/CIRCULATIONAHA.119.045401#P1708_LV_TissueBlock,http://purl.org/ccf/1.5/60d98bd4-122b-485f-b55e-444065091e23,heart,UBERON:0000948,sc_bulk,https://purl.org/ccf/ASCTB-TEMP_t,T,1133.27559,0.001508403233823677
https://doi.org/10.1161/CIRCULATIONAHA.119.045401#P1708_LV_TissueBlock,http://purl.org/ccf/1.5/60d98bd4-122b-485f-b55e-444065091e23,heart,UBERON:0000948,sc_bulk,http://purl.obolibrary.org/obo/CL_1000309,epicardial adipocyte,972.381645,0.001294251487256322
https://doi.org/10.1161/CIRCULATIONAHA.119.045401#P1708_LV_TissueBlock,http://purl.org/ccf/1.5/60d98bd4-122b-485f-b55e-444065091e23,heart,UBERON:0000948,sc_bulk,http://purl.obolibrary.org/obo/CL_0000794,"CD8-positive, alpha-beta cytotoxic T cell",919.1219580000001,0.001223362213003767
https://doi.org/10.1161/CIRCULATIONAHA.119.045401#P1708_LV_TissueBlock,http://purl.org/ccf/1.5/60d98bd4-122b-485f-b55e-444065091e23,heart,UBERON:0000948,sc_bulk,http://purl.obolibrary.org/obo/CL_0000906,"activated CD8-positive, alpha-beta T cell",915.1868969999999,0.001218124600202371
https://doi.org/10.1161/CIRCULATIONAHA.119.045401#P1708_LV_TissueBlock,http://purl.org/ccf/1.5/60d98bd4-122b-485f-b55e-444065091e23,heart,UBERON:0000948,sc_bulk,https://purl.org/ccf/ASCTB-TEMP_adipocyte,Adipocyte,808.538652,0.001076174522869796
https://doi.org/10.1161/CIRCULATIONAHA.119.045401#P1708_LV_TissueBlock,http://purl.org/ccf/1.5/60d98bd4-122b-485f-b55e-444065091e23,heart,UBERON:0000948,sc_bulk,http://purl.obolibrary.org/obo/CL_0000097,mast cell,805.7764170000002,0.001072497955366404
https://doi.org/10.1161/CIRCULATIONAHA.119.045401#P1708_LV_TissueBlock,http://purl.org/ccf/1.5/60d98bd4-122b-485f-b55e-444065091e23,heart,UBERON:0000948,sc_bulk,https://purl.org/ccf/ASCTB-TEMP_neuronal,Neuronal,650.839509,8.662750956065452E-4
https://doi.org/10.1161/CIRCULATIONAHA.119.045401#P1708_LV_TissueBlock,http://purl.org/ccf/1.5/60d98bd4-122b-485f-b55e-444065091e23,heart,UBERON:0000948,sc_bulk,https://purl.org/ccf/ASCTB-TEMP_lymphatic-endothelial,Lymphatic Endothelial,641.3080500000001,8.535886107783864E-4
https://doi.org/10.1161/CIRCULATIONAHA.119.045401#P1708_LV_TissueBlock,http://purl.org/ccf/1.5/60d98bd4-122b-485f-b55e-444065091e23,heart,UBERON:0000948,sc_bulk,http://purl.obolibrary.org/obo/CL_0000814,mature NK T cell,633.4009649999999,8.430641869847716E-4
https://doi.org/10.1161/CIRCULATIONAHA.119.045401#P1708_LV_TissueBlock,http://purl.org/ccf/1.5/60d98bd4-122b-485f-b55e-444065091e23,heart,UBERON:0000948,sc_bulk,http://purl.obolibrary.org/obo/CL_0001054,CD14-positive monocyte,614.1692160000001,8.174665012676681E-4
https://doi.org/10.1161/CIRCULATIONAHA.119.045401#P1708_LV_TissueBlock,http://purl.org/ccf/1.5/60d98bd4-122b-485f-b55e-444065091e23,heart,UBERON:0000948,sc_bulk,https://purl.org/ccf/ASCTB-TEMP_mast,Mast,611.552835,8.13984067165902E-4
https://doi.org/10.1161/CIRCULATIONAHA.119.045401#P1708_LV_TissueBlock,http://purl.org/ccf/1.5/60d98bd4-122b-485f-b55e-444065091e23,heart,UBERON:0000948,sc_bulk,http://purl.obolibrary.org/obo/CL_0000576,monocyte,593.348058,7.89753293345177E-4
https://doi.org/10.1161/CIRCULATIONAHA.119.045401#P1708_LV_TissueBlock,http://purl.org/ccf/1.5/60d98bd4-122b-485f-b55e-444065091e23,heart,UBERON:0000948,sc_bulk,http://purl.obolibrary.org/obo/CL_0000896,"activated CD4-positive, alpha-beta T cell",464.4450900000002,6.181819160946798E-4
https://doi.org/10.1161/CIRCULATIONAHA.119.045401#P1708_LV_TissueBlock,http://purl.org/ccf/1.5/60d98bd4-122b-485f-b55e-444065091e23,heart,UBERON:0000948,sc_bulk,http://purl.obolibrary.org/obo/CL_0002138,endothelial cell of lymphatic vessel,372.891735,4.963233161495355E-4
https://doi.org/10.1161/CIRCULATIONAHA.119.045401#P1708_LV_TissueBlock,http://purl.org/ccf/1.5/60d98bd4-122b-485f-b55e-444065091e23,heart,UBERON:0000948,sc_bulk,http://purl.obolibrary.org/obo/CL_0000236,B cell,321.244434,4.275801467615275E-4
https://doi.org/10.1161/CIRCULATIONAHA.119.045401#P1708_LV_TissueBlock,http://purl.org/ccf/1.5/60d98bd4-122b-485f-b55e-444065091e23,heart,UBERON:0000948,sc_bulk,http://purl.obolibrary.org/obo/CL_0000451,dendritic cell,307.157535,4.088303173346468E-4
https://doi.org/10.1161/CIRCULATIONAHA.119.045401#P1708_LV_TissueBlock,http://purl.org/ccf/1.5/60d98bd4-122b-485f-b55e-444065091e23,heart,UBERON:0000948,sc_bulk,https://purl.org/ccf/ASCTB-TEMP_atrial-cardiomyocyte,Atrial Cardiomyocyte,207.5922,2.763076771084176E-4
https://doi.org/10.1161/CIRCULATIONAHA.119.045401#P1708_LV_TissueBlock,http://purl.org/ccf/1.5/60d98bd4-122b-485f-b55e-444065091e23,heart,UBERON:0000948,sc_bulk,https://purl.org/ccf/ASCTB-TEMP_endothelial,Endothelial,40.13982,5.342657587207035E-5
https://doi.org/10.1161/CIRCULATIONAHA.119.045401#P1708_LV_TissueBlock,http://purl.org/ccf/1.5/60d98bd4-122b-485f-b55e-444065091e23,heart,UBERON:0000948,sc_bulk,http://purl.obolibrary.org/obo/CL_0000077,mesothelial cell,34.08588,4.536871002376904E-5
https://doi.org/10.1161/CIRCULATIONAHA.119.045401#P1708_RA_TissueBlock,http://purl.org/ccf/1.5/e306f975-0649-40fe-96f8-43ac7a3a9a1d,heart,UBERON:0000948,sc_bulk,https://purl.org/ccf/ASCTB-TEMP_muscle,Muscle,4887.140184,0.1886987746624205
https://doi.org/10.1161/CIRCULATIONAHA.119.045401#P1708_RA_TissueBlock,http://purl.org/ccf/1.5/e306f975-0649-40fe-96f8-43ac7a3a9a1d,heart,UBERON:0000948,sc_bulk,https://purl.org/ccf/ASCTB-TEMP_fibroblast,Fibroblast,3691.731816,0.1425425184941804
https://doi.org/10.1161/CIRCULATIONAHA.119.045401#P1708_RA_TissueBlock,http://purl.org/ccf/1.5/e306f975-0649-40fe-96f8-43ac7a3a9a1d,heart,UBERON:0000948,sc_bulk,https://purl.org/ccf/ASCTB-TEMP_endothelial-cell,Endothelial cell,3061.317888,0.118201425080658
https://doi.org/10.1161/CIRCULATIONAHA.119.045401#P1708_RA_TissueBlock,http://purl.org/ccf/1.5/e306f975-0649-40fe-96f8-43ac7a3a9a1d,heart,UBERON:0000948,sc_bulk,http://purl.obolibrary.org/obo/CL_0000057,fibroblast,2926.239048,0.1129858571552135
https://doi.org/10.1161/CIRCULATIONAHA.119.045401#P1708_RA_TissueBlock,http://purl.org/ccf/1.5/e306f975-0649-40fe-96f8-43ac7a3a9a1d,heart,UBERON:0000948,sc_bulk,http://purl.obolibrary.org/obo/CL_0002129,regular atrial cardiac myocyte,2429.96112,0.0938239274008357
https://doi.org/10.1161/CIRCULATIONAHA.119.045401#P1708_RA_TissueBlock,http://purl.org/ccf/1.5/e306f975-0649-40fe-96f8-43ac7a3a9a1d,heart,UBERON:0000948,sc_bulk,https://purl.org/ccf/ASCTB-TEMP_immune-myeloid-,Immune (myeloid),2244.165264,0.08665011018983435
https://doi.org/10.1161/CIRCULATIONAHA.119.045401#P1708_RA_TissueBlock,http://purl.org/ccf/1.5/e306f975-0649-40fe-96f8-43ac7a3a9a1d,heart,UBERON:0000948,sc_bulk,http://purl.obolibrary.org/obo/CL_0000115,endothelial cell,990.502344,0.0382445707665535
https://doi.org/10.1161/CIRCULATIONAHA.119.045401#P1708_RA_TissueBlock,http://purl.org/ccf/1.5/e306f975-0649-40fe-96f8-43ac7a3a9a1d,heart,UBERON:0000948,sc_bulk,http://purl.obolibrary.org/obo/CL_0000669,pericyte,772.41924,0.02982410134067029
https://doi.org/10.1161/CIRCULATIONAHA.119.045401#P1708_RA_TissueBlock,http://purl.org/ccf/1.5/e306f975-0649-40fe-96f8-43ac7a3a9a1d,heart,UBERON:0000948,sc_bulk,http://purl.obolibrary.org/obo/CL_0000003,native cell,710.853408,0.02744696530158007
https://doi.org/10.1161/CIRCULATIONAHA.119.045401#P1708_RA_TissueBlock,http://purl.org/ccf/1.5/e306f975-0649-40fe-96f8-43ac7a3a9a1d,heart,UBERON:0000948,sc_bulk,http://purl.obolibrary.org/obo/CL_0002543,vein endothelial cell,476.221032,0.01838750717670704
https://doi.org/10.1161/CIRCULATIONAHA.119.045401#P1708_RA_TissueBlock,http://purl.org/ccf/1.5/e306f975-0649-40fe-96f8-43ac7a3a9a1d,heart,UBERON:0000948,sc_bulk,http://purl.obolibrary.org/obo/CL_0000235,macrophage,449.7541200000001,0.01736558562842633
https://doi.org/10.1161/CIRCULATIONAHA.119.045401#P1708_RA_TissueBlock,http://purl.org/ccf/1.5/e306f975-0649-40fe-96f8-43ac7a3a9a1d,heart,UBERON:0000948,sc_bulk,http://purl.obolibrary.org/obo/CL_0000192,smooth muscle cell,448.9382880000001,0.01733408530452844
https://doi.org/10.1161/CIRCULATIONAHA.119.045401#P1708_RA_TissueBlock,http://purl.org/ccf/1.5/e306f975-0649-40fe-96f8-43ac7a3a9a1d,heart,UBERON:0000948,sc_bulk,http://purl.obolibrary.org/obo/CL_0002144,capillary endothelial cell,427.758408,0.01651630286878378
https://doi.org/10.1161/CIRCULATIONAHA.119.045401#P1708_RA_TissueBlock,http://purl.org/ccf/1.5/e306f975-0649-40fe-96f8-43ac7a3a9a1d,heart,UBERON:0000948,sc_bulk,http://purl.obolibrary.org/obo/CL_1000413,endothelial cell of artery,393.2245440000001,0.01518290591763984
https://doi.org/10.1161/CIRCULATIONAHA.119.045401#P1708_RA_TissueBlock,http://purl.org/ccf/1.5/e306f975-0649-40fe-96f8-43ac7a3a9a1d,heart,UBERON:0000948,sc_bulk,https://purl.org/ccf/ASCTB-TEMP_immune-lymphocyte-,Immune (lymphocyte),259.185744,0.01000749527563947
https://doi.org/10.1161/CIRCULATIONAHA.119.045401#P1708_RA_TissueBlock,http://purl.org/ccf/1.5/e306f975-0649-40fe-96f8-43ac7a3a9a1d,heart,UBERON:0000948,sc_bulk,http://purl.obolibrary.org/obo/CL_0002319,neural cell,235.686024,0.009100140830717335
https://doi.org/10.1161/CIRCULATIONAHA.119.045401#P1708_RA_TissueBlock,http://purl.org/ccf/1.5/e306f975-0649-40fe-96f8-43ac7a3a9a1d,heart,UBERON:0000948,sc_bulk,http://purl.obolibrary.org/obo/CL_1000309,epicardial adipocyte,196.489152,0.007586699137103794
https://doi.org/10.1161/CIRCULATIONAHA.119.045401#P1708_RA_TissueBlock,http://purl.org/ccf/1.5/e306f975-0649-40fe-96f8-43ac7a3a9a1d,heart,UBERON:0000948,sc_bulk,http://purl.obolibrary.org/obo/CL_0000906,"activated CD8-positive, alpha-beta T cell",173.312136,0.006691804709100765
https://doi.org/10.1161/CIRCULATIONAHA.119.045401#P1708_RA_TissueBlock,http://purl.org/ccf/1.5/e306f975-0649-40fe-96f8-43ac7a3a9a1d,heart,UBERON:0000948,sc_bulk,http://purl.obolibrary.org/obo/CL_0000794,"CD8-positive, alpha-beta cytotoxic T cell",157.0752,0.006064875705201304
https://doi.org/10.1161/CIRCULATIONAHA.119.045401#P1708_RA_TissueBlock,http://purl.org/ccf/1.5/e306f975-0649-40fe-96f8-43ac7a3a9a1d,heart,UBERON:0000948,sc_bulk,https://purl.org/ccf/ASCTB-TEMP_glia,Glia,117.48564,0.004536271822324762
https://doi.org/10.1161/CIRCULATIONAHA.119.045401#P1708_RA_TissueBlock,http://purl.org/ccf/1.5/e306f975-0649-40fe-96f8-43ac7a3a9a1d,heart,UBERON:0000948,sc_bulk,http://purl.obolibrary.org/obo/CL_0000236,B cell,112.234896,0.004333533836189258
https://doi.org/10.1161/CIRCULATIONAHA.119.045401#P1708_RA_TissueBlock,http://purl.org/ccf/1.5/e306f975-0649-40fe-96f8-43ac7a3a9a1d,heart,UBERON:0000948,sc_bulk,http://purl.obolibrary.org/obo/CL_0002397,"CD14-positive, CD16-positive monocyte",111.570696,0.004307888219036489
https://doi.org/10.1161/CIRCULATIONAHA.119.045401#P1708_RA_TissueBlock,http://purl.org/ccf/1.5/e306f975-0649-40fe-96f8-43ac7a3a9a1d,heart,UBERON:0000948,sc_bulk,http://purl.obolibrary.org/obo/CL_0000623,natural killer cell,105.360912,0.004068120463743816
https://doi.org/10.1161/CIRCULATIONAHA.119.045401#P1708_RA_TissueBlock,http://purl.org/ccf/1.5/e306f975-0649-40fe-96f8-43ac7a3a9a1d,heart,UBERON:0000948,sc_bulk,http://purl.obolibrary.org/obo/CL_0001054,CD14-positive monocyte,100.156176,0.003867158905723283
https://doi.org/10.1161/CIRCULATIONAHA.119.045401#P1708_RA_TissueBlock,http://purl.org/ccf/1.5/e306f975-0649-40fe-96f8-43ac7a3a9a1d,heart,UBERON:0000948,sc_bulk,http://purl.obolibrary.org/obo/CL_0000934,"CD4-positive, alpha-beta cytotoxic T cell",92.77027199999999,0.003581979642984486
https://doi.org/10.1161/CIRCULATIONAHA.119.045401#P1708_RA_TissueBlock,http://purl.org/ccf/1.5/e306f975-0649-40fe-96f8-43ac7a3a9a1d,heart,UBERON:0000948,sc_bulk,https://purl.org/ccf/ASCTB-TEMP_adipocyte,Adipocyte,78.156576,0.003017726025394965
https://doi.org/10.1161/CIRCULATIONAHA.119.045401#P1708_RA_TissueBlock,http://purl.org/ccf/1.5/e306f975-0649-40fe-96f8-43ac7a3a9a1d,heart,UBERON:0000948,sc_bulk,http://purl.obolibrary.org/obo/CL_0000576,monocyte,64.982088,0.002509042081655495
https://doi.org/10.1161/CIRCULATIONAHA.119.045401#P1708_RA_TissueBlock,http://purl.org/ccf/1.5/e306f975-0649-40fe-96f8-43ac7a3a9a1d,heart,UBERON:0000948,sc_bulk,http://purl.obolibrary.org/obo/CL_0000077,mesothelial cell,63.033552,0.002433806597969272
https://doi.org/10.1161/CIRCULATIONAHA.119.045401#P1708_RA_TissueBlock,http://purl.org/ccf/1.5/e306f975-0649-40fe-96f8-43ac7a3a9a1d,heart,UBERON:0000948,sc_bulk,http://purl.obolibrary.org/obo/CL_0000814,mature NK T cell,39.064032,0.001508312570182984
https://doi.org/10.1161/CIRCULATIONAHA.119.045401#P1708_RA_TissueBlock,http://purl.org/ccf/1.5/e306f975-0649-40fe-96f8-43ac7a3a9a1d,heart,UBERON:0000948,sc_bulk,http://purl.obolibrary.org/obo/CL_0000896,"activated CD4-positive, alpha-beta T cell",36.7254,0.00141801497769094
https://doi.org/10.1161/CIRCULATIONAHA.119.045401#P1708_RA_TissueBlock,http://purl.org/ccf/1.5/e306f975-0649-40fe-96f8-43ac7a3a9a1d,heart,UBERON:0000948,sc_bulk,http://purl.obolibrary.org/obo/CL_0000451,dendritic cell,26.335368,0.001016842465078738
https://doi.org/10.1161/CIRCULATIONAHA.119.045401#P1708_RA_TissueBlock,http://purl.org/ccf/1.5/e306f975-0649-40fe-96f8-43ac7a3a9a1d,heart,UBERON:0000948,sc_bulk,http://purl.obolibrary.org/obo/CL_0000097,mast cell,13.76028,5.313021270624986E-4
https://doi.org/10.1161/CIRCULATIONAHA.119.045401#P1708_RA_TissueBlock,http://purl.org/ccf/1.5/e306f975-0649-40fe-96f8-43ac7a3a9a1d,heart,UBERON:0000948,sc_bulk,http://purl.obolibrary.org/obo/CL_0002138,endothelial cell of lymphatic vessel,5.551416000000001,2.143473191685626E-4
https://doi.org/10.1161/CIRCULATIONAHA.119.045401#P1708_RV_TissueBlock,http://purl.org/ccf/1.5/aefbf9c4-7f7f-494d-bdad-708aa232d02b,heart,UBERON:0000948,sc_bulk,http://purl.obolibrary.org/obo/CL_0002131,regular ventricular cardiac myocyte,30694.328145,0.2906960807811061
https://doi.org/10.1161/CIRCULATIONAHA.119.045401#P1708_RV_TissueBlock,http://purl.org/ccf/1.5/aefbf9c4-7f7f-494d-bdad-708aa232d02b,heart,UBERON:0000948,sc_bulk,http://purl.obolibrary.org/obo/CL_0000669,pericyte,13042.37443,0.1235201211432384
https://doi.org/10.1161/CIRCULATIONAHA.119.045401#P1708_RV_TissueBlock,http://purl.org/ccf/1.5/aefbf9c4-7f7f-494d-bdad-708aa232d02b,heart,UBERON:0000948,sc_bulk,https://purl.org/ccf/ASCTB-TEMP_fibroblast,Fibroblast,12599.26312,0.119323556860799
https://doi.org/10.1161/CIRCULATIONAHA.119.045401#P1708_RV_TissueBlock,http://purl.org/ccf/1.5/aefbf9c4-7f7f-494d-bdad-708aa232d02b,heart,UBERON:0000948,sc_bulk,http://purl.obolibrary.org/obo/CL_0002144,capillary endothelial cell,9102.63611,0.08620813035728929
https://doi.org/10.1161/CIRCULATIONAHA.119.045401#P1708_RV_TissueBlock,http://purl.org/ccf/1.5/aefbf9c4-7f7f-494d-bdad-708aa232d02b,heart,UBERON:0000948,sc_bulk,http://purl.obolibrary.org/obo/CL_0000057,fibroblast,8871.972224999998,0.08402358710778451
https://doi.org/10.1161/CIRCULATIONAHA.119.045401#P1708_RV_TissueBlock,http://purl.org/ccf/1.5/aefbf9c4-7f7f-494d-bdad-708aa232d02b,heart,UBERON:0000948,sc_bulk,https://purl.org/ccf/ASCTB-TEMP_ventricular-cardiomycoyte,Ventricular Cardiomycoyte,7151.97642,0.06773406165827925
https://doi.org/10.1161/CIRCULATIONAHA.119.045401#P1708_RV_TissueBlock,http://purl.org/ccf/1.5/aefbf9c4-7f7f-494d-bdad-708aa232d02b,heart,UBERON:0000948,sc_bulk,http://purl.obolibrary.org/obo/CL_0000003,native cell,6738.986744999999,0.06382276966457848
https://doi.org/10.1161/CIRCULATIONAHA.119.045401#P1708_RV_TissueBlock,http://purl.org/ccf/1.5/aefbf9c4-7f7f-494d-bdad-708aa232d02b,heart,UBERON:0000948,sc_bulk,http://purl.obolibrary.org/obo/CL_1000413,endothelial cell of artery,3132.92864,0.02967095655955043
https://doi.org/10.1161/CIRCULATIONAHA.119.045401#P1708_RV_TissueBlock,http://purl.org/ccf/1.5/aefbf9c4-7f7f-494d-bdad-708aa232d02b,heart,UBERON:0000948,sc_bulk,http://purl.obolibrary.org/obo/CL_0000192,smooth muscle cell,2229.95022,0.02111913921779588
https://doi.org/10.1161/CIRCULATIONAHA.119.045401#P1708_RV_TissueBlock,http://purl.org/ccf/1.5/aefbf9c4-7f7f-494d-bdad-708aa232d02b,heart,UBERON:0000948,sc_bulk,http://purl.obolibrary.org/obo/CL_0000235,macrophage,1954.09841,0.01850663570690092
https://doi.org/10.1161/CIRCULATIONAHA.119.045401#P1708_RV_TissueBlock,http://purl.org/ccf/1.5/aefbf9c4-7f7f-494d-bdad-708aa232d02b,heart,UBERON:0000948,sc_bulk,http://purl.obolibrary.org/obo/CL_0000115,endothelial cell,1459.77047,0.0138250152426978
https://doi.org/10.1161/CIRCULATIONAHA.119.045401#P1708_RV_TissueBlock,http://purl.org/ccf/1.5/aefbf9c4-7f7f-494d-bdad-708aa232d02b,heart,UBERON:0000948,sc_bulk,http://purl.obolibrary.org/obo/CL_0002543,vein endothelial cell,979.8222699999999,0.009279580657556913
https://doi.org/10.1161/CIRCULATIONAHA.119.045401#P1708_RV_TissueBlock,http://purl.org/ccf/1.5/aefbf9c4-7f7f-494d-bdad-708aa232d02b,heart,UBERON:0000948,sc_bulk,https://purl.org/ccf/ASCTB-TEMP_b,B,936.538775,0.008869656638384068
https://doi.org/10.1161/CIRCULATIONAHA.119.045401#P1708_RV_TissueBlock,http://purl.org/ccf/1.5/aefbf9c4-7f7f-494d-bdad-708aa232d02b,heart,UBERON:0000948,sc_bulk,http://purl.obolibrary.org/obo/CL_0000623,natural killer cell,499.34473,0.004729132864025412
https://doi.org/10.1161/CIRCULATIONAHA.119.045401#P1708_RV_TissueBlock,http://purl.org/ccf/1.5/aefbf9c4-7f7f-494d-bdad-708aa232d02b,heart,UBERON:0000948,sc_bulk,http://purl.obolibrary.org/obo/CL_0000934,"CD4-positive, alpha-beta cytotoxic T cell",483.519255,0.004579254895129429
https://doi.org/10.1161/CIRCULATIONAHA.119.045401#P1708_RV_TissueBlock,http://purl.org/ccf/1.5/aefbf9c4-7f7f-494d-bdad-708aa232d02b,heart,UBERON:0000948,sc_bulk,https://purl.org/ccf/ASCTB-TEMP_monocyte-cdc,Monocyte/cDC,450.74097,0.004268822331197311
https://doi.org/10.1161/CIRCULATIONAHA.119.045401#P1708_RV_TissueBlock,http://purl.org/ccf/1.5/aefbf9c4-7f7f-494d-bdad-708aa232d02b,heart,UBERON:0000948,sc_bulk,http://purl.obolibrary.org/obo/CL_0002397,"CD14-positive, CD16-positive monocyte",440.58003,0.004172591346075288
https://doi.org/10.1161/CIRCULATIONAHA.119.045401#P1708_RV_TissueBlock,http://purl.org/ccf/1.5/aefbf9c4-7f7f-494d-bdad-708aa232d02b,heart,UBERON:0000948,sc_bulk,http://purl.obolibrary.org/obo/CL_0002319,neural cell,437.29255,0.004141456683438864
https://doi.org/10.1161/CIRCULATIONAHA.119.045401#P1708_RV_TissueBlock,http://purl.org/ccf/1.5/aefbf9c4-7f7f-494d-bdad-708aa232d02b,heart,UBERON:0000948,sc_bulk,http://purl.obolibrary.org/obo/CL_0000906,"activated CD8-positive, alpha-beta T cell",408.126115,0.003865230785781026
https://doi.org/10.1161/CIRCULATIONAHA.119.045401#P1708_RV_TissueBlock,http://purl.org/ccf/1.5/aefbf9c4-7f7f-494d-bdad-708aa232d02b,heart,UBERON:0000948,sc_bulk,https://purl.org/ccf/ASCTB-TEMP_capillary-endothelial,Capillary Endothelial,346.458005,0.003281192008274885
https://doi.org/10.1161/CIRCULATIONAHA.119.045401#P1708_RV_TissueBlock,http://purl.org/ccf/1.5/aefbf9c4-7f7f-494d-bdad-708aa232d02b,heart,UBERON:0000948,sc_bulk,https://purl.org/ccf/ASCTB-TEMP_pericyte,Pericyte,332.5389500000001,0.003149369128244336
https://doi.org/10.1161/CIRCULATIONAHA.119.045401#P1708_RV_TissueBlock,http://purl.org/ccf/1.5/aefbf9c4-7f7f-494d-bdad-708aa232d02b,heart,UBERON:0000948,sc_bulk,http://purl.obolibrary.org/obo/CL_1000309,epicardial adipocyte,328.313185,0.003109348271035832
https://doi.org/10.1161/CIRCULATIONAHA.119.045401#P1708_RV_TissueBlock,http://purl.org/ccf/1.5/aefbf9c4-7f7f-494d-bdad-708aa232d02b,heart,UBERON:0000948,sc_bulk,https://purl.org/ccf/ASCTB-TEMP_macrophage,Macrophage,326.154035,0.003088899657863605
https://doi.org/10.1161/CIRCULATIONAHA.119.045401#P1708_RV_TissueBlock,http://purl.org/ccf/1.5/aefbf9c4-7f7f-494d-bdad-708aa232d02b,heart,UBERON:0000948,sc_bulk,http://purl.obolibrary.org/obo/CL_0000794,"CD8-positive, alpha-beta cytotoxic T cell",320.68651,0.003037118492250061
https://doi.org/10.1161/CIRCULATIONAHA.119.045401#P1708_RV_TissueBlock,http://purl.org/ccf/1.5/aefbf9c4-7f7f-494d-bdad-708aa232d02b,heart,UBERON:0000948,sc_bulk,http://purl.obolibrary.org/obo/CL_0000576,monocyte,264.822235,0.002508045963883829
https://doi.org/10.1161/CIRCULATIONAHA.119.045401#P1708_RV_TissueBlock,http://purl.org/ccf/1.5/aefbf9c4-7f7f-494d-bdad-708aa232d02b,heart,UBERON:0000948,sc_bulk,http://purl.obolibrary.org/obo/CL_0001054,CD14-positive monocyte,247.36496,0.002342713743558145
https://doi.org/10.1161/CIRCULATIONAHA.119.045401#P1708_RV_TissueBlock,http://purl.org/ccf/1.5/aefbf9c4-7f7f-494d-bdad-708aa232d02b,heart,UBERON:0000948,sc_bulk,http://purl.obolibrary.org/obo/CL_0000097,mast cell,219.57461,0.002079520303051086
https://doi.org/10.1161/CIRCULATIONAHA.119.045401#P1708_RV_TissueBlock,http://purl.org/ccf/1.5/aefbf9c4-7f7f-494d-bdad-708aa232d02b,heart,UBERON:0000948,sc_bulk,https://purl.org/ccf/ASCTB-TEMP_mesothelial,Mesothelial,213.4275,0.002021303007116513
https://doi.org/10.1161/CIRCULATIONAHA.119.045401#P1708_RV_TissueBlock,http://purl.org/ccf/1.5/aefbf9c4-7f7f-494d-bdad-708aa232d02b,heart,UBERON:0000948,sc_bulk,http://purl.obolibrary.org/obo/CL_0000814,mature NK T cell,192.38723,0.001822037396913782
https://doi.org/10.1161/CIRCULATIONAHA.119.045401#P1708_RV_TissueBlock,http://purl.org/ccf/1.5/aefbf9c4-7f7f-494d-bdad-708aa232d02b,heart,UBERON:0000948,sc_bulk,http://purl.obolibrary.org/obo/CL_0000451,dendritic cell,144.274005,0.001366372562838635
https://doi.org/10.1161/CIRCULATIONAHA.119.045401#P1708_RV_TissueBlock,http://purl.org/ccf/1.5/aefbf9c4-7f7f-494d-bdad-708aa232d02b,heart,UBERON:0000948,sc_bulk,http://purl.obolibrary.org/obo/CL_0002138,endothelial cell of lymphatic vessel,133.488205,0.001264223730217922
https://doi.org/10.1161/CIRCULATIONAHA.119.045401#P1708_RV_TissueBlock,http://purl.org/ccf/1.5/aefbf9c4-7f7f-494d-bdad-708aa232d02b,heart,UBERON:0000948,sc_bulk,http://purl.obolibrary.org/obo/CL_0000236,B cell,116.3354,0.001101775047049244
https://doi.org/10.1161/CIRCULATIONAHA.119.045401#P1708_RV_TissueBlock,http://purl.org/ccf/1.5/aefbf9c4-7f7f-494d-bdad-708aa232d02b,heart,UBERON:0000948,sc_bulk,https://purl.org/ccf/ASCTB-TEMP_nk,NK,114.72549,0.001086528108748477
https://doi.org/10.1161/CIRCULATIONAHA.119.045401#P1708_RV_TissueBlock,http://purl.org/ccf/1.5/aefbf9c4-7f7f-494d-bdad-708aa232d02b,heart,UBERON:0000948,sc_bulk,http://purl.obolibrary.org/obo/CL_0000896,"activated CD4-positive, alpha-beta T cell",112.86683,0.001068925339437084
https://doi.org/10.1161/CIRCULATIONAHA.119.045401#P1708_RV_TissueBlock,http://purl.org/ccf/1.5/aefbf9c4-7f7f-494d-bdad-708aa232d02b,heart,UBERON:0000948,sc_bulk,https://purl.org/ccf/ASCTB-TEMP_smooth-muscle,Smooth Muscle,107.695815,0.001019952324388205
https://doi.org/10.1161/CIRCULATIONAHA.119.045401#P1708_RV_TissueBlock,http://purl.org/ccf/1.5/aefbf9c4-7f7f-494d-bdad-708aa232d02b,heart,UBERON:0000948,sc_bulk,https://purl.org/ccf/ASCTB-TEMP_venous-endothelial,Venous Endothelial,89.10125500000001,8.438492446819425E-4
https://doi.org/10.1161/CIRCULATIONAHA.119.045401#P1708_RV_TissueBlock,http://purl.org/ccf/1.5/aefbf9c4-7f7f-494d-bdad-708aa232d02b,heart,UBERON:0000948,sc_bulk,https://purl.org/ccf/ASCTB-TEMP_arterial-endothelial,Arterial Endothelial,81.220855,7.692165182653328E-4
https://doi.org/10.1161/CIRCULATIONAHA.119.045401#P1708_RV_TissueBlock,http://purl.org/ccf/1.5/aefbf9c4-7f7f-494d-bdad-708aa232d02b,heart,UBERON:0000948,sc_bulk,https://purl.org/ccf/ASCTB-TEMP_t,T,67.21125500000001,6.365361157469156E-4
https://doi.org/10.1161/CIRCULATIONAHA.119.045401#P1708_RV_TissueBlock,http://purl.org/ccf/1.5/aefbf9c4-7f7f-494d-bdad-708aa232d02b,heart,UBERON:0000948,sc_bulk,https://purl.org/ccf/ASCTB-TEMP_endocardial,Endocardial,65.398365,6.193668193414782E-4
https://doi.org/10.1161/CIRCULATIONAHA.119.045401#P1708_RV_TissueBlock,http://purl.org/ccf/1.5/aefbf9c4-7f7f-494d-bdad-708aa232d02b,heart,UBERON:0000948,sc_bulk,https://purl.org/ccf/ASCTB-TEMP_lymphatic-endothelial,Lymphatic Endothelial,47.24061,4.474005788898734E-4
https://doi.org/10.1161/CIRCULATIONAHA.119.045401#P1708_RV_TissueBlock,http://purl.org/ccf/1.5/aefbf9c4-7f7f-494d-bdad-708aa232d02b,heart,UBERON:0000948,sc_bulk,https://purl.org/ccf/ASCTB-TEMP_mast,Mast,43.79393,4.147581844066491E-4
https://doi.org/10.1161/CIRCULATIONAHA.119.045401#P1708_RV_TissueBlock,http://purl.org/ccf/1.5/aefbf9c4-7f7f-494d-bdad-708aa232d02b,heart,UBERON:0000948,sc_bulk,https://purl.org/ccf/ASCTB-TEMP_adipocyte,Adipocyte,21.331805,2.020266441471838E-4
https://doi.org/10.1161/CIRCULATIONAHA.119.045401#P1708_RV_TissueBlock,http://purl.org/ccf/1.5/aefbf9c4-7f7f-494d-bdad-708aa232d02b,heart,UBERON:0000948,sc_bulk,http://purl.obolibrary.org/obo/CL_0000077,mesothelial cell,15.43245,1.46155755899194E-4
https://doi.org/10.1161/CIRCULATIONAHA.119.045401#P1708_RV_TissueBlock,http://purl.org/ccf/1.5/aefbf9c4-7f7f-494d-bdad-708aa232d02b,heart,UBERON:0000948,sc_bulk,https://purl.org/ccf/ASCTB-TEMP_neuronal,Neuronal,13.915075,1.317851867343797E-4
https://doi.org/10.1161/CIRCULATIONAHA.119.045401#P1708_RV_TissueBlock,http://purl.org/ccf/1.5/aefbf9c4-7f7f-494d-bdad-708aa232d02b,heart,UBERON:0000948,sc_bulk,https://purl.org/ccf/ASCTB-TEMP_atrial-cardiomyocyte,Atrial Cardiomyocyte,8.902265,8.431048020825849E-5
https://doi.org/10.1161/CIRCULATIONAHA.119.045401#P1708_RV_TissueBlock,http://purl.org/ccf/1.5/aefbf9c4-7f7f-494d-bdad-708aa232d02b,heart,UBERON:0000948,sc_bulk,https://purl.org/ccf/ASCTB-TEMP_endothelial,Endothelial,0.15721,1.488885198715194E-6
https://doi.org/10.1161/CIRCULATIONAHA.119.045401#P1723_LA_TissueBlock,http://purl.org/ccf/1.5/817b4f43-5cb7-47c7-8e5d-db6e2d52fa68,heart,UBERON:0000948,sc_bulk,http://purl.obolibrary.org/obo/CL_0000669,pericyte,2262.258567,0.1796743913592813
https://doi.org/10.1161/CIRCULATIONAHA.119.045401#P1723_LA_TissueBlock,http://purl.org/ccf/1.5/817b4f43-5cb7-47c7-8e5d-db6e2d52fa68,heart,UBERON:0000948,sc_bulk,http://purl.obolibrary.org/obo/CL_0002129,regular atrial cardiac myocyte,2073.315888,0.1646680780464154
https://doi.org/10.1161/CIRCULATIONAHA.119.045401#P1723_LA_TissueBlock,http://purl.org/ccf/1.5/817b4f43-5cb7-47c7-8e5d-db6e2d52fa68,heart,UBERON:0000948,sc_bulk,http://purl.obolibrary.org/obo/CL_0000057,fibroblast,1982.543049,0.1574586658080489
https://doi.org/10.1161/CIRCULATIONAHA.119.045401#P1723_LA_TissueBlock,http://purl.org/ccf/1.5/817b4f43-5cb7-47c7-8e5d-db6e2d52fa68,heart,UBERON:0000948,sc_bulk,http://purl.obolibrary.org/obo/CL_0002144,capillary endothelial cell,1559.623419,0.1238693015229087
https://doi.org/10.1161/CIRCULATIONAHA.119.045401#P1723_LA_TissueBlock,http://purl.org/ccf/1.5/817b4f43-5cb7-47c7-8e5d-db6e2d52fa68,heart,UBERON:0000948,sc_bulk,http://purl.obolibrary.org/obo/CL_0000235,macrophage,691.995429,0.05496005600007955
https://doi.org/10.1161/CIRCULATIONAHA.119.045401#P1723_LA_TissueBlock,http://purl.org/ccf/1.5/817b4f43-5cb7-47c7-8e5d-db6e2d52fa68,heart,UBERON:0000948,sc_bulk,http://purl.obolibrary.org/obo/CL_0000003,native cell,636.590889,0.05055968499552102
https://doi.org/10.1161/CIRCULATIONAHA.119.045401#P1723_LA_TissueBlock,http://purl.org/ccf/1.5/817b4f43-5cb7-47c7-8e5d-db6e2d52fa68,heart,UBERON:0000948,sc_bulk,http://purl.obolibrary.org/obo/CL_0000192,smooth muscle cell,579.8069459999999,0.04604975825843945
https://doi.org/10.1161/CIRCULATIONAHA.119.045401#P1723_LA_TissueBlock,http://purl.org/ccf/1.5/817b4f43-5cb7-47c7-8e5d-db6e2d52fa68,heart,UBERON:0000948,sc_bulk,http://purl.obolibrary.org/obo/CL_0000115,endothelial cell,437.221683,0.03472527010309057
https://doi.org/10.1161/CIRCULATIONAHA.119.045401#P1723_LA_TissueBlock,http://purl.org/ccf/1.5/817b4f43-5cb7-47c7-8e5d-db6e2d52fa68,heart,UBERON:0000948,sc_bulk,http://purl.obolibrary.org/obo/CL_1000413,endothelial cell of artery,391.9001939999999,0.03112572093114511
https://doi.org/10.1161/CIRCULATIONAHA.119.045401#P1723_LA_TissueBlock,http://purl.org/ccf/1.5/817b4f43-5cb7-47c7-8e5d-db6e2d52fa68,heart,UBERON:0000948,sc_bulk,http://purl.obolibrary.org/obo/CL_0002543,vein endothelial cell,344.3389199999999,0.02734828227630809
https://doi.org/10.1161/CIRCULATIONAHA.119.045401#P1723_LA_TissueBlock,http://purl.org/ccf/1.5/817b4f43-5cb7-47c7-8e5d-db6e2d52fa68,heart,UBERON:0000948,sc_bulk,http://purl.obolibrary.org/obo/CL_1000309,epicardial adipocyte,260.599725,0.02069750012699193
https://doi.org/10.1161/CIRCULATIONAHA.119.045401#P1723_LA_TissueBlock,http://purl.org/ccf/1.5/817b4f43-5cb7-47c7-8e5d-db6e2d52fa68,heart,UBERON:0000948,sc_bulk,http://purl.obolibrary.org/obo/CL_0000794,"CD8-positive, alpha-beta cytotoxic T cell",186.502392,0.01481249944567017
https://doi.org/10.1161/CIRCULATIONAHA.119.045401#P1723_LA_TissueBlock,http://purl.org/ccf/1.5/817b4f43-5cb7-47c7-8e5d-db6e2d52fa68,heart,UBERON:0000948,sc_bulk,http://purl.obolibrary.org/obo/CL_0002319,neural cell,173.600892,0.01378782914761676
https://doi.org/10.1161/CIRCULATIONAHA.119.045401#P1723_LA_TissueBlock,http://purl.org/ccf/1.5/817b4f43-5cb7-47c7-8e5d-db6e2d52fa68,heart,UBERON:0000948,sc_bulk,http://purl.obolibrary.org/obo/CL_0002397,"CD14-positive, CD16-positive monocyte",158.883876,0.01261896590139138
https://doi.org/10.1161/CIRCULATIONAHA.119.045401#P1723_LA_TissueBlock,http://purl.org/ccf/1.5/817b4f43-5cb7-47c7-8e5d-db6e2d52fa68,heart,UBERON:0000948,sc_bulk,http://purl.obolibrary.org/obo/CL_0000906,"activated CD8-positive, alpha-beta T cell",154.714788,0.01228784621425648
https://doi.org/10.1161/CIRCULATIONAHA.119.045401#P1723_LA_TissueBlock,http://purl.org/ccf/1.5/817b4f43-5cb7-47c7-8e5d-db6e2d52fa68,heart,UBERON:0000948,sc_bulk,http://purl.obolibrary.org/obo/CL_0000623,natural killer cell,122.969484,0.009766552557590501
https://doi.org/10.1161/CIRCULATIONAHA.119.045401#P1723_LA_TissueBlock,http://purl.org/ccf/1.5/817b4f43-5cb7-47c7-8e5d-db6e2d52fa68,heart,UBERON:0000948,sc_bulk,http://purl.obolibrary.org/obo/CL_0000934,"CD4-positive, alpha-beta cytotoxic T cell",98.61568199999999,0.00783231099234044
https://doi.org/10.1161/CIRCULATIONAHA.119.045401#P1723_LA_TissueBlock,http://purl.org/ccf/1.5/817b4f43-5cb7-47c7-8e5d-db6e2d52fa68,heart,UBERON:0000948,sc_bulk,http://purl.obolibrary.org/obo/CL_0000077,mesothelial cell,92.44664999999998,0.007342350611133522
https://doi.org/10.1161/CIRCULATIONAHA.119.045401#P1723_LA_TissueBlock,http://purl.org/ccf/1.5/817b4f43-5cb7-47c7-8e5d-db6e2d52fa68,heart,UBERON:0000948,sc_bulk,http://purl.obolibrary.org/obo/CL_0000576,monocyte,73.489482,0.005836723592197079
https://doi.org/10.1161/CIRCULATIONAHA.119.045401#P1723_LA_TissueBlock,http://purl.org/ccf/1.5/817b4f43-5cb7-47c7-8e5d-db6e2d52fa68,heart,UBERON:0000948,sc_bulk,http://purl.obolibrary.org/obo/CL_0000814,mature NK T cell,61.90689599999999,0.004916804834777458
https://doi.org/10.1161/CIRCULATIONAHA.119.045401#P1723_LA_TissueBlock,http://purl.org/ccf/1.5/817b4f43-5cb7-47c7-8e5d-db6e2d52fa68,heart,UBERON:0000948,sc_bulk,http://purl.obolibrary.org/obo/CL_0001054,CD14-positive monocyte,57.54745799999999,0.004570567061277837
https://doi.org/10.1161/CIRCULATIONAHA.119.045401#P1723_LA_TissueBlock,http://purl.org/ccf/1.5/817b4f43-5cb7-47c7-8e5d-db6e2d52fa68,heart,UBERON:0000948,sc_bulk,http://purl.obolibrary.org/obo/CL_0000097,mast cell,45.84896999999999,0.003641443069049474
https://doi.org/10.1161/CIRCULATIONAHA.119.045401#P1723_LA_TissueBlock,http://purl.org/ccf/1.5/817b4f43-5cb7-47c7-8e5d-db6e2d52fa68,heart,UBERON:0000948,sc_bulk,http://purl.obolibrary.org/obo/CL_0000236,B cell,45.71276399999999,0.003630625238361828
https://doi.org/10.1161/CIRCULATIONAHA.119.045401#P1723_LA_TissueBlock,http://purl.org/ccf/1.5/817b4f43-5cb7-47c7-8e5d-db6e2d52fa68,heart,UBERON:0000948,sc_bulk,http://purl.obolibrary.org/obo/CL_0000896,"activated CD4-positive, alpha-beta T cell",39.54542399999999,0.003140799240144822
https://doi.org/10.1161/CIRCULATIONAHA.119.045401#P1723_LA_TissueBlock,http://purl.org/ccf/1.5/817b4f43-5cb7-47c7-8e5d-db6e2d52fa68,heart,UBERON:0000948,sc_bulk,http://purl.obolibrary.org/obo/CL_0000451,dendritic cell,35.72361899999999,0.002837261661688672
https://doi.org/10.1161/CIRCULATIONAHA.119.045401#P1723_LA_TissueBlock,http://purl.org/ccf/1.5/817b4f43-5cb7-47c7-8e5d-db6e2d52fa68,heart,UBERON:0000948,sc_bulk,http://purl.obolibrary.org/obo/CL_0002138,endothelial cell of lymphatic vessel,23.17617,0.001840711004273648
https://doi.org/10.1161/CIRCULATIONAHA.119.045401#P1723_LV_TissueBlock,http://purl.org/ccf/1.5/60d98bd4-122b-485f-b55e-444065091e23,heart,UBERON:0000948,sc_bulk,https://purl.org/ccf/ASCTB-TEMP_fibroblast,Fibroblast,250192.2822749999,0.3330088912100683
https://doi.org/10.1161/CIRCULATIONAHA.119.045401#P1723_LV_TissueBlock,http://purl.org/ccf/1.5/60d98bd4-122b-485f-b55e-444065091e23,heart,UBERON:0000948,sc_bulk,https://purl.org/ccf/ASCTB-TEMP_ventricular-cardiomycoyte,Ventricular Cardiomycoyte,197128.480194,0.2623803421049387
https://doi.org/10.1161/CIRCULATIONAHA.119.045401#P1723_LV_TissueBlock,http://purl.org/ccf/1.5/60d98bd4-122b-485f-b55e-444065091e23,heart,UBERON:0000948,sc_bulk,http://purl.obolibrary.org/obo/CL_0002131,regular ventricular cardiac myocyte,71338.15044,0.09495192322874962
https://doi.org/10.1161/CIRCULATIONAHA.119.045401#P1723_LV_TissueBlock,http://purl.org/ccf/1.5/60d98bd4-122b-485f-b55e-444065091e23,heart,UBERON:0000948,sc_bulk,http://purl.obolibrary.org/obo/CL_0000669,pericyte,37914.662385,0.05046486472974055
https://doi.org/10.1161/CIRCULATIONAHA.119.045401#P1723_LV_TissueBlock,http://purl.org/ccf/1.5/60d98bd4-122b-485f-b55e-444065091e23,heart,UBERON:0000948,sc_bulk,http://purl.obolibrary.org/obo/CL_0002144,capillary endothelial cell,30460.565943,0.04054337407242712
https://doi.org/10.1161/CIRCULATIONAHA.119.045401#P1723_LV_TissueBlock,http://purl.org/ccf/1.5/60d98bd4-122b-485f-b55e-444065091e23,heart,UBERON:0000948,sc_bulk,https://purl.org/ccf/ASCTB-TEMP_b,B,29884.188897,0.03977620939707385
https://doi.org/10.1161/CIRCULATIONAHA.119.045401#P1723_LV_TissueBlock,http://purl.org/ccf/1.5/60d98bd4-122b-485f-b55e-444065091e23,heart,UBERON:0000948,sc_bulk,http://purl.obolibrary.org/obo/CL_0000057,fibroblast,22103.365509,0.0294198413045871
https://doi.org/10.1161/CIRCULATIONAHA.119.045401#P1723_LV_TissueBlock,http://purl.org/ccf/1.5/60d98bd4-122b-485f-b55e-444065091e23,heart,UBERON:0000948,sc_bulk,http://purl.obolibrary.org/obo/CL_0000003,native cell,15966.540477,0.02125165449692905
https://doi.org/10.1161/CIRCULATIONAHA.119.045401#P1723_LV_TissueBlock,http://purl.org/ccf/1.5/60d98bd4-122b-485f-b55e-444065091e23,heart,UBERON:0000948,sc_bulk,http://purl.obolibrary.org/obo/CL_1000413,endothelial cell of artery,10801.446741,0.01437685355430501
https://doi.org/10.1161/CIRCULATIONAHA.119.045401#P1723_LV_TissueBlock,http://purl.org/ccf/1.5/60d98bd4-122b-485f-b55e-444065091e23,heart,UBERON:0000948,sc_bulk,https://purl.org/ccf/ASCTB-TEMP_pericyte,Pericyte,9218.759012999999,0.01227027744156244
https://doi.org/10.1161/CIRCULATIONAHA.119.045401#P1723_LV_TissueBlock,http://purl.org/ccf/1.5/60d98bd4-122b-485f-b55e-444065091e23,heart,UBERON:0000948,sc_bulk,https://purl.org/ccf/ASCTB-TEMP_monocyte-cdc,Monocyte/cDC,8509.930551000001,0.01132681836263967
https://doi.org/10.1161/CIRCULATIONAHA.119.045401#P1723_LV_TissueBlock,http://purl.org/ccf/1.5/60d98bd4-122b-485f-b55e-444065091e23,heart,UBERON:0000948,sc_bulk,https://purl.org/ccf/ASCTB-TEMP_capillary-endothelial,Capillary Endothelial,8431.422138,0.01122232273501253
https://doi.org/10.1161/CIRCULATIONAHA.119.045401#P1723_LV_TissueBlock,http://purl.org/ccf/1.5/60d98bd4-122b-485f-b55e-444065091e23,heart,UBERON:0000948,sc_bulk,https://purl.org/ccf/ASCTB-TEMP_macrophage,Macrophage,7521.125345999999,0.01001070692248795
https://doi.org/10.1161/CIRCULATIONAHA.119.045401#P1723_LV_TissueBlock,http://purl.org/ccf/1.5/60d98bd4-122b-485f-b55e-444065091e23,heart,UBERON:0000948,sc_bulk,http://purl.obolibrary.org/obo/CL_0000192,smooth muscle cell,7001.624367000002,0.00931924496600289
https://doi.org/10.1161/CIRCULATIONAHA.119.045401#P1723_LV_TissueBlock,http://purl.org/ccf/1.5/60d98bd4-122b-485f-b55e-444065091e23,heart,UBERON:0000948,sc_bulk,http://purl.obolibrary.org/obo/CL_0000235,macrophage,5934.531527999999,0.00789893175768814
https://doi.org/10.1161/CIRCULATIONAHA.119.045401#P1723_LV_TissueBlock,http://purl.org/ccf/1.5/60d98bd4-122b-485f-b55e-444065091e23,heart,UBERON:0000948,sc_bulk,http://purl.obolibrary.org/obo/CL_0000115,endothelial cell,3876.57954,0.005159773285428923
https://doi.org/10.1161/CIRCULATIONAHA.119.045401#P1723_LV_TissueBlock,http://purl.org/ccf/1.5/60d98bd4-122b-485f-b55e-444065091e23,heart,UBERON:0000948,sc_bulk,http://purl.obolibrary.org/obo/CL_0002543,vein endothelial cell,3132.577287,0.004169497474055185
https://doi.org/10.1161/CIRCULATIONAHA.119.045401#P1723_LV_TissueBlock,http://purl.org/ccf/1.5/60d98bd4-122b-485f-b55e-444065091e23,heart,UBERON:0000948,sc_bulk,https://purl.org/ccf/ASCTB-TEMP_mesothelial,Mesothelial,3104.33256,0.004131903407862276
https://doi.org/10.1161/CIRCULATIONAHA.119.045401#P1723_LV_TissueBlock,http://purl.org/ccf/1.5/60d98bd4-122b-485f-b55e-444065091e23,heart,UBERON:0000948,sc_bulk,https://purl.org/ccf/ASCTB-TEMP_arterial-endothelial,Arterial Endothelial,2964.991041,0.003946438195587209
https://doi.org/10.1161/CIRCULATIONAHA.119.045401#P1723_LV_TissueBlock,http://purl.org/ccf/1.5/60d98bd4-122b-485f-b55e-444065091e23,heart,UBERON:0000948,sc_bulk,https://purl.org/ccf/ASCTB-TEMP_venous-endothelial,Venous Endothelial,2770.604622,0.003687707569410919
https://doi.org/10.1161/CIRCULATIONAHA.119.045401#P1723_LV_TissueBlock,http://purl.org/ccf/1.5/60d98bd4-122b-485f-b55e-444065091e23,heart,UBERON:0000948,sc_bulk,https://purl.org/ccf/ASCTB-TEMP_smooth-muscle,Smooth Muscle,2692.210095000001,0.00358336352539875
https://doi.org/10.1161/CIRCULATIONAHA.119.045401#P1723_LV_TissueBlock,http://purl.org/ccf/1.5/60d98bd4-122b-485f-b55e-444065091e23,heart,UBERON:0000948,sc_bulk,https://purl.org/ccf/ASCTB-TEMP_endocardial,Endocardial,2010.958029,0.00267660895619157
https://doi.org/10.1161/CIRCULATIONAHA.119.045401#P1723_LV_TissueBlock,http://purl.org/ccf/1.5/60d98bd4-122b-485f-b55e-444065091e23,heart,UBERON:0000948,sc_bulk,https://purl.org/ccf/ASCTB-TEMP_nk,NK,2006.313678,0.002670427269998707
https://doi.org/10.1161/CIRCULATIONAHA.119.045401#P1723_LV_TissueBlock,http://purl.org/ccf/1.5/60d98bd4-122b-485f-b55e-444065091e23,heart,UBERON:0000948,sc_bulk,http://purl.obolibrary.org/obo/CL_0000623,natural killer cell,1510.155333,0.00201003463585876
https://doi.org/10.1161/CIRCULATIONAHA.119.045401#P1723_LV_TissueBlock,http://purl.org/ccf/1.5/60d98bd4-122b-485f-b55e-444065091e23,heart,UBERON:0000948,sc_bulk,http://purl.obolibrary.org/obo/CL_0000934,"CD4-positive, alpha-beta cytotoxic T cell",1406.983608,0.001872711847825209
https://doi.org/10.1161/CIRCULATIONAHA.119.045401#P1723_LV_TissueBlock,http://purl.org/ccf/1.5/60d98bd4-122b-485f-b55e-444065091e23,heart,UBERON:0000948,sc_bulk,http://purl.obolibrary.org/obo/CL_0002319,neural cell,1245.08367,0.00165722111265897
https://doi.org/10.1161/CIRCULATIONAHA.119.045401#P1723_LV_TissueBlock,http://purl.org/ccf/1.5/60d98bd4-122b-485f-b55e-444065091e23,heart,UBERON:0000948,sc_bulk,http://purl.obolibrary.org/obo/CL_0002397,"CD14-positive, CD16-positive monocyte",1133.793072,0.001509092008495198
https://doi.org/10.1161/CIRCULATIONAHA.119.045401#P1723_LV_TissueBlock,http://purl.org/ccf/1.5/60d98bd4-122b-485f-b55e-444065091e23,heart,UBERON:0000948,sc_bulk,https://purl.org/ccf/ASCTB-TEMP_t,T,1133.27559,0.001508403233823677
https://doi.org/10.1161/CIRCULATIONAHA.119.045401#P1723_LV_TissueBlock,http://purl.org/ccf/1.5/60d98bd4-122b-485f-b55e-444065091e23,heart,UBERON:0000948,sc_bulk,http://purl.obolibrary.org/obo/CL_1000309,epicardial adipocyte,972.381645,0.001294251487256322
https://doi.org/10.1161/CIRCULATIONAHA.119.045401#P1723_LV_TissueBlock,http://purl.org/ccf/1.5/60d98bd4-122b-485f-b55e-444065091e23,heart,UBERON:0000948,sc_bulk,http://purl.obolibrary.org/obo/CL_0000794,"CD8-positive, alpha-beta cytotoxic T cell",919.1219580000001,0.001223362213003767
https://doi.org/10.1161/CIRCULATIONAHA.119.045401#P1723_LV_TissueBlock,http://purl.org/ccf/1.5/60d98bd4-122b-485f-b55e-444065091e23,heart,UBERON:0000948,sc_bulk,http://purl.obolibrary.org/obo/CL_0000906,"activated CD8-positive, alpha-beta T cell",915.1868969999999,0.001218124600202371
https://doi.org/10.1161/CIRCULATIONAHA.119.045401#P1723_LV_TissueBlock,http://purl.org/ccf/1.5/60d98bd4-122b-485f-b55e-444065091e23,heart,UBERON:0000948,sc_bulk,https://purl.org/ccf/ASCTB-TEMP_adipocyte,Adipocyte,808.538652,0.001076174522869796
https://doi.org/10.1161/CIRCULATIONAHA.119.045401#P1723_LV_TissueBlock,http://purl.org/ccf/1.5/60d98bd4-122b-485f-b55e-444065091e23,heart,UBERON:0000948,sc_bulk,http://purl.obolibrary.org/obo/CL_0000097,mast cell,805.7764170000002,0.001072497955366404
https://doi.org/10.1161/CIRCULATIONAHA.119.045401#P1723_LV_TissueBlock,http://purl.org/ccf/1.5/60d98bd4-122b-485f-b55e-444065091e23,heart,UBERON:0000948,sc_bulk,https://purl.org/ccf/ASCTB-TEMP_neuronal,Neuronal,650.839509,8.662750956065452E-4
https://doi.org/10.1161/CIRCULATIONAHA.119.045401#P1723_LV_TissueBlock,http://purl.org/ccf/1.5/60d98bd4-122b-485f-b55e-444065091e23,heart,UBERON:0000948,sc_bulk,https://purl.org/ccf/ASCTB-TEMP_lymphatic-endothelial,Lymphatic Endothelial,641.3080500000001,8.535886107783864E-4
https://doi.org/10.1161/CIRCULATIONAHA.119.045401#P1723_LV_TissueBlock,http://purl.org/ccf/1.5/60d98bd4-122b-485f-b55e-444065091e23,heart,UBERON:0000948,sc_bulk,http://purl.obolibrary.org/obo/CL_0000814,mature NK T cell,633.4009649999999,8.430641869847716E-4
https://doi.org/10.1161/CIRCULATIONAHA.119.045401#P1723_LV_TissueBlock,http://purl.org/ccf/1.5/60d98bd4-122b-485f-b55e-444065091e23,heart,UBERON:0000948,sc_bulk,http://purl.obolibrary.org/obo/CL_0001054,CD14-positive monocyte,614.1692160000001,8.174665012676681E-4
https://doi.org/10.1161/CIRCULATIONAHA.119.045401#P1723_LV_TissueBlock,http://purl.org/ccf/1.5/60d98bd4-122b-485f-b55e-444065091e23,heart,UBERON:0000948,sc_bulk,https://purl.org/ccf/ASCTB-TEMP_mast,Mast,611.552835,8.13984067165902E-4
https://doi.org/10.1161/CIRCULATIONAHA.119.045401#P1723_LV_TissueBlock,http://purl.org/ccf/1.5/60d98bd4-122b-485f-b55e-444065091e23,heart,UBERON:0000948,sc_bulk,http://purl.obolibrary.org/obo/CL_0000576,monocyte,593.348058,7.89753293345177E-4
https://doi.org/10.1161/CIRCULATIONAHA.119.045401#P1723_LV_TissueBlock,http://purl.org/ccf/1.5/60d98bd4-122b-485f-b55e-444065091e23,heart,UBERON:0000948,sc_bulk,http://purl.obolibrary.org/obo/CL_0000896,"activated CD4-positive, alpha-beta T cell",464.4450900000002,6.181819160946798E-4
https://doi.org/10.1161/CIRCULATIONAHA.119.045401#P1723_LV_TissueBlock,http://purl.org/ccf/1.5/60d98bd4-122b-485f-b55e-444065091e23,heart,UBERON:0000948,sc_bulk,http://purl.obolibrary.org/obo/CL_0002138,endothelial cell of lymphatic vessel,372.891735,4.963233161495355E-4
https://doi.org/10.1161/CIRCULATIONAHA.119.045401#P1723_LV_TissueBlock,http://purl.org/ccf/1.5/60d98bd4-122b-485f-b55e-444065091e23,heart,UBERON:0000948,sc_bulk,http://purl.obolibrary.org/obo/CL_0000236,B cell,321.244434,4.275801467615275E-4
https://doi.org/10.1161/CIRCULATIONAHA.119.045401#P1723_LV_TissueBlock,http://purl.org/ccf/1.5/60d98bd4-122b-485f-b55e-444065091e23,heart,UBERON:0000948,sc_bulk,http://purl.obolibrary.org/obo/CL_0000451,dendritic cell,307.157535,4.088303173346468E-4
https://doi.org/10.1161/CIRCULATIONAHA.119.045401#P1723_LV_TissueBlock,http://purl.org/ccf/1.5/60d98bd4-122b-485f-b55e-444065091e23,heart,UBERON:0000948,sc_bulk,https://purl.org/ccf/ASCTB-TEMP_atrial-cardiomyocyte,Atrial Cardiomyocyte,207.5922,2.763076771084176E-4
https://doi.org/10.1161/CIRCULATIONAHA.119.045401#P1723_LV_TissueBlock,http://purl.org/ccf/1.5/60d98bd4-122b-485f-b55e-444065091e23,heart,UBERON:0000948,sc_bulk,https://purl.org/ccf/ASCTB-TEMP_endothelial,Endothelial,40.13982,5.342657587207035E-5
https://doi.org/10.1161/CIRCULATIONAHA.119.045401#P1723_LV_TissueBlock,http://purl.org/ccf/1.5/60d98bd4-122b-485f-b55e-444065091e23,heart,UBERON:0000948,sc_bulk,http://purl.obolibrary.org/obo/CL_0000077,mesothelial cell,34.08588,4.536871002376904E-5
https://doi.org/10.1161/CIRCULATIONAHA.119.045401#P1723_RA_TissueBlock,http://purl.org/ccf/1.5/e306f975-0649-40fe-96f8-43ac7a3a9a1d,heart,UBERON:0000948,sc_bulk,https://purl.org/ccf/ASCTB-TEMP_muscle,Muscle,4887.140184,0.1886987746624205
https://doi.org/10.1161/CIRCULATIONAHA.119.045401#P1723_RA_TissueBlock,http://purl.org/ccf/1.5/e306f975-0649-40fe-96f8-43ac7a3a9a1d,heart,UBERON:0000948,sc_bulk,https://purl.org/ccf/ASCTB-TEMP_fibroblast,Fibroblast,3691.731816,0.1425425184941804
https://doi.org/10.1161/CIRCULATIONAHA.119.045401#P1723_RA_TissueBlock,http://purl.org/ccf/1.5/e306f975-0649-40fe-96f8-43ac7a3a9a1d,heart,UBERON:0000948,sc_bulk,https://purl.org/ccf/ASCTB-TEMP_endothelial-cell,Endothelial cell,3061.317888,0.118201425080658
https://doi.org/10.1161/CIRCULATIONAHA.119.045401#P1723_RA_TissueBlock,http://purl.org/ccf/1.5/e306f975-0649-40fe-96f8-43ac7a3a9a1d,heart,UBERON:0000948,sc_bulk,http://purl.obolibrary.org/obo/CL_0000057,fibroblast,2926.239048,0.1129858571552135
https://doi.org/10.1161/CIRCULATIONAHA.119.045401#P1723_RA_TissueBlock,http://purl.org/ccf/1.5/e306f975-0649-40fe-96f8-43ac7a3a9a1d,heart,UBERON:0000948,sc_bulk,http://purl.obolibrary.org/obo/CL_0002129,regular atrial cardiac myocyte,2429.96112,0.0938239274008357
https://doi.org/10.1161/CIRCULATIONAHA.119.045401#P1723_RA_TissueBlock,http://purl.org/ccf/1.5/e306f975-0649-40fe-96f8-43ac7a3a9a1d,heart,UBERON:0000948,sc_bulk,https://purl.org/ccf/ASCTB-TEMP_immune-myeloid-,Immune (myeloid),2244.165264,0.08665011018983435
https://doi.org/10.1161/CIRCULATIONAHA.119.045401#P1723_RA_TissueBlock,http://purl.org/ccf/1.5/e306f975-0649-40fe-96f8-43ac7a3a9a1d,heart,UBERON:0000948,sc_bulk,http://purl.obolibrary.org/obo/CL_0000115,endothelial cell,990.502344,0.0382445707665535
https://doi.org/10.1161/CIRCULATIONAHA.119.045401#P1723_RA_TissueBlock,http://purl.org/ccf/1.5/e306f975-0649-40fe-96f8-43ac7a3a9a1d,heart,UBERON:0000948,sc_bulk,http://purl.obolibrary.org/obo/CL_0000669,pericyte,772.41924,0.02982410134067029
https://doi.org/10.1161/CIRCULATIONAHA.119.045401#P1723_RA_TissueBlock,http://purl.org/ccf/1.5/e306f975-0649-40fe-96f8-43ac7a3a9a1d,heart,UBERON:0000948,sc_bulk,http://purl.obolibrary.org/obo/CL_0000003,native cell,710.853408,0.02744696530158007
https://doi.org/10.1161/CIRCULATIONAHA.119.045401#P1723_RA_TissueBlock,http://purl.org/ccf/1.5/e306f975-0649-40fe-96f8-43ac7a3a9a1d,heart,UBERON:0000948,sc_bulk,http://purl.obolibrary.org/obo/CL_0002543,vein endothelial cell,476.221032,0.01838750717670704
https://doi.org/10.1161/CIRCULATIONAHA.119.045401#P1723_RA_TissueBlock,http://purl.org/ccf/1.5/e306f975-0649-40fe-96f8-43ac7a3a9a1d,heart,UBERON:0000948,sc_bulk,http://purl.obolibrary.org/obo/CL_0000235,macrophage,449.7541200000001,0.01736558562842633
https://doi.org/10.1161/CIRCULATIONAHA.119.045401#P1723_RA_TissueBlock,http://purl.org/ccf/1.5/e306f975-0649-40fe-96f8-43ac7a3a9a1d,heart,UBERON:0000948,sc_bulk,http://purl.obolibrary.org/obo/CL_0000192,smooth muscle cell,448.9382880000001,0.01733408530452844
https://doi.org/10.1161/CIRCULATIONAHA.119.045401#P1723_RA_TissueBlock,http://purl.org/ccf/1.5/e306f975-0649-40fe-96f8-43ac7a3a9a1d,heart,UBERON:0000948,sc_bulk,http://purl.obolibrary.org/obo/CL_0002144,capillary endothelial cell,427.758408,0.01651630286878378
https://doi.org/10.1161/CIRCULATIONAHA.119.045401#P1723_RA_TissueBlock,http://purl.org/ccf/1.5/e306f975-0649-40fe-96f8-43ac7a3a9a1d,heart,UBERON:0000948,sc_bulk,http://purl.obolibrary.org/obo/CL_1000413,endothelial cell of artery,393.2245440000001,0.01518290591763984
https://doi.org/10.1161/CIRCULATIONAHA.119.045401#P1723_RA_TissueBlock,http://purl.org/ccf/1.5/e306f975-0649-40fe-96f8-43ac7a3a9a1d,heart,UBERON:0000948,sc_bulk,https://purl.org/ccf/ASCTB-TEMP_immune-lymphocyte-,Immune (lymphocyte),259.185744,0.01000749527563947
https://doi.org/10.1161/CIRCULATIONAHA.119.045401#P1723_RA_TissueBlock,http://purl.org/ccf/1.5/e306f975-0649-40fe-96f8-43ac7a3a9a1d,heart,UBERON:0000948,sc_bulk,http://purl.obolibrary.org/obo/CL_0002319,neural cell,235.686024,0.009100140830717335
https://doi.org/10.1161/CIRCULATIONAHA.119.045401#P1723_RA_TissueBlock,http://purl.org/ccf/1.5/e306f975-0649-40fe-96f8-43ac7a3a9a1d,heart,UBERON:0000948,sc_bulk,http://purl.obolibrary.org/obo/CL_1000309,epicardial adipocyte,196.489152,0.007586699137103794
https://doi.org/10.1161/CIRCULATIONAHA.119.045401#P1723_RA_TissueBlock,http://purl.org/ccf/1.5/e306f975-0649-40fe-96f8-43ac7a3a9a1d,heart,UBERON:0000948,sc_bulk,http://purl.obolibrary.org/obo/CL_0000906,"activated CD8-positive, alpha-beta T cell",173.312136,0.006691804709100765
https://doi.org/10.1161/CIRCULATIONAHA.119.045401#P1723_RA_TissueBlock,http://purl.org/ccf/1.5/e306f975-0649-40fe-96f8-43ac7a3a9a1d,heart,UBERON:0000948,sc_bulk,http://purl.obolibrary.org/obo/CL_0000794,"CD8-positive, alpha-beta cytotoxic T cell",157.0752,0.006064875705201304
https://doi.org/10.1161/CIRCULATIONAHA.119.045401#P1723_RA_TissueBlock,http://purl.org/ccf/1.5/e306f975-0649-40fe-96f8-43ac7a3a9a1d,heart,UBERON:0000948,sc_bulk,https://purl.org/ccf/ASCTB-TEMP_glia,Glia,117.48564,0.004536271822324762
https://doi.org/10.1161/CIRCULATIONAHA.119.045401#P1723_RA_TissueBlock,http://purl.org/ccf/1.5/e306f975-0649-40fe-96f8-43ac7a3a9a1d,heart,UBERON:0000948,sc_bulk,http://purl.obolibrary.org/obo/CL_0000236,B cell,112.234896,0.004333533836189258
https://doi.org/10.1161/CIRCULATIONAHA.119.045401#P1723_RA_TissueBlock,http://purl.org/ccf/1.5/e306f975-0649-40fe-96f8-43ac7a3a9a1d,heart,UBERON:0000948,sc_bulk,http://purl.obolibrary.org/obo/CL_0002397,"CD14-positive, CD16-positive monocyte",111.570696,0.004307888219036489
https://doi.org/10.1161/CIRCULATIONAHA.119.045401#P1723_RA_TissueBlock,http://purl.org/ccf/1.5/e306f975-0649-40fe-96f8-43ac7a3a9a1d,heart,UBERON:0000948,sc_bulk,http://purl.obolibrary.org/obo/CL_0000623,natural killer cell,105.360912,0.004068120463743816
https://doi.org/10.1161/CIRCULATIONAHA.119.045401#P1723_RA_TissueBlock,http://purl.org/ccf/1.5/e306f975-0649-40fe-96f8-43ac7a3a9a1d,heart,UBERON:0000948,sc_bulk,http://purl.obolibrary.org/obo/CL_0001054,CD14-positive monocyte,100.156176,0.003867158905723283
https://doi.org/10.1161/CIRCULATIONAHA.119.045401#P1723_RA_TissueBlock,http://purl.org/ccf/1.5/e306f975-0649-40fe-96f8-43ac7a3a9a1d,heart,UBERON:0000948,sc_bulk,http://purl.obolibrary.org/obo/CL_0000934,"CD4-positive, alpha-beta cytotoxic T cell",92.77027199999999,0.003581979642984486
https://doi.org/10.1161/CIRCULATIONAHA.119.045401#P1723_RA_TissueBlock,http://purl.org/ccf/1.5/e306f975-0649-40fe-96f8-43ac7a3a9a1d,heart,UBERON:0000948,sc_bulk,https://purl.org/ccf/ASCTB-TEMP_adipocyte,Adipocyte,78.156576,0.003017726025394965
https://doi.org/10.1161/CIRCULATIONAHA.119.045401#P1723_RA_TissueBlock,http://purl.org/ccf/1.5/e306f975-0649-40fe-96f8-43ac7a3a9a1d,heart,UBERON:0000948,sc_bulk,http://purl.obolibrary.org/obo/CL_0000576,monocyte,64.982088,0.002509042081655495
https://doi.org/10.1161/CIRCULATIONAHA.119.045401#P1723_RA_TissueBlock,http://purl.org/ccf/1.5/e306f975-0649-40fe-96f8-43ac7a3a9a1d,heart,UBERON:0000948,sc_bulk,http://purl.obolibrary.org/obo/CL_0000077,mesothelial cell,63.033552,0.002433806597969272
https://doi.org/10.1161/CIRCULATIONAHA.119.045401#P1723_RA_TissueBlock,http://purl.org/ccf/1.5/e306f975-0649-40fe-96f8-43ac7a3a9a1d,heart,UBERON:0000948,sc_bulk,http://purl.obolibrary.org/obo/CL_0000814,mature NK T cell,39.064032,0.001508312570182984
https://doi.org/10.1161/CIRCULATIONAHA.119.045401#P1723_RA_TissueBlock,http://purl.org/ccf/1.5/e306f975-0649-40fe-96f8-43ac7a3a9a1d,heart,UBERON:0000948,sc_bulk,http://purl.obolibrary.org/obo/CL_0000896,"activated CD4-positive, alpha-beta T cell",36.7254,0.00141801497769094
https://doi.org/10.1161/CIRCULATIONAHA.119.045401#P1723_RA_TissueBlock,http://purl.org/ccf/1.5/e306f975-0649-40fe-96f8-43ac7a3a9a1d,heart,UBERON:0000948,sc_bulk,http://purl.obolibrary.org/obo/CL_0000451,dendritic cell,26.335368,0.001016842465078738
https://doi.org/10.1161/CIRCULATIONAHA.119.045401#P1723_RA_TissueBlock,http://purl.org/ccf/1.5/e306f975-0649-40fe-96f8-43ac7a3a9a1d,heart,UBERON:0000948,sc_bulk,http://purl.obolibrary.org/obo/CL_0000097,mast cell,13.76028,5.313021270624986E-4
https://doi.org/10.1161/CIRCULATIONAHA.119.045401#P1723_RA_TissueBlock,http://purl.org/ccf/1.5/e306f975-0649-40fe-96f8-43ac7a3a9a1d,heart,UBERON:0000948,sc_bulk,http://purl.obolibrary.org/obo/CL_0002138,endothelial cell of lymphatic vessel,5.551416000000001,2.143473191685626E-4
https://doi.org/10.1161/CIRCULATIONAHA.119.045401#P1723_RV_TissueBlock,http://purl.org/ccf/1.5/aefbf9c4-7f7f-494d-bdad-708aa232d02b,heart,UBERON:0000948,sc_bulk,http://purl.obolibrary.org/obo/CL_0002131,regular ventricular cardiac myocyte,30694.328145,0.2906960807811061
https://doi.org/10.1161/CIRCULATIONAHA.119.045401#P1723_RV_TissueBlock,http://purl.org/ccf/1.5/aefbf9c4-7f7f-494d-bdad-708aa232d02b,heart,UBERON:0000948,sc_bulk,http://purl.obolibrary.org/obo/CL_0000669,pericyte,13042.37443,0.1235201211432384
https://doi.org/10.1161/CIRCULATIONAHA.119.045401#P1723_RV_TissueBlock,http://purl.org/ccf/1.5/aefbf9c4-7f7f-494d-bdad-708aa232d02b,heart,UBERON:0000948,sc_bulk,https://purl.org/ccf/ASCTB-TEMP_fibroblast,Fibroblast,12599.26312,0.119323556860799
https://doi.org/10.1161/CIRCULATIONAHA.119.045401#P1723_RV_TissueBlock,http://purl.org/ccf/1.5/aefbf9c4-7f7f-494d-bdad-708aa232d02b,heart,UBERON:0000948,sc_bulk,http://purl.obolibrary.org/obo/CL_0002144,capillary endothelial cell,9102.63611,0.08620813035728929
https://doi.org/10.1161/CIRCULATIONAHA.119.045401#P1723_RV_TissueBlock,http://purl.org/ccf/1.5/aefbf9c4-7f7f-494d-bdad-708aa232d02b,heart,UBERON:0000948,sc_bulk,http://purl.obolibrary.org/obo/CL_0000057,fibroblast,8871.972224999998,0.08402358710778451
https://doi.org/10.1161/CIRCULATIONAHA.119.045401#P1723_RV_TissueBlock,http://purl.org/ccf/1.5/aefbf9c4-7f7f-494d-bdad-708aa232d02b,heart,UBERON:0000948,sc_bulk,https://purl.org/ccf/ASCTB-TEMP_ventricular-cardiomycoyte,Ventricular Cardiomycoyte,7151.97642,0.06773406165827925
https://doi.org/10.1161/CIRCULATIONAHA.119.045401#P1723_RV_TissueBlock,http://purl.org/ccf/1.5/aefbf9c4-7f7f-494d-bdad-708aa232d02b,heart,UBERON:0000948,sc_bulk,http://purl.obolibrary.org/obo/CL_0000003,native cell,6738.986744999999,0.06382276966457848
https://doi.org/10.1161/CIRCULATIONAHA.119.045401#P1723_RV_TissueBlock,http://purl.org/ccf/1.5/aefbf9c4-7f7f-494d-bdad-708aa232d02b,heart,UBERON:0000948,sc_bulk,http://purl.obolibrary.org/obo/CL_1000413,endothelial cell of artery,3132.92864,0.02967095655955043
https://doi.org/10.1161/CIRCULATIONAHA.119.045401#P1723_RV_TissueBlock,http://purl.org/ccf/1.5/aefbf9c4-7f7f-494d-bdad-708aa232d02b,heart,UBERON:0000948,sc_bulk,http://purl.obolibrary.org/obo/CL_0000192,smooth muscle cell,2229.95022,0.02111913921779588
https://doi.org/10.1161/CIRCULATIONAHA.119.045401#P1723_RV_TissueBlock,http://purl.org/ccf/1.5/aefbf9c4-7f7f-494d-bdad-708aa232d02b,heart,UBERON:0000948,sc_bulk,http://purl.obolibrary.org/obo/CL_0000235,macrophage,1954.09841,0.01850663570690092
https://doi.org/10.1161/CIRCULATIONAHA.119.045401#P1723_RV_TissueBlock,http://purl.org/ccf/1.5/aefbf9c4-7f7f-494d-bdad-708aa232d02b,heart,UBERON:0000948,sc_bulk,http://purl.obolibrary.org/obo/CL_0000115,endothelial cell,1459.77047,0.0138250152426978
https://doi.org/10.1161/CIRCULATIONAHA.119.045401#P1723_RV_TissueBlock,http://purl.org/ccf/1.5/aefbf9c4-7f7f-494d-bdad-708aa232d02b,heart,UBERON:0000948,sc_bulk,http://purl.obolibrary.org/obo/CL_0002543,vein endothelial cell,979.8222699999999,0.009279580657556913
https://doi.org/10.1161/CIRCULATIONAHA.119.045401#P1723_RV_TissueBlock,http://purl.org/ccf/1.5/aefbf9c4-7f7f-494d-bdad-708aa232d02b,heart,UBERON:0000948,sc_bulk,https://purl.org/ccf/ASCTB-TEMP_b,B,936.538775,0.008869656638384068
https://doi.org/10.1161/CIRCULATIONAHA.119.045401#P1723_RV_TissueBlock,http://purl.org/ccf/1.5/aefbf9c4-7f7f-494d-bdad-708aa232d02b,heart,UBERON:0000948,sc_bulk,http://purl.obolibrary.org/obo/CL_0000623,natural killer cell,499.34473,0.004729132864025412
https://doi.org/10.1161/CIRCULATIONAHA.119.045401#P1723_RV_TissueBlock,http://purl.org/ccf/1.5/aefbf9c4-7f7f-494d-bdad-708aa232d02b,heart,UBERON:0000948,sc_bulk,http://purl.obolibrary.org/obo/CL_0000934,"CD4-positive, alpha-beta cytotoxic T cell",483.519255,0.004579254895129429
https://doi.org/10.1161/CIRCULATIONAHA.119.045401#P1723_RV_TissueBlock,http://purl.org/ccf/1.5/aefbf9c4-7f7f-494d-bdad-708aa232d02b,heart,UBERON:0000948,sc_bulk,https://purl.org/ccf/ASCTB-TEMP_monocyte-cdc,Monocyte/cDC,450.74097,0.004268822331197311
https://doi.org/10.1161/CIRCULATIONAHA.119.045401#P1723_RV_TissueBlock,http://purl.org/ccf/1.5/aefbf9c4-7f7f-494d-bdad-708aa232d02b,heart,UBERON:0000948,sc_bulk,http://purl.obolibrary.org/obo/CL_0002397,"CD14-positive, CD16-positive monocyte",440.58003,0.004172591346075288
https://doi.org/10.1161/CIRCULATIONAHA.119.045401#P1723_RV_TissueBlock,http://purl.org/ccf/1.5/aefbf9c4-7f7f-494d-bdad-708aa232d02b,heart,UBERON:0000948,sc_bulk,http://purl.obolibrary.org/obo/CL_0002319,neural cell,437.29255,0.004141456683438864
https://doi.org/10.1161/CIRCULATIONAHA.119.045401#P1723_RV_TissueBlock,http://purl.org/ccf/1.5/aefbf9c4-7f7f-494d-bdad-708aa232d02b,heart,UBERON:0000948,sc_bulk,http://purl.obolibrary.org/obo/CL_0000906,"activated CD8-positive, alpha-beta T cell",408.126115,0.003865230785781026
https://doi.org/10.1161/CIRCULATIONAHA.119.045401#P1723_RV_TissueBlock,http://purl.org/ccf/1.5/aefbf9c4-7f7f-494d-bdad-708aa232d02b,heart,UBERON:0000948,sc_bulk,https://purl.org/ccf/ASCTB-TEMP_capillary-endothelial,Capillary Endothelial,346.458005,0.003281192008274885
https://doi.org/10.1161/CIRCULATIONAHA.119.045401#P1723_RV_TissueBlock,http://purl.org/ccf/1.5/aefbf9c4-7f7f-494d-bdad-708aa232d02b,heart,UBERON:0000948,sc_bulk,https://purl.org/ccf/ASCTB-TEMP_pericyte,Pericyte,332.5389500000001,0.003149369128244336
https://doi.org/10.1161/CIRCULATIONAHA.119.045401#P1723_RV_TissueBlock,http://purl.org/ccf/1.5/aefbf9c4-7f7f-494d-bdad-708aa232d02b,heart,UBERON:0000948,sc_bulk,http://purl.obolibrary.org/obo/CL_1000309,epicardial adipocyte,328.313185,0.003109348271035832
https://doi.org/10.1161/CIRCULATIONAHA.119.045401#P1723_RV_TissueBlock,http://purl.org/ccf/1.5/aefbf9c4-7f7f-494d-bdad-708aa232d02b,heart,UBERON:0000948,sc_bulk,https://purl.org/ccf/ASCTB-TEMP_macrophage,Macrophage,326.154035,0.003088899657863605
https://doi.org/10.1161/CIRCULATIONAHA.119.045401#P1723_RV_TissueBlock,http://purl.org/ccf/1.5/aefbf9c4-7f7f-494d-bdad-708aa232d02b,heart,UBERON:0000948,sc_bulk,http://purl.obolibrary.org/obo/CL_0000794,"CD8-positive, alpha-beta cytotoxic T cell",320.68651,0.003037118492250061
https://doi.org/10.1161/CIRCULATIONAHA.119.045401#P1723_RV_TissueBlock,http://purl.org/ccf/1.5/aefbf9c4-7f7f-494d-bdad-708aa232d02b,heart,UBERON:0000948,sc_bulk,http://purl.obolibrary.org/obo/CL_0000576,monocyte,264.822235,0.002508045963883829
https://doi.org/10.1161/CIRCULATIONAHA.119.045401#P1723_RV_TissueBlock,http://purl.org/ccf/1.5/aefbf9c4-7f7f-494d-bdad-708aa232d02b,heart,UBERON:0000948,sc_bulk,http://purl.obolibrary.org/obo/CL_0001054,CD14-positive monocyte,247.36496,0.002342713743558145
https://doi.org/10.1161/CIRCULATIONAHA.119.045401#P1723_RV_TissueBlock,http://purl.org/ccf/1.5/aefbf9c4-7f7f-494d-bdad-708aa232d02b,heart,UBERON:0000948,sc_bulk,http://purl.obolibrary.org/obo/CL_0000097,mast cell,219.57461,0.002079520303051086
https://doi.org/10.1161/CIRCULATIONAHA.119.045401#P1723_RV_TissueBlock,http://purl.org/ccf/1.5/aefbf9c4-7f7f-494d-bdad-708aa232d02b,heart,UBERON:0000948,sc_bulk,https://purl.org/ccf/ASCTB-TEMP_mesothelial,Mesothelial,213.4275,0.002021303007116513
https://doi.org/10.1161/CIRCULATIONAHA.119.045401#P1723_RV_TissueBlock,http://purl.org/ccf/1.5/aefbf9c4-7f7f-494d-bdad-708aa232d02b,heart,UBERON:0000948,sc_bulk,http://purl.obolibrary.org/obo/CL_0000814,mature NK T cell,192.38723,0.001822037396913782
https://doi.org/10.1161/CIRCULATIONAHA.119.045401#P1723_RV_TissueBlock,http://purl.org/ccf/1.5/aefbf9c4-7f7f-494d-bdad-708aa232d02b,heart,UBERON:0000948,sc_bulk,http://purl.obolibrary.org/obo/CL_0000451,dendritic cell,144.274005,0.001366372562838635
https://doi.org/10.1161/CIRCULATIONAHA.119.045401#P1723_RV_TissueBlock,http://purl.org/ccf/1.5/aefbf9c4-7f7f-494d-bdad-708aa232d02b,heart,UBERON:0000948,sc_bulk,http://purl.obolibrary.org/obo/CL_0002138,endothelial cell of lymphatic vessel,133.488205,0.001264223730217922
https://doi.org/10.1161/CIRCULATIONAHA.119.045401#P1723_RV_TissueBlock,http://purl.org/ccf/1.5/aefbf9c4-7f7f-494d-bdad-708aa232d02b,heart,UBERON:0000948,sc_bulk,http://purl.obolibrary.org/obo/CL_0000236,B cell,116.3354,0.001101775047049244
https://doi.org/10.1161/CIRCULATIONAHA.119.045401#P1723_RV_TissueBlock,http://purl.org/ccf/1.5/aefbf9c4-7f7f-494d-bdad-708aa232d02b,heart,UBERON:0000948,sc_bulk,https://purl.org/ccf/ASCTB-TEMP_nk,NK,114.72549,0.001086528108748477
https://doi.org/10.1161/CIRCULATIONAHA.119.045401#P1723_RV_TissueBlock,http://purl.org/ccf/1.5/aefbf9c4-7f7f-494d-bdad-708aa232d02b,heart,UBERON:0000948,sc_bulk,http://purl.obolibrary.org/obo/CL_0000896,"activated CD4-positive, alpha-beta T cell",112.86683,0.001068925339437084
https://doi.org/10.1161/CIRCULATIONAHA.119.045401#P1723_RV_TissueBlock,http://purl.org/ccf/1.5/aefbf9c4-7f7f-494d-bdad-708aa232d02b,heart,UBERON:0000948,sc_bulk,https://purl.org/ccf/ASCTB-TEMP_smooth-muscle,Smooth Muscle,107.695815,0.001019952324388205
https://doi.org/10.1161/CIRCULATIONAHA.119.045401#P1723_RV_TissueBlock,http://purl.org/ccf/1.5/aefbf9c4-7f7f-494d-bdad-708aa232d02b,heart,UBERON:0000948,sc_bulk,https://purl.org/ccf/ASCTB-TEMP_venous-endothelial,Venous Endothelial,89.10125500000001,8.438492446819425E-4
https://doi.org/10.1161/CIRCULATIONAHA.119.045401#P1723_RV_TissueBlock,http://purl.org/ccf/1.5/aefbf9c4-7f7f-494d-bdad-708aa232d02b,heart,UBERON:0000948,sc_bulk,https://purl.org/ccf/ASCTB-TEMP_arterial-endothelial,Arterial Endothelial,81.220855,7.692165182653328E-4
https://doi.org/10.1161/CIRCULATIONAHA.119.045401#P1723_RV_TissueBlock,http://purl.org/ccf/1.5/aefbf9c4-7f7f-494d-bdad-708aa232d02b,heart,UBERON:0000948,sc_bulk,https://purl.org/ccf/ASCTB-TEMP_t,T,67.21125500000001,6.365361157469156E-4
https://doi.org/10.1161/CIRCULATIONAHA.119.045401#P1723_RV_TissueBlock,http://purl.org/ccf/1.5/aefbf9c4-7f7f-494d-bdad-708aa232d02b,heart,UBERON:0000948,sc_bulk,https://purl.org/ccf/ASCTB-TEMP_endocardial,Endocardial,65.398365,6.193668193414782E-4
https://doi.org/10.1161/CIRCULATIONAHA.119.045401#P1723_RV_TissueBlock,http://purl.org/ccf/1.5/aefbf9c4-7f7f-494d-bdad-708aa232d02b,heart,UBERON:0000948,sc_bulk,https://purl.org/ccf/ASCTB-TEMP_lymphatic-endothelial,Lymphatic Endothelial,47.24061,4.474005788898734E-4
https://doi.org/10.1161/CIRCULATIONAHA.119.045401#P1723_RV_TissueBlock,http://purl.org/ccf/1.5/aefbf9c4-7f7f-494d-bdad-708aa232d02b,heart,UBERON:0000948,sc_bulk,https://purl.org/ccf/ASCTB-TEMP_mast,Mast,43.79393,4.147581844066491E-4
https://doi.org/10.1161/CIRCULATIONAHA.119.045401#P1723_RV_TissueBlock,http://purl.org/ccf/1.5/aefbf9c4-7f7f-494d-bdad-708aa232d02b,heart,UBERON:0000948,sc_bulk,https://purl.org/ccf/ASCTB-TEMP_adipocyte,Adipocyte,21.331805,2.020266441471838E-4
https://doi.org/10.1161/CIRCULATIONAHA.119.045401#P1723_RV_TissueBlock,http://purl.org/ccf/1.5/aefbf9c4-7f7f-494d-bdad-708aa232d02b,heart,UBERON:0000948,sc_bulk,http://purl.obolibrary.org/obo/CL_0000077,mesothelial cell,15.43245,1.46155755899194E-4
https://doi.org/10.1161/CIRCULATIONAHA.119.045401#P1723_RV_TissueBlock,http://purl.org/ccf/1.5/aefbf9c4-7f7f-494d-bdad-708aa232d02b,heart,UBERON:0000948,sc_bulk,https://purl.org/ccf/ASCTB-TEMP_neuronal,Neuronal,13.915075,1.317851867343797E-4
https://doi.org/10.1161/CIRCULATIONAHA.119.045401#P1723_RV_TissueBlock,http://purl.org/ccf/1.5/aefbf9c4-7f7f-494d-bdad-708aa232d02b,heart,UBERON:0000948,sc_bulk,https://purl.org/ccf/ASCTB-TEMP_atrial-cardiomyocyte,Atrial Cardiomyocyte,8.902265,8.431048020825849E-5
https://doi.org/10.1161/CIRCULATIONAHA.119.045401#P1723_RV_TissueBlock,http://purl.org/ccf/1.5/aefbf9c4-7f7f-494d-bdad-708aa232d02b,heart,UBERON:0000948,sc_bulk,https://purl.org/ccf/ASCTB-TEMP_endothelial,Endothelial,0.15721,1.488885198715194E-6
https://entity.api.hubmapconsortium.org/entities/00bf92f03e3eadf91552850d32eff9e4,http://purl.org/ccf/1.5/53a6bbda-8263-419d-96e8-ba4561899d87,large intestine,UBERON:0000059,spatial,https://purl.org/ccf/ASCTB-TEMP_enterocyte,Enterocyte,19.0872,0.1406589908208203
https://entity.api.hubmapconsortium.org/entities/00bf92f03e3eadf91552850d32eff9e4,http://purl.org/ccf/1.5/53a6bbda-8263-419d-96e8-ba4561899d87,large intestine,UBERON:0000059,spatial,https://purl.org/ccf/ASCTB-TEMP_smooth-muscle,Smooth muscle,16.4952,0.1215578076086379
https://entity.api.hubmapconsortium.org/entities/00bf92f03e3eadf91552850d32eff9e4,http://purl.org/ccf/1.5/53a6bbda-8263-419d-96e8-ba4561899d87,large intestine,UBERON:0000059,spatial,https://purl.org/ccf/ASCTB-TEMP_stroma,Stroma,15.6132,0.1150580994322704
https://entity.api.hubmapconsortium.org/entities/00bf92f03e3eadf91552850d32eff9e4,http://purl.org/ccf/1.5/53a6bbda-8263-419d-96e8-ba4561899d87,large intestine,UBERON:0000059,spatial,https://purl.org/ccf/ASCTB-TEMP_goblet,Goblet,13.5108,0.09956491749350027
https://entity.api.hubmapconsortium.org/entities/00bf92f03e3eadf91552850d32eff9e4,http://purl.org/ccf/1.5/53a6bbda-8263-419d-96e8-ba4561899d87,large intestine,UBERON:0000059,spatial,https://purl.org/ccf/ASCTB-TEMP_plasma,Plasma,9.8568,0.07263755504854882
https://entity.api.hubmapconsortium.org/entities/00bf92f03e3eadf91552850d32eff9e4,http://purl.org/ccf/1.5/53a6bbda-8263-419d-96e8-ba4561899d87,large intestine,UBERON:0000059,spatial,https://purl.org/ccf/ASCTB-TEMP_endothelial,Endothelial,9.064799999999998,0.066801082400382
https://entity.api.hubmapconsortium.org/entities/00bf92f03e3eadf91552850d32eff9e4,http://purl.org/ccf/1.5/53a6bbda-8263-419d-96e8-ba4561899d87,large intestine,UBERON:0000059,spatial,https://purl.org/ccf/ASCTB-TEMP_m2-macrophage,M2 Macrophage,6.6312,0.04886719371783307
https://entity.api.hubmapconsortium.org/entities/00bf92f03e3eadf91552850d32eff9e4,http://purl.org/ccf/1.5/53a6bbda-8263-419d-96e8-ba4561899d87,large intestine,UBERON:0000059,spatial,https://purl.org/ccf/ASCTB-TEMP_cycling-ta,Cycling TA,6.5124,0.04799172282060804
https://entity.api.hubmapconsortium.org/entities/00bf92f03e3eadf91552850d32eff9e4,http://purl.org/ccf/1.5/53a6bbda-8263-419d-96e8-ba4561899d87,large intestine,UBERON:0000059,spatial,https://purl.org/ccf/ASCTB-TEMP_ta,TA,6.462,0.04762031092481561
https://entity.api.hubmapconsortium.org/entities/00bf92f03e3eadf91552850d32eff9e4,http://purl.org/ccf/1.5/53a6bbda-8263-419d-96e8-ba4561899d87,large intestine,UBERON:0000059,spatial,https://purl.org/ccf/ASCTB-TEMP_cd4-t-cell,CD4+ T cell,6.3072,0.04647954581631028
https://entity.api.hubmapconsortium.org/entities/00bf92f03e3eadf91552850d32eff9e4,http://purl.org/ccf/1.5/53a6bbda-8263-419d-96e8-ba4561899d87,large intestine,UBERON:0000059,spatial,https://purl.org/ccf/ASCTB-TEMP_cd8-t,CD8+ T,5.85,0.04311030933305034
https://entity.api.hubmapconsortium.org/entities/00bf92f03e3eadf91552850d32eff9e4,http://purl.org/ccf/1.5/53a6bbda-8263-419d-96e8-ba4561899d87,large intestine,UBERON:0000059,spatial,https://purl.org/ccf/ASCTB-TEMP_cd66-enterocyte,CD66+ Enterocyte,5.1228,0.03775136626518809
https://entity.api.hubmapconsortium.org/entities/00bf92f03e3eadf91552850d32eff9e4,http://purl.org/ccf/1.5/53a6bbda-8263-419d-96e8-ba4561899d87,large intestine,UBERON:0000059,spatial,https://purl.org/ccf/ASCTB-TEMP_lymphatic,Lymphatic,3.5892,0.02644983286464688
https://entity.api.hubmapconsortium.org/entities/00bf92f03e3eadf91552850d32eff9e4,http://purl.org/ccf/1.5/53a6bbda-8263-419d-96e8-ba4561899d87,large intestine,UBERON:0000059,spatial,https://purl.org/ccf/ASCTB-TEMP_nerve,Nerve,2.4552,0.01809306520931713
https://entity.api.hubmapconsortium.org/entities/00bf92f03e3eadf91552850d32eff9e4,http://purl.org/ccf/1.5/53a6bbda-8263-419d-96e8-ba4561899d87,large intestine,UBERON:0000059,spatial,https://purl.org/ccf/ASCTB-TEMP_dc,DC,2.1564,0.01589112325569056
https://entity.api.hubmapconsortium.org/entities/00bf92f03e3eadf91552850d32eff9e4,http://purl.org/ccf/1.5/53a6bbda-8263-419d-96e8-ba4561899d87,large intestine,UBERON:0000059,spatial,https://purl.org/ccf/ASCTB-TEMP_icc,ICC,1.8864,0.01390141667108823
https://entity.api.hubmapconsortium.org/entities/00bf92f03e3eadf91552850d32eff9e4,http://purl.org/ccf/1.5/53a6bbda-8263-419d-96e8-ba4561899d87,large intestine,UBERON:0000059,spatial,https://purl.org/ccf/ASCTB-TEMP_muc1-enterocyte,MUC1+ Enterocyte,1.6092,0.01185865124422985
https://entity.api.hubmapconsortium.org/entities/00bf92f03e3eadf91552850d32eff9e4,http://purl.org/ccf/1.5/53a6bbda-8263-419d-96e8-ba4561899d87,large intestine,UBERON:0000059,spatial,https://purl.org/ccf/ASCTB-TEMP_b,B,1.4976,0.01103623918926089
https://entity.api.hubmapconsortium.org/entities/00bf92f03e3eadf91552850d32eff9e4,http://purl.org/ccf/1.5/53a6bbda-8263-419d-96e8-ba4561899d87,large intestine,UBERON:0000059,spatial,https://purl.org/ccf/ASCTB-TEMP_neutrophil,Neutrophil,0.6876,0.005067119435453918
https://entity.api.hubmapconsortium.org/entities/00bf92f03e3eadf91552850d32eff9e4,http://purl.org/ccf/1.5/53a6bbda-8263-419d-96e8-ba4561899d87,large intestine,UBERON:0000059,spatial,https://purl.org/ccf/ASCTB-TEMP_neuroendocrine,Neuroendocrine,0.468,0.003448824746644027
https://entity.api.hubmapconsortium.org/entities/00bf92f03e3eadf91552850d32eff9e4,http://purl.org/ccf/1.5/53a6bbda-8263-419d-96e8-ba4561899d87,large intestine,UBERON:0000059,spatial,https://purl.org/ccf/ASCTB-TEMP_m1-macrophage,M1 Macrophage,0.3276,0.002414177322650819
https://entity.api.hubmapconsortium.org/entities/00bf92f03e3eadf91552850d32eff9e4,http://purl.org/ccf/1.5/53a6bbda-8263-419d-96e8-ba4561899d87,large intestine,UBERON:0000059,spatial,https://purl.org/ccf/ASCTB-TEMP_nk,NK,0.2772,0.002042765426858386
https://entity.api.hubmapconsortium.org/entities/00bf92f03e3eadf91552850d32eff9e4,http://purl.org/ccf/1.5/53a6bbda-8263-419d-96e8-ba4561899d87,large intestine,UBERON:0000059,spatial,https://purl.org/ccf/ASCTB-TEMP_cd7-immune,CD7+ Immune,0.216,0.001591765267681859
https://entity.api.hubmapconsortium.org/entities/00bf92f03e3eadf91552850d32eff9e4,http://purl.org/ccf/1.5/53a6bbda-8263-419d-96e8-ba4561899d87,large intestine,UBERON:0000059,spatial,https://purl.org/ccf/ASCTB-TEMP_paneth,Paneth,0.0108,7.958826338409293E-5
https://entity.api.hubmapconsortium.org/entities/00bf92f03e3eadf91552850d32eff9e4,http://purl.org/ccf/1.5/53a6bbda-8263-419d-96e8-ba4561899d87,large intestine,UBERON:0000059,spatial,https://purl.org/ccf/ASCTB-TEMP_cd57-enterocyte,CD57+ Enterocyte,0.0036,2.652942112803098E-5
https://entity.api.hubmapconsortium.org/entities/089300b18fc8ab69f3ded95c42d992c7,http://purl.org/ccf/1.5/796e2d24-d7d7-4c09-8483-f5b00fccfda6,heart,UBERON:0000948,sc_bulk,https://purl.org/ccf/ASCTB-TEMP_fibroblast,Fibroblast,221892.2543499999,0.3330088912100684
https://entity.api.hubmapconsortium.org/entities/089300b18fc8ab69f3ded95c42d992c7,http://purl.org/ccf/1.5/796e2d24-d7d7-4c09-8483-f5b00fccfda6,heart,UBERON:0000948,sc_bulk,https://purl.org/ccf/ASCTB-TEMP_ventricular-cardiomycoyte,Ventricular Cardiomycoyte,174830.664116,0.2623803421049387
https://entity.api.hubmapconsortium.org/entities/089300b18fc8ab69f3ded95c42d992c7,http://purl.org/ccf/1.5/796e2d24-d7d7-4c09-8483-f5b00fccfda6,heart,UBERON:0000948,sc_bulk,http://purl.obolibrary.org/obo/CL_0002131,regular ventricular cardiac myocyte,63268.87016,0.09495192322874964
https://entity.api.hubmapconsortium.org/entities/089300b18fc8ab69f3ded95c42d992c7,http://purl.org/ccf/1.5/796e2d24-d7d7-4c09-8483-f5b00fccfda6,heart,UBERON:0000948,sc_bulk,http://purl.obolibrary.org/obo/CL_0000669,pericyte,33626.01689000001,0.05046486472974056
https://entity.api.hubmapconsortium.org/entities/089300b18fc8ab69f3ded95c42d992c7,http://purl.org/ccf/1.5/796e2d24-d7d7-4c09-8483-f5b00fccfda6,heart,UBERON:0000948,sc_bulk,http://purl.obolibrary.org/obo/CL_0002144,capillary endothelial cell,27015.076502,0.04054337407242713
https://entity.api.hubmapconsortium.org/entities/089300b18fc8ab69f3ded95c42d992c7,http://purl.org/ccf/1.5/796e2d24-d7d7-4c09-8483-f5b00fccfda6,heart,UBERON:0000948,sc_bulk,https://purl.org/ccf/ASCTB-TEMP_b,B,26503.895258,0.03977620939707385
https://entity.api.hubmapconsortium.org/entities/089300b18fc8ab69f3ded95c42d992c7,http://purl.org/ccf/1.5/796e2d24-d7d7-4c09-8483-f5b00fccfda6,heart,UBERON:0000948,sc_bulk,http://purl.obolibrary.org/obo/CL_0000057,fibroblast,19603.185026,0.02941984130458711
https://entity.api.hubmapconsortium.org/entities/089300b18fc8ab69f3ded95c42d992c7,http://purl.org/ccf/1.5/796e2d24-d7d7-4c09-8483-f5b00fccfda6,heart,UBERON:0000948,sc_bulk,http://purl.obolibrary.org/obo/CL_0000003,native cell,14160.515378,0.02125165449692906
https://entity.api.hubmapconsortium.org/entities/089300b18fc8ab69f3ded95c42d992c7,http://purl.org/ccf/1.5/796e2d24-d7d7-4c09-8483-f5b00fccfda6,heart,UBERON:0000948,sc_bulk,http://purl.obolibrary.org/obo/CL_1000413,endothelial cell of artery,9579.661474,0.01437685355430502
https://entity.api.hubmapconsortium.org/entities/089300b18fc8ab69f3ded95c42d992c7,http://purl.org/ccf/1.5/796e2d24-d7d7-4c09-8483-f5b00fccfda6,heart,UBERON:0000948,sc_bulk,https://purl.org/ccf/ASCTB-TEMP_pericyte,Pericyte,8175.996482,0.01227027744156244
https://entity.api.hubmapconsortium.org/entities/089300b18fc8ab69f3ded95c42d992c7,http://purl.org/ccf/1.5/796e2d24-d7d7-4c09-8483-f5b00fccfda6,heart,UBERON:0000948,sc_bulk,https://purl.org/ccf/ASCTB-TEMP_monocyte-cdc,Monocyte/cDC,7547.345814,0.01132681836263967
https://entity.api.hubmapconsortium.org/entities/089300b18fc8ab69f3ded95c42d992c7,http://purl.org/ccf/1.5/796e2d24-d7d7-4c09-8483-f5b00fccfda6,heart,UBERON:0000948,sc_bulk,https://purl.org/ccf/ASCTB-TEMP_capillary-endothelial,Capillary Endothelial,7477.717731999999,0.01122232273501253
https://entity.api.hubmapconsortium.org/entities/089300b18fc8ab69f3ded95c42d992c7,http://purl.org/ccf/1.5/796e2d24-d7d7-4c09-8483-f5b00fccfda6,heart,UBERON:0000948,sc_bulk,https://purl.org/ccf/ASCTB-TEMP_macrophage,Macrophage,6670.387443999999,0.01001070692248795
https://entity.api.hubmapconsortium.org/entities/089300b18fc8ab69f3ded95c42d992c7,http://purl.org/ccf/1.5/796e2d24-d7d7-4c09-8483-f5b00fccfda6,heart,UBERON:0000948,sc_bulk,http://purl.obolibrary.org/obo/CL_0000192,smooth muscle cell,6209.648838000002,0.009319244966002891
https://entity.api.hubmapconsortium.org/entities/089300b18fc8ab69f3ded95c42d992c7,http://purl.org/ccf/1.5/796e2d24-d7d7-4c09-8483-f5b00fccfda6,heart,UBERON:0000948,sc_bulk,http://purl.obolibrary.org/obo/CL_0000235,macrophage,5263.258191999999,0.007898931757688141
https://entity.api.hubmapconsortium.org/entities/089300b18fc8ab69f3ded95c42d992c7,http://purl.org/ccf/1.5/796e2d24-d7d7-4c09-8483-f5b00fccfda6,heart,UBERON:0000948,sc_bulk,http://purl.obolibrary.org/obo/CL_0000115,endothelial cell,3438.08756,0.005159773285428923
https://entity.api.hubmapconsortium.org/entities/089300b18fc8ab69f3ded95c42d992c7,http://purl.org/ccf/1.5/796e2d24-d7d7-4c09-8483-f5b00fccfda6,heart,UBERON:0000948,sc_bulk,http://purl.obolibrary.org/obo/CL_0002543,vein endothelial cell,2778.241718,0.004169497474055186
https://entity.api.hubmapconsortium.org/entities/089300b18fc8ab69f3ded95c42d992c7,http://purl.org/ccf/1.5/796e2d24-d7d7-4c09-8483-f5b00fccfda6,heart,UBERON:0000948,sc_bulk,https://purl.org/ccf/ASCTB-TEMP_mesothelial,Mesothelial,2753.19184,0.004131903407862277
https://entity.api.hubmapconsortium.org/entities/089300b18fc8ab69f3ded95c42d992c7,http://purl.org/ccf/1.5/796e2d24-d7d7-4c09-8483-f5b00fccfda6,heart,UBERON:0000948,sc_bulk,https://purl.org/ccf/ASCTB-TEMP_arterial-endothelial,Arterial Endothelial,2629.611674,0.00394643819558721
https://entity.api.hubmapconsortium.org/entities/089300b18fc8ab69f3ded95c42d992c7,http://purl.org/ccf/1.5/796e2d24-d7d7-4c09-8483-f5b00fccfda6,heart,UBERON:0000948,sc_bulk,https://purl.org/ccf/ASCTB-TEMP_venous-endothelial,Venous Endothelial,2457.212908,0.003687707569410919
https://entity.api.hubmapconsortium.org/entities/089300b18fc8ab69f3ded95c42d992c7,http://purl.org/ccf/1.5/796e2d24-d7d7-4c09-8483-f5b00fccfda6,heart,UBERON:0000948,sc_bulk,https://purl.org/ccf/ASCTB-TEMP_smooth-muscle,Smooth Muscle,2387.685830000001,0.003583363525398751
https://entity.api.hubmapconsortium.org/entities/089300b18fc8ab69f3ded95c42d992c7,http://purl.org/ccf/1.5/796e2d24-d7d7-4c09-8483-f5b00fccfda6,heart,UBERON:0000948,sc_bulk,https://purl.org/ccf/ASCTB-TEMP_endocardial,Endocardial,1783.492306,0.002676608956191571
https://entity.api.hubmapconsortium.org/entities/089300b18fc8ab69f3ded95c42d992c7,http://purl.org/ccf/1.5/796e2d24-d7d7-4c09-8483-f5b00fccfda6,heart,UBERON:0000948,sc_bulk,https://purl.org/ccf/ASCTB-TEMP_nk,NK,1779.373292,0.002670427269998707
https://entity.api.hubmapconsortium.org/entities/089300b18fc8ab69f3ded95c42d992c7,http://purl.org/ccf/1.5/796e2d24-d7d7-4c09-8483-f5b00fccfda6,heart,UBERON:0000948,sc_bulk,http://purl.obolibrary.org/obo/CL_0000623,natural killer cell,1339.336962,0.00201003463585876
https://entity.api.hubmapconsortium.org/entities/089300b18fc8ab69f3ded95c42d992c7,http://purl.org/ccf/1.5/796e2d24-d7d7-4c09-8483-f5b00fccfda6,heart,UBERON:0000948,sc_bulk,http://purl.obolibrary.org/obo/CL_0000934,"CD4-positive, alpha-beta cytotoxic T cell",1247.835312,0.00187271184782521
https://entity.api.hubmapconsortium.org/entities/089300b18fc8ab69f3ded95c42d992c7,http://purl.org/ccf/1.5/796e2d24-d7d7-4c09-8483-f5b00fccfda6,heart,UBERON:0000948,sc_bulk,http://purl.obolibrary.org/obo/CL_0002319,neural cell,1104.24838,0.001657221112658971
https://entity.api.hubmapconsortium.org/entities/089300b18fc8ab69f3ded95c42d992c7,http://purl.org/ccf/1.5/796e2d24-d7d7-4c09-8483-f5b00fccfda6,heart,UBERON:0000948,sc_bulk,http://purl.obolibrary.org/obo/CL_0002397,"CD14-positive, CD16-positive monocyte",1005.546208,0.001509092008495198
https://entity.api.hubmapconsortium.org/entities/089300b18fc8ab69f3ded95c42d992c7,http://purl.org/ccf/1.5/796e2d24-d7d7-4c09-8483-f5b00fccfda6,heart,UBERON:0000948,sc_bulk,https://purl.org/ccf/ASCTB-TEMP_t,T,1005.08726,0.001508403233823677
https://entity.api.hubmapconsortium.org/entities/089300b18fc8ab69f3ded95c42d992c7,http://purl.org/ccf/1.5/796e2d24-d7d7-4c09-8483-f5b00fccfda6,heart,UBERON:0000948,sc_bulk,http://purl.obolibrary.org/obo/CL_1000309,epicardial adipocyte,862.3925300000001,0.001294251487256323
https://entity.api.hubmapconsortium.org/entities/089300b18fc8ab69f3ded95c42d992c7,http://purl.org/ccf/1.5/796e2d24-d7d7-4c09-8483-f5b00fccfda6,heart,UBERON:0000948,sc_bulk,http://purl.obolibrary.org/obo/CL_0000794,"CD8-positive, alpha-beta cytotoxic T cell",815.1572120000001,0.001223362213003767
https://entity.api.hubmapconsortium.org/entities/089300b18fc8ab69f3ded95c42d992c7,http://purl.org/ccf/1.5/796e2d24-d7d7-4c09-8483-f5b00fccfda6,heart,UBERON:0000948,sc_bulk,http://purl.obolibrary.org/obo/CL_0000906,"activated CD8-positive, alpha-beta T cell",811.667258,0.001218124600202371
https://entity.api.hubmapconsortium.org/entities/089300b18fc8ab69f3ded95c42d992c7,http://purl.org/ccf/1.5/796e2d24-d7d7-4c09-8483-f5b00fccfda6,heart,UBERON:0000948,sc_bulk,https://purl.org/ccf/ASCTB-TEMP_adipocyte,Adipocyte,717.082328,0.001076174522869796
https://entity.api.hubmapconsortium.org/entities/089300b18fc8ab69f3ded95c42d992c7,http://purl.org/ccf/1.5/796e2d24-d7d7-4c09-8483-f5b00fccfda6,heart,UBERON:0000948,sc_bulk,http://purl.obolibrary.org/obo/CL_0000097,mast cell,714.6325380000002,0.001072497955366404
https://entity.api.hubmapconsortium.org/entities/089300b18fc8ab69f3ded95c42d992c7,http://purl.org/ccf/1.5/796e2d24-d7d7-4c09-8483-f5b00fccfda6,heart,UBERON:0000948,sc_bulk,https://purl.org/ccf/ASCTB-TEMP_neuronal,Neuronal,577.2210259999999,8.662750956065452E-4
https://entity.api.hubmapconsortium.org/entities/089300b18fc8ab69f3ded95c42d992c7,http://purl.org/ccf/1.5/796e2d24-d7d7-4c09-8483-f5b00fccfda6,heart,UBERON:0000948,sc_bulk,https://purl.org/ccf/ASCTB-TEMP_lymphatic-endothelial,Lymphatic Endothelial,568.7677,8.535886107783864E-4
https://entity.api.hubmapconsortium.org/entities/089300b18fc8ab69f3ded95c42d992c7,http://purl.org/ccf/1.5/796e2d24-d7d7-4c09-8483-f5b00fccfda6,heart,UBERON:0000948,sc_bulk,http://purl.obolibrary.org/obo/CL_0000814,mature NK T cell,561.75501,8.430641869847717E-4
https://entity.api.hubmapconsortium.org/entities/089300b18fc8ab69f3ded95c42d992c7,http://purl.org/ccf/1.5/796e2d24-d7d7-4c09-8483-f5b00fccfda6,heart,UBERON:0000948,sc_bulk,http://purl.obolibrary.org/obo/CL_0001054,CD14-positive monocyte,544.6986240000001,8.174665012676682E-4
https://entity.api.hubmapconsortium.org/entities/089300b18fc8ab69f3ded95c42d992c7,http://purl.org/ccf/1.5/796e2d24-d7d7-4c09-8483-f5b00fccfda6,heart,UBERON:0000948,sc_bulk,https://purl.org/ccf/ASCTB-TEMP_mast,Mast,542.37819,8.139840671659022E-4
https://entity.api.hubmapconsortium.org/entities/089300b18fc8ab69f3ded95c42d992c7,http://purl.org/ccf/1.5/796e2d24-d7d7-4c09-8483-f5b00fccfda6,heart,UBERON:0000948,sc_bulk,http://purl.obolibrary.org/obo/CL_0000576,monocyte,526.232612,7.89753293345177E-4
https://entity.api.hubmapconsortium.org/entities/089300b18fc8ab69f3ded95c42d992c7,http://purl.org/ccf/1.5/796e2d24-d7d7-4c09-8483-f5b00fccfda6,heart,UBERON:0000948,sc_bulk,http://purl.obolibrary.org/obo/CL_0000896,"activated CD4-positive, alpha-beta T cell",411.9102600000001,6.181819160946798E-4
https://entity.api.hubmapconsortium.org/entities/089300b18fc8ab69f3ded95c42d992c7,http://purl.org/ccf/1.5/796e2d24-d7d7-4c09-8483-f5b00fccfda6,heart,UBERON:0000948,sc_bulk,http://purl.obolibrary.org/obo/CL_0002138,endothelial cell of lymphatic vessel,330.71279,4.963233161495356E-4
https://entity.api.hubmapconsortium.org/entities/089300b18fc8ab69f3ded95c42d992c7,http://purl.org/ccf/1.5/796e2d24-d7d7-4c09-8483-f5b00fccfda6,heart,UBERON:0000948,sc_bulk,http://purl.obolibrary.org/obo/CL_0000236,B cell,284.907476,4.275801467615276E-4
https://entity.api.hubmapconsortium.org/entities/089300b18fc8ab69f3ded95c42d992c7,http://purl.org/ccf/1.5/796e2d24-d7d7-4c09-8483-f5b00fccfda6,heart,UBERON:0000948,sc_bulk,http://purl.obolibrary.org/obo/CL_0000451,dendritic cell,272.41399,4.088303173346468E-4
https://entity.api.hubmapconsortium.org/entities/089300b18fc8ab69f3ded95c42d992c7,http://purl.org/ccf/1.5/796e2d24-d7d7-4c09-8483-f5b00fccfda6,heart,UBERON:0000948,sc_bulk,https://purl.org/ccf/ASCTB-TEMP_atrial-cardiomyocyte,Atrial Cardiomyocyte,184.1108,2.763076771084177E-4
https://entity.api.hubmapconsortium.org/entities/089300b18fc8ab69f3ded95c42d992c7,http://purl.org/ccf/1.5/796e2d24-d7d7-4c09-8483-f5b00fccfda6,heart,UBERON:0000948,sc_bulk,https://purl.org/ccf/ASCTB-TEMP_endothelial,Endothelial,35.59948,5.342657587207035E-5
https://entity.api.hubmapconsortium.org/entities/089300b18fc8ab69f3ded95c42d992c7,http://purl.org/ccf/1.5/796e2d24-d7d7-4c09-8483-f5b00fccfda6,heart,UBERON:0000948,sc_bulk,http://purl.obolibrary.org/obo/CL_0000077,mesothelial cell,30.23032,4.536871002376905E-5
https://entity.api.hubmapconsortium.org/entities/0b43d8d0dbbc5e3923a8b963650ab8e3,http://purl.org/ccf/1.5/e240c0a4-5e53-4464-8320-ad775f2c4bf7,small intestine,UBERON:0002108,spatial,https://purl.org/ccf/ASCTB-TEMP_enterocyte,Enterocyte,3670.084979,0.2691301672824395
https://entity.api.hubmapconsortium.org/entities/0b43d8d0dbbc5e3923a8b963650ab8e3,http://purl.org/ccf/1.5/e240c0a4-5e53-4464-8320-ad775f2c4bf7,small intestine,UBERON:0002108,spatial,https://purl.org/ccf/ASCTB-TEMP_cd8-t,CD8+ T,2127.854237,0.1560371953328707
https://entity.api.hubmapconsortium.org/entities/0b43d8d0dbbc5e3923a8b963650ab8e3,http://purl.org/ccf/1.5/e240c0a4-5e53-4464-8320-ad775f2c4bf7,small intestine,UBERON:0002108,spatial,https://purl.org/ccf/ASCTB-TEMP_smooth-muscle,Smooth muscle,1631.711683,0.1196546784925279
https://entity.api.hubmapconsortium.org/entities/0b43d8d0dbbc5e3923a8b963650ab8e3,http://purl.org/ccf/1.5/e240c0a4-5e53-4464-8320-ad775f2c4bf7,small intestine,UBERON:0002108,spatial,https://purl.org/ccf/ASCTB-TEMP_stroma,Stroma,982.054015,0.07201477972571527
https://entity.api.hubmapconsortium.org/entities/0b43d8d0dbbc5e3923a8b963650ab8e3,http://purl.org/ccf/1.5/e240c0a4-5e53-4464-8320-ad775f2c4bf7,small intestine,UBERON:0002108,spatial,https://purl.org/ccf/ASCTB-TEMP_endothelial,Endothelial,949.932847,0.06965930965714405
https://entity.api.hubmapconsortium.org/entities/0b43d8d0dbbc5e3923a8b963650ab8e3,http://purl.org/ccf/1.5/e240c0a4-5e53-4464-8320-ad775f2c4bf7,small intestine,UBERON:0002108,spatial,https://purl.org/ccf/ASCTB-TEMP_goblet,Goblet,630.142155,0.04620881111942964
https://entity.api.hubmapconsortium.org/entities/0b43d8d0dbbc5e3923a8b963650ab8e3,http://purl.org/ccf/1.5/e240c0a4-5e53-4464-8320-ad775f2c4bf7,small intestine,UBERON:0002108,spatial,https://purl.org/ccf/ASCTB-TEMP_cd4-t-cell,CD4+ T cell,613.858576,0.04501472368949201
https://entity.api.hubmapconsortium.org/entities/0b43d8d0dbbc5e3923a8b963650ab8e3,http://purl.org/ccf/1.5/e240c0a4-5e53-4464-8320-ad775f2c4bf7,small intestine,UBERON:0002108,spatial,https://purl.org/ccf/ASCTB-TEMP_plasma,Plasma,608.070491,0.04459027894415005
https://entity.api.hubmapconsortium.org/entities/0b43d8d0dbbc5e3923a8b963650ab8e3,http://purl.org/ccf/1.5/e240c0a4-5e53-4464-8320-ad775f2c4bf7,small intestine,UBERON:0002108,spatial,https://purl.org/ccf/ASCTB-TEMP_m2-macrophage,M2 Macrophage,458.576806,0.0336277915134964
https://entity.api.hubmapconsortium.org/entities/0b43d8d0dbbc5e3923a8b963650ab8e3,http://purl.org/ccf/1.5/e240c0a4-5e53-4464-8320-ad775f2c4bf7,small intestine,UBERON:0002108,spatial,https://purl.org/ccf/ASCTB-TEMP_nerve,Nerve,325.627702,0.02387853099110934
https://entity.api.hubmapconsortium.org/entities/0b43d8d0dbbc5e3923a8b963650ab8e3,http://purl.org/ccf/1.5/e240c0a4-5e53-4464-8320-ad775f2c4bf7,small intestine,UBERON:0002108,spatial,https://purl.org/ccf/ASCTB-TEMP_cycling-ta,Cycling TA,261.128072,0.01914872328614299
https://entity.api.hubmapconsortium.org/entities/0b43d8d0dbbc5e3923a8b963650ab8e3,http://purl.org/ccf/1.5/e240c0a4-5e53-4464-8320-ad775f2c4bf7,small intestine,UBERON:0002108,spatial,https://purl.org/ccf/ASCTB-TEMP_lymphatic,Lymphatic,257.94599,0.01891537875437692
https://entity.api.hubmapconsortium.org/entities/0b43d8d0dbbc5e3923a8b963650ab8e3,http://purl.org/ccf/1.5/e240c0a4-5e53-4464-8320-ad775f2c4bf7,small intestine,UBERON:0002108,spatial,https://purl.org/ccf/ASCTB-TEMP_paneth,Paneth,183.258218,0.01343846672445722
https://entity.api.hubmapconsortium.org/entities/0b43d8d0dbbc5e3923a8b963650ab8e3,http://purl.org/ccf/1.5/e240c0a4-5e53-4464-8320-ad775f2c4bf7,small intestine,UBERON:0002108,spatial,https://purl.org/ccf/ASCTB-TEMP_cd66-enterocyte,CD66+ Enterocyte,152.159737,0.01115799108379773
https://entity.api.hubmapconsortium.org/entities/0b43d8d0dbbc5e3923a8b963650ab8e3,http://purl.org/ccf/1.5/e240c0a4-5e53-4464-8320-ad775f2c4bf7,small intestine,UBERON:0002108,spatial,https://purl.org/ccf/ASCTB-TEMP_ta,TA,144.250058,0.01057796821113923
https://entity.api.hubmapconsortium.org/entities/0b43d8d0dbbc5e3923a8b963650ab8e3,http://purl.org/ccf/1.5/e240c0a4-5e53-4464-8320-ad775f2c4bf7,small intestine,UBERON:0002108,spatial,https://purl.org/ccf/ASCTB-TEMP_icc,ICC,116.332629,0.008530761571549968
https://entity.api.hubmapconsortium.org/entities/0b43d8d0dbbc5e3923a8b963650ab8e3,http://purl.org/ccf/1.5/e240c0a4-5e53-4464-8320-ad775f2c4bf7,small intestine,UBERON:0002108,spatial,https://purl.org/ccf/ASCTB-TEMP_m1-macrophage,M1 Macrophage,108.729169,0.007973193974768353
https://entity.api.hubmapconsortium.org/entities/0b43d8d0dbbc5e3923a8b963650ab8e3,http://purl.org/ccf/1.5/e240c0a4-5e53-4464-8320-ad775f2c4bf7,small intestine,UBERON:0002108,spatial,https://purl.org/ccf/ASCTB-TEMP_dc,DC,99.109793,0.007267797700064631
https://entity.api.hubmapconsortium.org/entities/0b43d8d0dbbc5e3923a8b963650ab8e3,http://purl.org/ccf/1.5/e240c0a4-5e53-4464-8320-ad775f2c4bf7,small intestine,UBERON:0002108,spatial,https://purl.org/ccf/ASCTB-TEMP_neuroendocrine,Neuroendocrine,81.36165700000001,0.005966313173694626
https://entity.api.hubmapconsortium.org/entities/0b43d8d0dbbc5e3923a8b963650ab8e3,http://purl.org/ccf/1.5/e240c0a4-5e53-4464-8320-ad775f2c4bf7,small intestine,UBERON:0002108,spatial,https://purl.org/ccf/ASCTB-TEMP_neutrophil,Neutrophil,79.438132,0.005825259599190471
https://entity.api.hubmapconsortium.org/entities/0b43d8d0dbbc5e3923a8b963650ab8e3,http://purl.org/ccf/1.5/e240c0a4-5e53-4464-8320-ad775f2c4bf7,small intestine,UBERON:0002108,spatial,https://purl.org/ccf/ASCTB-TEMP_cd7-immune,CD7+ Immune,60.190419,0.004413809932729115
https://entity.api.hubmapconsortium.org/entities/0b43d8d0dbbc5e3923a8b963650ab8e3,http://purl.org/ccf/1.5/e240c0a4-5e53-4464-8320-ad775f2c4bf7,small intestine,UBERON:0002108,spatial,https://purl.org/ccf/ASCTB-TEMP_nk,NK,50.888592,0.003731699771556656
https://entity.api.hubmapconsortium.org/entities/0b43d8d0dbbc5e3923a8b963650ab8e3,http://purl.org/ccf/1.5/e240c0a4-5e53-4464-8320-ad775f2c4bf7,small intestine,UBERON:0002108,spatial,https://purl.org/ccf/ASCTB-TEMP_muc1-enterocyte,MUC1+ Enterocyte,25.522164,0.001871560006384761
https://entity.api.hubmapconsortium.org/entities/0b43d8d0dbbc5e3923a8b963650ab8e3,http://purl.org/ccf/1.5/e240c0a4-5e53-4464-8320-ad775f2c4bf7,small intestine,UBERON:0002108,spatial,https://purl.org/ccf/ASCTB-TEMP_b,B,14.513318,0.001064272822976299
https://entity.api.hubmapconsortium.org/entities/0b43d8d0dbbc5e3923a8b963650ab8e3,http://purl.org/ccf/1.5/e240c0a4-5e53-4464-8320-ad775f2c4bf7,small intestine,UBERON:0002108,spatial,https://purl.org/ccf/ASCTB-TEMP_cd57-enterocyte,CD57+ Enterocyte,4.098370000000001,3.00536638796268E-4
https://entity.api.hubmapconsortium.org/entities/0fbab3d4fab629220c55963b8dec433c,http://purl.org/ccf/1.5/14b3cd07-fd94-4aac-a467-6a287ca0d4b2,left kidney,UBERON:0004538,sc_bulk,https://purl.org/ccf/ASCTB-TEMP_cortical-thick-ascending-limb,Cortical Thick Ascending Limb,218880.615,0.1923133852731772
https://entity.api.hubmapconsortium.org/entities/0fbab3d4fab629220c55963b8dec433c,http://purl.org/ccf/1.5/14b3cd07-fd94-4aac-a467-6a287ca0d4b2,left kidney,UBERON:0004538,sc_bulk,https://purl.org/ccf/ASCTB-TEMP_inner-medullary-collecting-duct,Inner Medullary Collecting Duct,127470.332,0.1119982738938111
https://entity.api.hubmapconsortium.org/entities/0fbab3d4fab629220c55963b8dec433c,http://purl.org/ccf/1.5/14b3cd07-fd94-4aac-a467-6a287ca0d4b2,left kidney,UBERON:0004538,sc_bulk,https://purl.org/ccf/ASCTB-TEMP_connecting-tubule,Connecting Tubule,92264.948,0.08106603909137255
https://entity.api.hubmapconsortium.org/entities/0fbab3d4fab629220c55963b8dec433c,http://purl.org/ccf/1.5/14b3cd07-fd94-4aac-a467-6a287ca0d4b2,left kidney,UBERON:0004538,sc_bulk,https://purl.org/ccf/ASCTB-TEMP_proximal-tubule-epithelial-segment-1,Proximal Tubule Epithelial Segment 1,89542.50000000001,0.07867403561902217
https://entity.api.hubmapconsortium.org/entities/0fbab3d4fab629220c55963b8dec433c,http://purl.org/ccf/1.5/14b3cd07-fd94-4aac-a467-6a287ca0d4b2,left kidney,UBERON:0004538,sc_bulk,https://purl.org/ccf/ASCTB-TEMP_distal-convoluted-tubule-type-1,Distal Convoluted Tubule Type 1,85983.65000000002,0.0755471507133879
https://entity.api.hubmapconsortium.org/entities/0fbab3d4fab629220c55963b8dec433c,http://purl.org/ccf/1.5/14b3cd07-fd94-4aac-a467-6a287ca0d4b2,left kidney,UBERON:0004538,sc_bulk,https://purl.org/ccf/ASCTB-TEMP_descending-thin-limb-type-1,Descending Thin Limb Type 1,74780.35,0.06570368170983548
https://entity.api.hubmapconsortium.org/entities/0fbab3d4fab629220c55963b8dec433c,http://purl.org/ccf/1.5/14b3cd07-fd94-4aac-a467-6a287ca0d4b2,left kidney,UBERON:0004538,sc_bulk,https://purl.org/ccf/ASCTB-TEMP_descending-thin-limb-type-2,Descending Thin Limb Type 2,73242.46599999999,0.06435246256145426
https://entity.api.hubmapconsortium.org/entities/0fbab3d4fab629220c55963b8dec433c,http://purl.org/ccf/1.5/14b3cd07-fd94-4aac-a467-6a287ca0d4b2,left kidney,UBERON:0004538,sc_bulk,https://purl.org/ccf/ASCTB-TEMP_ascending-thin-limb,Ascending Thin Limb,72502.091,0.0637019525899722
https://entity.api.hubmapconsortium.org/entities/0fbab3d4fab629220c55963b8dec433c,http://purl.org/ccf/1.5/14b3cd07-fd94-4aac-a467-6a287ca0d4b2,left kidney,UBERON:0004538,sc_bulk,https://purl.org/ccf/ASCTB-TEMP_fibroblast,Fibroblast,50721.21700000001,0.0445647913884262
https://entity.api.hubmapconsortium.org/entities/0fbab3d4fab629220c55963b8dec433c,http://purl.org/ccf/1.5/14b3cd07-fd94-4aac-a467-6a287ca0d4b2,left kidney,UBERON:0004538,sc_bulk,https://purl.org/ccf/ASCTB-TEMP_proximal-tubule-epithelial-segment-3,Proximal Tubule Epithelial Segment 3,48407.02699999999,0.04253149249137522
https://entity.api.hubmapconsortium.org/entities/0fbab3d4fab629220c55963b8dec433c,http://purl.org/ccf/1.5/14b3cd07-fd94-4aac-a467-6a287ca0d4b2,left kidney,UBERON:0004538,sc_bulk,https://purl.org/ccf/ASCTB-TEMP_medullary-thick-ascending-limb,Medullary Thick Ascending Limb,34198.027,0.0300471484970632
https://entity.api.hubmapconsortium.org/entities/0fbab3d4fab629220c55963b8dec433c,http://purl.org/ccf/1.5/14b3cd07-fd94-4aac-a467-6a287ca0d4b2,left kidney,UBERON:0004538,sc_bulk,https://purl.org/ccf/ASCTB-TEMP_cortical-collecting-duct-principal,Cortical Collecting Duct Principal,26503.50400000001,0.02328656914565594
https://entity.api.hubmapconsortium.org/entities/0fbab3d4fab629220c55963b8dec433c,http://purl.org/ccf/1.5/14b3cd07-fd94-4aac-a467-6a287ca0d4b2,left kidney,UBERON:0004538,sc_bulk,https://purl.org/ccf/ASCTB-TEMP_cortical-collecting-duct-intercalated-type-a,Cortical Collecting Duct Intercalated Type A,13369.98,0.01174716232789585
https://entity.api.hubmapconsortium.org/entities/0fbab3d4fab629220c55963b8dec433c,http://purl.org/ccf/1.5/14b3cd07-fd94-4aac-a467-6a287ca0d4b2,left kidney,UBERON:0004538,sc_bulk,https://purl.org/ccf/ASCTB-TEMP_podocyte,Podocyte,12591.483,0.01106315751780788
https://entity.api.hubmapconsortium.org/entities/0fbab3d4fab629220c55963b8dec433c,http://purl.org/ccf/1.5/14b3cd07-fd94-4aac-a467-6a287ca0d4b2,left kidney,UBERON:0004538,sc_bulk,https://purl.org/ccf/ASCTB-TEMP_mesangial,Mesangial,12278.113,0.01078782365353189
https://entity.api.hubmapconsortium.org/entities/0fbab3d4fab629220c55963b8dec433c,http://purl.org/ccf/1.5/14b3cd07-fd94-4aac-a467-6a287ca0d4b2,left kidney,UBERON:0004538,sc_bulk,https://purl.org/ccf/ASCTB-TEMP_peritubular-capilary-endothelial,Peritubular Capilary Endothelial,11271.73,0.009903593126258485
https://entity.api.hubmapconsortium.org/entities/0fbab3d4fab629220c55963b8dec433c,http://purl.org/ccf/1.5/14b3cd07-fd94-4aac-a467-6a287ca0d4b2,left kidney,UBERON:0004538,sc_bulk,https://purl.org/ccf/ASCTB-TEMP_outer-medullary-collecting-duct-intercalated-type-a,Outer Medullary Collecting Duct Intercalated Type A,8190.706,0.007196536790785811
https://entity.api.hubmapconsortium.org/entities/0fbab3d4fab629220c55963b8dec433c,http://purl.org/ccf/1.5/14b3cd07-fd94-4aac-a467-6a287ca0d4b2,left kidney,UBERON:0004538,sc_bulk,https://purl.org/ccf/ASCTB-TEMP_outer-medullary-collecting-duct-principal,Outer Medullary Collecting Duct Principal,7995.797,0.007025285400569231
https://entity.api.hubmapconsortium.org/entities/0fbab3d4fab629220c55963b8dec433c,http://purl.org/ccf/1.5/14b3cd07-fd94-4aac-a467-6a287ca0d4b2,left kidney,UBERON:0004538,sc_bulk,https://purl.org/ccf/ASCTB-TEMP_parietal-epithelial,Parietal Epithelial,7860.065000000001,0.006906028241090313
https://entity.api.hubmapconsortium.org/entities/0fbab3d4fab629220c55963b8dec433c,http://purl.org/ccf/1.5/14b3cd07-fd94-4aac-a467-6a287ca0d4b2,left kidney,UBERON:0004538,sc_bulk,https://purl.org/ccf/ASCTB-TEMP_intercalated-type-b,Intercalated Type B,7618.814000000001,0.006694059737115948
https://entity.api.hubmapconsortium.org/entities/0fbab3d4fab629220c55963b8dec433c,http://purl.org/ccf/1.5/14b3cd07-fd94-4aac-a467-6a287ca0d4b2,left kidney,UBERON:0004538,sc_bulk,https://purl.org/ccf/ASCTB-TEMP_ascending-vasa-recta-endothelial,Ascending Vasa Recta Endothelial,6291.872,0.005528178929986634
https://entity.api.hubmapconsortium.org/entities/0fbab3d4fab629220c55963b8dec433c,http://purl.org/ccf/1.5/14b3cd07-fd94-4aac-a467-6a287ca0d4b2,left kidney,UBERON:0004538,sc_bulk,https://purl.org/ccf/ASCTB-TEMP_classical-dendritic,Classical Dendritic,6157.746,0.005410332837891406
https://entity.api.hubmapconsortium.org/entities/0fbab3d4fab629220c55963b8dec433c,http://purl.org/ccf/1.5/14b3cd07-fd94-4aac-a467-6a287ca0d4b2,left kidney,UBERON:0004538,sc_bulk,https://purl.org/ccf/ASCTB-TEMP_macula-densa,Macula Densa,6129.017999999999,0.005385091776995593
https://entity.api.hubmapconsortium.org/entities/0fbab3d4fab629220c55963b8dec433c,http://purl.org/ccf/1.5/14b3cd07-fd94-4aac-a467-6a287ca0d4b2,left kidney,UBERON:0004538,sc_bulk,https://purl.org/ccf/ASCTB-TEMP_glomerular-capillary-endothelial,Glomerular Capillary Endothelial,5883.353999999999,0.00516924591289406
https://entity.api.hubmapconsortium.org/entities/0fbab3d4fab629220c55963b8dec433c,http://purl.org/ccf/1.5/14b3cd07-fd94-4aac-a467-6a287ca0d4b2,left kidney,UBERON:0004538,sc_bulk,https://purl.org/ccf/ASCTB-TEMP_medullary-fibroblast,Medullary Fibroblast,4830.841999999999,0.004244485418408779
https://entity.api.hubmapconsortium.org/entities/0fbab3d4fab629220c55963b8dec433c,http://purl.org/ccf/1.5/14b3cd07-fd94-4aac-a467-6a287ca0d4b2,left kidney,UBERON:0004538,sc_bulk,https://purl.org/ccf/ASCTB-TEMP_cortical-vascular-smooth-muscle-pericyte,Cortical Vascular Smooth Muscle / Pericyte,3701.618,0.003252324051484084
https://entity.api.hubmapconsortium.org/entities/0fbab3d4fab629220c55963b8dec433c,http://purl.org/ccf/1.5/14b3cd07-fd94-4aac-a467-6a287ca0d4b2,left kidney,UBERON:0004538,sc_bulk,https://purl.org/ccf/ASCTB-TEMP_connecting-tubule-principal,Connecting Tubule Principal,3474.940000000001,0.003053159710014405
https://entity.api.hubmapconsortium.org/entities/0fbab3d4fab629220c55963b8dec433c,http://purl.org/ccf/1.5/14b3cd07-fd94-4aac-a467-6a287ca0d4b2,left kidney,UBERON:0004538,sc_bulk,https://purl.org/ccf/ASCTB-TEMP_vascular-smooth-muscle-pericyte,Vascular Smooth Muscle / Pericyte,3381.532999999999,0.002971090238589483
https://entity.api.hubmapconsortium.org/entities/0fbab3d4fab629220c55963b8dec433c,http://purl.org/ccf/1.5/14b3cd07-fd94-4aac-a467-6a287ca0d4b2,left kidney,UBERON:0004538,sc_bulk,https://purl.org/ccf/ASCTB-TEMP_m2-macrophage,M2 Macrophage,3375.679999999999,0.002965947662377314
https://entity.api.hubmapconsortium.org/entities/0fbab3d4fab629220c55963b8dec433c,http://purl.org/ccf/1.5/14b3cd07-fd94-4aac-a467-6a287ca0d4b2,left kidney,UBERON:0004538,sc_bulk,https://purl.org/ccf/ASCTB-TEMP_descending-thin-limb-type-3,Descending Thin Limb Type 3,3154.318,0.002771454076954773
https://entity.api.hubmapconsortium.org/entities/0fbab3d4fab629220c55963b8dec433c,http://purl.org/ccf/1.5/14b3cd07-fd94-4aac-a467-6a287ca0d4b2,left kidney,UBERON:0004538,sc_bulk,https://purl.org/ccf/ASCTB-TEMP_monocyte-derived,Monocyte-derived,2979.315,0.002617692541868799
https://entity.api.hubmapconsortium.org/entities/0fbab3d4fab629220c55963b8dec433c,http://purl.org/ccf/1.5/14b3cd07-fd94-4aac-a467-6a287ca0d4b2,left kidney,UBERON:0004538,sc_bulk,https://purl.org/ccf/ASCTB-TEMP_descending-vasa-recta-endothelial,Descending Vasa Recta Endothelial,2757.939999999999,0.0024231875343566
https://entity.api.hubmapconsortium.org/entities/0fbab3d4fab629220c55963b8dec433c,http://purl.org/ccf/1.5/14b3cd07-fd94-4aac-a467-6a287ca0d4b2,left kidney,UBERON:0004538,sc_bulk,https://purl.org/ccf/ASCTB-TEMP_t,T,1828.118,0.001606225207558149
https://entity.api.hubmapconsortium.org/entities/0fbab3d4fab629220c55963b8dec433c,http://purl.org/ccf/1.5/14b3cd07-fd94-4aac-a467-6a287ca0d4b2,left kidney,UBERON:0004538,sc_bulk,https://purl.org/ccf/ASCTB-TEMP_distal-convoluted-tubule-type-2,Distal Convoluted Tubule Type 2,1561.651,0.001372101364139728
https://entity.api.hubmapconsortium.org/entities/0fbab3d4fab629220c55963b8dec433c,http://purl.org/ccf/1.5/14b3cd07-fd94-4aac-a467-6a287ca0d4b2,left kidney,UBERON:0004538,sc_bulk,https://purl.org/ccf/ASCTB-TEMP_afferent-efferent-arteriole-endothelial,Afferent / Efferent Arteriole Endothelial,1489.726,0.001308906456560665
https://entity.api.hubmapconsortium.org/entities/0fbab3d4fab629220c55963b8dec433c,http://purl.org/ccf/1.5/14b3cd07-fd94-4aac-a467-6a287ca0d4b2,left kidney,UBERON:0004538,sc_bulk,https://purl.org/ccf/ASCTB-TEMP_proximal-tubule-epithelial-segment-2,Proximal Tubule Epithelial Segment 2,1179.154,0.001036030977427617
https://entity.api.hubmapconsortium.org/entities/0fbab3d4fab629220c55963b8dec433c,http://purl.org/ccf/1.5/14b3cd07-fd94-4aac-a467-6a287ca0d4b2,left kidney,UBERON:0004538,sc_bulk,https://purl.org/ccf/ASCTB-TEMP_mast,Mast,809.054,7.108528711361906E-4
https://entity.api.hubmapconsortium.org/entities/0fbab3d4fab629220c55963b8dec433c,http://purl.org/ccf/1.5/14b3cd07-fd94-4aac-a467-6a287ca0d4b2,left kidney,UBERON:0004538,sc_bulk,https://purl.org/ccf/ASCTB-TEMP_b,B,619.965,5.447150625964997E-4
https://entity.api.hubmapconsortium.org/entities/0fbab3d4fab629220c55963b8dec433c,http://purl.org/ccf/1.5/14b3cd07-fd94-4aac-a467-6a287ca0d4b2,left kidney,UBERON:0004538,sc_bulk,https://purl.org/ccf/ASCTB-TEMP_schwann-neural,Schwann / Neural,534.555,4.69671933554752E-4
https://entity.api.hubmapconsortium.org/entities/0fbab3d4fab629220c55963b8dec433c,http://purl.org/ccf/1.5/14b3cd07-fd94-4aac-a467-6a287ca0d4b2,left kidney,UBERON:0004538,sc_bulk,https://purl.org/ccf/ASCTB-TEMP_plasma,Plasma,476.39,4.185668685657198E-4
https://entity.api.hubmapconsortium.org/entities/0fbab3d4fab629220c55963b8dec433c,http://purl.org/ccf/1.5/14b3cd07-fd94-4aac-a467-6a287ca0d4b2,left kidney,UBERON:0004538,sc_bulk,https://purl.org/ccf/ASCTB-TEMP_lymphatic-endothelial,Lymphatic Endothelial,475.712,4.179711626590308E-4
https://entity.api.hubmapconsortium.org/entities/0fbab3d4fab629220c55963b8dec433c,http://purl.org/ccf/1.5/14b3cd07-fd94-4aac-a467-6a287ca0d4b2,left kidney,UBERON:0004538,sc_bulk,https://purl.org/ccf/ASCTB-TEMP_tissue-resident-macrophage,Tissue-resident Macrophage,460.422,4.045370279786851E-4
https://entity.api.hubmapconsortium.org/entities/0fbab3d4fab629220c55963b8dec433c,http://purl.org/ccf/1.5/14b3cd07-fd94-4aac-a467-6a287ca0d4b2,left kidney,UBERON:0004538,sc_bulk,https://purl.org/ccf/ASCTB-TEMP_papillary-tip-epithelial,Papillary Tip Epithelial,263.383,2.314141723030395E-4
https://entity.api.hubmapconsortium.org/entities/0fbab3d4fab629220c55963b8dec433c,http://purl.org/ccf/1.5/14b3cd07-fd94-4aac-a467-6a287ca0d4b2,left kidney,UBERON:0004538,sc_bulk,https://purl.org/ccf/ASCTB-TEMP_connecting-tubule-intercalated-type-a,Connecting Tubule Intercalated Type A,245.422,2.156332375094693E-4
https://entity.api.hubmapconsortium.org/entities/0fbab3d4fab629220c55963b8dec433c,http://purl.org/ccf/1.5/14b3cd07-fd94-4aac-a467-6a287ca0d4b2,left kidney,UBERON:0004538,sc_bulk,https://purl.org/ccf/ASCTB-TEMP_natural-killer-natural-killer-t,Natural Killer / Natural Killer T,79.75000000000001,7.007012692986032E-5
https://entity.api.hubmapconsortium.org/entities/0fbab3d4fab629220c55963b8dec433c,http://purl.org/ccf/1.5/14b3cd07-fd94-4aac-a467-6a287ca0d4b2,left kidney,UBERON:0004538,sc_bulk,https://purl.org/ccf/ASCTB-TEMP_non-classical-monocyte,Non-classical monocyte,75.5,6.63359822345386E-5
https://entity.api.hubmapconsortium.org/entities/0fbab3d4fab629220c55963b8dec433c,http://purl.org/ccf/1.5/14b3cd07-fd94-4aac-a467-6a287ca0d4b2,left kidney,UBERON:0004538,sc_bulk,https://purl.org/ccf/ASCTB-TEMP_neutrophil,Neutrophil,53.711,4.719168134833514E-5
https://entity.api.hubmapconsortium.org/entities/0fbab3d4fab629220c55963b8dec433c,http://purl.org/ccf/1.5/14b3cd07-fd94-4aac-a467-6a287ca0d4b2,left kidney,UBERON:0004538,sc_bulk,https://purl.org/ccf/ASCTB-TEMP_renin-positive-juxtaglomerular-granular,Renin-positive Juxtaglomerular Granular,51.48,4.523147503886155E-5
https://entity.api.hubmapconsortium.org/entities/0fbab3d4fab629220c55963b8dec433c,http://purl.org/ccf/1.5/14b3cd07-fd94-4aac-a467-6a287ca0d4b2,left kidney,UBERON:0004538,sc_bulk,https://purl.org/ccf/ASCTB-TEMP_monocyte,Monocyte,46.924,4.122847192547668E-5
https://entity.api.hubmapconsortium.org/entities/0fbab3d4fab629220c55963b8dec433c,http://purl.org/ccf/1.5/14b3cd07-fd94-4aac-a467-6a287ca0d4b2,left kidney,UBERON:0004538,sc_bulk,https://purl.org/ccf/ASCTB-TEMP_natural-killer-t,Natural Killer T,43.343,3.808212553631267E-5
https://entity.api.hubmapconsortium.org/entities/0fbab3d4fab629220c55963b8dec433c,http://purl.org/ccf/1.5/14b3cd07-fd94-4aac-a467-6a287ca0d4b2,left kidney,UBERON:0004538,sc_bulk,https://purl.org/ccf/ASCTB-TEMP_plasmacytoid-dendritic,Plasmacytoid Dendritic,38.875,3.415644118367799E-5
https://entity.api.hubmapconsortium.org/entities/0fbab3d4fab629220c55963b8dec433c,http://purl.org/ccf/1.5/14b3cd07-fd94-4aac-a467-6a287ca0d4b2,left kidney,UBERON:0004538,sc_bulk,https://purl.org/ccf/ASCTB-TEMP_cycling-mononuclear-phagocyte,Cycling Mononuclear Phagocyte,20.779,1.825689238213877E-5
https://entity.api.hubmapconsortium.org/entities/11d794402e067e54888bb8a4af4184e0,http://purl.org/ccf/1.5/5c7d77e3-e7e4-4f6c-bf86-01e78c3de7ad,right kidney,UBERON:0004539,sc_bulk,https://purl.org/ccf/ASCTB-TEMP_cortical-thick-ascending-limb,Cortical Thick Ascending Limb,218880.615,0.1923133852731772
https://entity.api.hubmapconsortium.org/entities/11d794402e067e54888bb8a4af4184e0,http://purl.org/ccf/1.5/5c7d77e3-e7e4-4f6c-bf86-01e78c3de7ad,right kidney,UBERON:0004539,sc_bulk,https://purl.org/ccf/ASCTB-TEMP_inner-medullary-collecting-duct,Inner Medullary Collecting Duct,127470.332,0.1119982738938111
https://entity.api.hubmapconsortium.org/entities/11d794402e067e54888bb8a4af4184e0,http://purl.org/ccf/1.5/5c7d77e3-e7e4-4f6c-bf86-01e78c3de7ad,right kidney,UBERON:0004539,sc_bulk,https://purl.org/ccf/ASCTB-TEMP_connecting-tubule,Connecting Tubule,92264.948,0.08106603909137255
https://entity.api.hubmapconsortium.org/entities/11d794402e067e54888bb8a4af4184e0,http://purl.org/ccf/1.5/5c7d77e3-e7e4-4f6c-bf86-01e78c3de7ad,right kidney,UBERON:0004539,sc_bulk,https://purl.org/ccf/ASCTB-TEMP_proximal-tubule-epithelial-segment-1,Proximal Tubule Epithelial Segment 1,89542.50000000001,0.07867403561902217
https://entity.api.hubmapconsortium.org/entities/11d794402e067e54888bb8a4af4184e0,http://purl.org/ccf/1.5/5c7d77e3-e7e4-4f6c-bf86-01e78c3de7ad,right kidney,UBERON:0004539,sc_bulk,https://purl.org/ccf/ASCTB-TEMP_distal-convoluted-tubule-type-1,Distal Convoluted Tubule Type 1,85983.65000000002,0.0755471507133879
https://entity.api.hubmapconsortium.org/entities/11d794402e067e54888bb8a4af4184e0,http://purl.org/ccf/1.5/5c7d77e3-e7e4-4f6c-bf86-01e78c3de7ad,right kidney,UBERON:0004539,sc_bulk,https://purl.org/ccf/ASCTB-TEMP_descending-thin-limb-type-1,Descending Thin Limb Type 1,74780.35,0.06570368170983548
https://entity.api.hubmapconsortium.org/entities/11d794402e067e54888bb8a4af4184e0,http://purl.org/ccf/1.5/5c7d77e3-e7e4-4f6c-bf86-01e78c3de7ad,right kidney,UBERON:0004539,sc_bulk,https://purl.org/ccf/ASCTB-TEMP_descending-thin-limb-type-2,Descending Thin Limb Type 2,73242.46599999999,0.06435246256145426
https://entity.api.hubmapconsortium.org/entities/11d794402e067e54888bb8a4af4184e0,http://purl.org/ccf/1.5/5c7d77e3-e7e4-4f6c-bf86-01e78c3de7ad,right kidney,UBERON:0004539,sc_bulk,https://purl.org/ccf/ASCTB-TEMP_ascending-thin-limb,Ascending Thin Limb,72502.091,0.0637019525899722
https://entity.api.hubmapconsortium.org/entities/11d794402e067e54888bb8a4af4184e0,http://purl.org/ccf/1.5/5c7d77e3-e7e4-4f6c-bf86-01e78c3de7ad,right kidney,UBERON:0004539,sc_bulk,https://purl.org/ccf/ASCTB-TEMP_fibroblast,Fibroblast,50721.21700000001,0.0445647913884262
https://entity.api.hubmapconsortium.org/entities/11d794402e067e54888bb8a4af4184e0,http://purl.org/ccf/1.5/5c7d77e3-e7e4-4f6c-bf86-01e78c3de7ad,right kidney,UBERON:0004539,sc_bulk,https://purl.org/ccf/ASCTB-TEMP_proximal-tubule-epithelial-segment-3,Proximal Tubule Epithelial Segment 3,48407.02699999999,0.04253149249137522
https://entity.api.hubmapconsortium.org/entities/11d794402e067e54888bb8a4af4184e0,http://purl.org/ccf/1.5/5c7d77e3-e7e4-4f6c-bf86-01e78c3de7ad,right kidney,UBERON:0004539,sc_bulk,https://purl.org/ccf/ASCTB-TEMP_medullary-thick-ascending-limb,Medullary Thick Ascending Limb,34198.027,0.0300471484970632
https://entity.api.hubmapconsortium.org/entities/11d794402e067e54888bb8a4af4184e0,http://purl.org/ccf/1.5/5c7d77e3-e7e4-4f6c-bf86-01e78c3de7ad,right kidney,UBERON:0004539,sc_bulk,https://purl.org/ccf/ASCTB-TEMP_cortical-collecting-duct-principal,Cortical Collecting Duct Principal,26503.50400000001,0.02328656914565594
https://entity.api.hubmapconsortium.org/entities/11d794402e067e54888bb8a4af4184e0,http://purl.org/ccf/1.5/5c7d77e3-e7e4-4f6c-bf86-01e78c3de7ad,right kidney,UBERON:0004539,sc_bulk,https://purl.org/ccf/ASCTB-TEMP_cortical-collecting-duct-intercalated-type-a,Cortical Collecting Duct Intercalated Type A,13369.98,0.01174716232789585
https://entity.api.hubmapconsortium.org/entities/11d794402e067e54888bb8a4af4184e0,http://purl.org/ccf/1.5/5c7d77e3-e7e4-4f6c-bf86-01e78c3de7ad,right kidney,UBERON:0004539,sc_bulk,https://purl.org/ccf/ASCTB-TEMP_podocyte,Podocyte,12591.483,0.01106315751780788
https://entity.api.hubmapconsortium.org/entities/11d794402e067e54888bb8a4af4184e0,http://purl.org/ccf/1.5/5c7d77e3-e7e4-4f6c-bf86-01e78c3de7ad,right kidney,UBERON:0004539,sc_bulk,https://purl.org/ccf/ASCTB-TEMP_mesangial,Mesangial,12278.113,0.01078782365353189
https://entity.api.hubmapconsortium.org/entities/11d794402e067e54888bb8a4af4184e0,http://purl.org/ccf/1.5/5c7d77e3-e7e4-4f6c-bf86-01e78c3de7ad,right kidney,UBERON:0004539,sc_bulk,https://purl.org/ccf/ASCTB-TEMP_peritubular-capilary-endothelial,Peritubular Capilary Endothelial,11271.73,0.009903593126258485
https://entity.api.hubmapconsortium.org/entities/11d794402e067e54888bb8a4af4184e0,http://purl.org/ccf/1.5/5c7d77e3-e7e4-4f6c-bf86-01e78c3de7ad,right kidney,UBERON:0004539,sc_bulk,https://purl.org/ccf/ASCTB-TEMP_outer-medullary-collecting-duct-intercalated-type-a,Outer Medullary Collecting Duct Intercalated Type A,8190.706,0.007196536790785811
https://entity.api.hubmapconsortium.org/entities/11d794402e067e54888bb8a4af4184e0,http://purl.org/ccf/1.5/5c7d77e3-e7e4-4f6c-bf86-01e78c3de7ad,right kidney,UBERON:0004539,sc_bulk,https://purl.org/ccf/ASCTB-TEMP_outer-medullary-collecting-duct-principal,Outer Medullary Collecting Duct Principal,7995.797,0.007025285400569231
https://entity.api.hubmapconsortium.org/entities/11d794402e067e54888bb8a4af4184e0,http://purl.org/ccf/1.5/5c7d77e3-e7e4-4f6c-bf86-01e78c3de7ad,right kidney,UBERON:0004539,sc_bulk,https://purl.org/ccf/ASCTB-TEMP_parietal-epithelial,Parietal Epithelial,7860.065000000001,0.006906028241090313
https://entity.api.hubmapconsortium.org/entities/11d794402e067e54888bb8a4af4184e0,http://purl.org/ccf/1.5/5c7d77e3-e7e4-4f6c-bf86-01e78c3de7ad,right kidney,UBERON:0004539,sc_bulk,https://purl.org/ccf/ASCTB-TEMP_intercalated-type-b,Intercalated Type B,7618.814000000001,0.006694059737115948
https://entity.api.hubmapconsortium.org/entities/11d794402e067e54888bb8a4af4184e0,http://purl.org/ccf/1.5/5c7d77e3-e7e4-4f6c-bf86-01e78c3de7ad,right kidney,UBERON:0004539,sc_bulk,https://purl.org/ccf/ASCTB-TEMP_ascending-vasa-recta-endothelial,Ascending Vasa Recta Endothelial,6291.872,0.005528178929986634
https://entity.api.hubmapconsortium.org/entities/11d794402e067e54888bb8a4af4184e0,http://purl.org/ccf/1.5/5c7d77e3-e7e4-4f6c-bf86-01e78c3de7ad,right kidney,UBERON:0004539,sc_bulk,https://purl.org/ccf/ASCTB-TEMP_classical-dendritic,Classical Dendritic,6157.746,0.005410332837891406
https://entity.api.hubmapconsortium.org/entities/11d794402e067e54888bb8a4af4184e0,http://purl.org/ccf/1.5/5c7d77e3-e7e4-4f6c-bf86-01e78c3de7ad,right kidney,UBERON:0004539,sc_bulk,https://purl.org/ccf/ASCTB-TEMP_macula-densa,Macula Densa,6129.017999999999,0.005385091776995593
https://entity.api.hubmapconsortium.org/entities/11d794402e067e54888bb8a4af4184e0,http://purl.org/ccf/1.5/5c7d77e3-e7e4-4f6c-bf86-01e78c3de7ad,right kidney,UBERON:0004539,sc_bulk,https://purl.org/ccf/ASCTB-TEMP_glomerular-capillary-endothelial,Glomerular Capillary Endothelial,5883.353999999999,0.00516924591289406
https://entity.api.hubmapconsortium.org/entities/11d794402e067e54888bb8a4af4184e0,http://purl.org/ccf/1.5/5c7d77e3-e7e4-4f6c-bf86-01e78c3de7ad,right kidney,UBERON:0004539,sc_bulk,https://purl.org/ccf/ASCTB-TEMP_medullary-fibroblast,Medullary Fibroblast,4830.841999999999,0.004244485418408779
https://entity.api.hubmapconsortium.org/entities/11d794402e067e54888bb8a4af4184e0,http://purl.org/ccf/1.5/5c7d77e3-e7e4-4f6c-bf86-01e78c3de7ad,right kidney,UBERON:0004539,sc_bulk,https://purl.org/ccf/ASCTB-TEMP_cortical-vascular-smooth-muscle-pericyte,Cortical Vascular Smooth Muscle / Pericyte,3701.618,0.003252324051484084
https://entity.api.hubmapconsortium.org/entities/11d794402e067e54888bb8a4af4184e0,http://purl.org/ccf/1.5/5c7d77e3-e7e4-4f6c-bf86-01e78c3de7ad,right kidney,UBERON:0004539,sc_bulk,https://purl.org/ccf/ASCTB-TEMP_connecting-tubule-principal,Connecting Tubule Principal,3474.940000000001,0.003053159710014405
https://entity.api.hubmapconsortium.org/entities/11d794402e067e54888bb8a4af4184e0,http://purl.org/ccf/1.5/5c7d77e3-e7e4-4f6c-bf86-01e78c3de7ad,right kidney,UBERON:0004539,sc_bulk,https://purl.org/ccf/ASCTB-TEMP_vascular-smooth-muscle-pericyte,Vascular Smooth Muscle / Pericyte,3381.532999999999,0.002971090238589483
https://entity.api.hubmapconsortium.org/entities/11d794402e067e54888bb8a4af4184e0,http://purl.org/ccf/1.5/5c7d77e3-e7e4-4f6c-bf86-01e78c3de7ad,right kidney,UBERON:0004539,sc_bulk,https://purl.org/ccf/ASCTB-TEMP_m2-macrophage,M2 Macrophage,3375.679999999999,0.002965947662377314
https://entity.api.hubmapconsortium.org/entities/11d794402e067e54888bb8a4af4184e0,http://purl.org/ccf/1.5/5c7d77e3-e7e4-4f6c-bf86-01e78c3de7ad,right kidney,UBERON:0004539,sc_bulk,https://purl.org/ccf/ASCTB-TEMP_descending-thin-limb-type-3,Descending Thin Limb Type 3,3154.318,0.002771454076954773
https://entity.api.hubmapconsortium.org/entities/11d794402e067e54888bb8a4af4184e0,http://purl.org/ccf/1.5/5c7d77e3-e7e4-4f6c-bf86-01e78c3de7ad,right kidney,UBERON:0004539,sc_bulk,https://purl.org/ccf/ASCTB-TEMP_monocyte-derived,Monocyte-derived,2979.315,0.002617692541868799
https://entity.api.hubmapconsortium.org/entities/11d794402e067e54888bb8a4af4184e0,http://purl.org/ccf/1.5/5c7d77e3-e7e4-4f6c-bf86-01e78c3de7ad,right kidney,UBERON:0004539,sc_bulk,https://purl.org/ccf/ASCTB-TEMP_descending-vasa-recta-endothelial,Descending Vasa Recta Endothelial,2757.939999999999,0.0024231875343566
https://entity.api.hubmapconsortium.org/entities/11d794402e067e54888bb8a4af4184e0,http://purl.org/ccf/1.5/5c7d77e3-e7e4-4f6c-bf86-01e78c3de7ad,right kidney,UBERON:0004539,sc_bulk,https://purl.org/ccf/ASCTB-TEMP_t,T,1828.118,0.001606225207558149
https://entity.api.hubmapconsortium.org/entities/11d794402e067e54888bb8a4af4184e0,http://purl.org/ccf/1.5/5c7d77e3-e7e4-4f6c-bf86-01e78c3de7ad,right kidney,UBERON:0004539,sc_bulk,https://purl.org/ccf/ASCTB-TEMP_distal-convoluted-tubule-type-2,Distal Convoluted Tubule Type 2,1561.651,0.001372101364139728
https://entity.api.hubmapconsortium.org/entities/11d794402e067e54888bb8a4af4184e0,http://purl.org/ccf/1.5/5c7d77e3-e7e4-4f6c-bf86-01e78c3de7ad,right kidney,UBERON:0004539,sc_bulk,https://purl.org/ccf/ASCTB-TEMP_afferent-efferent-arteriole-endothelial,Afferent / Efferent Arteriole Endothelial,1489.726,0.001308906456560665
https://entity.api.hubmapconsortium.org/entities/11d794402e067e54888bb8a4af4184e0,http://purl.org/ccf/1.5/5c7d77e3-e7e4-4f6c-bf86-01e78c3de7ad,right kidney,UBERON:0004539,sc_bulk,https://purl.org/ccf/ASCTB-TEMP_proximal-tubule-epithelial-segment-2,Proximal Tubule Epithelial Segment 2,1179.154,0.001036030977427617
https://entity.api.hubmapconsortium.org/entities/11d794402e067e54888bb8a4af4184e0,http://purl.org/ccf/1.5/5c7d77e3-e7e4-4f6c-bf86-01e78c3de7ad,right kidney,UBERON:0004539,sc_bulk,https://purl.org/ccf/ASCTB-TEMP_mast,Mast,809.054,7.108528711361906E-4
https://entity.api.hubmapconsortium.org/entities/11d794402e067e54888bb8a4af4184e0,http://purl.org/ccf/1.5/5c7d77e3-e7e4-4f6c-bf86-01e78c3de7ad,right kidney,UBERON:0004539,sc_bulk,https://purl.org/ccf/ASCTB-TEMP_b,B,619.965,5.447150625964997E-4
https://entity.api.hubmapconsortium.org/entities/11d794402e067e54888bb8a4af4184e0,http://purl.org/ccf/1.5/5c7d77e3-e7e4-4f6c-bf86-01e78c3de7ad,right kidney,UBERON:0004539,sc_bulk,https://purl.org/ccf/ASCTB-TEMP_schwann-neural,Schwann / Neural,534.555,4.69671933554752E-4
https://entity.api.hubmapconsortium.org/entities/11d794402e067e54888bb8a4af4184e0,http://purl.org/ccf/1.5/5c7d77e3-e7e4-4f6c-bf86-01e78c3de7ad,right kidney,UBERON:0004539,sc_bulk,https://purl.org/ccf/ASCTB-TEMP_plasma,Plasma,476.39,4.185668685657198E-4
https://entity.api.hubmapconsortium.org/entities/11d794402e067e54888bb8a4af4184e0,http://purl.org/ccf/1.5/5c7d77e3-e7e4-4f6c-bf86-01e78c3de7ad,right kidney,UBERON:0004539,sc_bulk,https://purl.org/ccf/ASCTB-TEMP_lymphatic-endothelial,Lymphatic Endothelial,475.712,4.179711626590308E-4
https://entity.api.hubmapconsortium.org/entities/11d794402e067e54888bb8a4af4184e0,http://purl.org/ccf/1.5/5c7d77e3-e7e4-4f6c-bf86-01e78c3de7ad,right kidney,UBERON:0004539,sc_bulk,https://purl.org/ccf/ASCTB-TEMP_tissue-resident-macrophage,Tissue-resident Macrophage,460.422,4.045370279786851E-4
https://entity.api.hubmapconsortium.org/entities/11d794402e067e54888bb8a4af4184e0,http://purl.org/ccf/1.5/5c7d77e3-e7e4-4f6c-bf86-01e78c3de7ad,right kidney,UBERON:0004539,sc_bulk,https://purl.org/ccf/ASCTB-TEMP_papillary-tip-epithelial,Papillary Tip Epithelial,263.383,2.314141723030395E-4
https://entity.api.hubmapconsortium.org/entities/11d794402e067e54888bb8a4af4184e0,http://purl.org/ccf/1.5/5c7d77e3-e7e4-4f6c-bf86-01e78c3de7ad,right kidney,UBERON:0004539,sc_bulk,https://purl.org/ccf/ASCTB-TEMP_connecting-tubule-intercalated-type-a,Connecting Tubule Intercalated Type A,245.422,2.156332375094693E-4
https://entity.api.hubmapconsortium.org/entities/11d794402e067e54888bb8a4af4184e0,http://purl.org/ccf/1.5/5c7d77e3-e7e4-4f6c-bf86-01e78c3de7ad,right kidney,UBERON:0004539,sc_bulk,https://purl.org/ccf/ASCTB-TEMP_natural-killer-natural-killer-t,Natural Killer / Natural Killer T,79.75000000000001,7.007012692986032E-5
https://entity.api.hubmapconsortium.org/entities/11d794402e067e54888bb8a4af4184e0,http://purl.org/ccf/1.5/5c7d77e3-e7e4-4f6c-bf86-01e78c3de7ad,right kidney,UBERON:0004539,sc_bulk,https://purl.org/ccf/ASCTB-TEMP_non-classical-monocyte,Non-classical monocyte,75.5,6.63359822345386E-5
https://entity.api.hubmapconsortium.org/entities/11d794402e067e54888bb8a4af4184e0,http://purl.org/ccf/1.5/5c7d77e3-e7e4-4f6c-bf86-01e78c3de7ad,right kidney,UBERON:0004539,sc_bulk,https://purl.org/ccf/ASCTB-TEMP_neutrophil,Neutrophil,53.711,4.719168134833514E-5
https://entity.api.hubmapconsortium.org/entities/11d794402e067e54888bb8a4af4184e0,http://purl.org/ccf/1.5/5c7d77e3-e7e4-4f6c-bf86-01e78c3de7ad,right kidney,UBERON:0004539,sc_bulk,https://purl.org/ccf/ASCTB-TEMP_renin-positive-juxtaglomerular-granular,Renin-positive Juxtaglomerular Granular,51.48,4.523147503886155E-5
https://entity.api.hubmapconsortium.org/entities/11d794402e067e54888bb8a4af4184e0,http://purl.org/ccf/1.5/5c7d77e3-e7e4-4f6c-bf86-01e78c3de7ad,right kidney,UBERON:0004539,sc_bulk,https://purl.org/ccf/ASCTB-TEMP_monocyte,Monocyte,46.924,4.122847192547668E-5
https://entity.api.hubmapconsortium.org/entities/11d794402e067e54888bb8a4af4184e0,http://purl.org/ccf/1.5/5c7d77e3-e7e4-4f6c-bf86-01e78c3de7ad,right kidney,UBERON:0004539,sc_bulk,https://purl.org/ccf/ASCTB-TEMP_natural-killer-t,Natural Killer T,43.343,3.808212553631267E-5
https://entity.api.hubmapconsortium.org/entities/11d794402e067e54888bb8a4af4184e0,http://purl.org/ccf/1.5/5c7d77e3-e7e4-4f6c-bf86-01e78c3de7ad,right kidney,UBERON:0004539,sc_bulk,https://purl.org/ccf/ASCTB-TEMP_plasmacytoid-dendritic,Plasmacytoid Dendritic,38.875,3.415644118367799E-5
https://entity.api.hubmapconsortium.org/entities/11d794402e067e54888bb8a4af4184e0,http://purl.org/ccf/1.5/5c7d77e3-e7e4-4f6c-bf86-01e78c3de7ad,right kidney,UBERON:0004539,sc_bulk,https://purl.org/ccf/ASCTB-TEMP_cycling-mononuclear-phagocyte,Cycling Mononuclear Phagocyte,20.779,1.825689238213877E-5
https://entity.api.hubmapconsortium.org/entities/14eced66165e2bc1357c1c32115e1e97,http://purl.org/ccf/1.5/53797407-9641-4e69-966b-e7aecf6a0ecc,heart,UBERON:0000948,sc_bulk,https://purl.org/ccf/ASCTB-TEMP_fibroblast,Fibroblast,221892.2543499999,0.3330088912100684
https://entity.api.hubmapconsortium.org/entities/14eced66165e2bc1357c1c32115e1e97,http://purl.org/ccf/1.5/53797407-9641-4e69-966b-e7aecf6a0ecc,heart,UBERON:0000948,sc_bulk,https://purl.org/ccf/ASCTB-TEMP_ventricular-cardiomycoyte,Ventricular Cardiomycoyte,174830.664116,0.2623803421049387
https://entity.api.hubmapconsortium.org/entities/14eced66165e2bc1357c1c32115e1e97,http://purl.org/ccf/1.5/53797407-9641-4e69-966b-e7aecf6a0ecc,heart,UBERON:0000948,sc_bulk,http://purl.obolibrary.org/obo/CL_0002131,regular ventricular cardiac myocyte,63268.87016,0.09495192322874964
https://entity.api.hubmapconsortium.org/entities/14eced66165e2bc1357c1c32115e1e97,http://purl.org/ccf/1.5/53797407-9641-4e69-966b-e7aecf6a0ecc,heart,UBERON:0000948,sc_bulk,http://purl.obolibrary.org/obo/CL_0000669,pericyte,33626.01689000001,0.05046486472974056
https://entity.api.hubmapconsortium.org/entities/14eced66165e2bc1357c1c32115e1e97,http://purl.org/ccf/1.5/53797407-9641-4e69-966b-e7aecf6a0ecc,heart,UBERON:0000948,sc_bulk,http://purl.obolibrary.org/obo/CL_0002144,capillary endothelial cell,27015.076502,0.04054337407242713
https://entity.api.hubmapconsortium.org/entities/14eced66165e2bc1357c1c32115e1e97,http://purl.org/ccf/1.5/53797407-9641-4e69-966b-e7aecf6a0ecc,heart,UBERON:0000948,sc_bulk,https://purl.org/ccf/ASCTB-TEMP_b,B,26503.895258,0.03977620939707385
https://entity.api.hubmapconsortium.org/entities/14eced66165e2bc1357c1c32115e1e97,http://purl.org/ccf/1.5/53797407-9641-4e69-966b-e7aecf6a0ecc,heart,UBERON:0000948,sc_bulk,http://purl.obolibrary.org/obo/CL_0000057,fibroblast,19603.185026,0.02941984130458711
https://entity.api.hubmapconsortium.org/entities/14eced66165e2bc1357c1c32115e1e97,http://purl.org/ccf/1.5/53797407-9641-4e69-966b-e7aecf6a0ecc,heart,UBERON:0000948,sc_bulk,http://purl.obolibrary.org/obo/CL_0000003,native cell,14160.515378,0.02125165449692906
https://entity.api.hubmapconsortium.org/entities/14eced66165e2bc1357c1c32115e1e97,http://purl.org/ccf/1.5/53797407-9641-4e69-966b-e7aecf6a0ecc,heart,UBERON:0000948,sc_bulk,http://purl.obolibrary.org/obo/CL_1000413,endothelial cell of artery,9579.661474,0.01437685355430502
https://entity.api.hubmapconsortium.org/entities/14eced66165e2bc1357c1c32115e1e97,http://purl.org/ccf/1.5/53797407-9641-4e69-966b-e7aecf6a0ecc,heart,UBERON:0000948,sc_bulk,https://purl.org/ccf/ASCTB-TEMP_pericyte,Pericyte,8175.996482,0.01227027744156244
https://entity.api.hubmapconsortium.org/entities/14eced66165e2bc1357c1c32115e1e97,http://purl.org/ccf/1.5/53797407-9641-4e69-966b-e7aecf6a0ecc,heart,UBERON:0000948,sc_bulk,https://purl.org/ccf/ASCTB-TEMP_monocyte-cdc,Monocyte/cDC,7547.345814,0.01132681836263967
https://entity.api.hubmapconsortium.org/entities/14eced66165e2bc1357c1c32115e1e97,http://purl.org/ccf/1.5/53797407-9641-4e69-966b-e7aecf6a0ecc,heart,UBERON:0000948,sc_bulk,https://purl.org/ccf/ASCTB-TEMP_capillary-endothelial,Capillary Endothelial,7477.717731999999,0.01122232273501253
https://entity.api.hubmapconsortium.org/entities/14eced66165e2bc1357c1c32115e1e97,http://purl.org/ccf/1.5/53797407-9641-4e69-966b-e7aecf6a0ecc,heart,UBERON:0000948,sc_bulk,https://purl.org/ccf/ASCTB-TEMP_macrophage,Macrophage,6670.387443999999,0.01001070692248795
https://entity.api.hubmapconsortium.org/entities/14eced66165e2bc1357c1c32115e1e97,http://purl.org/ccf/1.5/53797407-9641-4e69-966b-e7aecf6a0ecc,heart,UBERON:0000948,sc_bulk,http://purl.obolibrary.org/obo/CL_0000192,smooth muscle cell,6209.648838000002,0.009319244966002891
https://entity.api.hubmapconsortium.org/entities/14eced66165e2bc1357c1c32115e1e97,http://purl.org/ccf/1.5/53797407-9641-4e69-966b-e7aecf6a0ecc,heart,UBERON:0000948,sc_bulk,http://purl.obolibrary.org/obo/CL_0000235,macrophage,5263.258191999999,0.007898931757688141
https://entity.api.hubmapconsortium.org/entities/14eced66165e2bc1357c1c32115e1e97,http://purl.org/ccf/1.5/53797407-9641-4e69-966b-e7aecf6a0ecc,heart,UBERON:0000948,sc_bulk,http://purl.obolibrary.org/obo/CL_0000115,endothelial cell,3438.08756,0.005159773285428923
https://entity.api.hubmapconsortium.org/entities/14eced66165e2bc1357c1c32115e1e97,http://purl.org/ccf/1.5/53797407-9641-4e69-966b-e7aecf6a0ecc,heart,UBERON:0000948,sc_bulk,http://purl.obolibrary.org/obo/CL_0002543,vein endothelial cell,2778.241718,0.004169497474055186
https://entity.api.hubmapconsortium.org/entities/14eced66165e2bc1357c1c32115e1e97,http://purl.org/ccf/1.5/53797407-9641-4e69-966b-e7aecf6a0ecc,heart,UBERON:0000948,sc_bulk,https://purl.org/ccf/ASCTB-TEMP_mesothelial,Mesothelial,2753.19184,0.004131903407862277
https://entity.api.hubmapconsortium.org/entities/14eced66165e2bc1357c1c32115e1e97,http://purl.org/ccf/1.5/53797407-9641-4e69-966b-e7aecf6a0ecc,heart,UBERON:0000948,sc_bulk,https://purl.org/ccf/ASCTB-TEMP_arterial-endothelial,Arterial Endothelial,2629.611674,0.00394643819558721
https://entity.api.hubmapconsortium.org/entities/14eced66165e2bc1357c1c32115e1e97,http://purl.org/ccf/1.5/53797407-9641-4e69-966b-e7aecf6a0ecc,heart,UBERON:0000948,sc_bulk,https://purl.org/ccf/ASCTB-TEMP_venous-endothelial,Venous Endothelial,2457.212908,0.003687707569410919
https://entity.api.hubmapconsortium.org/entities/14eced66165e2bc1357c1c32115e1e97,http://purl.org/ccf/1.5/53797407-9641-4e69-966b-e7aecf6a0ecc,heart,UBERON:0000948,sc_bulk,https://purl.org/ccf/ASCTB-TEMP_smooth-muscle,Smooth Muscle,2387.685830000001,0.003583363525398751
https://entity.api.hubmapconsortium.org/entities/14eced66165e2bc1357c1c32115e1e97,http://purl.org/ccf/1.5/53797407-9641-4e69-966b-e7aecf6a0ecc,heart,UBERON:0000948,sc_bulk,https://purl.org/ccf/ASCTB-TEMP_endocardial,Endocardial,1783.492306,0.002676608956191571
https://entity.api.hubmapconsortium.org/entities/14eced66165e2bc1357c1c32115e1e97,http://purl.org/ccf/1.5/53797407-9641-4e69-966b-e7aecf6a0ecc,heart,UBERON:0000948,sc_bulk,https://purl.org/ccf/ASCTB-TEMP_nk,NK,1779.373292,0.002670427269998707
https://entity.api.hubmapconsortium.org/entities/14eced66165e2bc1357c1c32115e1e97,http://purl.org/ccf/1.5/53797407-9641-4e69-966b-e7aecf6a0ecc,heart,UBERON:0000948,sc_bulk,http://purl.obolibrary.org/obo/CL_0000623,natural killer cell,1339.336962,0.00201003463585876
https://entity.api.hubmapconsortium.org/entities/14eced66165e2bc1357c1c32115e1e97,http://purl.org/ccf/1.5/53797407-9641-4e69-966b-e7aecf6a0ecc,heart,UBERON:0000948,sc_bulk,http://purl.obolibrary.org/obo/CL_0000934,"CD4-positive, alpha-beta cytotoxic T cell",1247.835312,0.00187271184782521
https://entity.api.hubmapconsortium.org/entities/14eced66165e2bc1357c1c32115e1e97,http://purl.org/ccf/1.5/53797407-9641-4e69-966b-e7aecf6a0ecc,heart,UBERON:0000948,sc_bulk,http://purl.obolibrary.org/obo/CL_0002319,neural cell,1104.24838,0.001657221112658971
https://entity.api.hubmapconsortium.org/entities/14eced66165e2bc1357c1c32115e1e97,http://purl.org/ccf/1.5/53797407-9641-4e69-966b-e7aecf6a0ecc,heart,UBERON:0000948,sc_bulk,http://purl.obolibrary.org/obo/CL_0002397,"CD14-positive, CD16-positive monocyte",1005.546208,0.001509092008495198
https://entity.api.hubmapconsortium.org/entities/14eced66165e2bc1357c1c32115e1e97,http://purl.org/ccf/1.5/53797407-9641-4e69-966b-e7aecf6a0ecc,heart,UBERON:0000948,sc_bulk,https://purl.org/ccf/ASCTB-TEMP_t,T,1005.08726,0.001508403233823677
https://entity.api.hubmapconsortium.org/entities/14eced66165e2bc1357c1c32115e1e97,http://purl.org/ccf/1.5/53797407-9641-4e69-966b-e7aecf6a0ecc,heart,UBERON:0000948,sc_bulk,http://purl.obolibrary.org/obo/CL_1000309,epicardial adipocyte,862.3925300000001,0.001294251487256323
https://entity.api.hubmapconsortium.org/entities/14eced66165e2bc1357c1c32115e1e97,http://purl.org/ccf/1.5/53797407-9641-4e69-966b-e7aecf6a0ecc,heart,UBERON:0000948,sc_bulk,http://purl.obolibrary.org/obo/CL_0000794,"CD8-positive, alpha-beta cytotoxic T cell",815.1572120000001,0.001223362213003767
https://entity.api.hubmapconsortium.org/entities/14eced66165e2bc1357c1c32115e1e97,http://purl.org/ccf/1.5/53797407-9641-4e69-966b-e7aecf6a0ecc,heart,UBERON:0000948,sc_bulk,http://purl.obolibrary.org/obo/CL_0000906,"activated CD8-positive, alpha-beta T cell",811.667258,0.001218124600202371
https://entity.api.hubmapconsortium.org/entities/14eced66165e2bc1357c1c32115e1e97,http://purl.org/ccf/1.5/53797407-9641-4e69-966b-e7aecf6a0ecc,heart,UBERON:0000948,sc_bulk,https://purl.org/ccf/ASCTB-TEMP_adipocyte,Adipocyte,717.082328,0.001076174522869796
https://entity.api.hubmapconsortium.org/entities/14eced66165e2bc1357c1c32115e1e97,http://purl.org/ccf/1.5/53797407-9641-4e69-966b-e7aecf6a0ecc,heart,UBERON:0000948,sc_bulk,http://purl.obolibrary.org/obo/CL_0000097,mast cell,714.6325380000002,0.001072497955366404
https://entity.api.hubmapconsortium.org/entities/14eced66165e2bc1357c1c32115e1e97,http://purl.org/ccf/1.5/53797407-9641-4e69-966b-e7aecf6a0ecc,heart,UBERON:0000948,sc_bulk,https://purl.org/ccf/ASCTB-TEMP_neuronal,Neuronal,577.2210259999999,8.662750956065452E-4
https://entity.api.hubmapconsortium.org/entities/14eced66165e2bc1357c1c32115e1e97,http://purl.org/ccf/1.5/53797407-9641-4e69-966b-e7aecf6a0ecc,heart,UBERON:0000948,sc_bulk,https://purl.org/ccf/ASCTB-TEMP_lymphatic-endothelial,Lymphatic Endothelial,568.7677,8.535886107783864E-4
https://entity.api.hubmapconsortium.org/entities/14eced66165e2bc1357c1c32115e1e97,http://purl.org/ccf/1.5/53797407-9641-4e69-966b-e7aecf6a0ecc,heart,UBERON:0000948,sc_bulk,http://purl.obolibrary.org/obo/CL_0000814,mature NK T cell,561.75501,8.430641869847717E-4
https://entity.api.hubmapconsortium.org/entities/14eced66165e2bc1357c1c32115e1e97,http://purl.org/ccf/1.5/53797407-9641-4e69-966b-e7aecf6a0ecc,heart,UBERON:0000948,sc_bulk,http://purl.obolibrary.org/obo/CL_0001054,CD14-positive monocyte,544.6986240000001,8.174665012676682E-4
https://entity.api.hubmapconsortium.org/entities/14eced66165e2bc1357c1c32115e1e97,http://purl.org/ccf/1.5/53797407-9641-4e69-966b-e7aecf6a0ecc,heart,UBERON:0000948,sc_bulk,https://purl.org/ccf/ASCTB-TEMP_mast,Mast,542.37819,8.139840671659022E-4
https://entity.api.hubmapconsortium.org/entities/14eced66165e2bc1357c1c32115e1e97,http://purl.org/ccf/1.5/53797407-9641-4e69-966b-e7aecf6a0ecc,heart,UBERON:0000948,sc_bulk,http://purl.obolibrary.org/obo/CL_0000576,monocyte,526.232612,7.89753293345177E-4
https://entity.api.hubmapconsortium.org/entities/14eced66165e2bc1357c1c32115e1e97,http://purl.org/ccf/1.5/53797407-9641-4e69-966b-e7aecf6a0ecc,heart,UBERON:0000948,sc_bulk,http://purl.obolibrary.org/obo/CL_0000896,"activated CD4-positive, alpha-beta T cell",411.9102600000001,6.181819160946798E-4
https://entity.api.hubmapconsortium.org/entities/14eced66165e2bc1357c1c32115e1e97,http://purl.org/ccf/1.5/53797407-9641-4e69-966b-e7aecf6a0ecc,heart,UBERON:0000948,sc_bulk,http://purl.obolibrary.org/obo/CL_0002138,endothelial cell of lymphatic vessel,330.71279,4.963233161495356E-4
https://entity.api.hubmapconsortium.org/entities/14eced66165e2bc1357c1c32115e1e97,http://purl.org/ccf/1.5/53797407-9641-4e69-966b-e7aecf6a0ecc,heart,UBERON:0000948,sc_bulk,http://purl.obolibrary.org/obo/CL_0000236,B cell,284.907476,4.275801467615276E-4
https://entity.api.hubmapconsortium.org/entities/14eced66165e2bc1357c1c32115e1e97,http://purl.org/ccf/1.5/53797407-9641-4e69-966b-e7aecf6a0ecc,heart,UBERON:0000948,sc_bulk,http://purl.obolibrary.org/obo/CL_0000451,dendritic cell,272.41399,4.088303173346468E-4
https://entity.api.hubmapconsortium.org/entities/14eced66165e2bc1357c1c32115e1e97,http://purl.org/ccf/1.5/53797407-9641-4e69-966b-e7aecf6a0ecc,heart,UBERON:0000948,sc_bulk,https://purl.org/ccf/ASCTB-TEMP_atrial-cardiomyocyte,Atrial Cardiomyocyte,184.1108,2.763076771084177E-4
https://entity.api.hubmapconsortium.org/entities/14eced66165e2bc1357c1c32115e1e97,http://purl.org/ccf/1.5/53797407-9641-4e69-966b-e7aecf6a0ecc,heart,UBERON:0000948,sc_bulk,https://purl.org/ccf/ASCTB-TEMP_endothelial,Endothelial,35.59948,5.342657587207035E-5
https://entity.api.hubmapconsortium.org/entities/14eced66165e2bc1357c1c32115e1e97,http://purl.org/ccf/1.5/53797407-9641-4e69-966b-e7aecf6a0ecc,heart,UBERON:0000948,sc_bulk,http://purl.obolibrary.org/obo/CL_0000077,mesothelial cell,30.23032,4.536871002376905E-5
https://entity.api.hubmapconsortium.org/entities/16f984ebb41e334dc6bad00ff32a3083,http://purl.org/ccf/1.5/ae63de43-3ab8-42c0-a6cd-81ca5de26e81,left kidney,UBERON:0004538,sc_bulk,https://purl.org/ccf/ASCTB-TEMP_descending-thin-limb-type-1,Descending Thin Limb Type 1,4.419614999999999,0.2071914834069466
https://entity.api.hubmapconsortium.org/entities/16f984ebb41e334dc6bad00ff32a3083,http://purl.org/ccf/1.5/ae63de43-3ab8-42c0-a6cd-81ca5de26e81,left kidney,UBERON:0004538,sc_bulk,https://purl.org/ccf/ASCTB-TEMP_connecting-tubule,Connecting Tubule,3.45288,0.1618709614358214
https://entity.api.hubmapconsortium.org/entities/16f984ebb41e334dc6bad00ff32a3083,http://purl.org/ccf/1.5/ae63de43-3ab8-42c0-a6cd-81ca5de26e81,left kidney,UBERON:0004538,sc_bulk,https://purl.org/ccf/ASCTB-TEMP_inner-medullary-collecting-duct,Inner Medullary Collecting Duct,3.269835,0.1532898146435727
https://entity.api.hubmapconsortium.org/entities/16f984ebb41e334dc6bad00ff32a3083,http://purl.org/ccf/1.5/ae63de43-3ab8-42c0-a6cd-81ca5de26e81,left kidney,UBERON:0004538,sc_bulk,https://purl.org/ccf/ASCTB-TEMP_medullary-fibroblast,Medullary Fibroblast,2.30229,0.1079313198848721
https://entity.api.hubmapconsortium.org/entities/16f984ebb41e334dc6bad00ff32a3083,http://purl.org/ccf/1.5/ae63de43-3ab8-42c0-a6cd-81ca5de26e81,left kidney,UBERON:0004538,sc_bulk,https://purl.org/ccf/ASCTB-TEMP_ascending-thin-limb,Ascending Thin Limb,1.14279,0.0535739776705945
https://entity.api.hubmapconsortium.org/entities/16f984ebb41e334dc6bad00ff32a3083,http://purl.org/ccf/1.5/ae63de43-3ab8-42c0-a6cd-81ca5de26e81,left kidney,UBERON:0004538,sc_bulk,https://purl.org/ccf/ASCTB-TEMP_cortical-collecting-duct-principal,Cortical Collecting Duct Principal,1.09296,0.05123794803494339
https://entity.api.hubmapconsortium.org/entities/16f984ebb41e334dc6bad00ff32a3083,http://purl.org/ccf/1.5/ae63de43-3ab8-42c0-a6cd-81ca5de26e81,left kidney,UBERON:0004538,sc_bulk,https://purl.org/ccf/ASCTB-TEMP_descending-thin-limb-type-3,Descending Thin Limb Type 3,0.7281299999999999,0.03413472323111856
https://entity.api.hubmapconsortium.org/entities/16f984ebb41e334dc6bad00ff32a3083,http://purl.org/ccf/1.5/ae63de43-3ab8-42c0-a6cd-81ca5de26e81,left kidney,UBERON:0004538,sc_bulk,https://purl.org/ccf/ASCTB-TEMP_ascending-vasa-recta-endothelial,Ascending Vasa Recta Endothelial,0.6532049999999999,0.03062224038040295
https://entity.api.hubmapconsortium.org/entities/16f984ebb41e334dc6bad00ff32a3083,http://purl.org/ccf/1.5/ae63de43-3ab8-42c0-a6cd-81ca5de26e81,left kidney,UBERON:0004538,sc_bulk,https://purl.org/ccf/ASCTB-TEMP_proximal-tubule-epithelial-segment-1,Proximal Tubule Epithelial Segment 1,0.5348999999999999,0.02507610379509884
https://entity.api.hubmapconsortium.org/entities/16f984ebb41e334dc6bad00ff32a3083,http://purl.org/ccf/1.5/ae63de43-3ab8-42c0-a6cd-81ca5de26e81,left kidney,UBERON:0004538,sc_bulk,https://purl.org/ccf/ASCTB-TEMP_distal-convoluted-tubule-type-1,Distal Convoluted Tubule Type 1,0.525345,0.02462816554166423
https://entity.api.hubmapconsortium.org/entities/16f984ebb41e334dc6bad00ff32a3083,http://purl.org/ccf/1.5/ae63de43-3ab8-42c0-a6cd-81ca5de26e81,left kidney,UBERON:0004538,sc_bulk,https://purl.org/ccf/ASCTB-TEMP_descending-vasa-recta-endothelial,Descending Vasa Recta Endothelial,0.42369,0.01986258070096359
https://entity.api.hubmapconsortium.org/entities/16f984ebb41e334dc6bad00ff32a3083,http://purl.org/ccf/1.5/ae63de43-3ab8-42c0-a6cd-81ca5de26e81,left kidney,UBERON:0004538,sc_bulk,https://purl.org/ccf/ASCTB-TEMP_proximal-tubule-epithelial-segment-3,Proximal Tubule Epithelial Segment 3,0.27693,0.01298247415213446
https://entity.api.hubmapconsortium.org/entities/16f984ebb41e334dc6bad00ff32a3083,http://purl.org/ccf/1.5/ae63de43-3ab8-42c0-a6cd-81ca5de26e81,left kidney,UBERON:0004538,sc_bulk,https://purl.org/ccf/ASCTB-TEMP_t,T,0.22032,0.01032859822048266
https://entity.api.hubmapconsortium.org/entities/16f984ebb41e334dc6bad00ff32a3083,http://purl.org/ccf/1.5/ae63de43-3ab8-42c0-a6cd-81ca5de26e81,left kidney,UBERON:0004538,sc_bulk,https://purl.org/ccf/ASCTB-TEMP_cortical-collecting-duct-intercalated-type-a,Cortical Collecting Duct Intercalated Type A,0.212025,0.009939728747720752
https://entity.api.hubmapconsortium.org/entities/16f984ebb41e334dc6bad00ff32a3083,http://purl.org/ccf/1.5/ae63de43-3ab8-42c0-a6cd-81ca5de26e81,left kidney,UBERON:0004538,sc_bulk,https://purl.org/ccf/ASCTB-TEMP_medullary-thick-ascending-limb,Medullary Thick Ascending Limb,0.192885,0.00904244584131172
https://entity.api.hubmapconsortium.org/entities/16f984ebb41e334dc6bad00ff32a3083,http://purl.org/ccf/1.5/ae63de43-3ab8-42c0-a6cd-81ca5de26e81,left kidney,UBERON:0004538,sc_bulk,https://purl.org/ccf/ASCTB-TEMP_papillary-tip-epithelial,Papillary Tip Epithelial,0.164295,0.007702147079857477
https://entity.api.hubmapconsortium.org/entities/16f984ebb41e334dc6bad00ff32a3083,http://purl.org/ccf/1.5/ae63de43-3ab8-42c0-a6cd-81ca5de26e81,left kidney,UBERON:0004538,sc_bulk,https://purl.org/ccf/ASCTB-TEMP_tissue-resident-macrophage,Tissue-resident Macrophage,0.157335,0.007375862386617827
https://entity.api.hubmapconsortium.org/entities/16f984ebb41e334dc6bad00ff32a3083,http://purl.org/ccf/1.5/ae63de43-3ab8-42c0-a6cd-81ca5de26e81,left kidney,UBERON:0004538,sc_bulk,https://purl.org/ccf/ASCTB-TEMP_vascular-smooth-muscle-pericyte,Vascular Smooth Muscle / Pericyte,0.15492,0.007262647223661827
https://entity.api.hubmapconsortium.org/entities/16f984ebb41e334dc6bad00ff32a3083,http://purl.org/ccf/1.5/ae63de43-3ab8-42c0-a6cd-81ca5de26e81,left kidney,UBERON:0004538,sc_bulk,https://purl.org/ccf/ASCTB-TEMP_descending-thin-limb-type-2,Descending Thin Limb Type 2,0.150825,0.00707067368647557
https://entity.api.hubmapconsortium.org/entities/16f984ebb41e334dc6bad00ff32a3083,http://purl.org/ccf/1.5/ae63de43-3ab8-42c0-a6cd-81ca5de26e81,left kidney,UBERON:0004538,sc_bulk,https://purl.org/ccf/ASCTB-TEMP_cortical-thick-ascending-limb,Cortical Thick Ascending Limb,0.14616,0.006851978558032616
https://entity.api.hubmapconsortium.org/entities/16f984ebb41e334dc6bad00ff32a3083,http://purl.org/ccf/1.5/ae63de43-3ab8-42c0-a6cd-81ca5de26e81,left kidney,UBERON:0004538,sc_bulk,https://purl.org/ccf/ASCTB-TEMP_peritubular-capilary-endothelial,Peritubular Capilary Endothelial,0.142695,0.006689539411182705
https://entity.api.hubmapconsortium.org/entities/16f984ebb41e334dc6bad00ff32a3083,http://purl.org/ccf/1.5/ae63de43-3ab8-42c0-a6cd-81ca5de26e81,left kidney,UBERON:0004538,sc_bulk,https://purl.org/ccf/ASCTB-TEMP_connecting-tubule-principal,Connecting Tubule Principal,0.123015,0.005766941313056801
https://entity.api.hubmapconsortium.org/entities/16f984ebb41e334dc6bad00ff32a3083,http://purl.org/ccf/1.5/ae63de43-3ab8-42c0-a6cd-81ca5de26e81,left kidney,UBERON:0004538,sc_bulk,https://purl.org/ccf/ASCTB-TEMP_intercalated-type-b,Intercalated Type B,0.122655,0.005750064518578889
https://entity.api.hubmapconsortium.org/entities/16f984ebb41e334dc6bad00ff32a3083,http://purl.org/ccf/1.5/ae63de43-3ab8-42c0-a6cd-81ca5de26e81,left kidney,UBERON:0004538,sc_bulk,https://purl.org/ccf/ASCTB-TEMP_monocyte-derived,Monocyte-derived,0.109425,0.005129842321515592
https://entity.api.hubmapconsortium.org/entities/16f984ebb41e334dc6bad00ff32a3083,http://purl.org/ccf/1.5/ae63de43-3ab8-42c0-a6cd-81ca5de26e81,left kidney,UBERON:0004538,sc_bulk,https://purl.org/ccf/ASCTB-TEMP_macula-densa,Macula Densa,0.07147500000000001,0.003350746903635614
https://entity.api.hubmapconsortium.org/entities/16f984ebb41e334dc6bad00ff32a3083,http://purl.org/ccf/1.5/ae63de43-3ab8-42c0-a6cd-81ca5de26e81,left kidney,UBERON:0004538,sc_bulk,https://purl.org/ccf/ASCTB-TEMP_fibroblast,Fibroblast,0.071235,0.003339495707317005
https://entity.api.hubmapconsortium.org/entities/16f984ebb41e334dc6bad00ff32a3083,http://purl.org/ccf/1.5/ae63de43-3ab8-42c0-a6cd-81ca5de26e81,left kidney,UBERON:0004538,sc_bulk,https://purl.org/ccf/ASCTB-TEMP_podocyte,Podocyte,0.062355,0.002923201443528488
https://entity.api.hubmapconsortium.org/entities/16f984ebb41e334dc6bad00ff32a3083,http://purl.org/ccf/1.5/ae63de43-3ab8-42c0-a6cd-81ca5de26e81,left kidney,UBERON:0004538,sc_bulk,https://purl.org/ccf/ASCTB-TEMP_outer-medullary-collecting-duct-intercalated-type-a,Outer Medullary Collecting Duct Intercalated Type A,0.05217,0.002445728799757537
https://entity.api.hubmapconsortium.org/entities/16f984ebb41e334dc6bad00ff32a3083,http://purl.org/ccf/1.5/ae63de43-3ab8-42c0-a6cd-81ca5de26e81,left kidney,UBERON:0004538,sc_bulk,https://purl.org/ccf/ASCTB-TEMP_m2-macrophage,M2 Macrophage,0.05132999999999999,0.002406349612642407
https://entity.api.hubmapconsortium.org/entities/16f984ebb41e334dc6bad00ff32a3083,http://purl.org/ccf/1.5/ae63de43-3ab8-42c0-a6cd-81ca5de26e81,left kidney,UBERON:0004538,sc_bulk,https://purl.org/ccf/ASCTB-TEMP_glomerular-capillary-endothelial,Glomerular Capillary Endothelial,0.04546499999999999,0.00213139850260641
https://entity.api.hubmapconsortium.org/entities/16f984ebb41e334dc6bad00ff32a3083,http://purl.org/ccf/1.5/ae63de43-3ab8-42c0-a6cd-81ca5de26e81,left kidney,UBERON:0004538,sc_bulk,https://purl.org/ccf/ASCTB-TEMP_proximal-tubule-epithelial-segment-2,Proximal Tubule Epithelial Segment 2,0.04185,0.001961927358057369
https://entity.api.hubmapconsortium.org/entities/16f984ebb41e334dc6bad00ff32a3083,http://purl.org/ccf/1.5/ae63de43-3ab8-42c0-a6cd-81ca5de26e81,left kidney,UBERON:0004538,sc_bulk,https://purl.org/ccf/ASCTB-TEMP_afferent-efferent-arteriole-endothelial,Afferent / Efferent Arteriole Endothelial,0.03081,0.001444372327401374
https://entity.api.hubmapconsortium.org/entities/16f984ebb41e334dc6bad00ff32a3083,http://purl.org/ccf/1.5/ae63de43-3ab8-42c0-a6cd-81ca5de26e81,left kidney,UBERON:0004538,sc_bulk,https://purl.org/ccf/ASCTB-TEMP_parietal-epithelial,Parietal Epithelial,0.02655,0.001244663592746072
https://entity.api.hubmapconsortium.org/entities/16f984ebb41e334dc6bad00ff32a3083,http://purl.org/ccf/1.5/ae63de43-3ab8-42c0-a6cd-81ca5de26e81,left kidney,UBERON:0004538,sc_bulk,https://purl.org/ccf/ASCTB-TEMP_outer-medullary-collecting-duct-principal,Outer Medullary Collecting Duct Principal,0.025965,0.001217238801719464
https://entity.api.hubmapconsortium.org/entities/16f984ebb41e334dc6bad00ff32a3083,http://purl.org/ccf/1.5/ae63de43-3ab8-42c0-a6cd-81ca5de26e81,left kidney,UBERON:0004538,sc_bulk,https://purl.org/ccf/ASCTB-TEMP_b,B,0.022785,0.001068160450497901
https://entity.api.hubmapconsortium.org/entities/16f984ebb41e334dc6bad00ff32a3083,http://purl.org/ccf/1.5/ae63de43-3ab8-42c0-a6cd-81ca5de26e81,left kidney,UBERON:0004538,sc_bulk,https://purl.org/ccf/ASCTB-TEMP_cortical-vascular-smooth-muscle-pericyte,Cortical Vascular Smooth Muscle / Pericyte,0.01275,5.9771980442608E-4
https://entity.api.hubmapconsortium.org/entities/16f984ebb41e334dc6bad00ff32a3083,http://purl.org/ccf/1.5/ae63de43-3ab8-42c0-a6cd-81ca5de26e81,left kidney,UBERON:0004538,sc_bulk,https://purl.org/ccf/ASCTB-TEMP_natural-killer-natural-killer-t,Natural Killer / Natural Killer T,0.0126,5.906878067269496E-4
https://entity.api.hubmapconsortium.org/entities/16f984ebb41e334dc6bad00ff32a3083,http://purl.org/ccf/1.5/ae63de43-3ab8-42c0-a6cd-81ca5de26e81,left kidney,UBERON:0004538,sc_bulk,https://purl.org/ccf/ASCTB-TEMP_mast,Mast,0.01209,5.667790145499064E-4
https://entity.api.hubmapconsortium.org/entities/16f984ebb41e334dc6bad00ff32a3083,http://purl.org/ccf/1.5/ae63de43-3ab8-42c0-a6cd-81ca5de26e81,left kidney,UBERON:0004538,sc_bulk,https://purl.org/ccf/ASCTB-TEMP_lymphatic-endothelial,Lymphatic Endothelial,0.01116,5.231806288152983E-4
https://entity.api.hubmapconsortium.org/entities/16f984ebb41e334dc6bad00ff32a3083,http://purl.org/ccf/1.5/ae63de43-3ab8-42c0-a6cd-81ca5de26e81,left kidney,UBERON:0004538,sc_bulk,https://purl.org/ccf/ASCTB-TEMP_monocyte,Monocyte,0.01089,5.105230329568636E-4
https://entity.api.hubmapconsortium.org/entities/16f984ebb41e334dc6bad00ff32a3083,http://purl.org/ccf/1.5/ae63de43-3ab8-42c0-a6cd-81ca5de26e81,left kidney,UBERON:0004538,sc_bulk,https://purl.org/ccf/ASCTB-TEMP_plasma,Plasma,0.0093,4.359838573460819E-4
https://entity.api.hubmapconsortium.org/entities/16f984ebb41e334dc6bad00ff32a3083,http://purl.org/ccf/1.5/ae63de43-3ab8-42c0-a6cd-81ca5de26e81,left kidney,UBERON:0004538,sc_bulk,https://purl.org/ccf/ASCTB-TEMP_cycling-mononuclear-phagocyte,Cycling Mononuclear Phagocyte,0.009134999999999999,4.282486598770385E-4
https://entity.api.hubmapconsortium.org/entities/16f984ebb41e334dc6bad00ff32a3083,http://purl.org/ccf/1.5/ae63de43-3ab8-42c0-a6cd-81ca5de26e81,left kidney,UBERON:0004538,sc_bulk,https://purl.org/ccf/ASCTB-TEMP_mesangial,Mesangial,0.007335,3.438646874874743E-4
https://entity.api.hubmapconsortium.org/entities/16f984ebb41e334dc6bad00ff32a3083,http://purl.org/ccf/1.5/ae63de43-3ab8-42c0-a6cd-81ca5de26e81,left kidney,UBERON:0004538,sc_bulk,https://purl.org/ccf/ASCTB-TEMP_classical-dendritic,Classical Dendritic,0.00558,2.615903144076491E-4
https://entity.api.hubmapconsortium.org/entities/16f984ebb41e334dc6bad00ff32a3083,http://purl.org/ccf/1.5/ae63de43-3ab8-42c0-a6cd-81ca5de26e81,left kidney,UBERON:0004538,sc_bulk,https://purl.org/ccf/ASCTB-TEMP_plasmacytoid-dendritic,Plasmacytoid Dendritic,0.00558,2.615903144076491E-4
https://entity.api.hubmapconsortium.org/entities/16f984ebb41e334dc6bad00ff32a3083,http://purl.org/ccf/1.5/ae63de43-3ab8-42c0-a6cd-81ca5de26e81,left kidney,UBERON:0004538,sc_bulk,https://purl.org/ccf/ASCTB-TEMP_distal-convoluted-tubule-type-2,Distal Convoluted Tubule Type 2,0.00558,2.615903144076491E-4
https://entity.api.hubmapconsortium.org/entities/16f984ebb41e334dc6bad00ff32a3083,http://purl.org/ccf/1.5/ae63de43-3ab8-42c0-a6cd-81ca5de26e81,left kidney,UBERON:0004538,sc_bulk,https://purl.org/ccf/ASCTB-TEMP_neutrophil,Neutrophil,0.00387,1.814255406375631E-4
https://entity.api.hubmapconsortium.org/entities/16f984ebb41e334dc6bad00ff32a3083,http://purl.org/ccf/1.5/ae63de43-3ab8-42c0-a6cd-81ca5de26e81,left kidney,UBERON:0004538,sc_bulk,https://purl.org/ccf/ASCTB-TEMP_schwann-neural,Schwann / Neural,0.00186,8.719677146921637E-5
https://entity.api.hubmapconsortium.org/entities/16f984ebb41e334dc6bad00ff32a3083,http://purl.org/ccf/1.5/ae63de43-3ab8-42c0-a6cd-81ca5de26e81,left kidney,UBERON:0004538,sc_bulk,https://purl.org/ccf/ASCTB-TEMP_renin-positive-juxtaglomerular-granular,Renin-positive Juxtaglomerular Granular,0.00129,6.047518021252103E-5
https://entity.api.hubmapconsortium.org/entities/16f984ebb41e334dc6bad00ff32a3083,http://purl.org/ccf/1.5/ae63de43-3ab8-42c0-a6cd-81ca5de26e81,left kidney,UBERON:0004538,sc_bulk,https://purl.org/ccf/ASCTB-TEMP_connecting-tubule-intercalated-type-a,Connecting Tubule Intercalated Type A,9.299999999999999E-4,4.359838573460819E-5
https://entity.api.hubmapconsortium.org/entities/19987e3e44d7cbc223e02c69fdd4b3ad,http://purl.org/ccf/1.5/c2fe6203-2a4d-41eb-898a-ca22ca1646fa,left kidney,UBERON:0004538,sc_bulk,https://purl.org/ccf/ASCTB-TEMP_descending-thin-limb-type-2,Descending Thin Limb Type 2,62497.43099999999,0.1548052267949792
https://entity.api.hubmapconsortium.org/entities/19987e3e44d7cbc223e02c69fdd4b3ad,http://purl.org/ccf/1.5/c2fe6203-2a4d-41eb-898a-ca22ca1646fa,left kidney,UBERON:0004538,sc_bulk,https://purl.org/ccf/ASCTB-TEMP_inner-medullary-collecting-duct,Inner Medullary Collecting Duct,59034.19000000001,0.146226829253316
https://entity.api.hubmapconsortium.org/entities/19987e3e44d7cbc223e02c69fdd4b3ad,http://purl.org/ccf/1.5/c2fe6203-2a4d-41eb-898a-ca22ca1646fa,left kidney,UBERON:0004538,sc_bulk,https://purl.org/ccf/ASCTB-TEMP_descending-thin-limb-type-1,Descending Thin Limb Type 1,55082.43399999999,0.1364383871680978
https://entity.api.hubmapconsortium.org/entities/19987e3e44d7cbc223e02c69fdd4b3ad,http://purl.org/ccf/1.5/c2fe6203-2a4d-41eb-898a-ca22ca1646fa,left kidney,UBERON:0004538,sc_bulk,https://purl.org/ccf/ASCTB-TEMP_vascular-smooth-muscle-pericyte,Vascular Smooth Muscle / Pericyte,35037.211,0.0867866616008351
https://entity.api.hubmapconsortium.org/entities/19987e3e44d7cbc223e02c69fdd4b3ad,http://purl.org/ccf/1.5/c2fe6203-2a4d-41eb-898a-ca22ca1646fa,left kidney,UBERON:0004538,sc_bulk,https://purl.org/ccf/ASCTB-TEMP_cortical-collecting-duct-principal,Cortical Collecting Duct Principal,32308.377,0.08002737950721033
https://entity.api.hubmapconsortium.org/entities/19987e3e44d7cbc223e02c69fdd4b3ad,http://purl.org/ccf/1.5/c2fe6203-2a4d-41eb-898a-ca22ca1646fa,left kidney,UBERON:0004538,sc_bulk,https://purl.org/ccf/ASCTB-TEMP_distal-convoluted-tubule-type-1,Distal Convoluted Tubule Type 1,27620.817,0.06841636162529013
https://entity.api.hubmapconsortium.org/entities/19987e3e44d7cbc223e02c69fdd4b3ad,http://purl.org/ccf/1.5/c2fe6203-2a4d-41eb-898a-ca22ca1646fa,left kidney,UBERON:0004538,sc_bulk,https://purl.org/ccf/ASCTB-TEMP_medullary-thick-ascending-limb,Medullary Thick Ascending Limb,26477.61,0.06558465452826391
https://entity.api.hubmapconsortium.org/entities/19987e3e44d7cbc223e02c69fdd4b3ad,http://purl.org/ccf/1.5/c2fe6203-2a4d-41eb-898a-ca22ca1646fa,left kidney,UBERON:0004538,sc_bulk,https://purl.org/ccf/ASCTB-TEMP_connecting-tubule,Connecting Tubule,21833.77,0.05408193044989983
https://entity.api.hubmapconsortium.org/entities/19987e3e44d7cbc223e02c69fdd4b3ad,http://purl.org/ccf/1.5/c2fe6203-2a4d-41eb-898a-ca22ca1646fa,left kidney,UBERON:0004538,sc_bulk,https://purl.org/ccf/ASCTB-TEMP_cortical-thick-ascending-limb,Cortical Thick Ascending Limb,20037.463,0.04963250416022708
https://entity.api.hubmapconsortium.org/entities/19987e3e44d7cbc223e02c69fdd4b3ad,http://purl.org/ccf/1.5/c2fe6203-2a4d-41eb-898a-ca22ca1646fa,left kidney,UBERON:0004538,sc_bulk,https://purl.org/ccf/ASCTB-TEMP_mesangial,Mesangial,17052.185,0.04223801401172704
https://entity.api.hubmapconsortium.org/entities/19987e3e44d7cbc223e02c69fdd4b3ad,http://purl.org/ccf/1.5/c2fe6203-2a4d-41eb-898a-ca22ca1646fa,left kidney,UBERON:0004538,sc_bulk,https://purl.org/ccf/ASCTB-TEMP_ascending-thin-limb,Ascending Thin Limb,11956.442,0.02961593278083727
https://entity.api.hubmapconsortium.org/entities/19987e3e44d7cbc223e02c69fdd4b3ad,http://purl.org/ccf/1.5/c2fe6203-2a4d-41eb-898a-ca22ca1646fa,left kidney,UBERON:0004538,sc_bulk,https://purl.org/ccf/ASCTB-TEMP_medullary-fibroblast,Medullary Fibroblast,4902.035000000001,0.01214226933474956
https://entity.api.hubmapconsortium.org/entities/19987e3e44d7cbc223e02c69fdd4b3ad,http://purl.org/ccf/1.5/c2fe6203-2a4d-41eb-898a-ca22ca1646fa,left kidney,UBERON:0004538,sc_bulk,https://purl.org/ccf/ASCTB-TEMP_fibroblast,Fibroblast,3519.789,0.008718466114478742
https://entity.api.hubmapconsortium.org/entities/19987e3e44d7cbc223e02c69fdd4b3ad,http://purl.org/ccf/1.5/c2fe6203-2a4d-41eb-898a-ca22ca1646fa,left kidney,UBERON:0004538,sc_bulk,https://purl.org/ccf/ASCTB-TEMP_ascending-vasa-recta-endothelial,Ascending Vasa Recta Endothelial,2762.674999999999,0.006843105757992183
https://entity.api.hubmapconsortium.org/entities/19987e3e44d7cbc223e02c69fdd4b3ad,http://purl.org/ccf/1.5/c2fe6203-2a4d-41eb-898a-ca22ca1646fa,left kidney,UBERON:0004538,sc_bulk,https://purl.org/ccf/ASCTB-TEMP_peritubular-capilary-endothelial,Peritubular Capilary Endothelial,2412.069,0.005974659799858634
https://entity.api.hubmapconsortium.org/entities/19987e3e44d7cbc223e02c69fdd4b3ad,http://purl.org/ccf/1.5/c2fe6203-2a4d-41eb-898a-ca22ca1646fa,left kidney,UBERON:0004538,sc_bulk,https://purl.org/ccf/ASCTB-TEMP_cortical-collecting-duct-intercalated-type-a,Cortical Collecting Duct Intercalated Type A,1845.002,0.004570043095806457
https://entity.api.hubmapconsortium.org/entities/19987e3e44d7cbc223e02c69fdd4b3ad,http://purl.org/ccf/1.5/c2fe6203-2a4d-41eb-898a-ca22ca1646fa,left kidney,UBERON:0004538,sc_bulk,https://purl.org/ccf/ASCTB-TEMP_t,T,1610.503,0.003989192486471875
https://entity.api.hubmapconsortium.org/entities/19987e3e44d7cbc223e02c69fdd4b3ad,http://purl.org/ccf/1.5/c2fe6203-2a4d-41eb-898a-ca22ca1646fa,left kidney,UBERON:0004538,sc_bulk,https://purl.org/ccf/ASCTB-TEMP_descending-vasa-recta-endothelial,Descending Vasa Recta Endothelial,1574.646000000001,0.003900375219451933
https://entity.api.hubmapconsortium.org/entities/19987e3e44d7cbc223e02c69fdd4b3ad,http://purl.org/ccf/1.5/c2fe6203-2a4d-41eb-898a-ca22ca1646fa,left kidney,UBERON:0004538,sc_bulk,https://purl.org/ccf/ASCTB-TEMP_outer-medullary-collecting-duct-intercalated-type-a,Outer Medullary Collecting Duct Intercalated Type A,1562.777,0.003870975879232177
https://entity.api.hubmapconsortium.org/entities/19987e3e44d7cbc223e02c69fdd4b3ad,http://purl.org/ccf/1.5/c2fe6203-2a4d-41eb-898a-ca22ca1646fa,left kidney,UBERON:0004538,sc_bulk,https://purl.org/ccf/ASCTB-TEMP_descending-thin-limb-type-3,Descending Thin Limb Type 3,1470.801,0.003643152666151706
https://entity.api.hubmapconsortium.org/entities/19987e3e44d7cbc223e02c69fdd4b3ad,http://purl.org/ccf/1.5/c2fe6203-2a4d-41eb-898a-ca22ca1646fa,left kidney,UBERON:0004538,sc_bulk,https://purl.org/ccf/ASCTB-TEMP_proximal-tubule-epithelial-segment-1,Proximal Tubule Epithelial Segment 1,1468.063,0.003636370680009513
https://entity.api.hubmapconsortium.org/entities/19987e3e44d7cbc223e02c69fdd4b3ad,http://purl.org/ccf/1.5/c2fe6203-2a4d-41eb-898a-ca22ca1646fa,left kidney,UBERON:0004538,sc_bulk,https://purl.org/ccf/ASCTB-TEMP_outer-medullary-collecting-duct-principal,Outer Medullary Collecting Duct Principal,1301.056,0.00322269677217562
https://entity.api.hubmapconsortium.org/entities/19987e3e44d7cbc223e02c69fdd4b3ad,http://purl.org/ccf/1.5/c2fe6203-2a4d-41eb-898a-ca22ca1646fa,left kidney,UBERON:0004538,sc_bulk,https://purl.org/ccf/ASCTB-TEMP_parietal-epithelial,Parietal Epithelial,1277.658,0.00316474026678664
https://entity.api.hubmapconsortium.org/entities/19987e3e44d7cbc223e02c69fdd4b3ad,http://purl.org/ccf/1.5/c2fe6203-2a4d-41eb-898a-ca22ca1646fa,left kidney,UBERON:0004538,sc_bulk,https://purl.org/ccf/ASCTB-TEMP_connecting-tubule-principal,Connecting Tubule Principal,1095.753,0.002714164229826965
https://entity.api.hubmapconsortium.org/entities/19987e3e44d7cbc223e02c69fdd4b3ad,http://purl.org/ccf/1.5/c2fe6203-2a4d-41eb-898a-ca22ca1646fa,left kidney,UBERON:0004538,sc_bulk,https://purl.org/ccf/ASCTB-TEMP_proximal-tubule-epithelial-segment-3,Proximal Tubule Epithelial Segment 3,1082.645,0.00268169590464367
https://entity.api.hubmapconsortium.org/entities/19987e3e44d7cbc223e02c69fdd4b3ad,http://purl.org/ccf/1.5/c2fe6203-2a4d-41eb-898a-ca22ca1646fa,left kidney,UBERON:0004538,sc_bulk,https://purl.org/ccf/ASCTB-TEMP_papillary-tip-epithelial,Papillary Tip Epithelial,1040.395,0.002577043269688356
https://entity.api.hubmapconsortium.org/entities/19987e3e44d7cbc223e02c69fdd4b3ad,http://purl.org/ccf/1.5/c2fe6203-2a4d-41eb-898a-ca22ca1646fa,left kidney,UBERON:0004538,sc_bulk,https://purl.org/ccf/ASCTB-TEMP_glomerular-capillary-endothelial,Glomerular Capillary Endothelial,962.7669999999999,0.002384759843740166
https://entity.api.hubmapconsortium.org/entities/19987e3e44d7cbc223e02c69fdd4b3ad,http://purl.org/ccf/1.5/c2fe6203-2a4d-41eb-898a-ca22ca1646fa,left kidney,UBERON:0004538,sc_bulk,https://purl.org/ccf/ASCTB-TEMP_intercalated-type-b,Intercalated Type B,940.4229999999999,0.002329414081007822
https://entity.api.hubmapconsortium.org/entities/19987e3e44d7cbc223e02c69fdd4b3ad,http://purl.org/ccf/1.5/c2fe6203-2a4d-41eb-898a-ca22ca1646fa,left kidney,UBERON:0004538,sc_bulk,https://purl.org/ccf/ASCTB-TEMP_macula-densa,Macula Densa,748.6059999999999,0.001854286164339815
https://entity.api.hubmapconsortium.org/entities/19987e3e44d7cbc223e02c69fdd4b3ad,http://purl.org/ccf/1.5/c2fe6203-2a4d-41eb-898a-ca22ca1646fa,left kidney,UBERON:0004538,sc_bulk,https://purl.org/ccf/ASCTB-TEMP_m2-macrophage,M2 Macrophage,492.057,0.001218818025993054
https://entity.api.hubmapconsortium.org/entities/19987e3e44d7cbc223e02c69fdd4b3ad,http://purl.org/ccf/1.5/c2fe6203-2a4d-41eb-898a-ca22ca1646fa,left kidney,UBERON:0004538,sc_bulk,https://purl.org/ccf/ASCTB-TEMP_b,B,486.0260000000001,0.001203879326787954
https://entity.api.hubmapconsortium.org/entities/19987e3e44d7cbc223e02c69fdd4b3ad,http://purl.org/ccf/1.5/c2fe6203-2a4d-41eb-898a-ca22ca1646fa,left kidney,UBERON:0004538,sc_bulk,https://purl.org/ccf/ASCTB-TEMP_monocyte-derived,Monocyte-derived,370.209,9.170023037673738E-4
https://entity.api.hubmapconsortium.org/entities/19987e3e44d7cbc223e02c69fdd4b3ad,http://purl.org/ccf/1.5/c2fe6203-2a4d-41eb-898a-ca22ca1646fa,left kidney,UBERON:0004538,sc_bulk,https://purl.org/ccf/ASCTB-TEMP_lymphatic-endothelial,Lymphatic Endothelial,358.2300000000001,8.873304951489197E-4
https://entity.api.hubmapconsortium.org/entities/19987e3e44d7cbc223e02c69fdd4b3ad,http://purl.org/ccf/1.5/c2fe6203-2a4d-41eb-898a-ca22ca1646fa,left kidney,UBERON:0004538,sc_bulk,https://purl.org/ccf/ASCTB-TEMP_afferent-efferent-arteriole-endothelial,Afferent / Efferent Arteriole Endothelial,336.442,8.333619363227332E-4
https://entity.api.hubmapconsortium.org/entities/19987e3e44d7cbc223e02c69fdd4b3ad,http://purl.org/ccf/1.5/c2fe6203-2a4d-41eb-898a-ca22ca1646fa,left kidney,UBERON:0004538,sc_bulk,https://purl.org/ccf/ASCTB-TEMP_tissue-resident-macrophage,Tissue-resident Macrophage,314.065,7.779344330707795E-4
https://entity.api.hubmapconsortium.org/entities/19987e3e44d7cbc223e02c69fdd4b3ad,http://purl.org/ccf/1.5/c2fe6203-2a4d-41eb-898a-ca22ca1646fa,left kidney,UBERON:0004538,sc_bulk,https://purl.org/ccf/ASCTB-TEMP_classical-dendritic,Classical Dendritic,273.292,6.769403056143775E-4
https://entity.api.hubmapconsortium.org/entities/19987e3e44d7cbc223e02c69fdd4b3ad,http://purl.org/ccf/1.5/c2fe6203-2a4d-41eb-898a-ca22ca1646fa,left kidney,UBERON:0004538,sc_bulk,https://purl.org/ccf/ASCTB-TEMP_podocyte,Podocyte,226.5540000000001,5.611709599920954E-4
https://entity.api.hubmapconsortium.org/entities/19987e3e44d7cbc223e02c69fdd4b3ad,http://purl.org/ccf/1.5/c2fe6203-2a4d-41eb-898a-ca22ca1646fa,left kidney,UBERON:0004538,sc_bulk,https://purl.org/ccf/ASCTB-TEMP_cortical-vascular-smooth-muscle-pericyte,Cortical Vascular Smooth Muscle / Pericyte,138.454,3.429485424876433E-4
https://entity.api.hubmapconsortium.org/entities/19987e3e44d7cbc223e02c69fdd4b3ad,http://purl.org/ccf/1.5/c2fe6203-2a4d-41eb-898a-ca22ca1646fa,left kidney,UBERON:0004538,sc_bulk,https://purl.org/ccf/ASCTB-TEMP_mast,Mast,60.337,1.494538706579581E-4
https://entity.api.hubmapconsortium.org/entities/19987e3e44d7cbc223e02c69fdd4b3ad,http://purl.org/ccf/1.5/c2fe6203-2a4d-41eb-898a-ca22ca1646fa,left kidney,UBERON:0004538,sc_bulk,https://purl.org/ccf/ASCTB-TEMP_proximal-tubule-epithelial-segment-2,Proximal Tubule Epithelial Segment 2,28.636,7.093095513799642E-5
https://entity.api.hubmapconsortium.org/entities/19987e3e44d7cbc223e02c69fdd4b3ad,http://purl.org/ccf/1.5/c2fe6203-2a4d-41eb-898a-ca22ca1646fa,left kidney,UBERON:0004538,sc_bulk,https://purl.org/ccf/ASCTB-TEMP_natural-killer-natural-killer-t,Natural Killer / Natural Killer T,26.69,6.611074146644518E-5
https://entity.api.hubmapconsortium.org/entities/19987e3e44d7cbc223e02c69fdd4b3ad,http://purl.org/ccf/1.5/c2fe6203-2a4d-41eb-898a-ca22ca1646fa,left kidney,UBERON:0004538,sc_bulk,https://purl.org/ccf/ASCTB-TEMP_plasma,Plasma,17.29,4.28270783047897E-5
https://entity.api.hubmapconsortium.org/entities/19987e3e44d7cbc223e02c69fdd4b3ad,http://purl.org/ccf/1.5/c2fe6203-2a4d-41eb-898a-ca22ca1646fa,left kidney,UBERON:0004538,sc_bulk,https://purl.org/ccf/ASCTB-TEMP_monocyte,Monocyte,16.368,4.054329772659328E-5
https://entity.api.hubmapconsortium.org/entities/19987e3e44d7cbc223e02c69fdd4b3ad,http://purl.org/ccf/1.5/c2fe6203-2a4d-41eb-898a-ca22ca1646fa,left kidney,UBERON:0004538,sc_bulk,https://purl.org/ccf/ASCTB-TEMP_cycling-mononuclear-phagocyte,Cycling Mononuclear Phagocyte,15.702,3.889362542173557E-5
https://entity.api.hubmapconsortium.org/entities/19987e3e44d7cbc223e02c69fdd4b3ad,http://purl.org/ccf/1.5/c2fe6203-2a4d-41eb-898a-ca22ca1646fa,left kidney,UBERON:0004538,sc_bulk,https://purl.org/ccf/ASCTB-TEMP_renin-positive-juxtaglomerular-granular,Renin-positive Juxtaglomerular Granular,12.042,2.98278587013463E-5
https://entity.api.hubmapconsortium.org/entities/19987e3e44d7cbc223e02c69fdd4b3ad,http://purl.org/ccf/1.5/c2fe6203-2a4d-41eb-898a-ca22ca1646fa,left kidney,UBERON:0004538,sc_bulk,https://purl.org/ccf/ASCTB-TEMP_neutrophil,Neutrophil,12.011,2.975107215262169E-5
https://entity.api.hubmapconsortium.org/entities/19987e3e44d7cbc223e02c69fdd4b3ad,http://purl.org/ccf/1.5/c2fe6203-2a4d-41eb-898a-ca22ca1646fa,left kidney,UBERON:0004538,sc_bulk,https://purl.org/ccf/ASCTB-TEMP_schwann-neural,Schwann / Neural,5.881,1.456715138869105E-5
https://entity.api.hubmapconsortium.org/entities/19987e3e44d7cbc223e02c69fdd4b3ad,http://purl.org/ccf/1.5/c2fe6203-2a4d-41eb-898a-ca22ca1646fa,left kidney,UBERON:0004538,sc_bulk,https://purl.org/ccf/ASCTB-TEMP_connecting-tubule-intercalated-type-a,Connecting Tubule Intercalated Type A,3.173,7.859474809780088E-6
https://entity.api.hubmapconsortium.org/entities/19987e3e44d7cbc223e02c69fdd4b3ad,http://purl.org/ccf/1.5/c2fe6203-2a4d-41eb-898a-ca22ca1646fa,left kidney,UBERON:0004538,sc_bulk,https://purl.org/ccf/ASCTB-TEMP_non-classical-monocyte,Non-classical monocyte,3.065,7.591960381965323E-6
https://entity.api.hubmapconsortium.org/entities/19987e3e44d7cbc223e02c69fdd4b3ad,http://purl.org/ccf/1.5/c2fe6203-2a4d-41eb-898a-ca22ca1646fa,left kidney,UBERON:0004538,sc_bulk,https://purl.org/ccf/ASCTB-TEMP_distal-convoluted-tubule-type-2,Distal Convoluted Tubule Type 2,2.212,5.479091799317225E-6
https://entity.api.hubmapconsortium.org/entities/19987e3e44d7cbc223e02c69fdd4b3ad,http://purl.org/ccf/1.5/c2fe6203-2a4d-41eb-898a-ca22ca1646fa,left kidney,UBERON:0004538,sc_bulk,https://purl.org/ccf/ASCTB-TEMP_natural-killer-t,Natural Killer T,1.607,3.980515606465995E-6
https://entity.api.hubmapconsortium.org/entities/19987e3e44d7cbc223e02c69fdd4b3ad,http://purl.org/ccf/1.5/c2fe6203-2a4d-41eb-898a-ca22ca1646fa,left kidney,UBERON:0004538,sc_bulk,https://purl.org/ccf/ASCTB-TEMP_plasmacytoid-dendritic,Plasmacytoid Dendritic,0.607,1.503530163736689E-6
https://entity.api.hubmapconsortium.org/entities/1af9eaee65175ce7cf56f4625e3ecd92,http://purl.org/ccf/1.5/70f16514-e190-40b4-adf8-b937b150d733,left kidney,UBERON:0004538,sc_bulk,https://purl.org/ccf/ASCTB-TEMP_descending-thin-limb-type-2,Descending Thin Limb Type 2,49685.45764499999,0.1548052267949793
https://entity.api.hubmapconsortium.org/entities/1af9eaee65175ce7cf56f4625e3ecd92,http://purl.org/ccf/1.5/70f16514-e190-40b4-adf8-b937b150d733,left kidney,UBERON:0004538,sc_bulk,https://purl.org/ccf/ASCTB-TEMP_inner-medullary-collecting-duct,Inner Medullary Collecting Duct,46932.18105000001,0.146226829253316
https://entity.api.hubmapconsortium.org/entities/1af9eaee65175ce7cf56f4625e3ecd92,http://purl.org/ccf/1.5/70f16514-e190-40b4-adf8-b937b150d733,left kidney,UBERON:0004538,sc_bulk,https://purl.org/ccf/ASCTB-TEMP_descending-thin-limb-type-1,Descending Thin Limb Type 1,43790.53503,0.1364383871680978
https://entity.api.hubmapconsortium.org/entities/1af9eaee65175ce7cf56f4625e3ecd92,http://purl.org/ccf/1.5/70f16514-e190-40b4-adf8-b937b150d733,left kidney,UBERON:0004538,sc_bulk,https://purl.org/ccf/ASCTB-TEMP_vascular-smooth-muscle-pericyte,Vascular Smooth Muscle / Pericyte,27854.582745,0.08678666160083513
https://entity.api.hubmapconsortium.org/entities/1af9eaee65175ce7cf56f4625e3ecd92,http://purl.org/ccf/1.5/70f16514-e190-40b4-adf8-b937b150d733,left kidney,UBERON:0004538,sc_bulk,https://purl.org/ccf/ASCTB-TEMP_cortical-collecting-duct-principal,Cortical Collecting Duct Principal,25685.159715,0.08002737950721034
https://entity.api.hubmapconsortium.org/entities/1af9eaee65175ce7cf56f4625e3ecd92,http://purl.org/ccf/1.5/70f16514-e190-40b4-adf8-b937b150d733,left kidney,UBERON:0004538,sc_bulk,https://purl.org/ccf/ASCTB-TEMP_distal-convoluted-tubule-type-1,Distal Convoluted Tubule Type 1,21958.549515,0.06841636162529016
https://entity.api.hubmapconsortium.org/entities/1af9eaee65175ce7cf56f4625e3ecd92,http://purl.org/ccf/1.5/70f16514-e190-40b4-adf8-b937b150d733,left kidney,UBERON:0004538,sc_bulk,https://purl.org/ccf/ASCTB-TEMP_medullary-thick-ascending-limb,Medullary Thick Ascending Limb,21049.69995,0.06558465452826392
https://entity.api.hubmapconsortium.org/entities/1af9eaee65175ce7cf56f4625e3ecd92,http://purl.org/ccf/1.5/70f16514-e190-40b4-adf8-b937b150d733,left kidney,UBERON:0004538,sc_bulk,https://purl.org/ccf/ASCTB-TEMP_connecting-tubule,Connecting Tubule,17357.84715,0.05408193044989985
https://entity.api.hubmapconsortium.org/entities/1af9eaee65175ce7cf56f4625e3ecd92,http://purl.org/ccf/1.5/70f16514-e190-40b4-adf8-b937b150d733,left kidney,UBERON:0004538,sc_bulk,https://purl.org/ccf/ASCTB-TEMP_cortical-thick-ascending-limb,Cortical Thick Ascending Limb,15929.783085,0.0496325041602271
https://entity.api.hubmapconsortium.org/entities/1af9eaee65175ce7cf56f4625e3ecd92,http://purl.org/ccf/1.5/70f16514-e190-40b4-adf8-b937b150d733,left kidney,UBERON:0004538,sc_bulk,https://purl.org/ccf/ASCTB-TEMP_mesangial,Mesangial,13556.487075,0.04223801401172705
https://entity.api.hubmapconsortium.org/entities/1af9eaee65175ce7cf56f4625e3ecd92,http://purl.org/ccf/1.5/70f16514-e190-40b4-adf8-b937b150d733,left kidney,UBERON:0004538,sc_bulk,https://purl.org/ccf/ASCTB-TEMP_ascending-thin-limb,Ascending Thin Limb,9505.37139,0.02961593278083728
https://entity.api.hubmapconsortium.org/entities/1af9eaee65175ce7cf56f4625e3ecd92,http://purl.org/ccf/1.5/70f16514-e190-40b4-adf8-b937b150d733,left kidney,UBERON:0004538,sc_bulk,https://purl.org/ccf/ASCTB-TEMP_medullary-fibroblast,Medullary Fibroblast,3897.117825000001,0.01214226933474956
https://entity.api.hubmapconsortium.org/entities/1af9eaee65175ce7cf56f4625e3ecd92,http://purl.org/ccf/1.5/70f16514-e190-40b4-adf8-b937b150d733,left kidney,UBERON:0004538,sc_bulk,https://purl.org/ccf/ASCTB-TEMP_fibroblast,Fibroblast,2798.232255,0.008718466114478745
https://entity.api.hubmapconsortium.org/entities/1af9eaee65175ce7cf56f4625e3ecd92,http://purl.org/ccf/1.5/70f16514-e190-40b4-adf8-b937b150d733,left kidney,UBERON:0004538,sc_bulk,https://purl.org/ccf/ASCTB-TEMP_ascending-vasa-recta-endothelial,Ascending Vasa Recta Endothelial,2196.326624999999,0.006843105757992185
https://entity.api.hubmapconsortium.org/entities/1af9eaee65175ce7cf56f4625e3ecd92,http://purl.org/ccf/1.5/70f16514-e190-40b4-adf8-b937b150d733,left kidney,UBERON:0004538,sc_bulk,https://purl.org/ccf/ASCTB-TEMP_peritubular-capilary-endothelial,Peritubular Capilary Endothelial,1917.594855,0.005974659799858635
https://entity.api.hubmapconsortium.org/entities/1af9eaee65175ce7cf56f4625e3ecd92,http://purl.org/ccf/1.5/70f16514-e190-40b4-adf8-b937b150d733,left kidney,UBERON:0004538,sc_bulk,https://purl.org/ccf/ASCTB-TEMP_cortical-collecting-duct-intercalated-type-a,Cortical Collecting Duct Intercalated Type A,1466.77659,0.004570043095806458
https://entity.api.hubmapconsortium.org/entities/1af9eaee65175ce7cf56f4625e3ecd92,http://purl.org/ccf/1.5/70f16514-e190-40b4-adf8-b937b150d733,left kidney,UBERON:0004538,sc_bulk,https://purl.org/ccf/ASCTB-TEMP_t,T,1280.349885,0.003989192486471877
https://entity.api.hubmapconsortium.org/entities/1af9eaee65175ce7cf56f4625e3ecd92,http://purl.org/ccf/1.5/70f16514-e190-40b4-adf8-b937b150d733,left kidney,UBERON:0004538,sc_bulk,https://purl.org/ccf/ASCTB-TEMP_descending-vasa-recta-endothelial,Descending Vasa Recta Endothelial,1251.843570000001,0.003900375219451934
https://entity.api.hubmapconsortium.org/entities/1af9eaee65175ce7cf56f4625e3ecd92,http://purl.org/ccf/1.5/70f16514-e190-40b4-adf8-b937b150d733,left kidney,UBERON:0004538,sc_bulk,https://purl.org/ccf/ASCTB-TEMP_outer-medullary-collecting-duct-intercalated-type-a,Outer Medullary Collecting Duct Intercalated Type A,1242.407715,0.003870975879232177
https://entity.api.hubmapconsortium.org/entities/1af9eaee65175ce7cf56f4625e3ecd92,http://purl.org/ccf/1.5/70f16514-e190-40b4-adf8-b937b150d733,left kidney,UBERON:0004538,sc_bulk,https://purl.org/ccf/ASCTB-TEMP_descending-thin-limb-type-3,Descending Thin Limb Type 3,1169.286795,0.003643152666151707
https://entity.api.hubmapconsortium.org/entities/1af9eaee65175ce7cf56f4625e3ecd92,http://purl.org/ccf/1.5/70f16514-e190-40b4-adf8-b937b150d733,left kidney,UBERON:0004538,sc_bulk,https://purl.org/ccf/ASCTB-TEMP_proximal-tubule-epithelial-segment-1,Proximal Tubule Epithelial Segment 1,1167.110085,0.003636370680009514
https://entity.api.hubmapconsortium.org/entities/1af9eaee65175ce7cf56f4625e3ecd92,http://purl.org/ccf/1.5/70f16514-e190-40b4-adf8-b937b150d733,left kidney,UBERON:0004538,sc_bulk,https://purl.org/ccf/ASCTB-TEMP_outer-medullary-collecting-duct-principal,Outer Medullary Collecting Duct Principal,1034.33952,0.003222696772175621
https://entity.api.hubmapconsortium.org/entities/1af9eaee65175ce7cf56f4625e3ecd92,http://purl.org/ccf/1.5/70f16514-e190-40b4-adf8-b937b150d733,left kidney,UBERON:0004538,sc_bulk,https://purl.org/ccf/ASCTB-TEMP_parietal-epithelial,Parietal Epithelial,1015.73811,0.003164740266786641
https://entity.api.hubmapconsortium.org/entities/1af9eaee65175ce7cf56f4625e3ecd92,http://purl.org/ccf/1.5/70f16514-e190-40b4-adf8-b937b150d733,left kidney,UBERON:0004538,sc_bulk,https://purl.org/ccf/ASCTB-TEMP_connecting-tubule-principal,Connecting Tubule Principal,871.123635,0.002714164229826966
https://entity.api.hubmapconsortium.org/entities/1af9eaee65175ce7cf56f4625e3ecd92,http://purl.org/ccf/1.5/70f16514-e190-40b4-adf8-b937b150d733,left kidney,UBERON:0004538,sc_bulk,https://purl.org/ccf/ASCTB-TEMP_proximal-tubule-epithelial-segment-3,Proximal Tubule Epithelial Segment 3,860.702775,0.00268169590464367
https://entity.api.hubmapconsortium.org/entities/1af9eaee65175ce7cf56f4625e3ecd92,http://purl.org/ccf/1.5/70f16514-e190-40b4-adf8-b937b150d733,left kidney,UBERON:0004538,sc_bulk,https://purl.org/ccf/ASCTB-TEMP_papillary-tip-epithelial,Papillary Tip Epithelial,827.1140250000001,0.002577043269688357
https://entity.api.hubmapconsortium.org/entities/1af9eaee65175ce7cf56f4625e3ecd92,http://purl.org/ccf/1.5/70f16514-e190-40b4-adf8-b937b150d733,left kidney,UBERON:0004538,sc_bulk,https://purl.org/ccf/ASCTB-TEMP_glomerular-capillary-endothelial,Glomerular Capillary Endothelial,765.399765,0.002384759843740166
https://entity.api.hubmapconsortium.org/entities/1af9eaee65175ce7cf56f4625e3ecd92,http://purl.org/ccf/1.5/70f16514-e190-40b4-adf8-b937b150d733,left kidney,UBERON:0004538,sc_bulk,https://purl.org/ccf/ASCTB-TEMP_intercalated-type-b,Intercalated Type B,747.6362849999999,0.002329414081007823
https://entity.api.hubmapconsortium.org/entities/1af9eaee65175ce7cf56f4625e3ecd92,http://purl.org/ccf/1.5/70f16514-e190-40b4-adf8-b937b150d733,left kidney,UBERON:0004538,sc_bulk,https://purl.org/ccf/ASCTB-TEMP_macula-densa,Macula Densa,595.14177,0.001854286164339815
https://entity.api.hubmapconsortium.org/entities/1af9eaee65175ce7cf56f4625e3ecd92,http://purl.org/ccf/1.5/70f16514-e190-40b4-adf8-b937b150d733,left kidney,UBERON:0004538,sc_bulk,https://purl.org/ccf/ASCTB-TEMP_m2-macrophage,M2 Macrophage,391.185315,0.001218818025993054
https://entity.api.hubmapconsortium.org/entities/1af9eaee65175ce7cf56f4625e3ecd92,http://purl.org/ccf/1.5/70f16514-e190-40b4-adf8-b937b150d733,left kidney,UBERON:0004538,sc_bulk,https://purl.org/ccf/ASCTB-TEMP_b,B,386.3906700000001,0.001203879326787954
https://entity.api.hubmapconsortium.org/entities/1af9eaee65175ce7cf56f4625e3ecd92,http://purl.org/ccf/1.5/70f16514-e190-40b4-adf8-b937b150d733,left kidney,UBERON:0004538,sc_bulk,https://purl.org/ccf/ASCTB-TEMP_monocyte-derived,Monocyte-derived,294.316155,9.170023037673741E-4
https://entity.api.hubmapconsortium.org/entities/1af9eaee65175ce7cf56f4625e3ecd92,http://purl.org/ccf/1.5/70f16514-e190-40b4-adf8-b937b150d733,left kidney,UBERON:0004538,sc_bulk,https://purl.org/ccf/ASCTB-TEMP_lymphatic-endothelial,Lymphatic Endothelial,284.7928500000001,8.873304951489199E-4
https://entity.api.hubmapconsortium.org/entities/1af9eaee65175ce7cf56f4625e3ecd92,http://purl.org/ccf/1.5/70f16514-e190-40b4-adf8-b937b150d733,left kidney,UBERON:0004538,sc_bulk,https://purl.org/ccf/ASCTB-TEMP_afferent-efferent-arteriole-endothelial,Afferent / Efferent Arteriole Endothelial,267.47139,8.333619363227336E-4
https://entity.api.hubmapconsortium.org/entities/1af9eaee65175ce7cf56f4625e3ecd92,http://purl.org/ccf/1.5/70f16514-e190-40b4-adf8-b937b150d733,left kidney,UBERON:0004538,sc_bulk,https://purl.org/ccf/ASCTB-TEMP_tissue-resident-macrophage,Tissue-resident Macrophage,249.681675,7.779344330707797E-4
https://entity.api.hubmapconsortium.org/entities/1af9eaee65175ce7cf56f4625e3ecd92,http://purl.org/ccf/1.5/70f16514-e190-40b4-adf8-b937b150d733,left kidney,UBERON:0004538,sc_bulk,https://purl.org/ccf/ASCTB-TEMP_classical-dendritic,Classical Dendritic,217.26714,6.769403056143777E-4
https://entity.api.hubmapconsortium.org/entities/1af9eaee65175ce7cf56f4625e3ecd92,http://purl.org/ccf/1.5/70f16514-e190-40b4-adf8-b937b150d733,left kidney,UBERON:0004538,sc_bulk,https://purl.org/ccf/ASCTB-TEMP_podocyte,Podocyte,180.1104300000001,5.611709599920955E-4
https://entity.api.hubmapconsortium.org/entities/1af9eaee65175ce7cf56f4625e3ecd92,http://purl.org/ccf/1.5/70f16514-e190-40b4-adf8-b937b150d733,left kidney,UBERON:0004538,sc_bulk,https://purl.org/ccf/ASCTB-TEMP_cortical-vascular-smooth-muscle-pericyte,Cortical Vascular Smooth Muscle / Pericyte,110.07093,3.429485424876434E-4
https://entity.api.hubmapconsortium.org/entities/1af9eaee65175ce7cf56f4625e3ecd92,http://purl.org/ccf/1.5/70f16514-e190-40b4-adf8-b937b150d733,left kidney,UBERON:0004538,sc_bulk,https://purl.org/ccf/ASCTB-TEMP_mast,Mast,47.967915,1.494538706579582E-4
https://entity.api.hubmapconsortium.org/entities/1af9eaee65175ce7cf56f4625e3ecd92,http://purl.org/ccf/1.5/70f16514-e190-40b4-adf8-b937b150d733,left kidney,UBERON:0004538,sc_bulk,https://purl.org/ccf/ASCTB-TEMP_proximal-tubule-epithelial-segment-2,Proximal Tubule Epithelial Segment 2,22.76562,7.093095513799643E-5
https://entity.api.hubmapconsortium.org/entities/1af9eaee65175ce7cf56f4625e3ecd92,http://purl.org/ccf/1.5/70f16514-e190-40b4-adf8-b937b150d733,left kidney,UBERON:0004538,sc_bulk,https://purl.org/ccf/ASCTB-TEMP_natural-killer-natural-killer-t,Natural Killer / Natural Killer T,21.21855,6.61107414664452E-5
https://entity.api.hubmapconsortium.org/entities/1af9eaee65175ce7cf56f4625e3ecd92,http://purl.org/ccf/1.5/70f16514-e190-40b4-adf8-b937b150d733,left kidney,UBERON:0004538,sc_bulk,https://purl.org/ccf/ASCTB-TEMP_plasma,Plasma,13.74555,4.282707830478971E-5
https://entity.api.hubmapconsortium.org/entities/1af9eaee65175ce7cf56f4625e3ecd92,http://purl.org/ccf/1.5/70f16514-e190-40b4-adf8-b937b150d733,left kidney,UBERON:0004538,sc_bulk,https://purl.org/ccf/ASCTB-TEMP_monocyte,Monocyte,13.01256,4.054329772659329E-5
https://entity.api.hubmapconsortium.org/entities/1af9eaee65175ce7cf56f4625e3ecd92,http://purl.org/ccf/1.5/70f16514-e190-40b4-adf8-b937b150d733,left kidney,UBERON:0004538,sc_bulk,https://purl.org/ccf/ASCTB-TEMP_cycling-mononuclear-phagocyte,Cycling Mononuclear Phagocyte,12.48309,3.889362542173557E-5
https://entity.api.hubmapconsortium.org/entities/1af9eaee65175ce7cf56f4625e3ecd92,http://purl.org/ccf/1.5/70f16514-e190-40b4-adf8-b937b150d733,left kidney,UBERON:0004538,sc_bulk,https://purl.org/ccf/ASCTB-TEMP_renin-positive-juxtaglomerular-granular,Renin-positive Juxtaglomerular Granular,9.573389999999998,2.982785870134631E-5
https://entity.api.hubmapconsortium.org/entities/1af9eaee65175ce7cf56f4625e3ecd92,http://purl.org/ccf/1.5/70f16514-e190-40b4-adf8-b937b150d733,left kidney,UBERON:0004538,sc_bulk,https://purl.org/ccf/ASCTB-TEMP_neutrophil,Neutrophil,9.548745,2.97510721526217E-5
https://entity.api.hubmapconsortium.org/entities/1af9eaee65175ce7cf56f4625e3ecd92,http://purl.org/ccf/1.5/70f16514-e190-40b4-adf8-b937b150d733,left kidney,UBERON:0004538,sc_bulk,https://purl.org/ccf/ASCTB-TEMP_schwann-neural,Schwann / Neural,4.675395000000001,1.456715138869106E-5
https://entity.api.hubmapconsortium.org/entities/1af9eaee65175ce7cf56f4625e3ecd92,http://purl.org/ccf/1.5/70f16514-e190-40b4-adf8-b937b150d733,left kidney,UBERON:0004538,sc_bulk,https://purl.org/ccf/ASCTB-TEMP_connecting-tubule-intercalated-type-a,Connecting Tubule Intercalated Type A,2.522535,7.85947480978009E-6
https://entity.api.hubmapconsortium.org/entities/1af9eaee65175ce7cf56f4625e3ecd92,http://purl.org/ccf/1.5/70f16514-e190-40b4-adf8-b937b150d733,left kidney,UBERON:0004538,sc_bulk,https://purl.org/ccf/ASCTB-TEMP_non-classical-monocyte,Non-classical monocyte,2.436675,7.591960381965326E-6
https://entity.api.hubmapconsortium.org/entities/1af9eaee65175ce7cf56f4625e3ecd92,http://purl.org/ccf/1.5/70f16514-e190-40b4-adf8-b937b150d733,left kidney,UBERON:0004538,sc_bulk,https://purl.org/ccf/ASCTB-TEMP_distal-convoluted-tubule-type-2,Distal Convoluted Tubule Type 2,1.75854,5.479091799317227E-6
https://entity.api.hubmapconsortium.org/entities/1af9eaee65175ce7cf56f4625e3ecd92,http://purl.org/ccf/1.5/70f16514-e190-40b4-adf8-b937b150d733,left kidney,UBERON:0004538,sc_bulk,https://purl.org/ccf/ASCTB-TEMP_natural-killer-t,Natural Killer T,1.277565,3.980515606465996E-6
https://entity.api.hubmapconsortium.org/entities/1af9eaee65175ce7cf56f4625e3ecd92,http://purl.org/ccf/1.5/70f16514-e190-40b4-adf8-b937b150d733,left kidney,UBERON:0004538,sc_bulk,https://purl.org/ccf/ASCTB-TEMP_plasmacytoid-dendritic,Plasmacytoid Dendritic,0.482565,1.503530163736689E-6
https://entity.api.hubmapconsortium.org/entities/1b064b2d69bd87b5d71195afe125b8d4,http://purl.org/ccf/1.5/7439e95d-2761-4183-9055-ca6251da8e09,heart,UBERON:0000948,sc_bulk,https://purl.org/ccf/ASCTB-TEMP_fibroblast,Fibroblast,221892.2543499999,0.3330088912100684
https://entity.api.hubmapconsortium.org/entities/1b064b2d69bd87b5d71195afe125b8d4,http://purl.org/ccf/1.5/7439e95d-2761-4183-9055-ca6251da8e09,heart,UBERON:0000948,sc_bulk,https://purl.org/ccf/ASCTB-TEMP_ventricular-cardiomycoyte,Ventricular Cardiomycoyte,174830.664116,0.2623803421049387
https://entity.api.hubmapconsortium.org/entities/1b064b2d69bd87b5d71195afe125b8d4,http://purl.org/ccf/1.5/7439e95d-2761-4183-9055-ca6251da8e09,heart,UBERON:0000948,sc_bulk,http://purl.obolibrary.org/obo/CL_0002131,regular ventricular cardiac myocyte,63268.87016,0.09495192322874964
https://entity.api.hubmapconsortium.org/entities/1b064b2d69bd87b5d71195afe125b8d4,http://purl.org/ccf/1.5/7439e95d-2761-4183-9055-ca6251da8e09,heart,UBERON:0000948,sc_bulk,http://purl.obolibrary.org/obo/CL_0000669,pericyte,33626.01689000001,0.05046486472974056
https://entity.api.hubmapconsortium.org/entities/1b064b2d69bd87b5d71195afe125b8d4,http://purl.org/ccf/1.5/7439e95d-2761-4183-9055-ca6251da8e09,heart,UBERON:0000948,sc_bulk,http://purl.obolibrary.org/obo/CL_0002144,capillary endothelial cell,27015.076502,0.04054337407242713
https://entity.api.hubmapconsortium.org/entities/1b064b2d69bd87b5d71195afe125b8d4,http://purl.org/ccf/1.5/7439e95d-2761-4183-9055-ca6251da8e09,heart,UBERON:0000948,sc_bulk,https://purl.org/ccf/ASCTB-TEMP_b,B,26503.895258,0.03977620939707385
https://entity.api.hubmapconsortium.org/entities/1b064b2d69bd87b5d71195afe125b8d4,http://purl.org/ccf/1.5/7439e95d-2761-4183-9055-ca6251da8e09,heart,UBERON:0000948,sc_bulk,http://purl.obolibrary.org/obo/CL_0000057,fibroblast,19603.185026,0.02941984130458711
https://entity.api.hubmapconsortium.org/entities/1b064b2d69bd87b5d71195afe125b8d4,http://purl.org/ccf/1.5/7439e95d-2761-4183-9055-ca6251da8e09,heart,UBERON:0000948,sc_bulk,http://purl.obolibrary.org/obo/CL_0000003,native cell,14160.515378,0.02125165449692906
https://entity.api.hubmapconsortium.org/entities/1b064b2d69bd87b5d71195afe125b8d4,http://purl.org/ccf/1.5/7439e95d-2761-4183-9055-ca6251da8e09,heart,UBERON:0000948,sc_bulk,http://purl.obolibrary.org/obo/CL_1000413,endothelial cell of artery,9579.661474,0.01437685355430502
https://entity.api.hubmapconsortium.org/entities/1b064b2d69bd87b5d71195afe125b8d4,http://purl.org/ccf/1.5/7439e95d-2761-4183-9055-ca6251da8e09,heart,UBERON:0000948,sc_bulk,https://purl.org/ccf/ASCTB-TEMP_pericyte,Pericyte,8175.996482,0.01227027744156244
https://entity.api.hubmapconsortium.org/entities/1b064b2d69bd87b5d71195afe125b8d4,http://purl.org/ccf/1.5/7439e95d-2761-4183-9055-ca6251da8e09,heart,UBERON:0000948,sc_bulk,https://purl.org/ccf/ASCTB-TEMP_monocyte-cdc,Monocyte/cDC,7547.345814,0.01132681836263967
https://entity.api.hubmapconsortium.org/entities/1b064b2d69bd87b5d71195afe125b8d4,http://purl.org/ccf/1.5/7439e95d-2761-4183-9055-ca6251da8e09,heart,UBERON:0000948,sc_bulk,https://purl.org/ccf/ASCTB-TEMP_capillary-endothelial,Capillary Endothelial,7477.717731999999,0.01122232273501253
https://entity.api.hubmapconsortium.org/entities/1b064b2d69bd87b5d71195afe125b8d4,http://purl.org/ccf/1.5/7439e95d-2761-4183-9055-ca6251da8e09,heart,UBERON:0000948,sc_bulk,https://purl.org/ccf/ASCTB-TEMP_macrophage,Macrophage,6670.387443999999,0.01001070692248795
https://entity.api.hubmapconsortium.org/entities/1b064b2d69bd87b5d71195afe125b8d4,http://purl.org/ccf/1.5/7439e95d-2761-4183-9055-ca6251da8e09,heart,UBERON:0000948,sc_bulk,http://purl.obolibrary.org/obo/CL_0000192,smooth muscle cell,6209.648838000002,0.009319244966002891
https://entity.api.hubmapconsortium.org/entities/1b064b2d69bd87b5d71195afe125b8d4,http://purl.org/ccf/1.5/7439e95d-2761-4183-9055-ca6251da8e09,heart,UBERON:0000948,sc_bulk,http://purl.obolibrary.org/obo/CL_0000235,macrophage,5263.258191999999,0.007898931757688141
https://entity.api.hubmapconsortium.org/entities/1b064b2d69bd87b5d71195afe125b8d4,http://purl.org/ccf/1.5/7439e95d-2761-4183-9055-ca6251da8e09,heart,UBERON:0000948,sc_bulk,http://purl.obolibrary.org/obo/CL_0000115,endothelial cell,3438.08756,0.005159773285428923
https://entity.api.hubmapconsortium.org/entities/1b064b2d69bd87b5d71195afe125b8d4,http://purl.org/ccf/1.5/7439e95d-2761-4183-9055-ca6251da8e09,heart,UBERON:0000948,sc_bulk,http://purl.obolibrary.org/obo/CL_0002543,vein endothelial cell,2778.241718,0.004169497474055186
https://entity.api.hubmapconsortium.org/entities/1b064b2d69bd87b5d71195afe125b8d4,http://purl.org/ccf/1.5/7439e95d-2761-4183-9055-ca6251da8e09,heart,UBERON:0000948,sc_bulk,https://purl.org/ccf/ASCTB-TEMP_mesothelial,Mesothelial,2753.19184,0.004131903407862277
https://entity.api.hubmapconsortium.org/entities/1b064b2d69bd87b5d71195afe125b8d4,http://purl.org/ccf/1.5/7439e95d-2761-4183-9055-ca6251da8e09,heart,UBERON:0000948,sc_bulk,https://purl.org/ccf/ASCTB-TEMP_arterial-endothelial,Arterial Endothelial,2629.611674,0.00394643819558721
https://entity.api.hubmapconsortium.org/entities/1b064b2d69bd87b5d71195afe125b8d4,http://purl.org/ccf/1.5/7439e95d-2761-4183-9055-ca6251da8e09,heart,UBERON:0000948,sc_bulk,https://purl.org/ccf/ASCTB-TEMP_venous-endothelial,Venous Endothelial,2457.212908,0.003687707569410919
https://entity.api.hubmapconsortium.org/entities/1b064b2d69bd87b5d71195afe125b8d4,http://purl.org/ccf/1.5/7439e95d-2761-4183-9055-ca6251da8e09,heart,UBERON:0000948,sc_bulk,https://purl.org/ccf/ASCTB-TEMP_smooth-muscle,Smooth Muscle,2387.685830000001,0.003583363525398751
https://entity.api.hubmapconsortium.org/entities/1b064b2d69bd87b5d71195afe125b8d4,http://purl.org/ccf/1.5/7439e95d-2761-4183-9055-ca6251da8e09,heart,UBERON:0000948,sc_bulk,https://purl.org/ccf/ASCTB-TEMP_endocardial,Endocardial,1783.492306,0.002676608956191571
https://entity.api.hubmapconsortium.org/entities/1b064b2d69bd87b5d71195afe125b8d4,http://purl.org/ccf/1.5/7439e95d-2761-4183-9055-ca6251da8e09,heart,UBERON:0000948,sc_bulk,https://purl.org/ccf/ASCTB-TEMP_nk,NK,1779.373292,0.002670427269998707
https://entity.api.hubmapconsortium.org/entities/1b064b2d69bd87b5d71195afe125b8d4,http://purl.org/ccf/1.5/7439e95d-2761-4183-9055-ca6251da8e09,heart,UBERON:0000948,sc_bulk,http://purl.obolibrary.org/obo/CL_0000623,natural killer cell,1339.336962,0.00201003463585876
https://entity.api.hubmapconsortium.org/entities/1b064b2d69bd87b5d71195afe125b8d4,http://purl.org/ccf/1.5/7439e95d-2761-4183-9055-ca6251da8e09,heart,UBERON:0000948,sc_bulk,http://purl.obolibrary.org/obo/CL_0000934,"CD4-positive, alpha-beta cytotoxic T cell",1247.835312,0.00187271184782521
https://entity.api.hubmapconsortium.org/entities/1b064b2d69bd87b5d71195afe125b8d4,http://purl.org/ccf/1.5/7439e95d-2761-4183-9055-ca6251da8e09,heart,UBERON:0000948,sc_bulk,http://purl.obolibrary.org/obo/CL_0002319,neural cell,1104.24838,0.001657221112658971
https://entity.api.hubmapconsortium.org/entities/1b064b2d69bd87b5d71195afe125b8d4,http://purl.org/ccf/1.5/7439e95d-2761-4183-9055-ca6251da8e09,heart,UBERON:0000948,sc_bulk,http://purl.obolibrary.org/obo/CL_0002397,"CD14-positive, CD16-positive monocyte",1005.546208,0.001509092008495198
https://entity.api.hubmapconsortium.org/entities/1b064b2d69bd87b5d71195afe125b8d4,http://purl.org/ccf/1.5/7439e95d-2761-4183-9055-ca6251da8e09,heart,UBERON:0000948,sc_bulk,https://purl.org/ccf/ASCTB-TEMP_t,T,1005.08726,0.001508403233823677
https://entity.api.hubmapconsortium.org/entities/1b064b2d69bd87b5d71195afe125b8d4,http://purl.org/ccf/1.5/7439e95d-2761-4183-9055-ca6251da8e09,heart,UBERON:0000948,sc_bulk,http://purl.obolibrary.org/obo/CL_1000309,epicardial adipocyte,862.3925300000001,0.001294251487256323
https://entity.api.hubmapconsortium.org/entities/1b064b2d69bd87b5d71195afe125b8d4,http://purl.org/ccf/1.5/7439e95d-2761-4183-9055-ca6251da8e09,heart,UBERON:0000948,sc_bulk,http://purl.obolibrary.org/obo/CL_0000794,"CD8-positive, alpha-beta cytotoxic T cell",815.1572120000001,0.001223362213003767
https://entity.api.hubmapconsortium.org/entities/1b064b2d69bd87b5d71195afe125b8d4,http://purl.org/ccf/1.5/7439e95d-2761-4183-9055-ca6251da8e09,heart,UBERON:0000948,sc_bulk,http://purl.obolibrary.org/obo/CL_0000906,"activated CD8-positive, alpha-beta T cell",811.667258,0.001218124600202371
https://entity.api.hubmapconsortium.org/entities/1b064b2d69bd87b5d71195afe125b8d4,http://purl.org/ccf/1.5/7439e95d-2761-4183-9055-ca6251da8e09,heart,UBERON:0000948,sc_bulk,https://purl.org/ccf/ASCTB-TEMP_adipocyte,Adipocyte,717.082328,0.001076174522869796
https://entity.api.hubmapconsortium.org/entities/1b064b2d69bd87b5d71195afe125b8d4,http://purl.org/ccf/1.5/7439e95d-2761-4183-9055-ca6251da8e09,heart,UBERON:0000948,sc_bulk,http://purl.obolibrary.org/obo/CL_0000097,mast cell,714.6325380000002,0.001072497955366404
https://entity.api.hubmapconsortium.org/entities/1b064b2d69bd87b5d71195afe125b8d4,http://purl.org/ccf/1.5/7439e95d-2761-4183-9055-ca6251da8e09,heart,UBERON:0000948,sc_bulk,https://purl.org/ccf/ASCTB-TEMP_neuronal,Neuronal,577.2210259999999,8.662750956065452E-4
https://entity.api.hubmapconsortium.org/entities/1b064b2d69bd87b5d71195afe125b8d4,http://purl.org/ccf/1.5/7439e95d-2761-4183-9055-ca6251da8e09,heart,UBERON:0000948,sc_bulk,https://purl.org/ccf/ASCTB-TEMP_lymphatic-endothelial,Lymphatic Endothelial,568.7677,8.535886107783864E-4
https://entity.api.hubmapconsortium.org/entities/1b064b2d69bd87b5d71195afe125b8d4,http://purl.org/ccf/1.5/7439e95d-2761-4183-9055-ca6251da8e09,heart,UBERON:0000948,sc_bulk,http://purl.obolibrary.org/obo/CL_0000814,mature NK T cell,561.75501,8.430641869847717E-4
https://entity.api.hubmapconsortium.org/entities/1b064b2d69bd87b5d71195afe125b8d4,http://purl.org/ccf/1.5/7439e95d-2761-4183-9055-ca6251da8e09,heart,UBERON:0000948,sc_bulk,http://purl.obolibrary.org/obo/CL_0001054,CD14-positive monocyte,544.6986240000001,8.174665012676682E-4
https://entity.api.hubmapconsortium.org/entities/1b064b2d69bd87b5d71195afe125b8d4,http://purl.org/ccf/1.5/7439e95d-2761-4183-9055-ca6251da8e09,heart,UBERON:0000948,sc_bulk,https://purl.org/ccf/ASCTB-TEMP_mast,Mast,542.37819,8.139840671659022E-4
https://entity.api.hubmapconsortium.org/entities/1b064b2d69bd87b5d71195afe125b8d4,http://purl.org/ccf/1.5/7439e95d-2761-4183-9055-ca6251da8e09,heart,UBERON:0000948,sc_bulk,http://purl.obolibrary.org/obo/CL_0000576,monocyte,526.232612,7.89753293345177E-4
https://entity.api.hubmapconsortium.org/entities/1b064b2d69bd87b5d71195afe125b8d4,http://purl.org/ccf/1.5/7439e95d-2761-4183-9055-ca6251da8e09,heart,UBERON:0000948,sc_bulk,http://purl.obolibrary.org/obo/CL_0000896,"activated CD4-positive, alpha-beta T cell",411.9102600000001,6.181819160946798E-4
https://entity.api.hubmapconsortium.org/entities/1b064b2d69bd87b5d71195afe125b8d4,http://purl.org/ccf/1.5/7439e95d-2761-4183-9055-ca6251da8e09,heart,UBERON:0000948,sc_bulk,http://purl.obolibrary.org/obo/CL_0002138,endothelial cell of lymphatic vessel,330.71279,4.963233161495356E-4
https://entity.api.hubmapconsortium.org/entities/1b064b2d69bd87b5d71195afe125b8d4,http://purl.org/ccf/1.5/7439e95d-2761-4183-9055-ca6251da8e09,heart,UBERON:0000948,sc_bulk,http://purl.obolibrary.org/obo/CL_0000236,B cell,284.907476,4.275801467615276E-4
https://entity.api.hubmapconsortium.org/entities/1b064b2d69bd87b5d71195afe125b8d4,http://purl.org/ccf/1.5/7439e95d-2761-4183-9055-ca6251da8e09,heart,UBERON:0000948,sc_bulk,http://purl.obolibrary.org/obo/CL_0000451,dendritic cell,272.41399,4.088303173346468E-4
https://entity.api.hubmapconsortium.org/entities/1b064b2d69bd87b5d71195afe125b8d4,http://purl.org/ccf/1.5/7439e95d-2761-4183-9055-ca6251da8e09,heart,UBERON:0000948,sc_bulk,https://purl.org/ccf/ASCTB-TEMP_atrial-cardiomyocyte,Atrial Cardiomyocyte,184.1108,2.763076771084177E-4
https://entity.api.hubmapconsortium.org/entities/1b064b2d69bd87b5d71195afe125b8d4,http://purl.org/ccf/1.5/7439e95d-2761-4183-9055-ca6251da8e09,heart,UBERON:0000948,sc_bulk,https://purl.org/ccf/ASCTB-TEMP_endothelial,Endothelial,35.59948,5.342657587207035E-5
https://entity.api.hubmapconsortium.org/entities/1b064b2d69bd87b5d71195afe125b8d4,http://purl.org/ccf/1.5/7439e95d-2761-4183-9055-ca6251da8e09,heart,UBERON:0000948,sc_bulk,http://purl.obolibrary.org/obo/CL_0000077,mesothelial cell,30.23032,4.536871002376905E-5
https://entity.api.hubmapconsortium.org/entities/221340e997dc0f2bf94e735098b148fe,http://purl.org/ccf/1.5/70ad7ae6-c9af-4975-98e2-98c249e36ddd,left kidney,UBERON:0004538,sc_bulk,https://purl.org/ccf/ASCTB-TEMP_descending-thin-limb-type-1,Descending Thin Limb Type 1,995.9703430000001,0.2173191521460362
https://entity.api.hubmapconsortium.org/entities/221340e997dc0f2bf94e735098b148fe,http://purl.org/ccf/1.5/70ad7ae6-c9af-4975-98e2-98c249e36ddd,left kidney,UBERON:0004538,sc_bulk,https://purl.org/ccf/ASCTB-TEMP_medullary-thick-ascending-limb,Medullary Thick Ascending Limb,968.659806,0.2113600362072869
https://entity.api.hubmapconsortium.org/entities/221340e997dc0f2bf94e735098b148fe,http://purl.org/ccf/1.5/70ad7ae6-c9af-4975-98e2-98c249e36ddd,left kidney,UBERON:0004538,sc_bulk,https://purl.org/ccf/ASCTB-TEMP_connecting-tubule,Connecting Tubule,672.7380380000001,0.1467903748962813
https://entity.api.hubmapconsortium.org/entities/221340e997dc0f2bf94e735098b148fe,http://purl.org/ccf/1.5/70ad7ae6-c9af-4975-98e2-98c249e36ddd,left kidney,UBERON:0004538,sc_bulk,https://purl.org/ccf/ASCTB-TEMP_inner-medullary-collecting-duct,Inner Medullary Collecting Duct,621.9196969999999,0.135701893339368
https://entity.api.hubmapconsortium.org/entities/221340e997dc0f2bf94e735098b148fe,http://purl.org/ccf/1.5/70ad7ae6-c9af-4975-98e2-98c249e36ddd,left kidney,UBERON:0004538,sc_bulk,https://purl.org/ccf/ASCTB-TEMP_cortical-thick-ascending-limb,Cortical Thick Ascending Limb,322.195196,0.07030248170777707
https://entity.api.hubmapconsortium.org/entities/221340e997dc0f2bf94e735098b148fe,http://purl.org/ccf/1.5/70ad7ae6-c9af-4975-98e2-98c249e36ddd,left kidney,UBERON:0004538,sc_bulk,https://purl.org/ccf/ASCTB-TEMP_outer-medullary-collecting-duct-principal,Outer Medullary Collecting Duct Principal,173.888609,0.03794221920494836
https://entity.api.hubmapconsortium.org/entities/221340e997dc0f2bf94e735098b148fe,http://purl.org/ccf/1.5/70ad7ae6-c9af-4975-98e2-98c249e36ddd,left kidney,UBERON:0004538,sc_bulk,https://purl.org/ccf/ASCTB-TEMP_descending-thin-limb-type-2,Descending Thin Limb Type 2,133.095655,0.02904126122048732
https://entity.api.hubmapconsortium.org/entities/221340e997dc0f2bf94e735098b148fe,http://purl.org/ccf/1.5/70ad7ae6-c9af-4975-98e2-98c249e36ddd,left kidney,UBERON:0004538,sc_bulk,https://purl.org/ccf/ASCTB-TEMP_descending-vasa-recta-endothelial,Descending Vasa Recta Endothelial,119.958941,0.02617485102210155
https://entity.api.hubmapconsortium.org/entities/221340e997dc0f2bf94e735098b148fe,http://purl.org/ccf/1.5/70ad7ae6-c9af-4975-98e2-98c249e36ddd,left kidney,UBERON:0004538,sc_bulk,https://purl.org/ccf/ASCTB-TEMP_ascending-vasa-recta-endothelial,Ascending Vasa Recta Endothelial,97.83394900000002,0.02134721279324133
https://entity.api.hubmapconsortium.org/entities/221340e997dc0f2bf94e735098b148fe,http://purl.org/ccf/1.5/70ad7ae6-c9af-4975-98e2-98c249e36ddd,left kidney,UBERON:0004538,sc_bulk,https://purl.org/ccf/ASCTB-TEMP_medullary-fibroblast,Medullary Fibroblast,78.474581,0.01712302934298862
https://entity.api.hubmapconsortium.org/entities/221340e997dc0f2bf94e735098b148fe,http://purl.org/ccf/1.5/70ad7ae6-c9af-4975-98e2-98c249e36ddd,left kidney,UBERON:0004538,sc_bulk,https://purl.org/ccf/ASCTB-TEMP_proximal-tubule-epithelial-segment-3,Proximal Tubule Epithelial Segment 3,67.412085,0.01470921022855851
https://entity.api.hubmapconsortium.org/entities/221340e997dc0f2bf94e735098b148fe,http://purl.org/ccf/1.5/70ad7ae6-c9af-4975-98e2-98c249e36ddd,left kidney,UBERON:0004538,sc_bulk,https://purl.org/ccf/ASCTB-TEMP_peritubular-capilary-endothelial,Peritubular Capilary Endothelial,44.94139000000001,0.00980614015237234
https://entity.api.hubmapconsortium.org/entities/221340e997dc0f2bf94e735098b148fe,http://purl.org/ccf/1.5/70ad7ae6-c9af-4975-98e2-98c249e36ddd,left kidney,UBERON:0004538,sc_bulk,https://purl.org/ccf/ASCTB-TEMP_vascular-smooth-muscle-pericyte,Vascular Smooth Muscle / Pericyte,42.52146900000001,0.009278117221090754
https://entity.api.hubmapconsortium.org/entities/221340e997dc0f2bf94e735098b148fe,http://purl.org/ccf/1.5/70ad7ae6-c9af-4975-98e2-98c249e36ddd,left kidney,UBERON:0004538,sc_bulk,https://purl.org/ccf/ASCTB-TEMP_distal-convoluted-tubule-type-1,Distal Convoluted Tubule Type 1,35.261706,0.007694048427245989
https://entity.api.hubmapconsortium.org/entities/221340e997dc0f2bf94e735098b148fe,http://purl.org/ccf/1.5/70ad7ae6-c9af-4975-98e2-98c249e36ddd,left kidney,UBERON:0004538,sc_bulk,https://purl.org/ccf/ASCTB-TEMP_outer-medullary-collecting-duct-intercalated-type-a,Outer Medullary Collecting Duct Intercalated Type A,31.458973,0.006864298106660638
https://entity.api.hubmapconsortium.org/entities/221340e997dc0f2bf94e735098b148fe,http://purl.org/ccf/1.5/70ad7ae6-c9af-4975-98e2-98c249e36ddd,left kidney,UBERON:0004538,sc_bulk,https://purl.org/ccf/ASCTB-TEMP_cortical-collecting-duct-intercalated-type-a,Cortical Collecting Duct Intercalated Type A,28.001943,0.006109979633401227
https://entity.api.hubmapconsortium.org/entities/221340e997dc0f2bf94e735098b148fe,http://purl.org/ccf/1.5/70ad7ae6-c9af-4975-98e2-98c249e36ddd,left kidney,UBERON:0004538,sc_bulk,https://purl.org/ccf/ASCTB-TEMP_cortical-collecting-duct-principal,Cortical Collecting Duct Principal,26.964834,0.005883684091423405
https://entity.api.hubmapconsortium.org/entities/221340e997dc0f2bf94e735098b148fe,http://purl.org/ccf/1.5/70ad7ae6-c9af-4975-98e2-98c249e36ddd,left kidney,UBERON:0004538,sc_bulk,https://purl.org/ccf/ASCTB-TEMP_fibroblast,Fibroblast,25.927725,0.00565738854944558
https://entity.api.hubmapconsortium.org/entities/221340e997dc0f2bf94e735098b148fe,http://purl.org/ccf/1.5/70ad7ae6-c9af-4975-98e2-98c249e36ddd,left kidney,UBERON:0004538,sc_bulk,https://purl.org/ccf/ASCTB-TEMP_proximal-tubule-epithelial-segment-1,Proximal Tubule Epithelial Segment 1,13.136714,0.002866410198385761
https://entity.api.hubmapconsortium.org/entities/221340e997dc0f2bf94e735098b148fe,http://purl.org/ccf/1.5/70ad7ae6-c9af-4975-98e2-98c249e36ddd,left kidney,UBERON:0004538,sc_bulk,https://purl.org/ccf/ASCTB-TEMP_macula-densa,Macula Densa,11.408199,0.002489250961756056
https://entity.api.hubmapconsortium.org/entities/221340e997dc0f2bf94e735098b148fe,http://purl.org/ccf/1.5/70ad7ae6-c9af-4975-98e2-98c249e36ddd,left kidney,UBERON:0004538,sc_bulk,https://purl.org/ccf/ASCTB-TEMP_afferent-efferent-arteriole-endothelial,Afferent / Efferent Arteriole Endothelial,11.408199,0.002489250961756056
https://entity.api.hubmapconsortium.org/entities/221340e997dc0f2bf94e735098b148fe,http://purl.org/ccf/1.5/70ad7ae6-c9af-4975-98e2-98c249e36ddd,left kidney,UBERON:0004538,sc_bulk,https://purl.org/ccf/ASCTB-TEMP_tissue-resident-macrophage,Tissue-resident Macrophage,9.679684000000002,0.00211209172512635
https://entity.api.hubmapconsortium.org/entities/221340e997dc0f2bf94e735098b148fe,http://purl.org/ccf/1.5/70ad7ae6-c9af-4975-98e2-98c249e36ddd,left kidney,UBERON:0004538,sc_bulk,https://purl.org/ccf/ASCTB-TEMP_connecting-tubule-principal,Connecting Tubule Principal,8.988278000000001,0.001961228030474468
https://entity.api.hubmapconsortium.org/entities/221340e997dc0f2bf94e735098b148fe,http://purl.org/ccf/1.5/70ad7ae6-c9af-4975-98e2-98c249e36ddd,left kidney,UBERON:0004538,sc_bulk,https://purl.org/ccf/ASCTB-TEMP_glomerular-capillary-endothelial,Glomerular Capillary Endothelial,6.914060000000001,0.001508636946518822
https://entity.api.hubmapconsortium.org/entities/221340e997dc0f2bf94e735098b148fe,http://purl.org/ccf/1.5/70ad7ae6-c9af-4975-98e2-98c249e36ddd,left kidney,UBERON:0004538,sc_bulk,https://purl.org/ccf/ASCTB-TEMP_monocyte-derived,Monocyte-derived,5.531248000000001,0.001206909557215057
https://entity.api.hubmapconsortium.org/entities/221340e997dc0f2bf94e735098b148fe,http://purl.org/ccf/1.5/70ad7ae6-c9af-4975-98e2-98c249e36ddd,left kidney,UBERON:0004538,sc_bulk,https://purl.org/ccf/ASCTB-TEMP_lymphatic-endothelial,Lymphatic Endothelial,3.802733,8.297503205853519E-4
https://entity.api.hubmapconsortium.org/entities/221340e997dc0f2bf94e735098b148fe,http://purl.org/ccf/1.5/70ad7ae6-c9af-4975-98e2-98c249e36ddd,left kidney,UBERON:0004538,sc_bulk,https://purl.org/ccf/ASCTB-TEMP_podocyte,Podocyte,3.45703,7.543184732594107E-4
https://entity.api.hubmapconsortium.org/entities/221340e997dc0f2bf94e735098b148fe,http://purl.org/ccf/1.5/70ad7ae6-c9af-4975-98e2-98c249e36ddd,left kidney,UBERON:0004538,sc_bulk,https://purl.org/ccf/ASCTB-TEMP_cortical-vascular-smooth-muscle-pericyte,Cortical Vascular Smooth Muscle / Pericyte,3.45703,7.543184732594109E-4
https://entity.api.hubmapconsortium.org/entities/221340e997dc0f2bf94e735098b148fe,http://purl.org/ccf/1.5/70ad7ae6-c9af-4975-98e2-98c249e36ddd,left kidney,UBERON:0004538,sc_bulk,https://purl.org/ccf/ASCTB-TEMP_parietal-epithelial,Parietal Epithelial,2.765624,6.034547786075286E-4
https://entity.api.hubmapconsortium.org/entities/221340e997dc0f2bf94e735098b148fe,http://purl.org/ccf/1.5/70ad7ae6-c9af-4975-98e2-98c249e36ddd,left kidney,UBERON:0004538,sc_bulk,https://purl.org/ccf/ASCTB-TEMP_t,T,2.765624,6.034547786075286E-4
https://entity.api.hubmapconsortium.org/entities/221340e997dc0f2bf94e735098b148fe,http://purl.org/ccf/1.5/70ad7ae6-c9af-4975-98e2-98c249e36ddd,left kidney,UBERON:0004538,sc_bulk,https://purl.org/ccf/ASCTB-TEMP_monocyte,Monocyte,2.074218,4.525910839556464E-4
https://entity.api.hubmapconsortium.org/entities/221340e997dc0f2bf94e735098b148fe,http://purl.org/ccf/1.5/70ad7ae6-c9af-4975-98e2-98c249e36ddd,left kidney,UBERON:0004538,sc_bulk,https://purl.org/ccf/ASCTB-TEMP_natural-killer-natural-killer-t,Natural Killer / Natural Killer T,1.728515,3.771592366297054E-4
https://entity.api.hubmapconsortium.org/entities/221340e997dc0f2bf94e735098b148fe,http://purl.org/ccf/1.5/70ad7ae6-c9af-4975-98e2-98c249e36ddd,left kidney,UBERON:0004538,sc_bulk,https://purl.org/ccf/ASCTB-TEMP_descending-thin-limb-type-3,Descending Thin Limb Type 3,1.382812,3.017273893037643E-4
https://entity.api.hubmapconsortium.org/entities/221340e997dc0f2bf94e735098b148fe,http://purl.org/ccf/1.5/70ad7ae6-c9af-4975-98e2-98c249e36ddd,left kidney,UBERON:0004538,sc_bulk,https://purl.org/ccf/ASCTB-TEMP_schwann-neural,Schwann / Neural,1.382812,3.017273893037643E-4
https://entity.api.hubmapconsortium.org/entities/221340e997dc0f2bf94e735098b148fe,http://purl.org/ccf/1.5/70ad7ae6-c9af-4975-98e2-98c249e36ddd,left kidney,UBERON:0004538,sc_bulk,https://purl.org/ccf/ASCTB-TEMP_distal-convoluted-tubule-type-2,Distal Convoluted Tubule Type 2,1.037109,2.262955419778232E-4
https://entity.api.hubmapconsortium.org/entities/221340e997dc0f2bf94e735098b148fe,http://purl.org/ccf/1.5/70ad7ae6-c9af-4975-98e2-98c249e36ddd,left kidney,UBERON:0004538,sc_bulk,https://purl.org/ccf/ASCTB-TEMP_intercalated-type-b,Intercalated Type B,1.037109,2.262955419778232E-4
https://entity.api.hubmapconsortium.org/entities/221340e997dc0f2bf94e735098b148fe,http://purl.org/ccf/1.5/70ad7ae6-c9af-4975-98e2-98c249e36ddd,left kidney,UBERON:0004538,sc_bulk,https://purl.org/ccf/ASCTB-TEMP_proximal-tubule-epithelial-segment-2,Proximal Tubule Epithelial Segment 2,0.6914060000000001,1.508636946518822E-4
https://entity.api.hubmapconsortium.org/entities/221340e997dc0f2bf94e735098b148fe,http://purl.org/ccf/1.5/70ad7ae6-c9af-4975-98e2-98c249e36ddd,left kidney,UBERON:0004538,sc_bulk,https://purl.org/ccf/ASCTB-TEMP_mesangial,Mesangial,0.6914060000000001,1.508636946518822E-4
https://entity.api.hubmapconsortium.org/entities/221340e997dc0f2bf94e735098b148fe,http://purl.org/ccf/1.5/70ad7ae6-c9af-4975-98e2-98c249e36ddd,left kidney,UBERON:0004538,sc_bulk,https://purl.org/ccf/ASCTB-TEMP_b,B,0.6914060000000001,1.508636946518822E-4
https://entity.api.hubmapconsortium.org/entities/221340e997dc0f2bf94e735098b148fe,http://purl.org/ccf/1.5/70ad7ae6-c9af-4975-98e2-98c249e36ddd,left kidney,UBERON:0004538,sc_bulk,https://purl.org/ccf/ASCTB-TEMP_m2-macrophage,M2 Macrophage,0.345703,7.543184732594108E-5
https://entity.api.hubmapconsortium.org/entities/221340e997dc0f2bf94e735098b148fe,http://purl.org/ccf/1.5/70ad7ae6-c9af-4975-98e2-98c249e36ddd,left kidney,UBERON:0004538,sc_bulk,https://purl.org/ccf/ASCTB-TEMP_cycling-mononuclear-phagocyte,Cycling Mononuclear Phagocyte,0.345703,7.543184732594108E-5
https://entity.api.hubmapconsortium.org/entities/221340e997dc0f2bf94e735098b148fe,http://purl.org/ccf/1.5/70ad7ae6-c9af-4975-98e2-98c249e36ddd,left kidney,UBERON:0004538,sc_bulk,https://purl.org/ccf/ASCTB-TEMP_plasma,Plasma,0.345703,7.543184732594108E-5
https://entity.api.hubmapconsortium.org/entities/221340e997dc0f2bf94e735098b148fe,http://purl.org/ccf/1.5/70ad7ae6-c9af-4975-98e2-98c249e36ddd,left kidney,UBERON:0004538,sc_bulk,https://purl.org/ccf/ASCTB-TEMP_mast,Mast,0.345703,7.543184732594108E-5
https://entity.api.hubmapconsortium.org/entities/221340e997dc0f2bf94e735098b148fe,http://purl.org/ccf/1.5/70ad7ae6-c9af-4975-98e2-98c249e36ddd,left kidney,UBERON:0004538,sc_bulk,https://purl.org/ccf/ASCTB-TEMP_ascending-thin-limb,Ascending Thin Limb,0.345703,7.543184732594108E-5
https://entity.api.hubmapconsortium.org/entities/23a7cbea104f32a93d4dccfa23578bef,http://purl.org/ccf/1.5/000408ff-5c1a-4f08-9565-9175e32c47ac,skin of body,UBERON:0002097,spatial,https://purl.org/ccf/ASCTB-TEMP_t-helper,T-helper,4672.785316,0.7799656838724318
https://entity.api.hubmapconsortium.org/entities/23a7cbea104f32a93d4dccfa23578bef,http://purl.org/ccf/1.5/000408ff-5c1a-4f08-9565-9175e32c47ac,skin of body,UBERON:0002097,spatial,https://purl.org/ccf/ASCTB-TEMP_t-reg,T-reg,636.290902,0.1062075475243675
https://entity.api.hubmapconsortium.org/entities/23a7cbea104f32a93d4dccfa23578bef,http://purl.org/ccf/1.5/000408ff-5c1a-4f08-9565-9175e32c47ac,skin of body,UBERON:0002097,spatial,https://purl.org/ccf/ASCTB-TEMP_cd68-macrophage,CD68 / Macrophage,505.061592,0.08430319035910512
https://entity.api.hubmapconsortium.org/entities/23a7cbea104f32a93d4dccfa23578bef,http://purl.org/ccf/1.5/000408ff-5c1a-4f08-9565-9175e32c47ac,skin of body,UBERON:0002097,spatial,https://purl.org/ccf/ASCTB-TEMP_t-killer,T-Killer,176.87617,0.0295235782440955
https://entity.api.hubmapconsortium.org/entities/24bdccf12d2200cebf572bb04b43eca2,http://purl.org/ccf/1.5/1f219f96-cbc5-49e6-a4b9-7663e0e64ecc,respiratory system,UBERON:0001004,sc_bulk,https://purl.org/ccf/ASCTB-TEMP_at2,AT2,18852.660566,0.2113389652784916
https://entity.api.hubmapconsortium.org/entities/24bdccf12d2200cebf572bb04b43eca2,http://purl.org/ccf/1.5/1f219f96-cbc5-49e6-a4b9-7663e0e64ecc,respiratory system,UBERON:0001004,sc_bulk,https://purl.org/ccf/ASCTB-TEMP_ec-general-capillary,EC general capillary,14820.186612,0.1661347952905288
https://entity.api.hubmapconsortium.org/entities/24bdccf12d2200cebf572bb04b43eca2,http://purl.org/ccf/1.5/1f219f96-cbc5-49e6-a4b9-7663e0e64ecc,respiratory system,UBERON:0001004,sc_bulk,https://purl.org/ccf/ASCTB-TEMP_cd4-t-cells,CD4 T cells,10679.263518,0.1197149067596736
https://entity.api.hubmapconsortium.org/entities/24bdccf12d2200cebf572bb04b43eca2,http://purl.org/ccf/1.5/1f219f96-cbc5-49e6-a4b9-7663e0e64ecc,respiratory system,UBERON:0001004,sc_bulk,https://purl.org/ccf/ASCTB-TEMP_at1,AT1,9798.62227,0.1098428884584727
https://entity.api.hubmapconsortium.org/entities/24bdccf12d2200cebf572bb04b43eca2,http://purl.org/ccf/1.5/1f219f96-cbc5-49e6-a4b9-7663e0e64ecc,respiratory system,UBERON:0001004,sc_bulk,https://purl.org/ccf/ASCTB-TEMP_cd8-t-cells,CD8 T cells,6391.463406,0.0716485218683369
https://entity.api.hubmapconsortium.org/entities/24bdccf12d2200cebf572bb04b43eca2,http://purl.org/ccf/1.5/1f219f96-cbc5-49e6-a4b9-7663e0e64ecc,respiratory system,UBERON:0001004,sc_bulk,http://purl.obolibrary.org/obo/CL_0000583,alveolar macrophage,2568.179,0.02878937381861052
https://entity.api.hubmapconsortium.org/entities/24bdccf12d2200cebf572bb04b43eca2,http://purl.org/ccf/1.5/1f219f96-cbc5-49e6-a4b9-7663e0e64ecc,respiratory system,UBERON:0001004,sc_bulk,https://purl.org/ccf/ASCTB-TEMP_alveolar-fibroblasts,Alveolar fibroblasts,2473.131207,0.02772388483076702
https://entity.api.hubmapconsortium.org/entities/24bdccf12d2200cebf572bb04b43eca2,http://purl.org/ccf/1.5/1f219f96-cbc5-49e6-a4b9-7663e0e64ecc,respiratory system,UBERON:0001004,sc_bulk,http://purl.obolibrary.org/obo/CL_0002063,type II pneumocyte,2105.89,0.02360709842689069
https://entity.api.hubmapconsortium.org/entities/24bdccf12d2200cebf572bb04b43eca2,http://purl.org/ccf/1.5/1f219f96-cbc5-49e6-a4b9-7663e0e64ecc,respiratory system,UBERON:0001004,sc_bulk,http://purl.obolibrary.org/obo/CL_0000057,fibroblast,2100.017,0.0235412618974133
https://entity.api.hubmapconsortium.org/entities/24bdccf12d2200cebf572bb04b43eca2,http://purl.org/ccf/1.5/1f219f96-cbc5-49e6-a4b9-7663e0e64ecc,respiratory system,UBERON:0001004,sc_bulk,https://purl.org/ccf/ASCTB-TEMP_ec-venous-systemic,EC venous systemic,1678.303718,0.01881384168263422
https://entity.api.hubmapconsortium.org/entities/24bdccf12d2200cebf572bb04b43eca2,http://purl.org/ccf/1.5/1f219f96-cbc5-49e6-a4b9-7663e0e64ecc,respiratory system,UBERON:0001004,sc_bulk,https://purl.org/ccf/ASCTB-TEMP_multiciliated-non-nasal-,Multiciliated (non-nasal),1591.688714,0.01784288454590176
https://entity.api.hubmapconsortium.org/entities/24bdccf12d2200cebf572bb04b43eca2,http://purl.org/ccf/1.5/1f219f96-cbc5-49e6-a4b9-7663e0e64ecc,respiratory system,UBERON:0001004,sc_bulk,http://purl.obolibrary.org/obo/CL_0002062,type I pneumocyte,1163.693,0.01304503805501888
https://entity.api.hubmapconsortium.org/entities/24bdccf12d2200cebf572bb04b43eca2,http://purl.org/ccf/1.5/1f219f96-cbc5-49e6-a4b9-7663e0e64ecc,respiratory system,UBERON:0001004,sc_bulk,https://purl.org/ccf/ASCTB-TEMP_smooth-muscle,Smooth muscle,1027.672642,0.01152024522188566
https://entity.api.hubmapconsortium.org/entities/24bdccf12d2200cebf572bb04b43eca2,http://purl.org/ccf/1.5/1f219f96-cbc5-49e6-a4b9-7663e0e64ecc,respiratory system,UBERON:0001004,sc_bulk,http://purl.obolibrary.org/obo/CL_0000576,monocyte,1025.258,0.01149317700305196
https://entity.api.hubmapconsortium.org/entities/24bdccf12d2200cebf572bb04b43eca2,http://purl.org/ccf/1.5/1f219f96-cbc5-49e6-a4b9-7663e0e64ecc,respiratory system,UBERON:0001004,sc_bulk,http://purl.obolibrary.org/obo/CL_0000084,T cell,935.485,0.01048681862389766
https://entity.api.hubmapconsortium.org/entities/24bdccf12d2200cebf572bb04b43eca2,http://purl.org/ccf/1.5/1f219f96-cbc5-49e6-a4b9-7663e0e64ecc,respiratory system,UBERON:0001004,sc_bulk,https://purl.org/ccf/ASCTB-TEMP_pericytes,Pericytes,897.712381,0.01006338628195461
https://entity.api.hubmapconsortium.org/entities/24bdccf12d2200cebf572bb04b43eca2,http://purl.org/ccf/1.5/1f219f96-cbc5-49e6-a4b9-7663e0e64ecc,respiratory system,UBERON:0001004,sc_bulk,https://purl.org/ccf/ASCTB-TEMP_ec-arterial,EC arterial,892.3276790000001,0.01000302358964235
https://entity.api.hubmapconsortium.org/entities/24bdccf12d2200cebf572bb04b43eca2,http://purl.org/ccf/1.5/1f219f96-cbc5-49e6-a4b9-7663e0e64ecc,respiratory system,UBERON:0001004,sc_bulk,https://purl.org/ccf/ASCTB-TEMP_transitional-club-at2,Transitional Club-AT2,807.882329,0.009056388347942526
https://entity.api.hubmapconsortium.org/entities/24bdccf12d2200cebf572bb04b43eca2,http://purl.org/ccf/1.5/1f219f96-cbc5-49e6-a4b9-7663e0e64ecc,respiratory system,UBERON:0001004,sc_bulk,http://purl.obolibrary.org/obo/CL_0000115,endothelial cell,797.05,0.008934957571930737
https://entity.api.hubmapconsortium.org/entities/24bdccf12d2200cebf572bb04b43eca2,http://purl.org/ccf/1.5/1f219f96-cbc5-49e6-a4b9-7663e0e64ecc,respiratory system,UBERON:0001004,sc_bulk,http://purl.obolibrary.org/obo/CL_0000003,native cell,682.946,0.007655847856370127
https://entity.api.hubmapconsortium.org/entities/24bdccf12d2200cebf572bb04b43eca2,http://purl.org/ccf/1.5/1f219f96-cbc5-49e6-a4b9-7663e0e64ecc,respiratory system,UBERON:0001004,sc_bulk,https://purl.org/ccf/ASCTB-TEMP_b-cells,B cells,599.099696,0.006715927940677001
https://entity.api.hubmapconsortium.org/entities/24bdccf12d2200cebf572bb04b43eca2,http://purl.org/ccf/1.5/1f219f96-cbc5-49e6-a4b9-7663e0e64ecc,respiratory system,UBERON:0001004,sc_bulk,https://purl.org/ccf/ASCTB-TEMP_alveolar-macrophages,Alveolar macrophages,558.759737,0.006263715630133841
https://entity.api.hubmapconsortium.org/entities/24bdccf12d2200cebf572bb04b43eca2,http://purl.org/ccf/1.5/1f219f96-cbc5-49e6-a4b9-7663e0e64ecc,respiratory system,UBERON:0001004,sc_bulk,https://purl.org/ccf/ASCTB-TEMP_ec-aerocyte-capillary,EC aerocyte capillary,457.5897609999999,0.005129596762919422
https://entity.api.hubmapconsortium.org/entities/24bdccf12d2200cebf572bb04b43eca2,http://purl.org/ccf/1.5/1f219f96-cbc5-49e6-a4b9-7663e0e64ecc,respiratory system,UBERON:0001004,sc_bulk,http://purl.obolibrary.org/obo/CL_0000236,B cell,453.06,0.005078817988255367
https://entity.api.hubmapconsortium.org/entities/24bdccf12d2200cebf572bb04b43eca2,http://purl.org/ccf/1.5/1f219f96-cbc5-49e6-a4b9-7663e0e64ecc,respiratory system,UBERON:0001004,sc_bulk,https://purl.org/ccf/ASCTB-TEMP_adventitial-fibroblasts,Adventitial fibroblasts,444.8117909999999,0.004986355285213627
https://entity.api.hubmapconsortium.org/entities/24bdccf12d2200cebf572bb04b43eca2,http://purl.org/ccf/1.5/1f219f96-cbc5-49e6-a4b9-7663e0e64ecc,respiratory system,UBERON:0001004,sc_bulk,https://purl.org/ccf/ASCTB-TEMP_lymphatic-ec-mature,Lymphatic EC mature,432.250283,0.00484554035388
https://entity.api.hubmapconsortium.org/entities/24bdccf12d2200cebf572bb04b43eca2,http://purl.org/ccf/1.5/1f219f96-cbc5-49e6-a4b9-7663e0e64ecc,respiratory system,UBERON:0001004,sc_bulk,http://purl.obolibrary.org/obo/CL_0000623,natural killer cell,417.822,0.004683798811391061
https://entity.api.hubmapconsortium.org/entities/24bdccf12d2200cebf572bb04b43eca2,http://purl.org/ccf/1.5/1f219f96-cbc5-49e6-a4b9-7663e0e64ecc,respiratory system,UBERON:0001004,sc_bulk,http://purl.obolibrary.org/obo/CL_0000158,club cell,333.083,0.003733871743217371
https://entity.api.hubmapconsortium.org/entities/24bdccf12d2200cebf572bb04b43eca2,http://purl.org/ccf/1.5/1f219f96-cbc5-49e6-a4b9-7663e0e64ecc,respiratory system,UBERON:0001004,sc_bulk,http://purl.obolibrary.org/obo/CL_0000669,pericyte,311.269,0.003489336062301372
https://entity.api.hubmapconsortium.org/entities/24bdccf12d2200cebf572bb04b43eca2,http://purl.org/ccf/1.5/1f219f96-cbc5-49e6-a4b9-7663e0e64ecc,respiratory system,UBERON:0001004,sc_bulk,https://purl.org/ccf/ASCTB-TEMP_classical-monocytes,Classical monocytes,290.81418,0.003260036835350139
https://entity.api.hubmapconsortium.org/entities/24bdccf12d2200cebf572bb04b43eca2,http://purl.org/ccf/1.5/1f219f96-cbc5-49e6-a4b9-7663e0e64ecc,respiratory system,UBERON:0001004,sc_bulk,http://purl.obolibrary.org/obo/CL_0000235,macrophage,286.938,0.003216584725895066
https://entity.api.hubmapconsortium.org/entities/24bdccf12d2200cebf572bb04b43eca2,http://purl.org/ccf/1.5/1f219f96-cbc5-49e6-a4b9-7663e0e64ecc,respiratory system,UBERON:0001004,sc_bulk,http://purl.obolibrary.org/obo/CL_0000064,ciliated cell,281.904,0.003160153414914451
https://entity.api.hubmapconsortium.org/entities/24bdccf12d2200cebf572bb04b43eca2,http://purl.org/ccf/1.5/1f219f96-cbc5-49e6-a4b9-7663e0e64ecc,respiratory system,UBERON:0001004,sc_bulk,https://purl.org/ccf/ASCTB-TEMP_basal-resting,Basal resting,280.4156139999999,0.003143468557301181
https://entity.api.hubmapconsortium.org/entities/24bdccf12d2200cebf572bb04b43eca2,http://purl.org/ccf/1.5/1f219f96-cbc5-49e6-a4b9-7663e0e64ecc,respiratory system,UBERON:0001004,sc_bulk,http://purl.obolibrary.org/obo/CL_0000066,epithelial cell,276.031,0.003094316885437066
https://entity.api.hubmapconsortium.org/entities/24bdccf12d2200cebf572bb04b43eca2,http://purl.org/ccf/1.5/1f219f96-cbc5-49e6-a4b9-7663e0e64ecc,respiratory system,UBERON:0001004,sc_bulk,https://purl.org/ccf/ASCTB-TEMP_plasma-cells,Plasma cells,241.357647,0.002705627420621086
https://entity.api.hubmapconsortium.org/entities/24bdccf12d2200cebf572bb04b43eca2,http://purl.org/ccf/1.5/1f219f96-cbc5-49e6-a4b9-7663e0e64ecc,respiratory system,UBERON:0001004,sc_bulk,https://purl.org/ccf/ASCTB-TEMP_club-non-nasal-,Club (non-nasal),215.836945,0.00241953948438636
https://entity.api.hubmapconsortium.org/entities/24bdccf12d2200cebf572bb04b43eca2,http://purl.org/ccf/1.5/1f219f96-cbc5-49e6-a4b9-7663e0e64ecc,respiratory system,UBERON:0001004,sc_bulk,http://purl.obolibrary.org/obo/CL_0000192,smooth muscle cell,201.36,0.002257252439224607
https://entity.api.hubmapconsortium.org/entities/24bdccf12d2200cebf572bb04b43eca2,http://purl.org/ccf/1.5/1f219f96-cbc5-49e6-a4b9-7663e0e64ecc,respiratory system,UBERON:0001004,sc_bulk,http://purl.obolibrary.org/obo/CL_0000186,myofibroblast cell,199.682,0.002238442002231069
https://entity.api.hubmapconsortium.org/entities/24bdccf12d2200cebf572bb04b43eca2,http://purl.org/ccf/1.5/1f219f96-cbc5-49e6-a4b9-7663e0e64ecc,respiratory system,UBERON:0001004,sc_bulk,https://purl.org/ccf/ASCTB-TEMP_at2-proliferating,AT2 proliferating,155.329943,0.001741253936836359
https://entity.api.hubmapconsortium.org/entities/24bdccf12d2200cebf572bb04b43eca2,http://purl.org/ccf/1.5/1f219f96-cbc5-49e6-a4b9-7663e0e64ecc,respiratory system,UBERON:0001004,sc_bulk,https://purl.org/ccf/ASCTB-TEMP_monocyte-derived-m-,Monocyte-derived Mφ,142.249094,0.00159461717525323
https://entity.api.hubmapconsortium.org/entities/24bdccf12d2200cebf572bb04b43eca2,http://purl.org/ccf/1.5/1f219f96-cbc5-49e6-a4b9-7663e0e64ecc,respiratory system,UBERON:0001004,sc_bulk,https://purl.org/ccf/ASCTB-TEMP_mast-cells,Mast cells,133.207191,0.001493257135513549
https://entity.api.hubmapconsortium.org/entities/24bdccf12d2200cebf572bb04b43eca2,http://purl.org/ccf/1.5/1f219f96-cbc5-49e6-a4b9-7663e0e64ecc,respiratory system,UBERON:0001004,sc_bulk,https://purl.org/ccf/ASCTB-TEMP_ec-venous-pulmonary,EC venous pulmonary,128.512147,0.001440625532805629
https://entity.api.hubmapconsortium.org/entities/24bdccf12d2200cebf572bb04b43eca2,http://purl.org/ccf/1.5/1f219f96-cbc5-49e6-a4b9-7663e0e64ecc,respiratory system,UBERON:0001004,sc_bulk,https://purl.org/ccf/ASCTB-TEMP_non-classical-monocytes,Non-classical monocytes,106.59495,0.001194933010014527
https://entity.api.hubmapconsortium.org/entities/24bdccf12d2200cebf572bb04b43eca2,http://purl.org/ccf/1.5/1f219f96-cbc5-49e6-a4b9-7663e0e64ecc,respiratory system,UBERON:0001004,sc_bulk,https://purl.org/ccf/ASCTB-TEMP_dc2,DC2,97.297152,0.00109070437863333
https://entity.api.hubmapconsortium.org/entities/24bdccf12d2200cebf572bb04b43eca2,http://purl.org/ccf/1.5/1f219f96-cbc5-49e6-a4b9-7663e0e64ecc,respiratory system,UBERON:0001004,sc_bulk,http://purl.obolibrary.org/obo/CL_0000595,enucleate erythrocyte,94.807,0.001062789690134919
https://entity.api.hubmapconsortium.org/entities/24bdccf12d2200cebf572bb04b43eca2,http://purl.org/ccf/1.5/1f219f96-cbc5-49e6-a4b9-7663e0e64ecc,respiratory system,UBERON:0001004,sc_bulk,http://purl.obolibrary.org/obo/CL_0000359,vascular associated smooth muscle cell,82.222,9.217114126833814E-4
https://entity.api.hubmapconsortium.org/entities/24bdccf12d2200cebf572bb04b43eca2,http://purl.org/ccf/1.5/1f219f96-cbc5-49e6-a4b9-7663e0e64ecc,respiratory system,UBERON:0001004,sc_bulk,http://purl.obolibrary.org/obo/CL_1000413,endothelial cell of artery,77.188,8.652801017027663E-4
https://entity.api.hubmapconsortium.org/entities/24bdccf12d2200cebf572bb04b43eca2,http://purl.org/ccf/1.5/1f219f96-cbc5-49e6-a4b9-7663e0e64ecc,respiratory system,UBERON:0001004,sc_bulk,http://purl.obolibrary.org/obo/CL_0000160,goblet cell,77.188,8.652801017027663E-4
https://entity.api.hubmapconsortium.org/entities/24bdccf12d2200cebf572bb04b43eca2,http://purl.org/ccf/1.5/1f219f96-cbc5-49e6-a4b9-7663e0e64ecc,respiratory system,UBERON:0001004,sc_bulk,http://purl.obolibrary.org/obo/CL_0000451,dendritic cell,63.764,7.14796605754459E-4
https://entity.api.hubmapconsortium.org/entities/24bdccf12d2200cebf572bb04b43eca2,http://purl.org/ccf/1.5/1f219f96-cbc5-49e6-a4b9-7663e0e64ecc,respiratory system,UBERON:0001004,sc_bulk,http://purl.obolibrary.org/obo/CL_0000646,basal cell,58.73,6.583652947738438E-4
https://entity.api.hubmapconsortium.org/entities/24bdccf12d2200cebf572bb04b43eca2,http://purl.org/ccf/1.5/1f219f96-cbc5-49e6-a4b9-7663e0e64ecc,respiratory system,UBERON:0001004,sc_bulk,https://purl.org/ccf/ASCTB-TEMP_nk-cells,NK cells,54.47459199999999,6.106620265582304E-4
https://entity.api.hubmapconsortium.org/entities/24bdccf12d2200cebf572bb04b43eca2,http://purl.org/ccf/1.5/1f219f96-cbc5-49e6-a4b9-7663e0e64ecc,respiratory system,UBERON:0001004,sc_bulk,https://purl.org/ccf/ASCTB-TEMP_smg-serous-bronchial-,SMG serous (bronchial),51.17899999999999,5.737183283029211E-4
https://entity.api.hubmapconsortium.org/entities/24bdccf12d2200cebf572bb04b43eca2,http://purl.org/ccf/1.5/1f219f96-cbc5-49e6-a4b9-7663e0e64ecc,respiratory system,UBERON:0001004,sc_bulk,http://purl.obolibrary.org/obo/CL_0002543,vein endothelial cell,49.501,5.549078913093826E-4
https://entity.api.hubmapconsortium.org/entities/24bdccf12d2200cebf572bb04b43eca2,http://purl.org/ccf/1.5/1f219f96-cbc5-49e6-a4b9-7663e0e64ecc,respiratory system,UBERON:0001004,sc_bulk,https://purl.org/ccf/ASCTB-TEMP_myofibroblasts,Myofibroblasts,47.384203,5.31178525042034E-4
https://entity.api.hubmapconsortium.org/entities/24bdccf12d2200cebf572bb04b43eca2,http://purl.org/ccf/1.5/1f219f96-cbc5-49e6-a4b9-7663e0e64ecc,respiratory system,UBERON:0001004,sc_bulk,http://purl.obolibrary.org/obo/CL_0000138,chondrocyte,44.467,4.984765803287674E-4
https://entity.api.hubmapconsortium.org/entities/24bdccf12d2200cebf572bb04b43eca2,http://purl.org/ccf/1.5/1f219f96-cbc5-49e6-a4b9-7663e0e64ecc,respiratory system,UBERON:0001004,sc_bulk,http://purl.obolibrary.org/obo/CL_0000097,mast cell,36.916,4.138296138578447E-4
https://entity.api.hubmapconsortium.org/entities/24bdccf12d2200cebf572bb04b43eca2,http://purl.org/ccf/1.5/1f219f96-cbc5-49e6-a4b9-7663e0e64ecc,respiratory system,UBERON:0001004,sc_bulk,https://purl.org/ccf/ASCTB-TEMP_peribronchial-fibroblasts,Peribronchial fibroblasts,31.466695,3.527427197213288E-4
https://entity.api.hubmapconsortium.org/entities/24bdccf12d2200cebf572bb04b43eca2,http://purl.org/ccf/1.5/1f219f96-cbc5-49e6-a4b9-7663e0e64ecc,respiratory system,UBERON:0001004,sc_bulk,https://purl.org/ccf/ASCTB-TEMP_goblet-bronchial-,Goblet (bronchial),26.159181,2.932453075107668E-4
https://entity.api.hubmapconsortium.org/entities/24bdccf12d2200cebf572bb04b43eca2,http://purl.org/ccf/1.5/1f219f96-cbc5-49e6-a4b9-7663e0e64ecc,respiratory system,UBERON:0001004,sc_bulk,https://purl.org/ccf/ASCTB-TEMP_ionocyte,Ionocyte,23.641342,2.650202468019624E-4
https://entity.api.hubmapconsortium.org/entities/24bdccf12d2200cebf572bb04b43eca2,http://purl.org/ccf/1.5/1f219f96-cbc5-49e6-a4b9-7663e0e64ecc,respiratory system,UBERON:0001004,sc_bulk,http://purl.obolibrary.org/obo/CL_1000223,lung neuroendocrine cell,15.941,1.786991514386148E-4
https://entity.api.hubmapconsortium.org/entities/24bdccf12d2200cebf572bb04b43eca2,http://purl.org/ccf/1.5/1f219f96-cbc5-49e6-a4b9-7663e0e64ecc,respiratory system,UBERON:0001004,sc_bulk,http://purl.obolibrary.org/obo/CL_0000071,blood vessel endothelial cell,7.551,8.464696647092278E-5
https://entity.api.hubmapconsortium.org/entities/24bdccf12d2200cebf572bb04b43eca2,http://purl.org/ccf/1.5/1f219f96-cbc5-49e6-a4b9-7663e0e64ecc,respiratory system,UBERON:0001004,sc_bulk,https://purl.org/ccf/ASCTB-TEMP_club-nasal-,Club (nasal),7.547644,8.46093455969357E-5
https://entity.api.hubmapconsortium.org/entities/24bdccf12d2200cebf572bb04b43eca2,http://purl.org/ccf/1.5/1f219f96-cbc5-49e6-a4b9-7663e0e64ecc,respiratory system,UBERON:0001004,sc_bulk,https://purl.org/ccf/ASCTB-TEMP_t-cells-proliferating,T cells proliferating,5.539078,6.209325251567024E-5
https://entity.api.hubmapconsortium.org/entities/24bdccf12d2200cebf572bb04b43eca2,http://purl.org/ccf/1.5/1f219f96-cbc5-49e6-a4b9-7663e0e64ecc,respiratory system,UBERON:0001004,sc_bulk,https://purl.org/ccf/ASCTB-TEMP_plasmacytoid-dcs,Plasmacytoid DCs,4.881302,5.471956121420319E-5
https://entity.api.hubmapconsortium.org/entities/24bdccf12d2200cebf572bb04b43eca2,http://purl.org/ccf/1.5/1f219f96-cbc5-49e6-a4b9-7663e0e64ecc,respiratory system,UBERON:0001004,sc_bulk,https://purl.org/ccf/ASCTB-TEMP_goblet-nasal-,Goblet (nasal),4.630440999999999,5.19074008836692E-5
https://entity.api.hubmapconsortium.org/entities/24bdccf12d2200cebf572bb04b43eca2,http://purl.org/ccf/1.5/1f219f96-cbc5-49e6-a4b9-7663e0e64ecc,respiratory system,UBERON:0001004,sc_bulk,https://purl.org/ccf/ASCTB-TEMP_interstitial-m-perivascular,Interstitial Mφ perivascular,2.354234,2.639104310193437E-5
https://entity.api.hubmapconsortium.org/entities/24bdccf12d2200cebf572bb04b43eca2,http://purl.org/ccf/1.5/1f219f96-cbc5-49e6-a4b9-7663e0e64ecc,respiratory system,UBERON:0001004,sc_bulk,https://purl.org/ccf/ASCTB-TEMP_smg-duct,SMG duct,1.344917,1.507656525032103E-5
https://entity.api.hubmapconsortium.org/entities/24bdccf12d2200cebf572bb04b43eca2,http://purl.org/ccf/1.5/1f219f96-cbc5-49e6-a4b9-7663e0e64ecc,respiratory system,UBERON:0001004,sc_bulk,https://purl.org/ccf/ASCTB-TEMP_suprabasal,Suprabasal,0.7148279999999999,8.013246159247355E-6
https://entity.api.hubmapconsortium.org/entities/24bdccf12d2200cebf572bb04b43eca2,http://purl.org/ccf/1.5/1f219f96-cbc5-49e6-a4b9-7663e0e64ecc,respiratory system,UBERON:0001004,sc_bulk,https://purl.org/ccf/ASCTB-TEMP_alveolar-m-proliferating,Alveolar Mφ proliferating,0.5050779999999999,5.661941535055056E-6
https://entity.api.hubmapconsortium.org/entities/24bdccf12d2200cebf572bb04b43eca2,http://purl.org/ccf/1.5/1f219f96-cbc5-49e6-a4b9-7663e0e64ecc,respiratory system,UBERON:0001004,sc_bulk,https://purl.org/ccf/ASCTB-TEMP_tuft,Tuft,0.49501,5.549078913093826E-6
https://entity.api.hubmapconsortium.org/entities/24bdccf12d2200cebf572bb04b43eca2,http://purl.org/ccf/1.5/1f219f96-cbc5-49e6-a4b9-7663e0e64ecc,respiratory system,UBERON:0001004,sc_bulk,https://purl.org/ccf/ASCTB-TEMP_multiciliated-nasal-,Multiciliated (nasal),0.49501,5.549078913093826E-6
https://entity.api.hubmapconsortium.org/entities/263854e0346766efa516bd69bfc1e035,http://purl.org/ccf/1.5/cb68d9a5-9884-4eef-afe8-e087cac7bf54,right kidney,UBERON:0004539,sc_bulk,https://purl.org/ccf/ASCTB-TEMP_cortical-thick-ascending-limb,Cortical Thick Ascending Limb,218880.615,0.1923133852731772
https://entity.api.hubmapconsortium.org/entities/263854e0346766efa516bd69bfc1e035,http://purl.org/ccf/1.5/cb68d9a5-9884-4eef-afe8-e087cac7bf54,right kidney,UBERON:0004539,sc_bulk,https://purl.org/ccf/ASCTB-TEMP_inner-medullary-collecting-duct,Inner Medullary Collecting Duct,127470.332,0.1119982738938111
https://entity.api.hubmapconsortium.org/entities/263854e0346766efa516bd69bfc1e035,http://purl.org/ccf/1.5/cb68d9a5-9884-4eef-afe8-e087cac7bf54,right kidney,UBERON:0004539,sc_bulk,https://purl.org/ccf/ASCTB-TEMP_connecting-tubule,Connecting Tubule,92264.948,0.08106603909137255
https://entity.api.hubmapconsortium.org/entities/263854e0346766efa516bd69bfc1e035,http://purl.org/ccf/1.5/cb68d9a5-9884-4eef-afe8-e087cac7bf54,right kidney,UBERON:0004539,sc_bulk,https://purl.org/ccf/ASCTB-TEMP_proximal-tubule-epithelial-segment-1,Proximal Tubule Epithelial Segment 1,89542.50000000001,0.07867403561902217
https://entity.api.hubmapconsortium.org/entities/263854e0346766efa516bd69bfc1e035,http://purl.org/ccf/1.5/cb68d9a5-9884-4eef-afe8-e087cac7bf54,right kidney,UBERON:0004539,sc_bulk,https://purl.org/ccf/ASCTB-TEMP_distal-convoluted-tubule-type-1,Distal Convoluted Tubule Type 1,85983.65000000002,0.0755471507133879
https://entity.api.hubmapconsortium.org/entities/263854e0346766efa516bd69bfc1e035,http://purl.org/ccf/1.5/cb68d9a5-9884-4eef-afe8-e087cac7bf54,right kidney,UBERON:0004539,sc_bulk,https://purl.org/ccf/ASCTB-TEMP_descending-thin-limb-type-1,Descending Thin Limb Type 1,74780.35,0.06570368170983548
https://entity.api.hubmapconsortium.org/entities/263854e0346766efa516bd69bfc1e035,http://purl.org/ccf/1.5/cb68d9a5-9884-4eef-afe8-e087cac7bf54,right kidney,UBERON:0004539,sc_bulk,https://purl.org/ccf/ASCTB-TEMP_descending-thin-limb-type-2,Descending Thin Limb Type 2,73242.46599999999,0.06435246256145426
https://entity.api.hubmapconsortium.org/entities/263854e0346766efa516bd69bfc1e035,http://purl.org/ccf/1.5/cb68d9a5-9884-4eef-afe8-e087cac7bf54,right kidney,UBERON:0004539,sc_bulk,https://purl.org/ccf/ASCTB-TEMP_ascending-thin-limb,Ascending Thin Limb,72502.091,0.0637019525899722
https://entity.api.hubmapconsortium.org/entities/263854e0346766efa516bd69bfc1e035,http://purl.org/ccf/1.5/cb68d9a5-9884-4eef-afe8-e087cac7bf54,right kidney,UBERON:0004539,sc_bulk,https://purl.org/ccf/ASCTB-TEMP_fibroblast,Fibroblast,50721.21700000001,0.0445647913884262
https://entity.api.hubmapconsortium.org/entities/263854e0346766efa516bd69bfc1e035,http://purl.org/ccf/1.5/cb68d9a5-9884-4eef-afe8-e087cac7bf54,right kidney,UBERON:0004539,sc_bulk,https://purl.org/ccf/ASCTB-TEMP_proximal-tubule-epithelial-segment-3,Proximal Tubule Epithelial Segment 3,48407.02699999999,0.04253149249137522
https://entity.api.hubmapconsortium.org/entities/263854e0346766efa516bd69bfc1e035,http://purl.org/ccf/1.5/cb68d9a5-9884-4eef-afe8-e087cac7bf54,right kidney,UBERON:0004539,sc_bulk,https://purl.org/ccf/ASCTB-TEMP_medullary-thick-ascending-limb,Medullary Thick Ascending Limb,34198.027,0.0300471484970632
https://entity.api.hubmapconsortium.org/entities/263854e0346766efa516bd69bfc1e035,http://purl.org/ccf/1.5/cb68d9a5-9884-4eef-afe8-e087cac7bf54,right kidney,UBERON:0004539,sc_bulk,https://purl.org/ccf/ASCTB-TEMP_cortical-collecting-duct-principal,Cortical Collecting Duct Principal,26503.50400000001,0.02328656914565594
https://entity.api.hubmapconsortium.org/entities/263854e0346766efa516bd69bfc1e035,http://purl.org/ccf/1.5/cb68d9a5-9884-4eef-afe8-e087cac7bf54,right kidney,UBERON:0004539,sc_bulk,https://purl.org/ccf/ASCTB-TEMP_cortical-collecting-duct-intercalated-type-a,Cortical Collecting Duct Intercalated Type A,13369.98,0.01174716232789585
https://entity.api.hubmapconsortium.org/entities/263854e0346766efa516bd69bfc1e035,http://purl.org/ccf/1.5/cb68d9a5-9884-4eef-afe8-e087cac7bf54,right kidney,UBERON:0004539,sc_bulk,https://purl.org/ccf/ASCTB-TEMP_podocyte,Podocyte,12591.483,0.01106315751780788
https://entity.api.hubmapconsortium.org/entities/263854e0346766efa516bd69bfc1e035,http://purl.org/ccf/1.5/cb68d9a5-9884-4eef-afe8-e087cac7bf54,right kidney,UBERON:0004539,sc_bulk,https://purl.org/ccf/ASCTB-TEMP_mesangial,Mesangial,12278.113,0.01078782365353189
https://entity.api.hubmapconsortium.org/entities/263854e0346766efa516bd69bfc1e035,http://purl.org/ccf/1.5/cb68d9a5-9884-4eef-afe8-e087cac7bf54,right kidney,UBERON:0004539,sc_bulk,https://purl.org/ccf/ASCTB-TEMP_peritubular-capilary-endothelial,Peritubular Capilary Endothelial,11271.73,0.009903593126258485
https://entity.api.hubmapconsortium.org/entities/263854e0346766efa516bd69bfc1e035,http://purl.org/ccf/1.5/cb68d9a5-9884-4eef-afe8-e087cac7bf54,right kidney,UBERON:0004539,sc_bulk,https://purl.org/ccf/ASCTB-TEMP_outer-medullary-collecting-duct-intercalated-type-a,Outer Medullary Collecting Duct Intercalated Type A,8190.706,0.007196536790785811
https://entity.api.hubmapconsortium.org/entities/263854e0346766efa516bd69bfc1e035,http://purl.org/ccf/1.5/cb68d9a5-9884-4eef-afe8-e087cac7bf54,right kidney,UBERON:0004539,sc_bulk,https://purl.org/ccf/ASCTB-TEMP_outer-medullary-collecting-duct-principal,Outer Medullary Collecting Duct Principal,7995.797,0.007025285400569231
https://entity.api.hubmapconsortium.org/entities/263854e0346766efa516bd69bfc1e035,http://purl.org/ccf/1.5/cb68d9a5-9884-4eef-afe8-e087cac7bf54,right kidney,UBERON:0004539,sc_bulk,https://purl.org/ccf/ASCTB-TEMP_parietal-epithelial,Parietal Epithelial,7860.065000000001,0.006906028241090313
https://entity.api.hubmapconsortium.org/entities/263854e0346766efa516bd69bfc1e035,http://purl.org/ccf/1.5/cb68d9a5-9884-4eef-afe8-e087cac7bf54,right kidney,UBERON:0004539,sc_bulk,https://purl.org/ccf/ASCTB-TEMP_intercalated-type-b,Intercalated Type B,7618.814000000001,0.006694059737115948
https://entity.api.hubmapconsortium.org/entities/263854e0346766efa516bd69bfc1e035,http://purl.org/ccf/1.5/cb68d9a5-9884-4eef-afe8-e087cac7bf54,right kidney,UBERON:0004539,sc_bulk,https://purl.org/ccf/ASCTB-TEMP_ascending-vasa-recta-endothelial,Ascending Vasa Recta Endothelial,6291.872,0.005528178929986634
https://entity.api.hubmapconsortium.org/entities/263854e0346766efa516bd69bfc1e035,http://purl.org/ccf/1.5/cb68d9a5-9884-4eef-afe8-e087cac7bf54,right kidney,UBERON:0004539,sc_bulk,https://purl.org/ccf/ASCTB-TEMP_classical-dendritic,Classical Dendritic,6157.746,0.005410332837891406
https://entity.api.hubmapconsortium.org/entities/263854e0346766efa516bd69bfc1e035,http://purl.org/ccf/1.5/cb68d9a5-9884-4eef-afe8-e087cac7bf54,right kidney,UBERON:0004539,sc_bulk,https://purl.org/ccf/ASCTB-TEMP_macula-densa,Macula Densa,6129.017999999999,0.005385091776995593
https://entity.api.hubmapconsortium.org/entities/263854e0346766efa516bd69bfc1e035,http://purl.org/ccf/1.5/cb68d9a5-9884-4eef-afe8-e087cac7bf54,right kidney,UBERON:0004539,sc_bulk,https://purl.org/ccf/ASCTB-TEMP_glomerular-capillary-endothelial,Glomerular Capillary Endothelial,5883.353999999999,0.00516924591289406
https://entity.api.hubmapconsortium.org/entities/263854e0346766efa516bd69bfc1e035,http://purl.org/ccf/1.5/cb68d9a5-9884-4eef-afe8-e087cac7bf54,right kidney,UBERON:0004539,sc_bulk,https://purl.org/ccf/ASCTB-TEMP_medullary-fibroblast,Medullary Fibroblast,4830.841999999999,0.004244485418408779
https://entity.api.hubmapconsortium.org/entities/263854e0346766efa516bd69bfc1e035,http://purl.org/ccf/1.5/cb68d9a5-9884-4eef-afe8-e087cac7bf54,right kidney,UBERON:0004539,sc_bulk,https://purl.org/ccf/ASCTB-TEMP_cortical-vascular-smooth-muscle-pericyte,Cortical Vascular Smooth Muscle / Pericyte,3701.618,0.003252324051484084
https://entity.api.hubmapconsortium.org/entities/263854e0346766efa516bd69bfc1e035,http://purl.org/ccf/1.5/cb68d9a5-9884-4eef-afe8-e087cac7bf54,right kidney,UBERON:0004539,sc_bulk,https://purl.org/ccf/ASCTB-TEMP_connecting-tubule-principal,Connecting Tubule Principal,3474.940000000001,0.003053159710014405
https://entity.api.hubmapconsortium.org/entities/263854e0346766efa516bd69bfc1e035,http://purl.org/ccf/1.5/cb68d9a5-9884-4eef-afe8-e087cac7bf54,right kidney,UBERON:0004539,sc_bulk,https://purl.org/ccf/ASCTB-TEMP_vascular-smooth-muscle-pericyte,Vascular Smooth Muscle / Pericyte,3381.532999999999,0.002971090238589483
https://entity.api.hubmapconsortium.org/entities/263854e0346766efa516bd69bfc1e035,http://purl.org/ccf/1.5/cb68d9a5-9884-4eef-afe8-e087cac7bf54,right kidney,UBERON:0004539,sc_bulk,https://purl.org/ccf/ASCTB-TEMP_m2-macrophage,M2 Macrophage,3375.679999999999,0.002965947662377314
https://entity.api.hubmapconsortium.org/entities/263854e0346766efa516bd69bfc1e035,http://purl.org/ccf/1.5/cb68d9a5-9884-4eef-afe8-e087cac7bf54,right kidney,UBERON:0004539,sc_bulk,https://purl.org/ccf/ASCTB-TEMP_descending-thin-limb-type-3,Descending Thin Limb Type 3,3154.318,0.002771454076954773
https://entity.api.hubmapconsortium.org/entities/263854e0346766efa516bd69bfc1e035,http://purl.org/ccf/1.5/cb68d9a5-9884-4eef-afe8-e087cac7bf54,right kidney,UBERON:0004539,sc_bulk,https://purl.org/ccf/ASCTB-TEMP_monocyte-derived,Monocyte-derived,2979.315,0.002617692541868799
https://entity.api.hubmapconsortium.org/entities/263854e0346766efa516bd69bfc1e035,http://purl.org/ccf/1.5/cb68d9a5-9884-4eef-afe8-e087cac7bf54,right kidney,UBERON:0004539,sc_bulk,https://purl.org/ccf/ASCTB-TEMP_descending-vasa-recta-endothelial,Descending Vasa Recta Endothelial,2757.939999999999,0.0024231875343566
https://entity.api.hubmapconsortium.org/entities/263854e0346766efa516bd69bfc1e035,http://purl.org/ccf/1.5/cb68d9a5-9884-4eef-afe8-e087cac7bf54,right kidney,UBERON:0004539,sc_bulk,https://purl.org/ccf/ASCTB-TEMP_t,T,1828.118,0.001606225207558149
https://entity.api.hubmapconsortium.org/entities/263854e0346766efa516bd69bfc1e035,http://purl.org/ccf/1.5/cb68d9a5-9884-4eef-afe8-e087cac7bf54,right kidney,UBERON:0004539,sc_bulk,https://purl.org/ccf/ASCTB-TEMP_distal-convoluted-tubule-type-2,Distal Convoluted Tubule Type 2,1561.651,0.001372101364139728
https://entity.api.hubmapconsortium.org/entities/263854e0346766efa516bd69bfc1e035,http://purl.org/ccf/1.5/cb68d9a5-9884-4eef-afe8-e087cac7bf54,right kidney,UBERON:0004539,sc_bulk,https://purl.org/ccf/ASCTB-TEMP_afferent-efferent-arteriole-endothelial,Afferent / Efferent Arteriole Endothelial,1489.726,0.001308906456560665
https://entity.api.hubmapconsortium.org/entities/263854e0346766efa516bd69bfc1e035,http://purl.org/ccf/1.5/cb68d9a5-9884-4eef-afe8-e087cac7bf54,right kidney,UBERON:0004539,sc_bulk,https://purl.org/ccf/ASCTB-TEMP_proximal-tubule-epithelial-segment-2,Proximal Tubule Epithelial Segment 2,1179.154,0.001036030977427617
https://entity.api.hubmapconsortium.org/entities/263854e0346766efa516bd69bfc1e035,http://purl.org/ccf/1.5/cb68d9a5-9884-4eef-afe8-e087cac7bf54,right kidney,UBERON:0004539,sc_bulk,https://purl.org/ccf/ASCTB-TEMP_mast,Mast,809.054,7.108528711361906E-4
https://entity.api.hubmapconsortium.org/entities/263854e0346766efa516bd69bfc1e035,http://purl.org/ccf/1.5/cb68d9a5-9884-4eef-afe8-e087cac7bf54,right kidney,UBERON:0004539,sc_bulk,https://purl.org/ccf/ASCTB-TEMP_b,B,619.965,5.447150625964997E-4
https://entity.api.hubmapconsortium.org/entities/263854e0346766efa516bd69bfc1e035,http://purl.org/ccf/1.5/cb68d9a5-9884-4eef-afe8-e087cac7bf54,right kidney,UBERON:0004539,sc_bulk,https://purl.org/ccf/ASCTB-TEMP_schwann-neural,Schwann / Neural,534.555,4.69671933554752E-4
https://entity.api.hubmapconsortium.org/entities/263854e0346766efa516bd69bfc1e035,http://purl.org/ccf/1.5/cb68d9a5-9884-4eef-afe8-e087cac7bf54,right kidney,UBERON:0004539,sc_bulk,https://purl.org/ccf/ASCTB-TEMP_plasma,Plasma,476.39,4.185668685657198E-4
https://entity.api.hubmapconsortium.org/entities/263854e0346766efa516bd69bfc1e035,http://purl.org/ccf/1.5/cb68d9a5-9884-4eef-afe8-e087cac7bf54,right kidney,UBERON:0004539,sc_bulk,https://purl.org/ccf/ASCTB-TEMP_lymphatic-endothelial,Lymphatic Endothelial,475.712,4.179711626590308E-4
https://entity.api.hubmapconsortium.org/entities/263854e0346766efa516bd69bfc1e035,http://purl.org/ccf/1.5/cb68d9a5-9884-4eef-afe8-e087cac7bf54,right kidney,UBERON:0004539,sc_bulk,https://purl.org/ccf/ASCTB-TEMP_tissue-resident-macrophage,Tissue-resident Macrophage,460.422,4.045370279786851E-4
https://entity.api.hubmapconsortium.org/entities/263854e0346766efa516bd69bfc1e035,http://purl.org/ccf/1.5/cb68d9a5-9884-4eef-afe8-e087cac7bf54,right kidney,UBERON:0004539,sc_bulk,https://purl.org/ccf/ASCTB-TEMP_papillary-tip-epithelial,Papillary Tip Epithelial,263.383,2.314141723030395E-4
https://entity.api.hubmapconsortium.org/entities/263854e0346766efa516bd69bfc1e035,http://purl.org/ccf/1.5/cb68d9a5-9884-4eef-afe8-e087cac7bf54,right kidney,UBERON:0004539,sc_bulk,https://purl.org/ccf/ASCTB-TEMP_connecting-tubule-intercalated-type-a,Connecting Tubule Intercalated Type A,245.422,2.156332375094693E-4
https://entity.api.hubmapconsortium.org/entities/263854e0346766efa516bd69bfc1e035,http://purl.org/ccf/1.5/cb68d9a5-9884-4eef-afe8-e087cac7bf54,right kidney,UBERON:0004539,sc_bulk,https://purl.org/ccf/ASCTB-TEMP_natural-killer-natural-killer-t,Natural Killer / Natural Killer T,79.75000000000001,7.007012692986032E-5
https://entity.api.hubmapconsortium.org/entities/263854e0346766efa516bd69bfc1e035,http://purl.org/ccf/1.5/cb68d9a5-9884-4eef-afe8-e087cac7bf54,right kidney,UBERON:0004539,sc_bulk,https://purl.org/ccf/ASCTB-TEMP_non-classical-monocyte,Non-classical monocyte,75.5,6.63359822345386E-5
https://entity.api.hubmapconsortium.org/entities/263854e0346766efa516bd69bfc1e035,http://purl.org/ccf/1.5/cb68d9a5-9884-4eef-afe8-e087cac7bf54,right kidney,UBERON:0004539,sc_bulk,https://purl.org/ccf/ASCTB-TEMP_neutrophil,Neutrophil,53.711,4.719168134833514E-5
https://entity.api.hubmapconsortium.org/entities/263854e0346766efa516bd69bfc1e035,http://purl.org/ccf/1.5/cb68d9a5-9884-4eef-afe8-e087cac7bf54,right kidney,UBERON:0004539,sc_bulk,https://purl.org/ccf/ASCTB-TEMP_renin-positive-juxtaglomerular-granular,Renin-positive Juxtaglomerular Granular,51.48,4.523147503886155E-5
https://entity.api.hubmapconsortium.org/entities/263854e0346766efa516bd69bfc1e035,http://purl.org/ccf/1.5/cb68d9a5-9884-4eef-afe8-e087cac7bf54,right kidney,UBERON:0004539,sc_bulk,https://purl.org/ccf/ASCTB-TEMP_monocyte,Monocyte,46.924,4.122847192547668E-5
https://entity.api.hubmapconsortium.org/entities/263854e0346766efa516bd69bfc1e035,http://purl.org/ccf/1.5/cb68d9a5-9884-4eef-afe8-e087cac7bf54,right kidney,UBERON:0004539,sc_bulk,https://purl.org/ccf/ASCTB-TEMP_natural-killer-t,Natural Killer T,43.343,3.808212553631267E-5
https://entity.api.hubmapconsortium.org/entities/263854e0346766efa516bd69bfc1e035,http://purl.org/ccf/1.5/cb68d9a5-9884-4eef-afe8-e087cac7bf54,right kidney,UBERON:0004539,sc_bulk,https://purl.org/ccf/ASCTB-TEMP_plasmacytoid-dendritic,Plasmacytoid Dendritic,38.875,3.415644118367799E-5
https://entity.api.hubmapconsortium.org/entities/263854e0346766efa516bd69bfc1e035,http://purl.org/ccf/1.5/cb68d9a5-9884-4eef-afe8-e087cac7bf54,right kidney,UBERON:0004539,sc_bulk,https://purl.org/ccf/ASCTB-TEMP_cycling-mononuclear-phagocyte,Cycling Mononuclear Phagocyte,20.779,1.825689238213877E-5
https://entity.api.hubmapconsortium.org/entities/2656c76dce594e00489964705b5d1744,http://purl.org/ccf/1.5/0af69e70-3ec3-4d0b-a008-89a4186f4452,left kidney,UBERON:0004538,sc_bulk,https://purl.org/ccf/ASCTB-TEMP_descending-thin-limb-type-1,Descending Thin Limb Type 1,7.660665999999999,0.2071914834069465
https://entity.api.hubmapconsortium.org/entities/2656c76dce594e00489964705b5d1744,http://purl.org/ccf/1.5/0af69e70-3ec3-4d0b-a008-89a4186f4452,left kidney,UBERON:0004538,sc_bulk,https://purl.org/ccf/ASCTB-TEMP_connecting-tubule,Connecting Tubule,5.984992,0.1618709614358214
https://entity.api.hubmapconsortium.org/entities/2656c76dce594e00489964705b5d1744,http://purl.org/ccf/1.5/0af69e70-3ec3-4d0b-a008-89a4186f4452,left kidney,UBERON:0004538,sc_bulk,https://purl.org/ccf/ASCTB-TEMP_inner-medullary-collecting-duct,Inner Medullary Collecting Duct,5.667714,0.1532898146435726
https://entity.api.hubmapconsortium.org/entities/2656c76dce594e00489964705b5d1744,http://purl.org/ccf/1.5/0af69e70-3ec3-4d0b-a008-89a4186f4452,left kidney,UBERON:0004538,sc_bulk,https://purl.org/ccf/ASCTB-TEMP_medullary-fibroblast,Medullary Fibroblast,3.990635999999999,0.1079313198848721
https://entity.api.hubmapconsortium.org/entities/2656c76dce594e00489964705b5d1744,http://purl.org/ccf/1.5/0af69e70-3ec3-4d0b-a008-89a4186f4452,left kidney,UBERON:0004538,sc_bulk,https://purl.org/ccf/ASCTB-TEMP_ascending-thin-limb,Ascending Thin Limb,1.980836,0.05357397767059448
https://entity.api.hubmapconsortium.org/entities/2656c76dce594e00489964705b5d1744,http://purl.org/ccf/1.5/0af69e70-3ec3-4d0b-a008-89a4186f4452,left kidney,UBERON:0004538,sc_bulk,https://purl.org/ccf/ASCTB-TEMP_cortical-collecting-duct-principal,Cortical Collecting Duct Principal,1.894464,0.05123794803494337
https://entity.api.hubmapconsortium.org/entities/2656c76dce594e00489964705b5d1744,http://purl.org/ccf/1.5/0af69e70-3ec3-4d0b-a008-89a4186f4452,left kidney,UBERON:0004538,sc_bulk,https://purl.org/ccf/ASCTB-TEMP_descending-thin-limb-type-3,Descending Thin Limb Type 3,1.262092,0.03413472323111855
https://entity.api.hubmapconsortium.org/entities/2656c76dce594e00489964705b5d1744,http://purl.org/ccf/1.5/0af69e70-3ec3-4d0b-a008-89a4186f4452,left kidney,UBERON:0004538,sc_bulk,https://purl.org/ccf/ASCTB-TEMP_ascending-vasa-recta-endothelial,Ascending Vasa Recta Endothelial,1.132222,0.03062224038040293
https://entity.api.hubmapconsortium.org/entities/2656c76dce594e00489964705b5d1744,http://purl.org/ccf/1.5/0af69e70-3ec3-4d0b-a008-89a4186f4452,left kidney,UBERON:0004538,sc_bulk,https://purl.org/ccf/ASCTB-TEMP_proximal-tubule-epithelial-segment-1,Proximal Tubule Epithelial Segment 1,0.9271599999999999,0.02507610379509882
https://entity.api.hubmapconsortium.org/entities/2656c76dce594e00489964705b5d1744,http://purl.org/ccf/1.5/0af69e70-3ec3-4d0b-a008-89a4186f4452,left kidney,UBERON:0004538,sc_bulk,https://purl.org/ccf/ASCTB-TEMP_distal-convoluted-tubule-type-1,Distal Convoluted Tubule Type 1,0.9105979999999999,0.02462816554166422
https://entity.api.hubmapconsortium.org/entities/2656c76dce594e00489964705b5d1744,http://purl.org/ccf/1.5/0af69e70-3ec3-4d0b-a008-89a4186f4452,left kidney,UBERON:0004538,sc_bulk,https://purl.org/ccf/ASCTB-TEMP_descending-vasa-recta-endothelial,Descending Vasa Recta Endothelial,0.7343959999999999,0.01986258070096358
https://entity.api.hubmapconsortium.org/entities/2656c76dce594e00489964705b5d1744,http://purl.org/ccf/1.5/0af69e70-3ec3-4d0b-a008-89a4186f4452,left kidney,UBERON:0004538,sc_bulk,https://purl.org/ccf/ASCTB-TEMP_proximal-tubule-epithelial-segment-3,Proximal Tubule Epithelial Segment 3,0.480012,0.01298247415213445
https://entity.api.hubmapconsortium.org/entities/2656c76dce594e00489964705b5d1744,http://purl.org/ccf/1.5/0af69e70-3ec3-4d0b-a008-89a4186f4452,left kidney,UBERON:0004538,sc_bulk,https://purl.org/ccf/ASCTB-TEMP_t,T,0.3818879999999999,0.01032859822048266
https://entity.api.hubmapconsortium.org/entities/2656c76dce594e00489964705b5d1744,http://purl.org/ccf/1.5/0af69e70-3ec3-4d0b-a008-89a4186f4452,left kidney,UBERON:0004538,sc_bulk,https://purl.org/ccf/ASCTB-TEMP_cortical-collecting-duct-intercalated-type-a,Cortical Collecting Duct Intercalated Type A,0.3675099999999999,0.009939728747720748
https://entity.api.hubmapconsortium.org/entities/2656c76dce594e00489964705b5d1744,http://purl.org/ccf/1.5/0af69e70-3ec3-4d0b-a008-89a4186f4452,left kidney,UBERON:0004538,sc_bulk,https://purl.org/ccf/ASCTB-TEMP_medullary-thick-ascending-limb,Medullary Thick Ascending Limb,0.334334,0.009042445841311716
https://entity.api.hubmapconsortium.org/entities/2656c76dce594e00489964705b5d1744,http://purl.org/ccf/1.5/0af69e70-3ec3-4d0b-a008-89a4186f4452,left kidney,UBERON:0004538,sc_bulk,https://purl.org/ccf/ASCTB-TEMP_papillary-tip-epithelial,Papillary Tip Epithelial,0.284778,0.007702147079857473
https://entity.api.hubmapconsortium.org/entities/2656c76dce594e00489964705b5d1744,http://purl.org/ccf/1.5/0af69e70-3ec3-4d0b-a008-89a4186f4452,left kidney,UBERON:0004538,sc_bulk,https://purl.org/ccf/ASCTB-TEMP_tissue-resident-macrophage,Tissue-resident Macrophage,0.272714,0.007375862386617822
https://entity.api.hubmapconsortium.org/entities/2656c76dce594e00489964705b5d1744,http://purl.org/ccf/1.5/0af69e70-3ec3-4d0b-a008-89a4186f4452,left kidney,UBERON:0004538,sc_bulk,https://purl.org/ccf/ASCTB-TEMP_vascular-smooth-muscle-pericyte,Vascular Smooth Muscle / Pericyte,0.268528,0.007262647223661825
https://entity.api.hubmapconsortium.org/entities/2656c76dce594e00489964705b5d1744,http://purl.org/ccf/1.5/0af69e70-3ec3-4d0b-a008-89a4186f4452,left kidney,UBERON:0004538,sc_bulk,https://purl.org/ccf/ASCTB-TEMP_descending-thin-limb-type-2,Descending Thin Limb Type 2,0.26143,0.007070673686475567
https://entity.api.hubmapconsortium.org/entities/2656c76dce594e00489964705b5d1744,http://purl.org/ccf/1.5/0af69e70-3ec3-4d0b-a008-89a4186f4452,left kidney,UBERON:0004538,sc_bulk,https://purl.org/ccf/ASCTB-TEMP_cortical-thick-ascending-limb,Cortical Thick Ascending Limb,0.253344,0.006851978558032611
https://entity.api.hubmapconsortium.org/entities/2656c76dce594e00489964705b5d1744,http://purl.org/ccf/1.5/0af69e70-3ec3-4d0b-a008-89a4186f4452,left kidney,UBERON:0004538,sc_bulk,https://purl.org/ccf/ASCTB-TEMP_peritubular-capilary-endothelial,Peritubular Capilary Endothelial,0.247338,0.006689539411182701
https://entity.api.hubmapconsortium.org/entities/2656c76dce594e00489964705b5d1744,http://purl.org/ccf/1.5/0af69e70-3ec3-4d0b-a008-89a4186f4452,left kidney,UBERON:0004538,sc_bulk,https://purl.org/ccf/ASCTB-TEMP_connecting-tubule-principal,Connecting Tubule Principal,0.213226,0.005766941313056799
https://entity.api.hubmapconsortium.org/entities/2656c76dce594e00489964705b5d1744,http://purl.org/ccf/1.5/0af69e70-3ec3-4d0b-a008-89a4186f4452,left kidney,UBERON:0004538,sc_bulk,https://purl.org/ccf/ASCTB-TEMP_intercalated-type-b,Intercalated Type B,0.212602,0.005750064518578886
https://entity.api.hubmapconsortium.org/entities/2656c76dce594e00489964705b5d1744,http://purl.org/ccf/1.5/0af69e70-3ec3-4d0b-a008-89a4186f4452,left kidney,UBERON:0004538,sc_bulk,https://purl.org/ccf/ASCTB-TEMP_monocyte-derived,Monocyte-derived,0.18967,0.005129842321515589
https://entity.api.hubmapconsortium.org/entities/2656c76dce594e00489964705b5d1744,http://purl.org/ccf/1.5/0af69e70-3ec3-4d0b-a008-89a4186f4452,left kidney,UBERON:0004538,sc_bulk,https://purl.org/ccf/ASCTB-TEMP_macula-densa,Macula Densa,0.12389,0.003350746903635612
https://entity.api.hubmapconsortium.org/entities/2656c76dce594e00489964705b5d1744,http://purl.org/ccf/1.5/0af69e70-3ec3-4d0b-a008-89a4186f4452,left kidney,UBERON:0004538,sc_bulk,https://purl.org/ccf/ASCTB-TEMP_fibroblast,Fibroblast,0.123474,0.003339495707317004
https://entity.api.hubmapconsortium.org/entities/2656c76dce594e00489964705b5d1744,http://purl.org/ccf/1.5/0af69e70-3ec3-4d0b-a008-89a4186f4452,left kidney,UBERON:0004538,sc_bulk,https://purl.org/ccf/ASCTB-TEMP_podocyte,Podocyte,0.108082,0.002923201443528486
https://entity.api.hubmapconsortium.org/entities/2656c76dce594e00489964705b5d1744,http://purl.org/ccf/1.5/0af69e70-3ec3-4d0b-a008-89a4186f4452,left kidney,UBERON:0004538,sc_bulk,https://purl.org/ccf/ASCTB-TEMP_outer-medullary-collecting-duct-intercalated-type-a,Outer Medullary Collecting Duct Intercalated Type A,0.090428,0.002445728799757536
https://entity.api.hubmapconsortium.org/entities/2656c76dce594e00489964705b5d1744,http://purl.org/ccf/1.5/0af69e70-3ec3-4d0b-a008-89a4186f4452,left kidney,UBERON:0004538,sc_bulk,https://purl.org/ccf/ASCTB-TEMP_m2-macrophage,M2 Macrophage,0.08897199999999998,0.002406349612642405
https://entity.api.hubmapconsortium.org/entities/2656c76dce594e00489964705b5d1744,http://purl.org/ccf/1.5/0af69e70-3ec3-4d0b-a008-89a4186f4452,left kidney,UBERON:0004538,sc_bulk,https://purl.org/ccf/ASCTB-TEMP_glomerular-capillary-endothelial,Glomerular Capillary Endothelial,0.07880599999999999,0.002131398502606409
https://entity.api.hubmapconsortium.org/entities/2656c76dce594e00489964705b5d1744,http://purl.org/ccf/1.5/0af69e70-3ec3-4d0b-a008-89a4186f4452,left kidney,UBERON:0004538,sc_bulk,https://purl.org/ccf/ASCTB-TEMP_proximal-tubule-epithelial-segment-2,Proximal Tubule Epithelial Segment 2,0.07254,0.001961927358057367
https://entity.api.hubmapconsortium.org/entities/2656c76dce594e00489964705b5d1744,http://purl.org/ccf/1.5/0af69e70-3ec3-4d0b-a008-89a4186f4452,left kidney,UBERON:0004538,sc_bulk,https://purl.org/ccf/ASCTB-TEMP_afferent-efferent-arteriole-endothelial,Afferent / Efferent Arteriole Endothelial,0.05340399999999999,0.001444372327401374
https://entity.api.hubmapconsortium.org/entities/2656c76dce594e00489964705b5d1744,http://purl.org/ccf/1.5/0af69e70-3ec3-4d0b-a008-89a4186f4452,left kidney,UBERON:0004538,sc_bulk,https://purl.org/ccf/ASCTB-TEMP_parietal-epithelial,Parietal Epithelial,0.04601999999999999,0.001244663592746072
https://entity.api.hubmapconsortium.org/entities/2656c76dce594e00489964705b5d1744,http://purl.org/ccf/1.5/0af69e70-3ec3-4d0b-a008-89a4186f4452,left kidney,UBERON:0004538,sc_bulk,https://purl.org/ccf/ASCTB-TEMP_outer-medullary-collecting-duct-principal,Outer Medullary Collecting Duct Principal,0.045006,0.001217238801719463
https://entity.api.hubmapconsortium.org/entities/2656c76dce594e00489964705b5d1744,http://purl.org/ccf/1.5/0af69e70-3ec3-4d0b-a008-89a4186f4452,left kidney,UBERON:0004538,sc_bulk,https://purl.org/ccf/ASCTB-TEMP_b,B,0.03949399999999999,0.0010681604504979
https://entity.api.hubmapconsortium.org/entities/2656c76dce594e00489964705b5d1744,http://purl.org/ccf/1.5/0af69e70-3ec3-4d0b-a008-89a4186f4452,left kidney,UBERON:0004538,sc_bulk,https://purl.org/ccf/ASCTB-TEMP_cortical-vascular-smooth-muscle-pericyte,Cortical Vascular Smooth Muscle / Pericyte,0.0221,5.977198044260797E-4
https://entity.api.hubmapconsortium.org/entities/2656c76dce594e00489964705b5d1744,http://purl.org/ccf/1.5/0af69e70-3ec3-4d0b-a008-89a4186f4452,left kidney,UBERON:0004538,sc_bulk,https://purl.org/ccf/ASCTB-TEMP_natural-killer-natural-killer-t,Natural Killer / Natural Killer T,0.02184,5.906878067269494E-4
https://entity.api.hubmapconsortium.org/entities/2656c76dce594e00489964705b5d1744,http://purl.org/ccf/1.5/0af69e70-3ec3-4d0b-a008-89a4186f4452,left kidney,UBERON:0004538,sc_bulk,https://purl.org/ccf/ASCTB-TEMP_mast,Mast,0.020956,5.667790145499062E-4
https://entity.api.hubmapconsortium.org/entities/2656c76dce594e00489964705b5d1744,http://purl.org/ccf/1.5/0af69e70-3ec3-4d0b-a008-89a4186f4452,left kidney,UBERON:0004538,sc_bulk,https://purl.org/ccf/ASCTB-TEMP_lymphatic-endothelial,Lymphatic Endothelial,0.019344,5.23180628815298E-4
https://entity.api.hubmapconsortium.org/entities/2656c76dce594e00489964705b5d1744,http://purl.org/ccf/1.5/0af69e70-3ec3-4d0b-a008-89a4186f4452,left kidney,UBERON:0004538,sc_bulk,https://purl.org/ccf/ASCTB-TEMP_monocyte,Monocyte,0.018876,5.105230329568633E-4
https://entity.api.hubmapconsortium.org/entities/2656c76dce594e00489964705b5d1744,http://purl.org/ccf/1.5/0af69e70-3ec3-4d0b-a008-89a4186f4452,left kidney,UBERON:0004538,sc_bulk,https://purl.org/ccf/ASCTB-TEMP_plasma,Plasma,0.01612,4.359838573460816E-4
https://entity.api.hubmapconsortium.org/entities/2656c76dce594e00489964705b5d1744,http://purl.org/ccf/1.5/0af69e70-3ec3-4d0b-a008-89a4186f4452,left kidney,UBERON:0004538,sc_bulk,https://purl.org/ccf/ASCTB-TEMP_cycling-mononuclear-phagocyte,Cycling Mononuclear Phagocyte,0.015834,4.282486598770382E-4
https://entity.api.hubmapconsortium.org/entities/2656c76dce594e00489964705b5d1744,http://purl.org/ccf/1.5/0af69e70-3ec3-4d0b-a008-89a4186f4452,left kidney,UBERON:0004538,sc_bulk,https://purl.org/ccf/ASCTB-TEMP_mesangial,Mesangial,0.012714,3.438646874874741E-4
https://entity.api.hubmapconsortium.org/entities/2656c76dce594e00489964705b5d1744,http://purl.org/ccf/1.5/0af69e70-3ec3-4d0b-a008-89a4186f4452,left kidney,UBERON:0004538,sc_bulk,https://purl.org/ccf/ASCTB-TEMP_classical-dendritic,Classical Dendritic,0.009672,2.61590314407649E-4
https://entity.api.hubmapconsortium.org/entities/2656c76dce594e00489964705b5d1744,http://purl.org/ccf/1.5/0af69e70-3ec3-4d0b-a008-89a4186f4452,left kidney,UBERON:0004538,sc_bulk,https://purl.org/ccf/ASCTB-TEMP_plasmacytoid-dendritic,Plasmacytoid Dendritic,0.009672,2.61590314407649E-4
https://entity.api.hubmapconsortium.org/entities/2656c76dce594e00489964705b5d1744,http://purl.org/ccf/1.5/0af69e70-3ec3-4d0b-a008-89a4186f4452,left kidney,UBERON:0004538,sc_bulk,https://purl.org/ccf/ASCTB-TEMP_distal-convoluted-tubule-type-2,Distal Convoluted Tubule Type 2,0.009672,2.61590314407649E-4
https://entity.api.hubmapconsortium.org/entities/2656c76dce594e00489964705b5d1744,http://purl.org/ccf/1.5/0af69e70-3ec3-4d0b-a008-89a4186f4452,left kidney,UBERON:0004538,sc_bulk,https://purl.org/ccf/ASCTB-TEMP_neutrophil,Neutrophil,0.006708,1.81425540637563E-4
https://entity.api.hubmapconsortium.org/entities/2656c76dce594e00489964705b5d1744,http://purl.org/ccf/1.5/0af69e70-3ec3-4d0b-a008-89a4186f4452,left kidney,UBERON:0004538,sc_bulk,https://purl.org/ccf/ASCTB-TEMP_schwann-neural,Schwann / Neural,0.003224,8.719677146921633E-5
https://entity.api.hubmapconsortium.org/entities/2656c76dce594e00489964705b5d1744,http://purl.org/ccf/1.5/0af69e70-3ec3-4d0b-a008-89a4186f4452,left kidney,UBERON:0004538,sc_bulk,https://purl.org/ccf/ASCTB-TEMP_renin-positive-juxtaglomerular-granular,Renin-positive Juxtaglomerular Granular,0.002236,6.0475180212521E-5
https://entity.api.hubmapconsortium.org/entities/2656c76dce594e00489964705b5d1744,http://purl.org/ccf/1.5/0af69e70-3ec3-4d0b-a008-89a4186f4452,left kidney,UBERON:0004538,sc_bulk,https://purl.org/ccf/ASCTB-TEMP_connecting-tubule-intercalated-type-a,Connecting Tubule Intercalated Type A,0.001612,4.359838573460817E-5
https://entity.api.hubmapconsortium.org/entities/27485b21a2285dbcae38f2d56d429dec,http://purl.org/ccf/1.5/aae4b64f-ffda-4c18-9db1-e5aa350b0d3b,right kidney,UBERON:0004539,sc_bulk,https://purl.org/ccf/ASCTB-TEMP_cortical-thick-ascending-limb,Cortical Thick Ascending Limb,96745.23182999999,0.1923133852731773
https://entity.api.hubmapconsortium.org/entities/27485b21a2285dbcae38f2d56d429dec,http://purl.org/ccf/1.5/aae4b64f-ffda-4c18-9db1-e5aa350b0d3b,right kidney,UBERON:0004539,sc_bulk,https://purl.org/ccf/ASCTB-TEMP_inner-medullary-collecting-duct,Inner Medullary Collecting Duct,56341.88674400001,0.1119982738938111
https://entity.api.hubmapconsortium.org/entities/27485b21a2285dbcae38f2d56d429dec,http://purl.org/ccf/1.5/aae4b64f-ffda-4c18-9db1-e5aa350b0d3b,right kidney,UBERON:0004539,sc_bulk,https://purl.org/ccf/ASCTB-TEMP_connecting-tubule,Connecting Tubule,40781.107016,0.08106603909137258
https://entity.api.hubmapconsortium.org/entities/27485b21a2285dbcae38f2d56d429dec,http://purl.org/ccf/1.5/aae4b64f-ffda-4c18-9db1-e5aa350b0d3b,right kidney,UBERON:0004539,sc_bulk,https://purl.org/ccf/ASCTB-TEMP_proximal-tubule-epithelial-segment-1,Proximal Tubule Epithelial Segment 1,39577.785,0.07867403561902218
https://entity.api.hubmapconsortium.org/entities/27485b21a2285dbcae38f2d56d429dec,http://purl.org/ccf/1.5/aae4b64f-ffda-4c18-9db1-e5aa350b0d3b,right kidney,UBERON:0004539,sc_bulk,https://purl.org/ccf/ASCTB-TEMP_distal-convoluted-tubule-type-1,Distal Convoluted Tubule Type 1,38004.77330000001,0.07554715071338791
https://entity.api.hubmapconsortium.org/entities/27485b21a2285dbcae38f2d56d429dec,http://purl.org/ccf/1.5/aae4b64f-ffda-4c18-9db1-e5aa350b0d3b,right kidney,UBERON:0004539,sc_bulk,https://purl.org/ccf/ASCTB-TEMP_descending-thin-limb-type-1,Descending Thin Limb Type 1,33052.9147,0.0657036817098355
https://entity.api.hubmapconsortium.org/entities/27485b21a2285dbcae38f2d56d429dec,http://purl.org/ccf/1.5/aae4b64f-ffda-4c18-9db1-e5aa350b0d3b,right kidney,UBERON:0004539,sc_bulk,https://purl.org/ccf/ASCTB-TEMP_descending-thin-limb-type-2,Descending Thin Limb Type 2,32373.16997199999,0.06435246256145427
https://entity.api.hubmapconsortium.org/entities/27485b21a2285dbcae38f2d56d429dec,http://purl.org/ccf/1.5/aae4b64f-ffda-4c18-9db1-e5aa350b0d3b,right kidney,UBERON:0004539,sc_bulk,https://purl.org/ccf/ASCTB-TEMP_ascending-thin-limb,Ascending Thin Limb,32045.924222,0.06370195258997222
https://entity.api.hubmapconsortium.org/entities/27485b21a2285dbcae38f2d56d429dec,http://purl.org/ccf/1.5/aae4b64f-ffda-4c18-9db1-e5aa350b0d3b,right kidney,UBERON:0004539,sc_bulk,https://purl.org/ccf/ASCTB-TEMP_fibroblast,Fibroblast,22418.77791400001,0.04456479138842621
https://entity.api.hubmapconsortium.org/entities/27485b21a2285dbcae38f2d56d429dec,http://purl.org/ccf/1.5/aae4b64f-ffda-4c18-9db1-e5aa350b0d3b,right kidney,UBERON:0004539,sc_bulk,https://purl.org/ccf/ASCTB-TEMP_proximal-tubule-epithelial-segment-3,Proximal Tubule Epithelial Segment 3,21395.90593399999,0.04253149249137524
https://entity.api.hubmapconsortium.org/entities/27485b21a2285dbcae38f2d56d429dec,http://purl.org/ccf/1.5/aae4b64f-ffda-4c18-9db1-e5aa350b0d3b,right kidney,UBERON:0004539,sc_bulk,https://purl.org/ccf/ASCTB-TEMP_medullary-thick-ascending-limb,Medullary Thick Ascending Limb,15115.527934,0.03004714849706321
https://entity.api.hubmapconsortium.org/entities/27485b21a2285dbcae38f2d56d429dec,http://purl.org/ccf/1.5/aae4b64f-ffda-4c18-9db1-e5aa350b0d3b,right kidney,UBERON:0004539,sc_bulk,https://purl.org/ccf/ASCTB-TEMP_cortical-collecting-duct-principal,Cortical Collecting Duct Principal,11714.54876800001,0.02328656914565595
https://entity.api.hubmapconsortium.org/entities/27485b21a2285dbcae38f2d56d429dec,http://purl.org/ccf/1.5/aae4b64f-ffda-4c18-9db1-e5aa350b0d3b,right kidney,UBERON:0004539,sc_bulk,https://purl.org/ccf/ASCTB-TEMP_cortical-collecting-duct-intercalated-type-a,Cortical Collecting Duct Intercalated Type A,5909.53116,0.01174716232789585
https://entity.api.hubmapconsortium.org/entities/27485b21a2285dbcae38f2d56d429dec,http://purl.org/ccf/1.5/aae4b64f-ffda-4c18-9db1-e5aa350b0d3b,right kidney,UBERON:0004539,sc_bulk,https://purl.org/ccf/ASCTB-TEMP_podocyte,Podocyte,5565.435485999999,0.01106315751780788
https://entity.api.hubmapconsortium.org/entities/27485b21a2285dbcae38f2d56d429dec,http://purl.org/ccf/1.5/aae4b64f-ffda-4c18-9db1-e5aa350b0d3b,right kidney,UBERON:0004539,sc_bulk,https://purl.org/ccf/ASCTB-TEMP_mesangial,Mesangial,5426.925946,0.01078782365353189
https://entity.api.hubmapconsortium.org/entities/27485b21a2285dbcae38f2d56d429dec,http://purl.org/ccf/1.5/aae4b64f-ffda-4c18-9db1-e5aa350b0d3b,right kidney,UBERON:0004539,sc_bulk,https://purl.org/ccf/ASCTB-TEMP_peritubular-capilary-endothelial,Peritubular Capilary Endothelial,4982.104659999999,0.009903593126258489
https://entity.api.hubmapconsortium.org/entities/27485b21a2285dbcae38f2d56d429dec,http://purl.org/ccf/1.5/aae4b64f-ffda-4c18-9db1-e5aa350b0d3b,right kidney,UBERON:0004539,sc_bulk,https://purl.org/ccf/ASCTB-TEMP_outer-medullary-collecting-duct-intercalated-type-a,Outer Medullary Collecting Duct Intercalated Type A,3620.292052,0.007196536790785813
https://entity.api.hubmapconsortium.org/entities/27485b21a2285dbcae38f2d56d429dec,http://purl.org/ccf/1.5/aae4b64f-ffda-4c18-9db1-e5aa350b0d3b,right kidney,UBERON:0004539,sc_bulk,https://purl.org/ccf/ASCTB-TEMP_outer-medullary-collecting-duct-principal,Outer Medullary Collecting Duct Principal,3534.142274,0.007025285400569234
https://entity.api.hubmapconsortium.org/entities/27485b21a2285dbcae38f2d56d429dec,http://purl.org/ccf/1.5/aae4b64f-ffda-4c18-9db1-e5aa350b0d3b,right kidney,UBERON:0004539,sc_bulk,https://purl.org/ccf/ASCTB-TEMP_parietal-epithelial,Parietal Epithelial,3474.14873,0.006906028241090316
https://entity.api.hubmapconsortium.org/entities/27485b21a2285dbcae38f2d56d429dec,http://purl.org/ccf/1.5/aae4b64f-ffda-4c18-9db1-e5aa350b0d3b,right kidney,UBERON:0004539,sc_bulk,https://purl.org/ccf/ASCTB-TEMP_intercalated-type-b,Intercalated Type B,3367.515788000001,0.006694059737115949
https://entity.api.hubmapconsortium.org/entities/27485b21a2285dbcae38f2d56d429dec,http://purl.org/ccf/1.5/aae4b64f-ffda-4c18-9db1-e5aa350b0d3b,right kidney,UBERON:0004539,sc_bulk,https://purl.org/ccf/ASCTB-TEMP_ascending-vasa-recta-endothelial,Ascending Vasa Recta Endothelial,2781.007424,0.005528178929986636
https://entity.api.hubmapconsortium.org/entities/27485b21a2285dbcae38f2d56d429dec,http://purl.org/ccf/1.5/aae4b64f-ffda-4c18-9db1-e5aa350b0d3b,right kidney,UBERON:0004539,sc_bulk,https://purl.org/ccf/ASCTB-TEMP_classical-dendritic,Classical Dendritic,2721.723732,0.005410332837891407
https://entity.api.hubmapconsortium.org/entities/27485b21a2285dbcae38f2d56d429dec,http://purl.org/ccf/1.5/aae4b64f-ffda-4c18-9db1-e5aa350b0d3b,right kidney,UBERON:0004539,sc_bulk,https://purl.org/ccf/ASCTB-TEMP_macula-densa,Macula Densa,2709.025955999999,0.005385091776995594
https://entity.api.hubmapconsortium.org/entities/27485b21a2285dbcae38f2d56d429dec,http://purl.org/ccf/1.5/aae4b64f-ffda-4c18-9db1-e5aa350b0d3b,right kidney,UBERON:0004539,sc_bulk,https://purl.org/ccf/ASCTB-TEMP_glomerular-capillary-endothelial,Glomerular Capillary Endothelial,2600.442468,0.005169245912894062
https://entity.api.hubmapconsortium.org/entities/27485b21a2285dbcae38f2d56d429dec,http://purl.org/ccf/1.5/aae4b64f-ffda-4c18-9db1-e5aa350b0d3b,right kidney,UBERON:0004539,sc_bulk,https://purl.org/ccf/ASCTB-TEMP_medullary-fibroblast,Medullary Fibroblast,2135.232164,0.004244485418408781
https://entity.api.hubmapconsortium.org/entities/27485b21a2285dbcae38f2d56d429dec,http://purl.org/ccf/1.5/aae4b64f-ffda-4c18-9db1-e5aa350b0d3b,right kidney,UBERON:0004539,sc_bulk,https://purl.org/ccf/ASCTB-TEMP_cortical-vascular-smooth-muscle-pericyte,Cortical Vascular Smooth Muscle / Pericyte,1636.115156,0.003252324051484084
https://entity.api.hubmapconsortium.org/entities/27485b21a2285dbcae38f2d56d429dec,http://purl.org/ccf/1.5/aae4b64f-ffda-4c18-9db1-e5aa350b0d3b,right kidney,UBERON:0004539,sc_bulk,https://purl.org/ccf/ASCTB-TEMP_connecting-tubule-principal,Connecting Tubule Principal,1535.92348,0.003053159710014406
https://entity.api.hubmapconsortium.org/entities/27485b21a2285dbcae38f2d56d429dec,http://purl.org/ccf/1.5/aae4b64f-ffda-4c18-9db1-e5aa350b0d3b,right kidney,UBERON:0004539,sc_bulk,https://purl.org/ccf/ASCTB-TEMP_vascular-smooth-muscle-pericyte,Vascular Smooth Muscle / Pericyte,1494.637586,0.002971090238589484
https://entity.api.hubmapconsortium.org/entities/27485b21a2285dbcae38f2d56d429dec,http://purl.org/ccf/1.5/aae4b64f-ffda-4c18-9db1-e5aa350b0d3b,right kidney,UBERON:0004539,sc_bulk,https://purl.org/ccf/ASCTB-TEMP_m2-macrophage,M2 Macrophage,1492.05056,0.002965947662377315
https://entity.api.hubmapconsortium.org/entities/27485b21a2285dbcae38f2d56d429dec,http://purl.org/ccf/1.5/aae4b64f-ffda-4c18-9db1-e5aa350b0d3b,right kidney,UBERON:0004539,sc_bulk,https://purl.org/ccf/ASCTB-TEMP_descending-thin-limb-type-3,Descending Thin Limb Type 3,1394.208556,0.002771454076954773
https://entity.api.hubmapconsortium.org/entities/27485b21a2285dbcae38f2d56d429dec,http://purl.org/ccf/1.5/aae4b64f-ffda-4c18-9db1-e5aa350b0d3b,right kidney,UBERON:0004539,sc_bulk,https://purl.org/ccf/ASCTB-TEMP_monocyte-derived,Monocyte-derived,1316.85723,0.0026176925418688
https://entity.api.hubmapconsortium.org/entities/27485b21a2285dbcae38f2d56d429dec,http://purl.org/ccf/1.5/aae4b64f-ffda-4c18-9db1-e5aa350b0d3b,right kidney,UBERON:0004539,sc_bulk,https://purl.org/ccf/ASCTB-TEMP_descending-vasa-recta-endothelial,Descending Vasa Recta Endothelial,1219.00948,0.002423187534356601
https://entity.api.hubmapconsortium.org/entities/27485b21a2285dbcae38f2d56d429dec,http://purl.org/ccf/1.5/aae4b64f-ffda-4c18-9db1-e5aa350b0d3b,right kidney,UBERON:0004539,sc_bulk,https://purl.org/ccf/ASCTB-TEMP_t,T,808.028156,0.001606225207558149
https://entity.api.hubmapconsortium.org/entities/27485b21a2285dbcae38f2d56d429dec,http://purl.org/ccf/1.5/aae4b64f-ffda-4c18-9db1-e5aa350b0d3b,right kidney,UBERON:0004539,sc_bulk,https://purl.org/ccf/ASCTB-TEMP_distal-convoluted-tubule-type-2,Distal Convoluted Tubule Type 2,690.2497420000001,0.001372101364139728
https://entity.api.hubmapconsortium.org/entities/27485b21a2285dbcae38f2d56d429dec,http://purl.org/ccf/1.5/aae4b64f-ffda-4c18-9db1-e5aa350b0d3b,right kidney,UBERON:0004539,sc_bulk,https://purl.org/ccf/ASCTB-TEMP_afferent-efferent-arteriole-endothelial,Afferent / Efferent Arteriole Endothelial,658.458892,0.001308906456560666
https://entity.api.hubmapconsortium.org/entities/27485b21a2285dbcae38f2d56d429dec,http://purl.org/ccf/1.5/aae4b64f-ffda-4c18-9db1-e5aa350b0d3b,right kidney,UBERON:0004539,sc_bulk,https://purl.org/ccf/ASCTB-TEMP_proximal-tubule-epithelial-segment-2,Proximal Tubule Epithelial Segment 2,521.1860679999999,0.001036030977427618
https://entity.api.hubmapconsortium.org/entities/27485b21a2285dbcae38f2d56d429dec,http://purl.org/ccf/1.5/aae4b64f-ffda-4c18-9db1-e5aa350b0d3b,right kidney,UBERON:0004539,sc_bulk,https://purl.org/ccf/ASCTB-TEMP_mast,Mast,357.601868,7.108528711361907E-4
https://entity.api.hubmapconsortium.org/entities/27485b21a2285dbcae38f2d56d429dec,http://purl.org/ccf/1.5/aae4b64f-ffda-4c18-9db1-e5aa350b0d3b,right kidney,UBERON:0004539,sc_bulk,https://purl.org/ccf/ASCTB-TEMP_b,B,274.02453,5.447150625964998E-4
https://entity.api.hubmapconsortium.org/entities/27485b21a2285dbcae38f2d56d429dec,http://purl.org/ccf/1.5/aae4b64f-ffda-4c18-9db1-e5aa350b0d3b,right kidney,UBERON:0004539,sc_bulk,https://purl.org/ccf/ASCTB-TEMP_schwann-neural,Schwann / Neural,236.27331,4.696719335547522E-4
https://entity.api.hubmapconsortium.org/entities/27485b21a2285dbcae38f2d56d429dec,http://purl.org/ccf/1.5/aae4b64f-ffda-4c18-9db1-e5aa350b0d3b,right kidney,UBERON:0004539,sc_bulk,https://purl.org/ccf/ASCTB-TEMP_plasma,Plasma,210.56438,4.185668685657199E-4
https://entity.api.hubmapconsortium.org/entities/27485b21a2285dbcae38f2d56d429dec,http://purl.org/ccf/1.5/aae4b64f-ffda-4c18-9db1-e5aa350b0d3b,right kidney,UBERON:0004539,sc_bulk,https://purl.org/ccf/ASCTB-TEMP_lymphatic-endothelial,Lymphatic Endothelial,210.264704,4.179711626590309E-4
https://entity.api.hubmapconsortium.org/entities/27485b21a2285dbcae38f2d56d429dec,http://purl.org/ccf/1.5/aae4b64f-ffda-4c18-9db1-e5aa350b0d3b,right kidney,UBERON:0004539,sc_bulk,https://purl.org/ccf/ASCTB-TEMP_tissue-resident-macrophage,Tissue-resident Macrophage,203.506524,4.045370279786852E-4
https://entity.api.hubmapconsortium.org/entities/27485b21a2285dbcae38f2d56d429dec,http://purl.org/ccf/1.5/aae4b64f-ffda-4c18-9db1-e5aa350b0d3b,right kidney,UBERON:0004539,sc_bulk,https://purl.org/ccf/ASCTB-TEMP_papillary-tip-epithelial,Papillary Tip Epithelial,116.415286,2.314141723030396E-4
https://entity.api.hubmapconsortium.org/entities/27485b21a2285dbcae38f2d56d429dec,http://purl.org/ccf/1.5/aae4b64f-ffda-4c18-9db1-e5aa350b0d3b,right kidney,UBERON:0004539,sc_bulk,https://purl.org/ccf/ASCTB-TEMP_connecting-tubule-intercalated-type-a,Connecting Tubule Intercalated Type A,108.476524,2.156332375094694E-4
https://entity.api.hubmapconsortium.org/entities/27485b21a2285dbcae38f2d56d429dec,http://purl.org/ccf/1.5/aae4b64f-ffda-4c18-9db1-e5aa350b0d3b,right kidney,UBERON:0004539,sc_bulk,https://purl.org/ccf/ASCTB-TEMP_natural-killer-natural-killer-t,Natural Killer / Natural Killer T,35.2495,7.007012692986034E-5
https://entity.api.hubmapconsortium.org/entities/27485b21a2285dbcae38f2d56d429dec,http://purl.org/ccf/1.5/aae4b64f-ffda-4c18-9db1-e5aa350b0d3b,right kidney,UBERON:0004539,sc_bulk,https://purl.org/ccf/ASCTB-TEMP_non-classical-monocyte,Non-classical monocyte,33.371,6.633598223453863E-5
https://entity.api.hubmapconsortium.org/entities/27485b21a2285dbcae38f2d56d429dec,http://purl.org/ccf/1.5/aae4b64f-ffda-4c18-9db1-e5aa350b0d3b,right kidney,UBERON:0004539,sc_bulk,https://purl.org/ccf/ASCTB-TEMP_neutrophil,Neutrophil,23.740262,4.719168134833515E-5
https://entity.api.hubmapconsortium.org/entities/27485b21a2285dbcae38f2d56d429dec,http://purl.org/ccf/1.5/aae4b64f-ffda-4c18-9db1-e5aa350b0d3b,right kidney,UBERON:0004539,sc_bulk,https://purl.org/ccf/ASCTB-TEMP_renin-positive-juxtaglomerular-granular,Renin-positive Juxtaglomerular Granular,22.75416,4.523147503886157E-5
https://entity.api.hubmapconsortium.org/entities/27485b21a2285dbcae38f2d56d429dec,http://purl.org/ccf/1.5/aae4b64f-ffda-4c18-9db1-e5aa350b0d3b,right kidney,UBERON:0004539,sc_bulk,https://purl.org/ccf/ASCTB-TEMP_monocyte,Monocyte,20.740408,4.122847192547669E-5
https://entity.api.hubmapconsortium.org/entities/27485b21a2285dbcae38f2d56d429dec,http://purl.org/ccf/1.5/aae4b64f-ffda-4c18-9db1-e5aa350b0d3b,right kidney,UBERON:0004539,sc_bulk,https://purl.org/ccf/ASCTB-TEMP_natural-killer-t,Natural Killer T,19.157606,3.808212553631268E-5
https://entity.api.hubmapconsortium.org/entities/27485b21a2285dbcae38f2d56d429dec,http://purl.org/ccf/1.5/aae4b64f-ffda-4c18-9db1-e5aa350b0d3b,right kidney,UBERON:0004539,sc_bulk,https://purl.org/ccf/ASCTB-TEMP_plasmacytoid-dendritic,Plasmacytoid Dendritic,17.18275,3.415644118367799E-5
https://entity.api.hubmapconsortium.org/entities/27485b21a2285dbcae38f2d56d429dec,http://purl.org/ccf/1.5/aae4b64f-ffda-4c18-9db1-e5aa350b0d3b,right kidney,UBERON:0004539,sc_bulk,https://purl.org/ccf/ASCTB-TEMP_cycling-mononuclear-phagocyte,Cycling Mononuclear Phagocyte,9.184318,1.825689238213878E-5
https://entity.api.hubmapconsortium.org/entities/2d3a82aa3180b216081bbb0ae7bbe521,http://purl.org/ccf/1.5/ba018414-bb8f-4ddb-9586-9d955939f17e,right kidney,UBERON:0004539,sc_bulk,https://purl.org/ccf/ASCTB-TEMP_inner-medullary-collecting-duct,Inner Medullary Collecting Duct,1169.419845,0.2886076777194522
https://entity.api.hubmapconsortium.org/entities/2d3a82aa3180b216081bbb0ae7bbe521,http://purl.org/ccf/1.5/ba018414-bb8f-4ddb-9586-9d955939f17e,right kidney,UBERON:0004539,sc_bulk,https://purl.org/ccf/ASCTB-TEMP_descending-thin-limb-type-1,Descending Thin Limb Type 1,595.37313,0.1469354716020417
https://entity.api.hubmapconsortium.org/entities/2d3a82aa3180b216081bbb0ae7bbe521,http://purl.org/ccf/1.5/ba018414-bb8f-4ddb-9586-9d955939f17e,right kidney,UBERON:0004539,sc_bulk,https://purl.org/ccf/ASCTB-TEMP_medullary-thick-ascending-limb,Medullary Thick Ascending Limb,504.4663800000001,0.1245000852703494
https://entity.api.hubmapconsortium.org/entities/2d3a82aa3180b216081bbb0ae7bbe521,http://purl.org/ccf/1.5/ba018414-bb8f-4ddb-9586-9d955939f17e,right kidney,UBERON:0004539,sc_bulk,https://purl.org/ccf/ASCTB-TEMP_connecting-tubule,Connecting Tubule,473.6090700000001,0.1168846367914763
https://entity.api.hubmapconsortium.org/entities/2d3a82aa3180b216081bbb0ae7bbe521,http://purl.org/ccf/1.5/ba018414-bb8f-4ddb-9586-9d955939f17e,right kidney,UBERON:0004539,sc_bulk,https://purl.org/ccf/ASCTB-TEMP_fibroblast,Fibroblast,217.735815,0.05373624211371433
https://entity.api.hubmapconsortium.org/entities/2d3a82aa3180b216081bbb0ae7bbe521,http://purl.org/ccf/1.5/ba018414-bb8f-4ddb-9586-9d955939f17e,right kidney,UBERON:0004539,sc_bulk,https://purl.org/ccf/ASCTB-TEMP_cortical-thick-ascending-limb,Cortical Thick Ascending Limb,157.55751,0.03888450094530368
https://entity.api.hubmapconsortium.org/entities/2d3a82aa3180b216081bbb0ae7bbe521,http://purl.org/ccf/1.5/ba018414-bb8f-4ddb-9586-9d955939f17e,right kidney,UBERON:0004539,sc_bulk,https://purl.org/ccf/ASCTB-TEMP_medullary-fibroblast,Medullary Fibroblast,137.135955,0.03384455093148286
https://entity.api.hubmapconsortium.org/entities/2d3a82aa3180b216081bbb0ae7bbe521,http://purl.org/ccf/1.5/ba018414-bb8f-4ddb-9586-9d955939f17e,right kidney,UBERON:0004539,sc_bulk,https://purl.org/ccf/ASCTB-TEMP_descending-thin-limb-type-2,Descending Thin Limb Type 2,117.22293,0.02893010388648732
https://entity.api.hubmapconsortium.org/entities/2d3a82aa3180b216081bbb0ae7bbe521,http://purl.org/ccf/1.5/ba018414-bb8f-4ddb-9586-9d955939f17e,right kidney,UBERON:0004539,sc_bulk,https://purl.org/ccf/ASCTB-TEMP_proximal-tubule-epithelial-segment-3,Proximal Tubule Epithelial Segment 3,74.71975499999999,0.0184405071134366
https://entity.api.hubmapconsortium.org/entities/2d3a82aa3180b216081bbb0ae7bbe521,http://purl.org/ccf/1.5/ba018414-bb8f-4ddb-9586-9d955939f17e,right kidney,UBERON:0004539,sc_bulk,https://purl.org/ccf/ASCTB-TEMP_outer-medullary-collecting-duct-principal,Outer Medullary Collecting Duct Principal,71.90238,0.01774519134682684
https://entity.api.hubmapconsortium.org/entities/2d3a82aa3180b216081bbb0ae7bbe521,http://purl.org/ccf/1.5/ba018414-bb8f-4ddb-9586-9d955939f17e,right kidney,UBERON:0004539,sc_bulk,https://purl.org/ccf/ASCTB-TEMP_distal-convoluted-tubule-type-1,Distal Convoluted Tubule Type 1,65.04663,0.01605322238034745
https://entity.api.hubmapconsortium.org/entities/2d3a82aa3180b216081bbb0ae7bbe521,http://purl.org/ccf/1.5/ba018414-bb8f-4ddb-9586-9d955939f17e,right kidney,UBERON:0004539,sc_bulk,https://purl.org/ccf/ASCTB-TEMP_papillary-tip-epithelial,Papillary Tip Epithelial,59.04541500000001,0.01457214889587521
https://entity.api.hubmapconsortium.org/entities/2d3a82aa3180b216081bbb0ae7bbe521,http://purl.org/ccf/1.5/ba018414-bb8f-4ddb-9586-9d955939f17e,right kidney,UBERON:0004539,sc_bulk,https://purl.org/ccf/ASCTB-TEMP_proximal-tubule-epithelial-segment-1,Proximal Tubule Epithelial Segment 1,58.250445,0.01437595379405818
https://entity.api.hubmapconsortium.org/entities/2d3a82aa3180b216081bbb0ae7bbe521,http://purl.org/ccf/1.5/ba018414-bb8f-4ddb-9586-9d955939f17e,right kidney,UBERON:0004539,sc_bulk,https://purl.org/ccf/ASCTB-TEMP_descending-vasa-recta-endothelial,Descending Vasa Recta Endothelial,50.39034,0.01243611442808517
https://entity.api.hubmapconsortium.org/entities/2d3a82aa3180b216081bbb0ae7bbe521,http://purl.org/ccf/1.5/ba018414-bb8f-4ddb-9586-9d955939f17e,right kidney,UBERON:0004539,sc_bulk,https://purl.org/ccf/ASCTB-TEMP_ascending-vasa-recta-endothelial,Ascending Vasa Recta Endothelial,41.017515,0.01012294241506804
https://entity.api.hubmapconsortium.org/entities/2d3a82aa3180b216081bbb0ae7bbe521,http://purl.org/ccf/1.5/ba018414-bb8f-4ddb-9586-9d955939f17e,right kidney,UBERON:0004539,sc_bulk,https://purl.org/ccf/ASCTB-TEMP_cortical-collecting-duct-principal,Cortical Collecting Duct Principal,37.32366,0.009211315236907417
https://entity.api.hubmapconsortium.org/entities/2d3a82aa3180b216081bbb0ae7bbe521,http://purl.org/ccf/1.5/ba018414-bb8f-4ddb-9586-9d955939f17e,right kidney,UBERON:0004539,sc_bulk,https://purl.org/ccf/ASCTB-TEMP_vascular-smooth-muscle-pericyte,Vascular Smooth Muscle / Pericyte,35.81655000000001,0.008839367113205307
https://entity.api.hubmapconsortium.org/entities/2d3a82aa3180b216081bbb0ae7bbe521,http://purl.org/ccf/1.5/ba018414-bb8f-4ddb-9586-9d955939f17e,right kidney,UBERON:0004539,sc_bulk,https://purl.org/ccf/ASCTB-TEMP_mesangial,Mesangial,27.307335,0.006739330252307389
https://entity.api.hubmapconsortium.org/entities/2d3a82aa3180b216081bbb0ae7bbe521,http://purl.org/ccf/1.5/ba018414-bb8f-4ddb-9586-9d955939f17e,right kidney,UBERON:0004539,sc_bulk,https://purl.org/ccf/ASCTB-TEMP_peritubular-capilary-endothelial,Peritubular Capilary Endothelial,23.84976,0.005886015939610023
https://entity.api.hubmapconsortium.org/entities/2d3a82aa3180b216081bbb0ae7bbe521,http://purl.org/ccf/1.5/ba018414-bb8f-4ddb-9586-9d955939f17e,right kidney,UBERON:0004539,sc_bulk,https://purl.org/ccf/ASCTB-TEMP_m2-macrophage,M2 Macrophage,22.87131,0.005644538780254482
https://entity.api.hubmapconsortium.org/entities/2d3a82aa3180b216081bbb0ae7bbe521,http://purl.org/ccf/1.5/ba018414-bb8f-4ddb-9586-9d955939f17e,right kidney,UBERON:0004539,sc_bulk,https://purl.org/ccf/ASCTB-TEMP_cortical-vascular-smooth-muscle-pericyte,Cortical Vascular Smooth Muscle / Pericyte,18.411855,0.004543964887184966
https://entity.api.hubmapconsortium.org/entities/2d3a82aa3180b216081bbb0ae7bbe521,http://purl.org/ccf/1.5/ba018414-bb8f-4ddb-9586-9d955939f17e,right kidney,UBERON:0004539,sc_bulk,https://purl.org/ccf/ASCTB-TEMP_cortical-collecting-duct-intercalated-type-a,Cortical Collecting Duct Intercalated Type A,17.428125,0.004301184647036949
https://entity.api.hubmapconsortium.org/entities/2d3a82aa3180b216081bbb0ae7bbe521,http://purl.org/ccf/1.5/ba018414-bb8f-4ddb-9586-9d955939f17e,right kidney,UBERON:0004539,sc_bulk,https://purl.org/ccf/ASCTB-TEMP_outer-medullary-collecting-duct-intercalated-type-a,Outer Medullary Collecting Duct Intercalated Type A,13.991505,0.003453041936234718
https://entity.api.hubmapconsortium.org/entities/2d3a82aa3180b216081bbb0ae7bbe521,http://purl.org/ccf/1.5/ba018414-bb8f-4ddb-9586-9d955939f17e,right kidney,UBERON:0004539,sc_bulk,https://purl.org/ccf/ASCTB-TEMP_ascending-thin-limb,Ascending Thin Limb,10.23099,0.002524963363069093
https://entity.api.hubmapconsortium.org/entities/2d3a82aa3180b216081bbb0ae7bbe521,http://purl.org/ccf/1.5/ba018414-bb8f-4ddb-9586-9d955939f17e,right kidney,UBERON:0004539,sc_bulk,https://purl.org/ccf/ASCTB-TEMP_macula-densa,Macula Densa,7.74312,0.001910967982164733
https://entity.api.hubmapconsortium.org/entities/2d3a82aa3180b216081bbb0ae7bbe521,http://purl.org/ccf/1.5/ba018414-bb8f-4ddb-9586-9d955939f17e,right kidney,UBERON:0004539,sc_bulk,https://purl.org/ccf/ASCTB-TEMP_connecting-tubule-principal,Connecting Tubule Principal,6.342435,0.001565285080685948
https://entity.api.hubmapconsortium.org/entities/2d3a82aa3180b216081bbb0ae7bbe521,http://purl.org/ccf/1.5/ba018414-bb8f-4ddb-9586-9d955939f17e,right kidney,UBERON:0004539,sc_bulk,https://purl.org/ccf/ASCTB-TEMP_afferent-efferent-arteriole-endothelial,Afferent / Efferent Arteriole Endothelial,5.21367,0.001286710840019631
https://entity.api.hubmapconsortium.org/entities/2d3a82aa3180b216081bbb0ae7bbe521,http://purl.org/ccf/1.5/ba018414-bb8f-4ddb-9586-9d955939f17e,right kidney,UBERON:0004539,sc_bulk,https://purl.org/ccf/ASCTB-TEMP_glomerular-capillary-endothelial,Glomerular Capillary Endothelial,4.214265,0.001040062078768953
https://entity.api.hubmapconsortium.org/entities/2d3a82aa3180b216081bbb0ae7bbe521,http://purl.org/ccf/1.5/ba018414-bb8f-4ddb-9586-9d955939f17e,right kidney,UBERON:0004539,sc_bulk,https://purl.org/ccf/ASCTB-TEMP_descending-thin-limb-type-3,Descending Thin Limb Type 3,4.19331,0.001034890476873818
https://entity.api.hubmapconsortium.org/entities/2d3a82aa3180b216081bbb0ae7bbe521,http://purl.org/ccf/1.5/ba018414-bb8f-4ddb-9586-9d955939f17e,right kidney,UBERON:0004539,sc_bulk,https://purl.org/ccf/ASCTB-TEMP_tissue-resident-macrophage,Tissue-resident Macrophage,3.95406,9.758446284647899E-4
https://entity.api.hubmapconsortium.org/entities/2d3a82aa3180b216081bbb0ae7bbe521,http://purl.org/ccf/1.5/ba018414-bb8f-4ddb-9586-9d955939f17e,right kidney,UBERON:0004539,sc_bulk,https://purl.org/ccf/ASCTB-TEMP_podocyte,Podocyte,3.786255000000001,9.344310920289408E-4
https://entity.api.hubmapconsortium.org/entities/2d3a82aa3180b216081bbb0ae7bbe521,http://purl.org/ccf/1.5/ba018414-bb8f-4ddb-9586-9d955939f17e,right kidney,UBERON:0004539,sc_bulk,https://purl.org/ccf/ASCTB-TEMP_parietal-epithelial,Parietal Epithelial,3.07923,7.59940429661572E-4
https://entity.api.hubmapconsortium.org/entities/2d3a82aa3180b216081bbb0ae7bbe521,http://purl.org/ccf/1.5/ba018414-bb8f-4ddb-9586-9d955939f17e,right kidney,UBERON:0004539,sc_bulk,https://purl.org/ccf/ASCTB-TEMP_monocyte-derived,Monocyte-derived,2.39778,5.917615648827544E-4
https://entity.api.hubmapconsortium.org/entities/2d3a82aa3180b216081bbb0ae7bbe521,http://purl.org/ccf/1.5/ba018414-bb8f-4ddb-9586-9d955939f17e,right kidney,UBERON:0004539,sc_bulk,https://purl.org/ccf/ASCTB-TEMP_t,T,2.23872,5.52506256009442E-4
https://entity.api.hubmapconsortium.org/entities/2d3a82aa3180b216081bbb0ae7bbe521,http://purl.org/ccf/1.5/ba018414-bb8f-4ddb-9586-9d955939f17e,right kidney,UBERON:0004539,sc_bulk,https://purl.org/ccf/ASCTB-TEMP_intercalated-type-b,Intercalated Type B,1.935615,4.777012742664184E-4
https://entity.api.hubmapconsortium.org/entities/2d3a82aa3180b216081bbb0ae7bbe521,http://purl.org/ccf/1.5/ba018414-bb8f-4ddb-9586-9d955939f17e,right kidney,UBERON:0004539,sc_bulk,https://purl.org/ccf/ASCTB-TEMP_lymphatic-endothelial,Lymphatic Endothelial,1.820115,4.491963819310256E-4
https://entity.api.hubmapconsortium.org/entities/2d3a82aa3180b216081bbb0ae7bbe521,http://purl.org/ccf/1.5/ba018414-bb8f-4ddb-9586-9d955939f17e,right kidney,UBERON:0004539,sc_bulk,https://purl.org/ccf/ASCTB-TEMP_monocyte,Monocyte,0.84546,2.086558118950753E-4
https://entity.api.hubmapconsortium.org/entities/2d3a82aa3180b216081bbb0ae7bbe521,http://purl.org/ccf/1.5/ba018414-bb8f-4ddb-9586-9d955939f17e,right kidney,UBERON:0004539,sc_bulk,https://purl.org/ccf/ASCTB-TEMP_proximal-tubule-epithelial-segment-2,Proximal Tubule Epithelial Segment 2,0.7725299999999999,1.906570084490129E-4
https://entity.api.hubmapconsortium.org/entities/2d3a82aa3180b216081bbb0ae7bbe521,http://purl.org/ccf/1.5/ba018414-bb8f-4ddb-9586-9d955939f17e,right kidney,UBERON:0004539,sc_bulk,https://purl.org/ccf/ASCTB-TEMP_schwann-neural,Schwann / Neural,0.7566900000000001,1.867477660715877E-4
https://entity.api.hubmapconsortium.org/entities/2d3a82aa3180b216081bbb0ae7bbe521,http://purl.org/ccf/1.5/ba018414-bb8f-4ddb-9586-9d955939f17e,right kidney,UBERON:0004539,sc_bulk,https://purl.org/ccf/ASCTB-TEMP_natural-killer-natural-killer-t,Natural Killer / Natural Killer T,0.7088399999999999,1.74938596389782E-4
https://entity.api.hubmapconsortium.org/entities/2d3a82aa3180b216081bbb0ae7bbe521,http://purl.org/ccf/1.5/ba018414-bb8f-4ddb-9586-9d955939f17e,right kidney,UBERON:0004539,sc_bulk,https://purl.org/ccf/ASCTB-TEMP_distal-convoluted-tubule-type-2,Distal Convoluted Tubule Type 2,0.471075,1.162592394536378E-4
https://entity.api.hubmapconsortium.org/entities/2d3a82aa3180b216081bbb0ae7bbe521,http://purl.org/ccf/1.5/ba018414-bb8f-4ddb-9586-9d955939f17e,right kidney,UBERON:0004539,sc_bulk,https://purl.org/ccf/ASCTB-TEMP_b,B,0.39006,9.626509354409795E-5
https://entity.api.hubmapconsortium.org/entities/2d3a82aa3180b216081bbb0ae7bbe521,http://purl.org/ccf/1.5/ba018414-bb8f-4ddb-9586-9d955939f17e,right kidney,UBERON:0004539,sc_bulk,https://purl.org/ccf/ASCTB-TEMP_plasma,Plasma,0.235455,5.810925908943646E-5
https://entity.api.hubmapconsortium.org/entities/2d3a82aa3180b216081bbb0ae7bbe521,http://purl.org/ccf/1.5/ba018414-bb8f-4ddb-9586-9d955939f17e,right kidney,UBERON:0004539,sc_bulk,https://purl.org/ccf/ASCTB-TEMP_mast,Mast,0.17226,4.251301085450012E-5
https://entity.api.hubmapconsortium.org/entities/2d3a82aa3180b216081bbb0ae7bbe521,http://purl.org/ccf/1.5/ba018414-bb8f-4ddb-9586-9d955939f17e,right kidney,UBERON:0004539,sc_bulk,https://purl.org/ccf/ASCTB-TEMP_classical-dendritic,Classical Dendritic,0.15642,3.860376847707482E-5
https://entity.api.hubmapconsortium.org/entities/2d3a82aa3180b216081bbb0ae7bbe521,http://purl.org/ccf/1.5/ba018414-bb8f-4ddb-9586-9d955939f17e,right kidney,UBERON:0004539,sc_bulk,https://purl.org/ccf/ASCTB-TEMP_cycling-mononuclear-phagocyte,Cycling Mononuclear Phagocyte,0.14553,3.591616434259493E-5
https://entity.api.hubmapconsortium.org/entities/2d3a82aa3180b216081bbb0ae7bbe521,http://purl.org/ccf/1.5/ba018414-bb8f-4ddb-9586-9d955939f17e,right kidney,UBERON:0004539,sc_bulk,https://purl.org/ccf/ASCTB-TEMP_renin-positive-juxtaglomerular-granular,Renin-positive Juxtaglomerular Granular,0.13827,3.412442825294167E-5
https://entity.api.hubmapconsortium.org/entities/2d3a82aa3180b216081bbb0ae7bbe521,http://purl.org/ccf/1.5/ba018414-bb8f-4ddb-9586-9d955939f17e,right kidney,UBERON:0004539,sc_bulk,https://purl.org/ccf/ASCTB-TEMP_non-classical-monocyte,Non-classical monocyte,0.048345,1.193133350610013E-5
https://entity.api.hubmapconsortium.org/entities/2d3a82aa3180b216081bbb0ae7bbe521,http://purl.org/ccf/1.5/ba018414-bb8f-4ddb-9586-9d955939f17e,right kidney,UBERON:0004539,sc_bulk,https://purl.org/ccf/ASCTB-TEMP_connecting-tubule-intercalated-type-a,Connecting Tubule Intercalated Type A,0.048345,1.193133350610013E-5
https://entity.api.hubmapconsortium.org/entities/2d3a82aa3180b216081bbb0ae7bbe521,http://purl.org/ccf/1.5/ba018414-bb8f-4ddb-9586-9d955939f17e,right kidney,UBERON:0004539,sc_bulk,https://purl.org/ccf/ASCTB-TEMP_neutrophil,Neutrophil,0.00198,4.886552971781622E-7
https://entity.api.hubmapconsortium.org/entities/2d3a82aa3180b216081bbb0ae7bbe521,http://purl.org/ccf/1.5/ba018414-bb8f-4ddb-9586-9d955939f17e,right kidney,UBERON:0004539,sc_bulk,https://purl.org/ccf/ASCTB-TEMP_plasmacytoid-dendritic,Plasmacytoid Dendritic,9.9E-4,2.443276485890811E-7
https://entity.api.hubmapconsortium.org/entities/2d3a82aa3180b216081bbb0ae7bbe521,http://purl.org/ccf/1.5/ba018414-bb8f-4ddb-9586-9d955939f17e,right kidney,UBERON:0004539,sc_bulk,https://purl.org/ccf/ASCTB-TEMP_natural-killer-t,Natural Killer T,9.9E-4,2.443276485890811E-7
https://entity.api.hubmapconsortium.org/entities/30ef35ede661deb43376c4f74ae581e2,http://purl.org/ccf/1.5/20dd6d0c-0b29-40c6-9d0a-b5af3cc58da1,right kidney,UBERON:0004539,sc_bulk,https://purl.org/ccf/ASCTB-TEMP_descending-thin-limb-type-2,Descending Thin Limb Type 2,4749.804756,0.1548052267949792
https://entity.api.hubmapconsortium.org/entities/30ef35ede661deb43376c4f74ae581e2,http://purl.org/ccf/1.5/20dd6d0c-0b29-40c6-9d0a-b5af3cc58da1,right kidney,UBERON:0004539,sc_bulk,https://purl.org/ccf/ASCTB-TEMP_inner-medullary-collecting-duct,Inner Medullary Collecting Duct,4486.598440000001,0.146226829253316
https://entity.api.hubmapconsortium.org/entities/30ef35ede661deb43376c4f74ae581e2,http://purl.org/ccf/1.5/20dd6d0c-0b29-40c6-9d0a-b5af3cc58da1,right kidney,UBERON:0004539,sc_bulk,https://purl.org/ccf/ASCTB-TEMP_descending-thin-limb-type-1,Descending Thin Limb Type 1,4186.264983999999,0.1364383871680978
https://entity.api.hubmapconsortium.org/entities/30ef35ede661deb43376c4f74ae581e2,http://purl.org/ccf/1.5/20dd6d0c-0b29-40c6-9d0a-b5af3cc58da1,right kidney,UBERON:0004539,sc_bulk,https://purl.org/ccf/ASCTB-TEMP_vascular-smooth-muscle-pericyte,Vascular Smooth Muscle / Pericyte,2662.828035999999,0.08678666160083509
https://entity.api.hubmapconsortium.org/entities/30ef35ede661deb43376c4f74ae581e2,http://purl.org/ccf/1.5/20dd6d0c-0b29-40c6-9d0a-b5af3cc58da1,right kidney,UBERON:0004539,sc_bulk,https://purl.org/ccf/ASCTB-TEMP_cortical-collecting-duct-principal,Cortical Collecting Duct Principal,2455.436652,0.08002737950721033
https://entity.api.hubmapconsortium.org/entities/30ef35ede661deb43376c4f74ae581e2,http://purl.org/ccf/1.5/20dd6d0c-0b29-40c6-9d0a-b5af3cc58da1,right kidney,UBERON:0004539,sc_bulk,https://purl.org/ccf/ASCTB-TEMP_distal-convoluted-tubule-type-1,Distal Convoluted Tubule Type 1,2099.182092,0.06841636162529013
https://entity.api.hubmapconsortium.org/entities/30ef35ede661deb43376c4f74ae581e2,http://purl.org/ccf/1.5/20dd6d0c-0b29-40c6-9d0a-b5af3cc58da1,right kidney,UBERON:0004539,sc_bulk,https://purl.org/ccf/ASCTB-TEMP_medullary-thick-ascending-limb,Medullary Thick Ascending Limb,2012.29836,0.0655846545282639
https://entity.api.hubmapconsortium.org/entities/30ef35ede661deb43376c4f74ae581e2,http://purl.org/ccf/1.5/20dd6d0c-0b29-40c6-9d0a-b5af3cc58da1,right kidney,UBERON:0004539,sc_bulk,https://purl.org/ccf/ASCTB-TEMP_connecting-tubule,Connecting Tubule,1659.36652,0.05408193044989983
https://entity.api.hubmapconsortium.org/entities/30ef35ede661deb43376c4f74ae581e2,http://purl.org/ccf/1.5/20dd6d0c-0b29-40c6-9d0a-b5af3cc58da1,right kidney,UBERON:0004539,sc_bulk,https://purl.org/ccf/ASCTB-TEMP_cortical-thick-ascending-limb,Cortical Thick Ascending Limb,1522.847188,0.04963250416022708
https://entity.api.hubmapconsortium.org/entities/30ef35ede661deb43376c4f74ae581e2,http://purl.org/ccf/1.5/20dd6d0c-0b29-40c6-9d0a-b5af3cc58da1,right kidney,UBERON:0004539,sc_bulk,https://purl.org/ccf/ASCTB-TEMP_mesangial,Mesangial,1295.96606,0.04223801401172703
https://entity.api.hubmapconsortium.org/entities/30ef35ede661deb43376c4f74ae581e2,http://purl.org/ccf/1.5/20dd6d0c-0b29-40c6-9d0a-b5af3cc58da1,right kidney,UBERON:0004539,sc_bulk,https://purl.org/ccf/ASCTB-TEMP_ascending-thin-limb,Ascending Thin Limb,908.689592,0.02961593278083727
https://entity.api.hubmapconsortium.org/entities/30ef35ede661deb43376c4f74ae581e2,http://purl.org/ccf/1.5/20dd6d0c-0b29-40c6-9d0a-b5af3cc58da1,right kidney,UBERON:0004539,sc_bulk,https://purl.org/ccf/ASCTB-TEMP_medullary-fibroblast,Medullary Fibroblast,372.5546600000001,0.01214226933474956
https://entity.api.hubmapconsortium.org/entities/30ef35ede661deb43376c4f74ae581e2,http://purl.org/ccf/1.5/20dd6d0c-0b29-40c6-9d0a-b5af3cc58da1,right kidney,UBERON:0004539,sc_bulk,https://purl.org/ccf/ASCTB-TEMP_fibroblast,Fibroblast,267.503964,0.008718466114478742
https://entity.api.hubmapconsortium.org/entities/30ef35ede661deb43376c4f74ae581e2,http://purl.org/ccf/1.5/20dd6d0c-0b29-40c6-9d0a-b5af3cc58da1,right kidney,UBERON:0004539,sc_bulk,https://purl.org/ccf/ASCTB-TEMP_ascending-vasa-recta-endothelial,Ascending Vasa Recta Endothelial,209.9632999999999,0.006843105757992183
https://entity.api.hubmapconsortium.org/entities/30ef35ede661deb43376c4f74ae581e2,http://purl.org/ccf/1.5/20dd6d0c-0b29-40c6-9d0a-b5af3cc58da1,right kidney,UBERON:0004539,sc_bulk,https://purl.org/ccf/ASCTB-TEMP_peritubular-capilary-endothelial,Peritubular Capilary Endothelial,183.317244,0.005974659799858634
https://entity.api.hubmapconsortium.org/entities/30ef35ede661deb43376c4f74ae581e2,http://purl.org/ccf/1.5/20dd6d0c-0b29-40c6-9d0a-b5af3cc58da1,right kidney,UBERON:0004539,sc_bulk,https://purl.org/ccf/ASCTB-TEMP_cortical-collecting-duct-intercalated-type-a,Cortical Collecting Duct Intercalated Type A,140.220152,0.004570043095806457
https://entity.api.hubmapconsortium.org/entities/30ef35ede661deb43376c4f74ae581e2,http://purl.org/ccf/1.5/20dd6d0c-0b29-40c6-9d0a-b5af3cc58da1,right kidney,UBERON:0004539,sc_bulk,https://purl.org/ccf/ASCTB-TEMP_t,T,122.398228,0.003989192486471875
https://entity.api.hubmapconsortium.org/entities/30ef35ede661deb43376c4f74ae581e2,http://purl.org/ccf/1.5/20dd6d0c-0b29-40c6-9d0a-b5af3cc58da1,right kidney,UBERON:0004539,sc_bulk,https://purl.org/ccf/ASCTB-TEMP_descending-vasa-recta-endothelial,Descending Vasa Recta Endothelial,119.673096,0.003900375219451933
https://entity.api.hubmapconsortium.org/entities/30ef35ede661deb43376c4f74ae581e2,http://purl.org/ccf/1.5/20dd6d0c-0b29-40c6-9d0a-b5af3cc58da1,right kidney,UBERON:0004539,sc_bulk,https://purl.org/ccf/ASCTB-TEMP_outer-medullary-collecting-duct-intercalated-type-a,Outer Medullary Collecting Duct Intercalated Type A,118.771052,0.003870975879232176
https://entity.api.hubmapconsortium.org/entities/30ef35ede661deb43376c4f74ae581e2,http://purl.org/ccf/1.5/20dd6d0c-0b29-40c6-9d0a-b5af3cc58da1,right kidney,UBERON:0004539,sc_bulk,https://purl.org/ccf/ASCTB-TEMP_descending-thin-limb-type-3,Descending Thin Limb Type 3,111.780876,0.003643152666151706
https://entity.api.hubmapconsortium.org/entities/30ef35ede661deb43376c4f74ae581e2,http://purl.org/ccf/1.5/20dd6d0c-0b29-40c6-9d0a-b5af3cc58da1,right kidney,UBERON:0004539,sc_bulk,https://purl.org/ccf/ASCTB-TEMP_proximal-tubule-epithelial-segment-1,Proximal Tubule Epithelial Segment 1,111.572788,0.003636370680009513
https://entity.api.hubmapconsortium.org/entities/30ef35ede661deb43376c4f74ae581e2,http://purl.org/ccf/1.5/20dd6d0c-0b29-40c6-9d0a-b5af3cc58da1,right kidney,UBERON:0004539,sc_bulk,https://purl.org/ccf/ASCTB-TEMP_outer-medullary-collecting-duct-principal,Outer Medullary Collecting Duct Principal,98.880256,0.00322269677217562
https://entity.api.hubmapconsortium.org/entities/30ef35ede661deb43376c4f74ae581e2,http://purl.org/ccf/1.5/20dd6d0c-0b29-40c6-9d0a-b5af3cc58da1,right kidney,UBERON:0004539,sc_bulk,https://purl.org/ccf/ASCTB-TEMP_parietal-epithelial,Parietal Epithelial,97.10200800000001,0.00316474026678664
https://entity.api.hubmapconsortium.org/entities/30ef35ede661deb43376c4f74ae581e2,http://purl.org/ccf/1.5/20dd6d0c-0b29-40c6-9d0a-b5af3cc58da1,right kidney,UBERON:0004539,sc_bulk,https://purl.org/ccf/ASCTB-TEMP_connecting-tubule-principal,Connecting Tubule Principal,83.277228,0.002714164229826965
https://entity.api.hubmapconsortium.org/entities/30ef35ede661deb43376c4f74ae581e2,http://purl.org/ccf/1.5/20dd6d0c-0b29-40c6-9d0a-b5af3cc58da1,right kidney,UBERON:0004539,sc_bulk,https://purl.org/ccf/ASCTB-TEMP_proximal-tubule-epithelial-segment-3,Proximal Tubule Epithelial Segment 3,82.28102,0.002681695904643669
https://entity.api.hubmapconsortium.org/entities/30ef35ede661deb43376c4f74ae581e2,http://purl.org/ccf/1.5/20dd6d0c-0b29-40c6-9d0a-b5af3cc58da1,right kidney,UBERON:0004539,sc_bulk,https://purl.org/ccf/ASCTB-TEMP_papillary-tip-epithelial,Papillary Tip Epithelial,79.07002,0.002577043269688356
https://entity.api.hubmapconsortium.org/entities/30ef35ede661deb43376c4f74ae581e2,http://purl.org/ccf/1.5/20dd6d0c-0b29-40c6-9d0a-b5af3cc58da1,right kidney,UBERON:0004539,sc_bulk,https://purl.org/ccf/ASCTB-TEMP_glomerular-capillary-endothelial,Glomerular Capillary Endothelial,73.17029199999999,0.002384759843740166
https://entity.api.hubmapconsortium.org/entities/30ef35ede661deb43376c4f74ae581e2,http://purl.org/ccf/1.5/20dd6d0c-0b29-40c6-9d0a-b5af3cc58da1,right kidney,UBERON:0004539,sc_bulk,https://purl.org/ccf/ASCTB-TEMP_intercalated-type-b,Intercalated Type B,71.47214799999999,0.002329414081007822
https://entity.api.hubmapconsortium.org/entities/30ef35ede661deb43376c4f74ae581e2,http://purl.org/ccf/1.5/20dd6d0c-0b29-40c6-9d0a-b5af3cc58da1,right kidney,UBERON:0004539,sc_bulk,https://purl.org/ccf/ASCTB-TEMP_macula-densa,Macula Densa,56.89405599999999,0.001854286164339815
https://entity.api.hubmapconsortium.org/entities/30ef35ede661deb43376c4f74ae581e2,http://purl.org/ccf/1.5/20dd6d0c-0b29-40c6-9d0a-b5af3cc58da1,right kidney,UBERON:0004539,sc_bulk,https://purl.org/ccf/ASCTB-TEMP_m2-macrophage,M2 Macrophage,37.39633199999999,0.001218818025993054
https://entity.api.hubmapconsortium.org/entities/30ef35ede661deb43376c4f74ae581e2,http://purl.org/ccf/1.5/20dd6d0c-0b29-40c6-9d0a-b5af3cc58da1,right kidney,UBERON:0004539,sc_bulk,https://purl.org/ccf/ASCTB-TEMP_b,B,36.93797600000001,0.001203879326787954
https://entity.api.hubmapconsortium.org/entities/30ef35ede661deb43376c4f74ae581e2,http://purl.org/ccf/1.5/20dd6d0c-0b29-40c6-9d0a-b5af3cc58da1,right kidney,UBERON:0004539,sc_bulk,https://purl.org/ccf/ASCTB-TEMP_monocyte-derived,Monocyte-derived,28.135884,9.170023037673737E-4
https://entity.api.hubmapconsortium.org/entities/30ef35ede661deb43376c4f74ae581e2,http://purl.org/ccf/1.5/20dd6d0c-0b29-40c6-9d0a-b5af3cc58da1,right kidney,UBERON:0004539,sc_bulk,https://purl.org/ccf/ASCTB-TEMP_lymphatic-endothelial,Lymphatic Endothelial,27.22548000000001,8.873304951489196E-4
https://entity.api.hubmapconsortium.org/entities/30ef35ede661deb43376c4f74ae581e2,http://purl.org/ccf/1.5/20dd6d0c-0b29-40c6-9d0a-b5af3cc58da1,right kidney,UBERON:0004539,sc_bulk,https://purl.org/ccf/ASCTB-TEMP_afferent-efferent-arteriole-endothelial,Afferent / Efferent Arteriole Endothelial,25.569592,8.333619363227332E-4
https://entity.api.hubmapconsortium.org/entities/30ef35ede661deb43376c4f74ae581e2,http://purl.org/ccf/1.5/20dd6d0c-0b29-40c6-9d0a-b5af3cc58da1,right kidney,UBERON:0004539,sc_bulk,https://purl.org/ccf/ASCTB-TEMP_tissue-resident-macrophage,Tissue-resident Macrophage,23.86894,7.779344330707794E-4
https://entity.api.hubmapconsortium.org/entities/30ef35ede661deb43376c4f74ae581e2,http://purl.org/ccf/1.5/20dd6d0c-0b29-40c6-9d0a-b5af3cc58da1,right kidney,UBERON:0004539,sc_bulk,https://purl.org/ccf/ASCTB-TEMP_classical-dendritic,Classical Dendritic,20.770192,6.769403056143775E-4
https://entity.api.hubmapconsortium.org/entities/30ef35ede661deb43376c4f74ae581e2,http://purl.org/ccf/1.5/20dd6d0c-0b29-40c6-9d0a-b5af3cc58da1,right kidney,UBERON:0004539,sc_bulk,https://purl.org/ccf/ASCTB-TEMP_podocyte,Podocyte,17.218104,5.611709599920953E-4
https://entity.api.hubmapconsortium.org/entities/30ef35ede661deb43376c4f74ae581e2,http://purl.org/ccf/1.5/20dd6d0c-0b29-40c6-9d0a-b5af3cc58da1,right kidney,UBERON:0004539,sc_bulk,https://purl.org/ccf/ASCTB-TEMP_cortical-vascular-smooth-muscle-pericyte,Cortical Vascular Smooth Muscle / Pericyte,10.522504,3.429485424876433E-4
https://entity.api.hubmapconsortium.org/entities/30ef35ede661deb43376c4f74ae581e2,http://purl.org/ccf/1.5/20dd6d0c-0b29-40c6-9d0a-b5af3cc58da1,right kidney,UBERON:0004539,sc_bulk,https://purl.org/ccf/ASCTB-TEMP_mast,Mast,4.585611999999999,1.494538706579581E-4
https://entity.api.hubmapconsortium.org/entities/30ef35ede661deb43376c4f74ae581e2,http://purl.org/ccf/1.5/20dd6d0c-0b29-40c6-9d0a-b5af3cc58da1,right kidney,UBERON:0004539,sc_bulk,https://purl.org/ccf/ASCTB-TEMP_proximal-tubule-epithelial-segment-2,Proximal Tubule Epithelial Segment 2,2.176336,7.09309551379964E-5
https://entity.api.hubmapconsortium.org/entities/30ef35ede661deb43376c4f74ae581e2,http://purl.org/ccf/1.5/20dd6d0c-0b29-40c6-9d0a-b5af3cc58da1,right kidney,UBERON:0004539,sc_bulk,https://purl.org/ccf/ASCTB-TEMP_natural-killer-natural-killer-t,Natural Killer / Natural Killer T,2.02844,6.611074146644517E-5
https://entity.api.hubmapconsortium.org/entities/30ef35ede661deb43376c4f74ae581e2,http://purl.org/ccf/1.5/20dd6d0c-0b29-40c6-9d0a-b5af3cc58da1,right kidney,UBERON:0004539,sc_bulk,https://purl.org/ccf/ASCTB-TEMP_plasma,Plasma,1.31404,4.28270783047897E-5
https://entity.api.hubmapconsortium.org/entities/30ef35ede661deb43376c4f74ae581e2,http://purl.org/ccf/1.5/20dd6d0c-0b29-40c6-9d0a-b5af3cc58da1,right kidney,UBERON:0004539,sc_bulk,https://purl.org/ccf/ASCTB-TEMP_monocyte,Monocyte,1.243968,4.054329772659328E-5
https://entity.api.hubmapconsortium.org/entities/30ef35ede661deb43376c4f74ae581e2,http://purl.org/ccf/1.5/20dd6d0c-0b29-40c6-9d0a-b5af3cc58da1,right kidney,UBERON:0004539,sc_bulk,https://purl.org/ccf/ASCTB-TEMP_cycling-mononuclear-phagocyte,Cycling Mononuclear Phagocyte,1.193352,3.889362542173556E-5
https://entity.api.hubmapconsortium.org/entities/30ef35ede661deb43376c4f74ae581e2,http://purl.org/ccf/1.5/20dd6d0c-0b29-40c6-9d0a-b5af3cc58da1,right kidney,UBERON:0004539,sc_bulk,https://purl.org/ccf/ASCTB-TEMP_renin-positive-juxtaglomerular-granular,Renin-positive Juxtaglomerular Granular,0.9151919999999998,2.98278587013463E-5
https://entity.api.hubmapconsortium.org/entities/30ef35ede661deb43376c4f74ae581e2,http://purl.org/ccf/1.5/20dd6d0c-0b29-40c6-9d0a-b5af3cc58da1,right kidney,UBERON:0004539,sc_bulk,https://purl.org/ccf/ASCTB-TEMP_neutrophil,Neutrophil,0.9128359999999999,2.975107215262169E-5
https://entity.api.hubmapconsortium.org/entities/30ef35ede661deb43376c4f74ae581e2,http://purl.org/ccf/1.5/20dd6d0c-0b29-40c6-9d0a-b5af3cc58da1,right kidney,UBERON:0004539,sc_bulk,https://purl.org/ccf/ASCTB-TEMP_schwann-neural,Schwann / Neural,0.446956,1.456715138869105E-5
https://entity.api.hubmapconsortium.org/entities/30ef35ede661deb43376c4f74ae581e2,http://purl.org/ccf/1.5/20dd6d0c-0b29-40c6-9d0a-b5af3cc58da1,right kidney,UBERON:0004539,sc_bulk,https://purl.org/ccf/ASCTB-TEMP_connecting-tubule-intercalated-type-a,Connecting Tubule Intercalated Type A,0.241148,7.859474809780088E-6
https://entity.api.hubmapconsortium.org/entities/30ef35ede661deb43376c4f74ae581e2,http://purl.org/ccf/1.5/20dd6d0c-0b29-40c6-9d0a-b5af3cc58da1,right kidney,UBERON:0004539,sc_bulk,https://purl.org/ccf/ASCTB-TEMP_non-classical-monocyte,Non-classical monocyte,0.23294,7.591960381965322E-6
https://entity.api.hubmapconsortium.org/entities/30ef35ede661deb43376c4f74ae581e2,http://purl.org/ccf/1.5/20dd6d0c-0b29-40c6-9d0a-b5af3cc58da1,right kidney,UBERON:0004539,sc_bulk,https://purl.org/ccf/ASCTB-TEMP_distal-convoluted-tubule-type-2,Distal Convoluted Tubule Type 2,0.168112,5.479091799317224E-6
https://entity.api.hubmapconsortium.org/entities/30ef35ede661deb43376c4f74ae581e2,http://purl.org/ccf/1.5/20dd6d0c-0b29-40c6-9d0a-b5af3cc58da1,right kidney,UBERON:0004539,sc_bulk,https://purl.org/ccf/ASCTB-TEMP_natural-killer-t,Natural Killer T,0.122132,3.980515606465995E-6
https://entity.api.hubmapconsortium.org/entities/30ef35ede661deb43376c4f74ae581e2,http://purl.org/ccf/1.5/20dd6d0c-0b29-40c6-9d0a-b5af3cc58da1,right kidney,UBERON:0004539,sc_bulk,https://purl.org/ccf/ASCTB-TEMP_plasmacytoid-dendritic,Plasmacytoid Dendritic,0.046132,1.503530163736689E-6
https://entity.api.hubmapconsortium.org/entities/342d960daedcb1c8fdacbb4a8d250ddd,http://purl.org/ccf/1.5/ab795728-23ba-4eca-b1ed-c96e69e94ff0,left kidney,UBERON:0004538,sc_bulk,https://purl.org/ccf/ASCTB-TEMP_cortical-thick-ascending-limb,Cortical Thick Ascending Limb,218880.615,0.1923133852731772
https://entity.api.hubmapconsortium.org/entities/342d960daedcb1c8fdacbb4a8d250ddd,http://purl.org/ccf/1.5/ab795728-23ba-4eca-b1ed-c96e69e94ff0,left kidney,UBERON:0004538,sc_bulk,https://purl.org/ccf/ASCTB-TEMP_inner-medullary-collecting-duct,Inner Medullary Collecting Duct,127470.332,0.1119982738938111
https://entity.api.hubmapconsortium.org/entities/342d960daedcb1c8fdacbb4a8d250ddd,http://purl.org/ccf/1.5/ab795728-23ba-4eca-b1ed-c96e69e94ff0,left kidney,UBERON:0004538,sc_bulk,https://purl.org/ccf/ASCTB-TEMP_connecting-tubule,Connecting Tubule,92264.948,0.08106603909137255
https://entity.api.hubmapconsortium.org/entities/342d960daedcb1c8fdacbb4a8d250ddd,http://purl.org/ccf/1.5/ab795728-23ba-4eca-b1ed-c96e69e94ff0,left kidney,UBERON:0004538,sc_bulk,https://purl.org/ccf/ASCTB-TEMP_proximal-tubule-epithelial-segment-1,Proximal Tubule Epithelial Segment 1,89542.50000000001,0.07867403561902217
https://entity.api.hubmapconsortium.org/entities/342d960daedcb1c8fdacbb4a8d250ddd,http://purl.org/ccf/1.5/ab795728-23ba-4eca-b1ed-c96e69e94ff0,left kidney,UBERON:0004538,sc_bulk,https://purl.org/ccf/ASCTB-TEMP_distal-convoluted-tubule-type-1,Distal Convoluted Tubule Type 1,85983.65000000002,0.0755471507133879
https://entity.api.hubmapconsortium.org/entities/342d960daedcb1c8fdacbb4a8d250ddd,http://purl.org/ccf/1.5/ab795728-23ba-4eca-b1ed-c96e69e94ff0,left kidney,UBERON:0004538,sc_bulk,https://purl.org/ccf/ASCTB-TEMP_descending-thin-limb-type-1,Descending Thin Limb Type 1,74780.35,0.06570368170983548
https://entity.api.hubmapconsortium.org/entities/342d960daedcb1c8fdacbb4a8d250ddd,http://purl.org/ccf/1.5/ab795728-23ba-4eca-b1ed-c96e69e94ff0,left kidney,UBERON:0004538,sc_bulk,https://purl.org/ccf/ASCTB-TEMP_descending-thin-limb-type-2,Descending Thin Limb Type 2,73242.46599999999,0.06435246256145426
https://entity.api.hubmapconsortium.org/entities/342d960daedcb1c8fdacbb4a8d250ddd,http://purl.org/ccf/1.5/ab795728-23ba-4eca-b1ed-c96e69e94ff0,left kidney,UBERON:0004538,sc_bulk,https://purl.org/ccf/ASCTB-TEMP_ascending-thin-limb,Ascending Thin Limb,72502.091,0.0637019525899722
https://entity.api.hubmapconsortium.org/entities/342d960daedcb1c8fdacbb4a8d250ddd,http://purl.org/ccf/1.5/ab795728-23ba-4eca-b1ed-c96e69e94ff0,left kidney,UBERON:0004538,sc_bulk,https://purl.org/ccf/ASCTB-TEMP_fibroblast,Fibroblast,50721.21700000001,0.0445647913884262
https://entity.api.hubmapconsortium.org/entities/342d960daedcb1c8fdacbb4a8d250ddd,http://purl.org/ccf/1.5/ab795728-23ba-4eca-b1ed-c96e69e94ff0,left kidney,UBERON:0004538,sc_bulk,https://purl.org/ccf/ASCTB-TEMP_proximal-tubule-epithelial-segment-3,Proximal Tubule Epithelial Segment 3,48407.02699999999,0.04253149249137522
https://entity.api.hubmapconsortium.org/entities/342d960daedcb1c8fdacbb4a8d250ddd,http://purl.org/ccf/1.5/ab795728-23ba-4eca-b1ed-c96e69e94ff0,left kidney,UBERON:0004538,sc_bulk,https://purl.org/ccf/ASCTB-TEMP_medullary-thick-ascending-limb,Medullary Thick Ascending Limb,34198.027,0.0300471484970632
https://entity.api.hubmapconsortium.org/entities/342d960daedcb1c8fdacbb4a8d250ddd,http://purl.org/ccf/1.5/ab795728-23ba-4eca-b1ed-c96e69e94ff0,left kidney,UBERON:0004538,sc_bulk,https://purl.org/ccf/ASCTB-TEMP_cortical-collecting-duct-principal,Cortical Collecting Duct Principal,26503.50400000001,0.02328656914565594
https://entity.api.hubmapconsortium.org/entities/342d960daedcb1c8fdacbb4a8d250ddd,http://purl.org/ccf/1.5/ab795728-23ba-4eca-b1ed-c96e69e94ff0,left kidney,UBERON:0004538,sc_bulk,https://purl.org/ccf/ASCTB-TEMP_cortical-collecting-duct-intercalated-type-a,Cortical Collecting Duct Intercalated Type A,13369.98,0.01174716232789585
https://entity.api.hubmapconsortium.org/entities/342d960daedcb1c8fdacbb4a8d250ddd,http://purl.org/ccf/1.5/ab795728-23ba-4eca-b1ed-c96e69e94ff0,left kidney,UBERON:0004538,sc_bulk,https://purl.org/ccf/ASCTB-TEMP_podocyte,Podocyte,12591.483,0.01106315751780788
https://entity.api.hubmapconsortium.org/entities/342d960daedcb1c8fdacbb4a8d250ddd,http://purl.org/ccf/1.5/ab795728-23ba-4eca-b1ed-c96e69e94ff0,left kidney,UBERON:0004538,sc_bulk,https://purl.org/ccf/ASCTB-TEMP_mesangial,Mesangial,12278.113,0.01078782365353189
https://entity.api.hubmapconsortium.org/entities/342d960daedcb1c8fdacbb4a8d250ddd,http://purl.org/ccf/1.5/ab795728-23ba-4eca-b1ed-c96e69e94ff0,left kidney,UBERON:0004538,sc_bulk,https://purl.org/ccf/ASCTB-TEMP_peritubular-capilary-endothelial,Peritubular Capilary Endothelial,11271.73,0.009903593126258485
https://entity.api.hubmapconsortium.org/entities/342d960daedcb1c8fdacbb4a8d250ddd,http://purl.org/ccf/1.5/ab795728-23ba-4eca-b1ed-c96e69e94ff0,left kidney,UBERON:0004538,sc_bulk,https://purl.org/ccf/ASCTB-TEMP_outer-medullary-collecting-duct-intercalated-type-a,Outer Medullary Collecting Duct Intercalated Type A,8190.706,0.007196536790785811
https://entity.api.hubmapconsortium.org/entities/342d960daedcb1c8fdacbb4a8d250ddd,http://purl.org/ccf/1.5/ab795728-23ba-4eca-b1ed-c96e69e94ff0,left kidney,UBERON:0004538,sc_bulk,https://purl.org/ccf/ASCTB-TEMP_outer-medullary-collecting-duct-principal,Outer Medullary Collecting Duct Principal,7995.797,0.007025285400569231
https://entity.api.hubmapconsortium.org/entities/342d960daedcb1c8fdacbb4a8d250ddd,http://purl.org/ccf/1.5/ab795728-23ba-4eca-b1ed-c96e69e94ff0,left kidney,UBERON:0004538,sc_bulk,https://purl.org/ccf/ASCTB-TEMP_parietal-epithelial,Parietal Epithelial,7860.065000000001,0.006906028241090313
https://entity.api.hubmapconsortium.org/entities/342d960daedcb1c8fdacbb4a8d250ddd,http://purl.org/ccf/1.5/ab795728-23ba-4eca-b1ed-c96e69e94ff0,left kidney,UBERON:0004538,sc_bulk,https://purl.org/ccf/ASCTB-TEMP_intercalated-type-b,Intercalated Type B,7618.814000000001,0.006694059737115948
https://entity.api.hubmapconsortium.org/entities/342d960daedcb1c8fdacbb4a8d250ddd,http://purl.org/ccf/1.5/ab795728-23ba-4eca-b1ed-c96e69e94ff0,left kidney,UBERON:0004538,sc_bulk,https://purl.org/ccf/ASCTB-TEMP_ascending-vasa-recta-endothelial,Ascending Vasa Recta Endothelial,6291.872,0.005528178929986634
https://entity.api.hubmapconsortium.org/entities/342d960daedcb1c8fdacbb4a8d250ddd,http://purl.org/ccf/1.5/ab795728-23ba-4eca-b1ed-c96e69e94ff0,left kidney,UBERON:0004538,sc_bulk,https://purl.org/ccf/ASCTB-TEMP_classical-dendritic,Classical Dendritic,6157.746,0.005410332837891406
https://entity.api.hubmapconsortium.org/entities/342d960daedcb1c8fdacbb4a8d250ddd,http://purl.org/ccf/1.5/ab795728-23ba-4eca-b1ed-c96e69e94ff0,left kidney,UBERON:0004538,sc_bulk,https://purl.org/ccf/ASCTB-TEMP_macula-densa,Macula Densa,6129.017999999999,0.005385091776995593
https://entity.api.hubmapconsortium.org/entities/342d960daedcb1c8fdacbb4a8d250ddd,http://purl.org/ccf/1.5/ab795728-23ba-4eca-b1ed-c96e69e94ff0,left kidney,UBERON:0004538,sc_bulk,https://purl.org/ccf/ASCTB-TEMP_glomerular-capillary-endothelial,Glomerular Capillary Endothelial,5883.353999999999,0.00516924591289406
https://entity.api.hubmapconsortium.org/entities/342d960daedcb1c8fdacbb4a8d250ddd,http://purl.org/ccf/1.5/ab795728-23ba-4eca-b1ed-c96e69e94ff0,left kidney,UBERON:0004538,sc_bulk,https://purl.org/ccf/ASCTB-TEMP_medullary-fibroblast,Medullary Fibroblast,4830.841999999999,0.004244485418408779
https://entity.api.hubmapconsortium.org/entities/342d960daedcb1c8fdacbb4a8d250ddd,http://purl.org/ccf/1.5/ab795728-23ba-4eca-b1ed-c96e69e94ff0,left kidney,UBERON:0004538,sc_bulk,https://purl.org/ccf/ASCTB-TEMP_cortical-vascular-smooth-muscle-pericyte,Cortical Vascular Smooth Muscle / Pericyte,3701.618,0.003252324051484084
https://entity.api.hubmapconsortium.org/entities/342d960daedcb1c8fdacbb4a8d250ddd,http://purl.org/ccf/1.5/ab795728-23ba-4eca-b1ed-c96e69e94ff0,left kidney,UBERON:0004538,sc_bulk,https://purl.org/ccf/ASCTB-TEMP_connecting-tubule-principal,Connecting Tubule Principal,3474.940000000001,0.003053159710014405
https://entity.api.hubmapconsortium.org/entities/342d960daedcb1c8fdacbb4a8d250ddd,http://purl.org/ccf/1.5/ab795728-23ba-4eca-b1ed-c96e69e94ff0,left kidney,UBERON:0004538,sc_bulk,https://purl.org/ccf/ASCTB-TEMP_vascular-smooth-muscle-pericyte,Vascular Smooth Muscle / Pericyte,3381.532999999999,0.002971090238589483
https://entity.api.hubmapconsortium.org/entities/342d960daedcb1c8fdacbb4a8d250ddd,http://purl.org/ccf/1.5/ab795728-23ba-4eca-b1ed-c96e69e94ff0,left kidney,UBERON:0004538,sc_bulk,https://purl.org/ccf/ASCTB-TEMP_m2-macrophage,M2 Macrophage,3375.679999999999,0.002965947662377314
https://entity.api.hubmapconsortium.org/entities/342d960daedcb1c8fdacbb4a8d250ddd,http://purl.org/ccf/1.5/ab795728-23ba-4eca-b1ed-c96e69e94ff0,left kidney,UBERON:0004538,sc_bulk,https://purl.org/ccf/ASCTB-TEMP_descending-thin-limb-type-3,Descending Thin Limb Type 3,3154.318,0.002771454076954773
https://entity.api.hubmapconsortium.org/entities/342d960daedcb1c8fdacbb4a8d250ddd,http://purl.org/ccf/1.5/ab795728-23ba-4eca-b1ed-c96e69e94ff0,left kidney,UBERON:0004538,sc_bulk,https://purl.org/ccf/ASCTB-TEMP_monocyte-derived,Monocyte-derived,2979.315,0.002617692541868799
https://entity.api.hubmapconsortium.org/entities/342d960daedcb1c8fdacbb4a8d250ddd,http://purl.org/ccf/1.5/ab795728-23ba-4eca-b1ed-c96e69e94ff0,left kidney,UBERON:0004538,sc_bulk,https://purl.org/ccf/ASCTB-TEMP_descending-vasa-recta-endothelial,Descending Vasa Recta Endothelial,2757.939999999999,0.0024231875343566
https://entity.api.hubmapconsortium.org/entities/342d960daedcb1c8fdacbb4a8d250ddd,http://purl.org/ccf/1.5/ab795728-23ba-4eca-b1ed-c96e69e94ff0,left kidney,UBERON:0004538,sc_bulk,https://purl.org/ccf/ASCTB-TEMP_t,T,1828.118,0.001606225207558149
https://entity.api.hubmapconsortium.org/entities/342d960daedcb1c8fdacbb4a8d250ddd,http://purl.org/ccf/1.5/ab795728-23ba-4eca-b1ed-c96e69e94ff0,left kidney,UBERON:0004538,sc_bulk,https://purl.org/ccf/ASCTB-TEMP_distal-convoluted-tubule-type-2,Distal Convoluted Tubule Type 2,1561.651,0.001372101364139728
https://entity.api.hubmapconsortium.org/entities/342d960daedcb1c8fdacbb4a8d250ddd,http://purl.org/ccf/1.5/ab795728-23ba-4eca-b1ed-c96e69e94ff0,left kidney,UBERON:0004538,sc_bulk,https://purl.org/ccf/ASCTB-TEMP_afferent-efferent-arteriole-endothelial,Afferent / Efferent Arteriole Endothelial,1489.726,0.001308906456560665
https://entity.api.hubmapconsortium.org/entities/342d960daedcb1c8fdacbb4a8d250ddd,http://purl.org/ccf/1.5/ab795728-23ba-4eca-b1ed-c96e69e94ff0,left kidney,UBERON:0004538,sc_bulk,https://purl.org/ccf/ASCTB-TEMP_proximal-tubule-epithelial-segment-2,Proximal Tubule Epithelial Segment 2,1179.154,0.001036030977427617
https://entity.api.hubmapconsortium.org/entities/342d960daedcb1c8fdacbb4a8d250ddd,http://purl.org/ccf/1.5/ab795728-23ba-4eca-b1ed-c96e69e94ff0,left kidney,UBERON:0004538,sc_bulk,https://purl.org/ccf/ASCTB-TEMP_mast,Mast,809.054,7.108528711361906E-4
https://entity.api.hubmapconsortium.org/entities/342d960daedcb1c8fdacbb4a8d250ddd,http://purl.org/ccf/1.5/ab795728-23ba-4eca-b1ed-c96e69e94ff0,left kidney,UBERON:0004538,sc_bulk,https://purl.org/ccf/ASCTB-TEMP_b,B,619.965,5.447150625964997E-4
https://entity.api.hubmapconsortium.org/entities/342d960daedcb1c8fdacbb4a8d250ddd,http://purl.org/ccf/1.5/ab795728-23ba-4eca-b1ed-c96e69e94ff0,left kidney,UBERON:0004538,sc_bulk,https://purl.org/ccf/ASCTB-TEMP_schwann-neural,Schwann / Neural,534.555,4.69671933554752E-4
https://entity.api.hubmapconsortium.org/entities/342d960daedcb1c8fdacbb4a8d250ddd,http://purl.org/ccf/1.5/ab795728-23ba-4eca-b1ed-c96e69e94ff0,left kidney,UBERON:0004538,sc_bulk,https://purl.org/ccf/ASCTB-TEMP_plasma,Plasma,476.39,4.185668685657198E-4
https://entity.api.hubmapconsortium.org/entities/342d960daedcb1c8fdacbb4a8d250ddd,http://purl.org/ccf/1.5/ab795728-23ba-4eca-b1ed-c96e69e94ff0,left kidney,UBERON:0004538,sc_bulk,https://purl.org/ccf/ASCTB-TEMP_lymphatic-endothelial,Lymphatic Endothelial,475.712,4.179711626590308E-4
https://entity.api.hubmapconsortium.org/entities/342d960daedcb1c8fdacbb4a8d250ddd,http://purl.org/ccf/1.5/ab795728-23ba-4eca-b1ed-c96e69e94ff0,left kidney,UBERON:0004538,sc_bulk,https://purl.org/ccf/ASCTB-TEMP_tissue-resident-macrophage,Tissue-resident Macrophage,460.422,4.045370279786851E-4
https://entity.api.hubmapconsortium.org/entities/342d960daedcb1c8fdacbb4a8d250ddd,http://purl.org/ccf/1.5/ab795728-23ba-4eca-b1ed-c96e69e94ff0,left kidney,UBERON:0004538,sc_bulk,https://purl.org/ccf/ASCTB-TEMP_papillary-tip-epithelial,Papillary Tip Epithelial,263.383,2.314141723030395E-4
https://entity.api.hubmapconsortium.org/entities/342d960daedcb1c8fdacbb4a8d250ddd,http://purl.org/ccf/1.5/ab795728-23ba-4eca-b1ed-c96e69e94ff0,left kidney,UBERON:0004538,sc_bulk,https://purl.org/ccf/ASCTB-TEMP_connecting-tubule-intercalated-type-a,Connecting Tubule Intercalated Type A,245.422,2.156332375094693E-4
https://entity.api.hubmapconsortium.org/entities/342d960daedcb1c8fdacbb4a8d250ddd,http://purl.org/ccf/1.5/ab795728-23ba-4eca-b1ed-c96e69e94ff0,left kidney,UBERON:0004538,sc_bulk,https://purl.org/ccf/ASCTB-TEMP_natural-killer-natural-killer-t,Natural Killer / Natural Killer T,79.75000000000001,7.007012692986032E-5
https://entity.api.hubmapconsortium.org/entities/342d960daedcb1c8fdacbb4a8d250ddd,http://purl.org/ccf/1.5/ab795728-23ba-4eca-b1ed-c96e69e94ff0,left kidney,UBERON:0004538,sc_bulk,https://purl.org/ccf/ASCTB-TEMP_non-classical-monocyte,Non-classical monocyte,75.5,6.63359822345386E-5
https://entity.api.hubmapconsortium.org/entities/342d960daedcb1c8fdacbb4a8d250ddd,http://purl.org/ccf/1.5/ab795728-23ba-4eca-b1ed-c96e69e94ff0,left kidney,UBERON:0004538,sc_bulk,https://purl.org/ccf/ASCTB-TEMP_neutrophil,Neutrophil,53.711,4.719168134833514E-5
https://entity.api.hubmapconsortium.org/entities/342d960daedcb1c8fdacbb4a8d250ddd,http://purl.org/ccf/1.5/ab795728-23ba-4eca-b1ed-c96e69e94ff0,left kidney,UBERON:0004538,sc_bulk,https://purl.org/ccf/ASCTB-TEMP_renin-positive-juxtaglomerular-granular,Renin-positive Juxtaglomerular Granular,51.48,4.523147503886155E-5
https://entity.api.hubmapconsortium.org/entities/342d960daedcb1c8fdacbb4a8d250ddd,http://purl.org/ccf/1.5/ab795728-23ba-4eca-b1ed-c96e69e94ff0,left kidney,UBERON:0004538,sc_bulk,https://purl.org/ccf/ASCTB-TEMP_monocyte,Monocyte,46.924,4.122847192547668E-5
https://entity.api.hubmapconsortium.org/entities/342d960daedcb1c8fdacbb4a8d250ddd,http://purl.org/ccf/1.5/ab795728-23ba-4eca-b1ed-c96e69e94ff0,left kidney,UBERON:0004538,sc_bulk,https://purl.org/ccf/ASCTB-TEMP_natural-killer-t,Natural Killer T,43.343,3.808212553631267E-5
https://entity.api.hubmapconsortium.org/entities/342d960daedcb1c8fdacbb4a8d250ddd,http://purl.org/ccf/1.5/ab795728-23ba-4eca-b1ed-c96e69e94ff0,left kidney,UBERON:0004538,sc_bulk,https://purl.org/ccf/ASCTB-TEMP_plasmacytoid-dendritic,Plasmacytoid Dendritic,38.875,3.415644118367799E-5
https://entity.api.hubmapconsortium.org/entities/342d960daedcb1c8fdacbb4a8d250ddd,http://purl.org/ccf/1.5/ab795728-23ba-4eca-b1ed-c96e69e94ff0,left kidney,UBERON:0004538,sc_bulk,https://purl.org/ccf/ASCTB-TEMP_cycling-mononuclear-phagocyte,Cycling Mononuclear Phagocyte,20.779,1.825689238213877E-5
https://entity.api.hubmapconsortium.org/entities/3838f4672dd3d3d1ee6cb0809cf1ea03,http://purl.org/ccf/1.5/f9e28182-3ed3-4a3f-bd45-66ebce1efafb,large intestine,UBERON:0000059,spatial,https://purl.org/ccf/ASCTB-TEMP_enterocyte,Enterocyte,20676.344777,0.1570085941751817
https://entity.api.hubmapconsortium.org/entities/3838f4672dd3d3d1ee6cb0809cf1ea03,http://purl.org/ccf/1.5/f9e28182-3ed3-4a3f-bd45-66ebce1efafb,large intestine,UBERON:0000059,spatial,https://purl.org/ccf/ASCTB-TEMP_smooth-muscle,Smooth muscle,19687.258508,0.1494978350788054
https://entity.api.hubmapconsortium.org/entities/3838f4672dd3d3d1ee6cb0809cf1ea03,http://purl.org/ccf/1.5/f9e28182-3ed3-4a3f-bd45-66ebce1efafb,large intestine,UBERON:0000059,spatial,https://purl.org/ccf/ASCTB-TEMP_goblet,Goblet,12279.020075,0.09324238401988534
https://entity.api.hubmapconsortium.org/entities/3838f4672dd3d3d1ee6cb0809cf1ea03,http://purl.org/ccf/1.5/f9e28182-3ed3-4a3f-bd45-66ebce1efafb,large intestine,UBERON:0000059,spatial,https://purl.org/ccf/ASCTB-TEMP_stroma,Stroma,10211.901181,0.07754543975626838
https://entity.api.hubmapconsortium.org/entities/3838f4672dd3d3d1ee6cb0809cf1ea03,http://purl.org/ccf/1.5/f9e28182-3ed3-4a3f-bd45-66ebce1efafb,large intestine,UBERON:0000059,spatial,https://purl.org/ccf/ASCTB-TEMP_endothelial,Endothelial,8281.910421,0.0628897963499072
https://entity.api.hubmapconsortium.org/entities/3838f4672dd3d3d1ee6cb0809cf1ea03,http://purl.org/ccf/1.5/f9e28182-3ed3-4a3f-bd45-66ebce1efafb,large intestine,UBERON:0000059,spatial,https://purl.org/ccf/ASCTB-TEMP_cycling-ta,Cycling TA,8090.161673,0.06143372654245163
https://entity.api.hubmapconsortium.org/entities/3838f4672dd3d3d1ee6cb0809cf1ea03,http://purl.org/ccf/1.5/f9e28182-3ed3-4a3f-bd45-66ebce1efafb,large intestine,UBERON:0000059,spatial,https://purl.org/ccf/ASCTB-TEMP_plasma,Plasma,7053.463161,0.05356141750000976
https://entity.api.hubmapconsortium.org/entities/3838f4672dd3d3d1ee6cb0809cf1ea03,http://purl.org/ccf/1.5/f9e28182-3ed3-4a3f-bd45-66ebce1efafb,large intestine,UBERON:0000059,spatial,https://purl.org/ccf/ASCTB-TEMP_cd4-t-cell,CD4+ T cell,6973.639078,0.05295526263132647
https://entity.api.hubmapconsortium.org/entities/3838f4672dd3d3d1ee6cb0809cf1ea03,http://purl.org/ccf/1.5/f9e28182-3ed3-4a3f-bd45-66ebce1efafb,large intestine,UBERON:0000059,spatial,https://purl.org/ccf/ASCTB-TEMP_m2-macrophage,M2 Macrophage,5277.789896,0.04007760466660062
https://entity.api.hubmapconsortium.org/entities/3838f4672dd3d3d1ee6cb0809cf1ea03,http://purl.org/ccf/1.5/f9e28182-3ed3-4a3f-bd45-66ebce1efafb,large intestine,UBERON:0000059,spatial,https://purl.org/ccf/ASCTB-TEMP_cd8-t,CD8+ T,5078.020858999999,0.0385606317201062
https://entity.api.hubmapconsortium.org/entities/3838f4672dd3d3d1ee6cb0809cf1ea03,http://purl.org/ccf/1.5/f9e28182-3ed3-4a3f-bd45-66ebce1efafb,large intestine,UBERON:0000059,spatial,https://purl.org/ccf/ASCTB-TEMP_ta,TA,4422.474595,0.03358265333768312
https://entity.api.hubmapconsortium.org/entities/3838f4672dd3d3d1ee6cb0809cf1ea03,http://purl.org/ccf/1.5/f9e28182-3ed3-4a3f-bd45-66ebce1efafb,large intestine,UBERON:0000059,spatial,https://purl.org/ccf/ASCTB-TEMP_nerve,Nerve,4371.718871999999,0.03319723295509017
https://entity.api.hubmapconsortium.org/entities/3838f4672dd3d3d1ee6cb0809cf1ea03,http://purl.org/ccf/1.5/f9e28182-3ed3-4a3f-bd45-66ebce1efafb,large intestine,UBERON:0000059,spatial,https://purl.org/ccf/ASCTB-TEMP_b,B,4371.581123999999,0.0331961869471974
https://entity.api.hubmapconsortium.org/entities/3838f4672dd3d3d1ee6cb0809cf1ea03,http://purl.org/ccf/1.5/f9e28182-3ed3-4a3f-bd45-66ebce1efafb,large intestine,UBERON:0000059,spatial,https://purl.org/ccf/ASCTB-TEMP_cd66-enterocyte,CD66+ Enterocyte,4360.021771,0.03310840945152885
https://entity.api.hubmapconsortium.org/entities/3838f4672dd3d3d1ee6cb0809cf1ea03,http://purl.org/ccf/1.5/f9e28182-3ed3-4a3f-bd45-66ebce1efafb,large intestine,UBERON:0000059,spatial,https://purl.org/ccf/ASCTB-TEMP_lymphatic,Lymphatic,2953.370983,0.02242681823696524
https://entity.api.hubmapconsortium.org/entities/3838f4672dd3d3d1ee6cb0809cf1ea03,http://purl.org/ccf/1.5/f9e28182-3ed3-4a3f-bd45-66ebce1efafb,large intestine,UBERON:0000059,spatial,https://purl.org/ccf/ASCTB-TEMP_dc,DC,2318.139017,0.017603099198011
https://entity.api.hubmapconsortium.org/entities/3838f4672dd3d3d1ee6cb0809cf1ea03,http://purl.org/ccf/1.5/f9e28182-3ed3-4a3f-bd45-66ebce1efafb,large intestine,UBERON:0000059,spatial,https://purl.org/ccf/ASCTB-TEMP_icc,ICC,1713.756422,0.01301363899078638
https://entity.api.hubmapconsortium.org/entities/3838f4672dd3d3d1ee6cb0809cf1ea03,http://purl.org/ccf/1.5/f9e28182-3ed3-4a3f-bd45-66ebce1efafb,large intestine,UBERON:0000059,spatial,https://purl.org/ccf/ASCTB-TEMP_m1-macrophage,M1 Macrophage,988.587374,0.007506970670354408
https://entity.api.hubmapconsortium.org/entities/3838f4672dd3d3d1ee6cb0809cf1ea03,http://purl.org/ccf/1.5/f9e28182-3ed3-4a3f-bd45-66ebce1efafb,large intestine,UBERON:0000059,spatial,https://purl.org/ccf/ASCTB-TEMP_muc1-enterocyte,MUC1+ Enterocyte,876.9240769999999,0.006659040464506894
https://entity.api.hubmapconsortium.org/entities/3838f4672dd3d3d1ee6cb0809cf1ea03,http://purl.org/ccf/1.5/f9e28182-3ed3-4a3f-bd45-66ebce1efafb,large intestine,UBERON:0000059,spatial,https://purl.org/ccf/ASCTB-TEMP_neuroendocrine,Neuroendocrine,819.825765,0.006225456782594784
https://entity.api.hubmapconsortium.org/entities/3838f4672dd3d3d1ee6cb0809cf1ea03,http://purl.org/ccf/1.5/f9e28182-3ed3-4a3f-bd45-66ebce1efafb,large intestine,UBERON:0000059,spatial,https://purl.org/ccf/ASCTB-TEMP_neutrophil,Neutrophil,432.965805,0.003287783846813915
https://entity.api.hubmapconsortium.org/entities/3838f4672dd3d3d1ee6cb0809cf1ea03,http://purl.org/ccf/1.5/f9e28182-3ed3-4a3f-bd45-66ebce1efafb,large intestine,UBERON:0000059,spatial,https://purl.org/ccf/ASCTB-TEMP_cd7-immune,CD7+ Immune,217.935879,0.001654925295122075
https://entity.api.hubmapconsortium.org/entities/3838f4672dd3d3d1ee6cb0809cf1ea03,http://purl.org/ccf/1.5/f9e28182-3ed3-4a3f-bd45-66ebce1efafb,large intestine,UBERON:0000059,spatial,https://purl.org/ccf/ASCTB-TEMP_nk,NK,215.474075,0.001636231256628153
https://entity.api.hubmapconsortium.org/entities/3838f4672dd3d3d1ee6cb0809cf1ea03,http://purl.org/ccf/1.5/f9e28182-3ed3-4a3f-bd45-66ebce1efafb,large intestine,UBERON:0000059,spatial,https://purl.org/ccf/ASCTB-TEMP_cd57-enterocyte,CD57+ Enterocyte,14.920934,1.133041113595022E-4
https://entity.api.hubmapconsortium.org/entities/3838f4672dd3d3d1ee6cb0809cf1ea03,http://purl.org/ccf/1.5/f9e28182-3ed3-4a3f-bd45-66ebce1efafb,large intestine,UBERON:0000059,spatial,https://purl.org/ccf/ASCTB-TEMP_paneth,Paneth,2.04856,1.555601481560215E-5
https://entity.api.hubmapconsortium.org/entities/3a622ca82adc9696ec31fc6e2210197c,http://purl.org/ccf/1.5/7a3454d4-89f6-40f5-af48-1ad1f46b49fc,left kidney,UBERON:0004538,sc_bulk,https://purl.org/ccf/ASCTB-TEMP_descending-thin-limb-type-2,Descending Thin Limb Type 2,2312.404947,0.1548052267949791
https://entity.api.hubmapconsortium.org/entities/3a622ca82adc9696ec31fc6e2210197c,http://purl.org/ccf/1.5/7a3454d4-89f6-40f5-af48-1ad1f46b49fc,left kidney,UBERON:0004538,sc_bulk,https://purl.org/ccf/ASCTB-TEMP_inner-medullary-collecting-duct,Inner Medullary Collecting Duct,2184.26503,0.1462268292533159
https://entity.api.hubmapconsortium.org/entities/3a622ca82adc9696ec31fc6e2210197c,http://purl.org/ccf/1.5/7a3454d4-89f6-40f5-af48-1ad1f46b49fc,left kidney,UBERON:0004538,sc_bulk,https://purl.org/ccf/ASCTB-TEMP_descending-thin-limb-type-1,Descending Thin Limb Type 1,2038.050058,0.1364383871680977
https://entity.api.hubmapconsortium.org/entities/3a622ca82adc9696ec31fc6e2210197c,http://purl.org/ccf/1.5/7a3454d4-89f6-40f5-af48-1ad1f46b49fc,left kidney,UBERON:0004538,sc_bulk,https://purl.org/ccf/ASCTB-TEMP_vascular-smooth-muscle-pericyte,Vascular Smooth Muscle / Pericyte,1296.376807,0.08678666160083505
https://entity.api.hubmapconsortium.org/entities/3a622ca82adc9696ec31fc6e2210197c,http://purl.org/ccf/1.5/7a3454d4-89f6-40f5-af48-1ad1f46b49fc,left kidney,UBERON:0004538,sc_bulk,https://purl.org/ccf/ASCTB-TEMP_cortical-collecting-duct-principal,Cortical Collecting Duct Principal,1195.409949,0.08002737950721027
https://entity.api.hubmapconsortium.org/entities/3a622ca82adc9696ec31fc6e2210197c,http://purl.org/ccf/1.5/7a3454d4-89f6-40f5-af48-1ad1f46b49fc,left kidney,UBERON:0004538,sc_bulk,https://purl.org/ccf/ASCTB-TEMP_distal-convoluted-tubule-type-1,Distal Convoluted Tubule Type 1,1021.970229,0.06841636162529009
https://entity.api.hubmapconsortium.org/entities/3a622ca82adc9696ec31fc6e2210197c,http://purl.org/ccf/1.5/7a3454d4-89f6-40f5-af48-1ad1f46b49fc,left kidney,UBERON:0004538,sc_bulk,https://purl.org/ccf/ASCTB-TEMP_medullary-thick-ascending-limb,Medullary Thick Ascending Limb,979.67157,0.06558465452826386
https://entity.api.hubmapconsortium.org/entities/3a622ca82adc9696ec31fc6e2210197c,http://purl.org/ccf/1.5/7a3454d4-89f6-40f5-af48-1ad1f46b49fc,left kidney,UBERON:0004538,sc_bulk,https://purl.org/ccf/ASCTB-TEMP_connecting-tubule,Connecting Tubule,807.8494899999998,0.0540819304498998
https://entity.api.hubmapconsortium.org/entities/3a622ca82adc9696ec31fc6e2210197c,http://purl.org/ccf/1.5/7a3454d4-89f6-40f5-af48-1ad1f46b49fc,left kidney,UBERON:0004538,sc_bulk,https://purl.org/ccf/ASCTB-TEMP_cortical-thick-ascending-limb,Cortical Thick Ascending Limb,741.3861309999999,0.04963250416022705
https://entity.api.hubmapconsortium.org/entities/3a622ca82adc9696ec31fc6e2210197c,http://purl.org/ccf/1.5/7a3454d4-89f6-40f5-af48-1ad1f46b49fc,left kidney,UBERON:0004538,sc_bulk,https://purl.org/ccf/ASCTB-TEMP_mesangial,Mesangial,630.930845,0.04223801401172701
https://entity.api.hubmapconsortium.org/entities/3a622ca82adc9696ec31fc6e2210197c,http://purl.org/ccf/1.5/7a3454d4-89f6-40f5-af48-1ad1f46b49fc,left kidney,UBERON:0004538,sc_bulk,https://purl.org/ccf/ASCTB-TEMP_ascending-thin-limb,Ascending Thin Limb,442.3883539999999,0.02961593278083725
https://entity.api.hubmapconsortium.org/entities/3a622ca82adc9696ec31fc6e2210197c,http://purl.org/ccf/1.5/7a3454d4-89f6-40f5-af48-1ad1f46b49fc,left kidney,UBERON:0004538,sc_bulk,https://purl.org/ccf/ASCTB-TEMP_medullary-fibroblast,Medullary Fibroblast,181.375295,0.01214226933474955
https://entity.api.hubmapconsortium.org/entities/3a622ca82adc9696ec31fc6e2210197c,http://purl.org/ccf/1.5/7a3454d4-89f6-40f5-af48-1ad1f46b49fc,left kidney,UBERON:0004538,sc_bulk,https://purl.org/ccf/ASCTB-TEMP_fibroblast,Fibroblast,130.232193,0.008718466114478737
https://entity.api.hubmapconsortium.org/entities/3a622ca82adc9696ec31fc6e2210197c,http://purl.org/ccf/1.5/7a3454d4-89f6-40f5-af48-1ad1f46b49fc,left kidney,UBERON:0004538,sc_bulk,https://purl.org/ccf/ASCTB-TEMP_ascending-vasa-recta-endothelial,Ascending Vasa Recta Endothelial,102.218975,0.006843105757992179
https://entity.api.hubmapconsortium.org/entities/3a622ca82adc9696ec31fc6e2210197c,http://purl.org/ccf/1.5/7a3454d4-89f6-40f5-af48-1ad1f46b49fc,left kidney,UBERON:0004538,sc_bulk,https://purl.org/ccf/ASCTB-TEMP_peritubular-capilary-endothelial,Peritubular Capilary Endothelial,89.24655299999998,0.005974659799858629
https://entity.api.hubmapconsortium.org/entities/3a622ca82adc9696ec31fc6e2210197c,http://purl.org/ccf/1.5/7a3454d4-89f6-40f5-af48-1ad1f46b49fc,left kidney,UBERON:0004538,sc_bulk,https://purl.org/ccf/ASCTB-TEMP_cortical-collecting-duct-intercalated-type-a,Cortical Collecting Duct Intercalated Type A,68.26507400000001,0.004570043095806453
https://entity.api.hubmapconsortium.org/entities/3a622ca82adc9696ec31fc6e2210197c,http://purl.org/ccf/1.5/7a3454d4-89f6-40f5-af48-1ad1f46b49fc,left kidney,UBERON:0004538,sc_bulk,https://purl.org/ccf/ASCTB-TEMP_t,T,59.58861099999999,0.003989192486471872
https://entity.api.hubmapconsortium.org/entities/3a622ca82adc9696ec31fc6e2210197c,http://purl.org/ccf/1.5/7a3454d4-89f6-40f5-af48-1ad1f46b49fc,left kidney,UBERON:0004538,sc_bulk,https://purl.org/ccf/ASCTB-TEMP_descending-vasa-recta-endothelial,Descending Vasa Recta Endothelial,58.26190200000002,0.00390037521945193
https://entity.api.hubmapconsortium.org/entities/3a622ca82adc9696ec31fc6e2210197c,http://purl.org/ccf/1.5/7a3454d4-89f6-40f5-af48-1ad1f46b49fc,left kidney,UBERON:0004538,sc_bulk,https://purl.org/ccf/ASCTB-TEMP_outer-medullary-collecting-duct-intercalated-type-a,Outer Medullary Collecting Duct Intercalated Type A,57.82274899999999,0.003870975879232174
https://entity.api.hubmapconsortium.org/entities/3a622ca82adc9696ec31fc6e2210197c,http://purl.org/ccf/1.5/7a3454d4-89f6-40f5-af48-1ad1f46b49fc,left kidney,UBERON:0004538,sc_bulk,https://purl.org/ccf/ASCTB-TEMP_descending-thin-limb-type-3,Descending Thin Limb Type 3,54.41963699999999,0.003643152666151703
https://entity.api.hubmapconsortium.org/entities/3a622ca82adc9696ec31fc6e2210197c,http://purl.org/ccf/1.5/7a3454d4-89f6-40f5-af48-1ad1f46b49fc,left kidney,UBERON:0004538,sc_bulk,https://purl.org/ccf/ASCTB-TEMP_proximal-tubule-epithelial-segment-1,Proximal Tubule Epithelial Segment 1,54.31833099999999,0.003636370680009511
https://entity.api.hubmapconsortium.org/entities/3a622ca82adc9696ec31fc6e2210197c,http://purl.org/ccf/1.5/7a3454d4-89f6-40f5-af48-1ad1f46b49fc,left kidney,UBERON:0004538,sc_bulk,https://purl.org/ccf/ASCTB-TEMP_outer-medullary-collecting-duct-principal,Outer Medullary Collecting Duct Principal,48.139072,0.003222696772175618
https://entity.api.hubmapconsortium.org/entities/3a622ca82adc9696ec31fc6e2210197c,http://purl.org/ccf/1.5/7a3454d4-89f6-40f5-af48-1ad1f46b49fc,left kidney,UBERON:0004538,sc_bulk,https://purl.org/ccf/ASCTB-TEMP_parietal-epithelial,Parietal Epithelial,47.273346,0.003164740266786638
https://entity.api.hubmapconsortium.org/entities/3a622ca82adc9696ec31fc6e2210197c,http://purl.org/ccf/1.5/7a3454d4-89f6-40f5-af48-1ad1f46b49fc,left kidney,UBERON:0004538,sc_bulk,https://purl.org/ccf/ASCTB-TEMP_connecting-tubule-principal,Connecting Tubule Principal,40.54286099999999,0.002714164229826963
https://entity.api.hubmapconsortium.org/entities/3a622ca82adc9696ec31fc6e2210197c,http://purl.org/ccf/1.5/7a3454d4-89f6-40f5-af48-1ad1f46b49fc,left kidney,UBERON:0004538,sc_bulk,https://purl.org/ccf/ASCTB-TEMP_proximal-tubule-epithelial-segment-3,Proximal Tubule Epithelial Segment 3,40.057865,0.002681695904643668
https://entity.api.hubmapconsortium.org/entities/3a622ca82adc9696ec31fc6e2210197c,http://purl.org/ccf/1.5/7a3454d4-89f6-40f5-af48-1ad1f46b49fc,left kidney,UBERON:0004538,sc_bulk,https://purl.org/ccf/ASCTB-TEMP_papillary-tip-epithelial,Papillary Tip Epithelial,38.494615,0.002577043269688355
https://entity.api.hubmapconsortium.org/entities/3a622ca82adc9696ec31fc6e2210197c,http://purl.org/ccf/1.5/7a3454d4-89f6-40f5-af48-1ad1f46b49fc,left kidney,UBERON:0004538,sc_bulk,https://purl.org/ccf/ASCTB-TEMP_glomerular-capillary-endothelial,Glomerular Capillary Endothelial,35.622379,0.002384759843740164
https://entity.api.hubmapconsortium.org/entities/3a622ca82adc9696ec31fc6e2210197c,http://purl.org/ccf/1.5/7a3454d4-89f6-40f5-af48-1ad1f46b49fc,left kidney,UBERON:0004538,sc_bulk,https://purl.org/ccf/ASCTB-TEMP_intercalated-type-b,Intercalated Type B,34.79565099999999,0.00232941408100782
https://entity.api.hubmapconsortium.org/entities/3a622ca82adc9696ec31fc6e2210197c,http://purl.org/ccf/1.5/7a3454d4-89f6-40f5-af48-1ad1f46b49fc,left kidney,UBERON:0004538,sc_bulk,https://purl.org/ccf/ASCTB-TEMP_macula-densa,Macula Densa,27.69842199999999,0.001854286164339813
https://entity.api.hubmapconsortium.org/entities/3a622ca82adc9696ec31fc6e2210197c,http://purl.org/ccf/1.5/7a3454d4-89f6-40f5-af48-1ad1f46b49fc,left kidney,UBERON:0004538,sc_bulk,https://purl.org/ccf/ASCTB-TEMP_m2-macrophage,M2 Macrophage,18.206109,0.001218818025993053
https://entity.api.hubmapconsortium.org/entities/3a622ca82adc9696ec31fc6e2210197c,http://purl.org/ccf/1.5/7a3454d4-89f6-40f5-af48-1ad1f46b49fc,left kidney,UBERON:0004538,sc_bulk,https://purl.org/ccf/ASCTB-TEMP_b,B,17.982962,0.001203879326787953
https://entity.api.hubmapconsortium.org/entities/3a622ca82adc9696ec31fc6e2210197c,http://purl.org/ccf/1.5/7a3454d4-89f6-40f5-af48-1ad1f46b49fc,left kidney,UBERON:0004538,sc_bulk,https://purl.org/ccf/ASCTB-TEMP_monocyte-derived,Monocyte-derived,13.697733,9.170023037673731E-4
https://entity.api.hubmapconsortium.org/entities/3a622ca82adc9696ec31fc6e2210197c,http://purl.org/ccf/1.5/7a3454d4-89f6-40f5-af48-1ad1f46b49fc,left kidney,UBERON:0004538,sc_bulk,https://purl.org/ccf/ASCTB-TEMP_lymphatic-endothelial,Lymphatic Endothelial,13.25451,8.87330495148919E-4
https://entity.api.hubmapconsortium.org/entities/3a622ca82adc9696ec31fc6e2210197c,http://purl.org/ccf/1.5/7a3454d4-89f6-40f5-af48-1ad1f46b49fc,left kidney,UBERON:0004538,sc_bulk,https://purl.org/ccf/ASCTB-TEMP_afferent-efferent-arteriole-endothelial,Afferent / Efferent Arteriole Endothelial,12.448354,8.333619363227327E-4
https://entity.api.hubmapconsortium.org/entities/3a622ca82adc9696ec31fc6e2210197c,http://purl.org/ccf/1.5/7a3454d4-89f6-40f5-af48-1ad1f46b49fc,left kidney,UBERON:0004538,sc_bulk,https://purl.org/ccf/ASCTB-TEMP_tissue-resident-macrophage,Tissue-resident Macrophage,11.620405,7.779344330707791E-4
https://entity.api.hubmapconsortium.org/entities/3a622ca82adc9696ec31fc6e2210197c,http://purl.org/ccf/1.5/7a3454d4-89f6-40f5-af48-1ad1f46b49fc,left kidney,UBERON:0004538,sc_bulk,https://purl.org/ccf/ASCTB-TEMP_classical-dendritic,Classical Dendritic,10.111804,6.769403056143771E-4
https://entity.api.hubmapconsortium.org/entities/3a622ca82adc9696ec31fc6e2210197c,http://purl.org/ccf/1.5/7a3454d4-89f6-40f5-af48-1ad1f46b49fc,left kidney,UBERON:0004538,sc_bulk,https://purl.org/ccf/ASCTB-TEMP_podocyte,Podocyte,8.382498000000002,5.61170959992095E-4
https://entity.api.hubmapconsortium.org/entities/3a622ca82adc9696ec31fc6e2210197c,http://purl.org/ccf/1.5/7a3454d4-89f6-40f5-af48-1ad1f46b49fc,left kidney,UBERON:0004538,sc_bulk,https://purl.org/ccf/ASCTB-TEMP_cortical-vascular-smooth-muscle-pericyte,Cortical Vascular Smooth Muscle / Pericyte,5.122797999999999,3.429485424876431E-4
https://entity.api.hubmapconsortium.org/entities/3a622ca82adc9696ec31fc6e2210197c,http://purl.org/ccf/1.5/7a3454d4-89f6-40f5-af48-1ad1f46b49fc,left kidney,UBERON:0004538,sc_bulk,https://purl.org/ccf/ASCTB-TEMP_mast,Mast,2.232469,1.49453870657958E-4
https://entity.api.hubmapconsortium.org/entities/3a622ca82adc9696ec31fc6e2210197c,http://purl.org/ccf/1.5/7a3454d4-89f6-40f5-af48-1ad1f46b49fc,left kidney,UBERON:0004538,sc_bulk,https://purl.org/ccf/ASCTB-TEMP_proximal-tubule-epithelial-segment-2,Proximal Tubule Epithelial Segment 2,1.059532,7.093095513799638E-5
https://entity.api.hubmapconsortium.org/entities/3a622ca82adc9696ec31fc6e2210197c,http://purl.org/ccf/1.5/7a3454d4-89f6-40f5-af48-1ad1f46b49fc,left kidney,UBERON:0004538,sc_bulk,https://purl.org/ccf/ASCTB-TEMP_natural-killer-natural-killer-t,Natural Killer / Natural Killer T,0.9875299999999999,6.611074146644513E-5
https://entity.api.hubmapconsortium.org/entities/3a622ca82adc9696ec31fc6e2210197c,http://purl.org/ccf/1.5/7a3454d4-89f6-40f5-af48-1ad1f46b49fc,left kidney,UBERON:0004538,sc_bulk,https://purl.org/ccf/ASCTB-TEMP_plasma,Plasma,0.6397299999999999,4.282707830478967E-5
https://entity.api.hubmapconsortium.org/entities/3a622ca82adc9696ec31fc6e2210197c,http://purl.org/ccf/1.5/7a3454d4-89f6-40f5-af48-1ad1f46b49fc,left kidney,UBERON:0004538,sc_bulk,https://purl.org/ccf/ASCTB-TEMP_monocyte,Monocyte,0.6056159999999999,4.054329772659325E-5
https://entity.api.hubmapconsortium.org/entities/3a622ca82adc9696ec31fc6e2210197c,http://purl.org/ccf/1.5/7a3454d4-89f6-40f5-af48-1ad1f46b49fc,left kidney,UBERON:0004538,sc_bulk,https://purl.org/ccf/ASCTB-TEMP_cycling-mononuclear-phagocyte,Cycling Mononuclear Phagocyte,0.580974,3.889362542173554E-5
https://entity.api.hubmapconsortium.org/entities/3a622ca82adc9696ec31fc6e2210197c,http://purl.org/ccf/1.5/7a3454d4-89f6-40f5-af48-1ad1f46b49fc,left kidney,UBERON:0004538,sc_bulk,https://purl.org/ccf/ASCTB-TEMP_renin-positive-juxtaglomerular-granular,Renin-positive Juxtaglomerular Granular,0.4455539999999999,2.982785870134628E-5
https://entity.api.hubmapconsortium.org/entities/3a622ca82adc9696ec31fc6e2210197c,http://purl.org/ccf/1.5/7a3454d4-89f6-40f5-af48-1ad1f46b49fc,left kidney,UBERON:0004538,sc_bulk,https://purl.org/ccf/ASCTB-TEMP_neutrophil,Neutrophil,0.4444069999999999,2.975107215262167E-5
https://entity.api.hubmapconsortium.org/entities/3a622ca82adc9696ec31fc6e2210197c,http://purl.org/ccf/1.5/7a3454d4-89f6-40f5-af48-1ad1f46b49fc,left kidney,UBERON:0004538,sc_bulk,https://purl.org/ccf/ASCTB-TEMP_schwann-neural,Schwann / Neural,0.217597,1.456715138869104E-5
https://entity.api.hubmapconsortium.org/entities/3a622ca82adc9696ec31fc6e2210197c,http://purl.org/ccf/1.5/7a3454d4-89f6-40f5-af48-1ad1f46b49fc,left kidney,UBERON:0004538,sc_bulk,https://purl.org/ccf/ASCTB-TEMP_connecting-tubule-intercalated-type-a,Connecting Tubule Intercalated Type A,0.117401,7.859474809780083E-6
https://entity.api.hubmapconsortium.org/entities/3a622ca82adc9696ec31fc6e2210197c,http://purl.org/ccf/1.5/7a3454d4-89f6-40f5-af48-1ad1f46b49fc,left kidney,UBERON:0004538,sc_bulk,https://purl.org/ccf/ASCTB-TEMP_non-classical-monocyte,Non-classical monocyte,0.113405,7.591960381965318E-6
https://entity.api.hubmapconsortium.org/entities/3a622ca82adc9696ec31fc6e2210197c,http://purl.org/ccf/1.5/7a3454d4-89f6-40f5-af48-1ad1f46b49fc,left kidney,UBERON:0004538,sc_bulk,https://purl.org/ccf/ASCTB-TEMP_distal-convoluted-tubule-type-2,Distal Convoluted Tubule Type 2,0.08184399999999999,5.479091799317221E-6
https://entity.api.hubmapconsortium.org/entities/3a622ca82adc9696ec31fc6e2210197c,http://purl.org/ccf/1.5/7a3454d4-89f6-40f5-af48-1ad1f46b49fc,left kidney,UBERON:0004538,sc_bulk,https://purl.org/ccf/ASCTB-TEMP_natural-killer-t,Natural Killer T,0.059459,3.980515606465992E-6
https://entity.api.hubmapconsortium.org/entities/3a622ca82adc9696ec31fc6e2210197c,http://purl.org/ccf/1.5/7a3454d4-89f6-40f5-af48-1ad1f46b49fc,left kidney,UBERON:0004538,sc_bulk,https://purl.org/ccf/ASCTB-TEMP_plasmacytoid-dendritic,Plasmacytoid Dendritic,0.022459,1.503530163736688E-6
https://entity.api.hubmapconsortium.org/entities/3b20d9aa8a3a412a73a883e07d86d889,http://purl.org/ccf/1.5/6ee43559-da2f-411b-81a2-a0d0f59fac67,heart,UBERON:0000948,sc_bulk,https://purl.org/ccf/ASCTB-TEMP_fibroblast,Fibroblast,221892.2543499999,0.3330088912100684
https://entity.api.hubmapconsortium.org/entities/3b20d9aa8a3a412a73a883e07d86d889,http://purl.org/ccf/1.5/6ee43559-da2f-411b-81a2-a0d0f59fac67,heart,UBERON:0000948,sc_bulk,https://purl.org/ccf/ASCTB-TEMP_ventricular-cardiomycoyte,Ventricular Cardiomycoyte,174830.664116,0.2623803421049387
https://entity.api.hubmapconsortium.org/entities/3b20d9aa8a3a412a73a883e07d86d889,http://purl.org/ccf/1.5/6ee43559-da2f-411b-81a2-a0d0f59fac67,heart,UBERON:0000948,sc_bulk,http://purl.obolibrary.org/obo/CL_0002131,regular ventricular cardiac myocyte,63268.87016,0.09495192322874964
https://entity.api.hubmapconsortium.org/entities/3b20d9aa8a3a412a73a883e07d86d889,http://purl.org/ccf/1.5/6ee43559-da2f-411b-81a2-a0d0f59fac67,heart,UBERON:0000948,sc_bulk,http://purl.obolibrary.org/obo/CL_0000669,pericyte,33626.01689000001,0.05046486472974056
https://entity.api.hubmapconsortium.org/entities/3b20d9aa8a3a412a73a883e07d86d889,http://purl.org/ccf/1.5/6ee43559-da2f-411b-81a2-a0d0f59fac67,heart,UBERON:0000948,sc_bulk,http://purl.obolibrary.org/obo/CL_0002144,capillary endothelial cell,27015.076502,0.04054337407242713
https://entity.api.hubmapconsortium.org/entities/3b20d9aa8a3a412a73a883e07d86d889,http://purl.org/ccf/1.5/6ee43559-da2f-411b-81a2-a0d0f59fac67,heart,UBERON:0000948,sc_bulk,https://purl.org/ccf/ASCTB-TEMP_b,B,26503.895258,0.03977620939707385
https://entity.api.hubmapconsortium.org/entities/3b20d9aa8a3a412a73a883e07d86d889,http://purl.org/ccf/1.5/6ee43559-da2f-411b-81a2-a0d0f59fac67,heart,UBERON:0000948,sc_bulk,http://purl.obolibrary.org/obo/CL_0000057,fibroblast,19603.185026,0.02941984130458711
https://entity.api.hubmapconsortium.org/entities/3b20d9aa8a3a412a73a883e07d86d889,http://purl.org/ccf/1.5/6ee43559-da2f-411b-81a2-a0d0f59fac67,heart,UBERON:0000948,sc_bulk,http://purl.obolibrary.org/obo/CL_0000003,native cell,14160.515378,0.02125165449692906
https://entity.api.hubmapconsortium.org/entities/3b20d9aa8a3a412a73a883e07d86d889,http://purl.org/ccf/1.5/6ee43559-da2f-411b-81a2-a0d0f59fac67,heart,UBERON:0000948,sc_bulk,http://purl.obolibrary.org/obo/CL_1000413,endothelial cell of artery,9579.661474,0.01437685355430502
https://entity.api.hubmapconsortium.org/entities/3b20d9aa8a3a412a73a883e07d86d889,http://purl.org/ccf/1.5/6ee43559-da2f-411b-81a2-a0d0f59fac67,heart,UBERON:0000948,sc_bulk,https://purl.org/ccf/ASCTB-TEMP_pericyte,Pericyte,8175.996482,0.01227027744156244
https://entity.api.hubmapconsortium.org/entities/3b20d9aa8a3a412a73a883e07d86d889,http://purl.org/ccf/1.5/6ee43559-da2f-411b-81a2-a0d0f59fac67,heart,UBERON:0000948,sc_bulk,https://purl.org/ccf/ASCTB-TEMP_monocyte-cdc,Monocyte/cDC,7547.345814,0.01132681836263967
https://entity.api.hubmapconsortium.org/entities/3b20d9aa8a3a412a73a883e07d86d889,http://purl.org/ccf/1.5/6ee43559-da2f-411b-81a2-a0d0f59fac67,heart,UBERON:0000948,sc_bulk,https://purl.org/ccf/ASCTB-TEMP_capillary-endothelial,Capillary Endothelial,7477.717731999999,0.01122232273501253
https://entity.api.hubmapconsortium.org/entities/3b20d9aa8a3a412a73a883e07d86d889,http://purl.org/ccf/1.5/6ee43559-da2f-411b-81a2-a0d0f59fac67,heart,UBERON:0000948,sc_bulk,https://purl.org/ccf/ASCTB-TEMP_macrophage,Macrophage,6670.387443999999,0.01001070692248795
https://entity.api.hubmapconsortium.org/entities/3b20d9aa8a3a412a73a883e07d86d889,http://purl.org/ccf/1.5/6ee43559-da2f-411b-81a2-a0d0f59fac67,heart,UBERON:0000948,sc_bulk,http://purl.obolibrary.org/obo/CL_0000192,smooth muscle cell,6209.648838000002,0.009319244966002891
https://entity.api.hubmapconsortium.org/entities/3b20d9aa8a3a412a73a883e07d86d889,http://purl.org/ccf/1.5/6ee43559-da2f-411b-81a2-a0d0f59fac67,heart,UBERON:0000948,sc_bulk,http://purl.obolibrary.org/obo/CL_0000235,macrophage,5263.258191999999,0.007898931757688141
https://entity.api.hubmapconsortium.org/entities/3b20d9aa8a3a412a73a883e07d86d889,http://purl.org/ccf/1.5/6ee43559-da2f-411b-81a2-a0d0f59fac67,heart,UBERON:0000948,sc_bulk,http://purl.obolibrary.org/obo/CL_0000115,endothelial cell,3438.08756,0.005159773285428923
https://entity.api.hubmapconsortium.org/entities/3b20d9aa8a3a412a73a883e07d86d889,http://purl.org/ccf/1.5/6ee43559-da2f-411b-81a2-a0d0f59fac67,heart,UBERON:0000948,sc_bulk,http://purl.obolibrary.org/obo/CL_0002543,vein endothelial cell,2778.241718,0.004169497474055186
https://entity.api.hubmapconsortium.org/entities/3b20d9aa8a3a412a73a883e07d86d889,http://purl.org/ccf/1.5/6ee43559-da2f-411b-81a2-a0d0f59fac67,heart,UBERON:0000948,sc_bulk,https://purl.org/ccf/ASCTB-TEMP_mesothelial,Mesothelial,2753.19184,0.004131903407862277
https://entity.api.hubmapconsortium.org/entities/3b20d9aa8a3a412a73a883e07d86d889,http://purl.org/ccf/1.5/6ee43559-da2f-411b-81a2-a0d0f59fac67,heart,UBERON:0000948,sc_bulk,https://purl.org/ccf/ASCTB-TEMP_arterial-endothelial,Arterial Endothelial,2629.611674,0.00394643819558721
https://entity.api.hubmapconsortium.org/entities/3b20d9aa8a3a412a73a883e07d86d889,http://purl.org/ccf/1.5/6ee43559-da2f-411b-81a2-a0d0f59fac67,heart,UBERON:0000948,sc_bulk,https://purl.org/ccf/ASCTB-TEMP_venous-endothelial,Venous Endothelial,2457.212908,0.003687707569410919
https://entity.api.hubmapconsortium.org/entities/3b20d9aa8a3a412a73a883e07d86d889,http://purl.org/ccf/1.5/6ee43559-da2f-411b-81a2-a0d0f59fac67,heart,UBERON:0000948,sc_bulk,https://purl.org/ccf/ASCTB-TEMP_smooth-muscle,Smooth Muscle,2387.685830000001,0.003583363525398751
https://entity.api.hubmapconsortium.org/entities/3b20d9aa8a3a412a73a883e07d86d889,http://purl.org/ccf/1.5/6ee43559-da2f-411b-81a2-a0d0f59fac67,heart,UBERON:0000948,sc_bulk,https://purl.org/ccf/ASCTB-TEMP_endocardial,Endocardial,1783.492306,0.002676608956191571
https://entity.api.hubmapconsortium.org/entities/3b20d9aa8a3a412a73a883e07d86d889,http://purl.org/ccf/1.5/6ee43559-da2f-411b-81a2-a0d0f59fac67,heart,UBERON:0000948,sc_bulk,https://purl.org/ccf/ASCTB-TEMP_nk,NK,1779.373292,0.002670427269998707
https://entity.api.hubmapconsortium.org/entities/3b20d9aa8a3a412a73a883e07d86d889,http://purl.org/ccf/1.5/6ee43559-da2f-411b-81a2-a0d0f59fac67,heart,UBERON:0000948,sc_bulk,http://purl.obolibrary.org/obo/CL_0000623,natural killer cell,1339.336962,0.00201003463585876
https://entity.api.hubmapconsortium.org/entities/3b20d9aa8a3a412a73a883e07d86d889,http://purl.org/ccf/1.5/6ee43559-da2f-411b-81a2-a0d0f59fac67,heart,UBERON:0000948,sc_bulk,http://purl.obolibrary.org/obo/CL_0000934,"CD4-positive, alpha-beta cytotoxic T cell",1247.835312,0.00187271184782521
https://entity.api.hubmapconsortium.org/entities/3b20d9aa8a3a412a73a883e07d86d889,http://purl.org/ccf/1.5/6ee43559-da2f-411b-81a2-a0d0f59fac67,heart,UBERON:0000948,sc_bulk,http://purl.obolibrary.org/obo/CL_0002319,neural cell,1104.24838,0.001657221112658971
https://entity.api.hubmapconsortium.org/entities/3b20d9aa8a3a412a73a883e07d86d889,http://purl.org/ccf/1.5/6ee43559-da2f-411b-81a2-a0d0f59fac67,heart,UBERON:0000948,sc_bulk,http://purl.obolibrary.org/obo/CL_0002397,"CD14-positive, CD16-positive monocyte",1005.546208,0.001509092008495198
https://entity.api.hubmapconsortium.org/entities/3b20d9aa8a3a412a73a883e07d86d889,http://purl.org/ccf/1.5/6ee43559-da2f-411b-81a2-a0d0f59fac67,heart,UBERON:0000948,sc_bulk,https://purl.org/ccf/ASCTB-TEMP_t,T,1005.08726,0.001508403233823677
https://entity.api.hubmapconsortium.org/entities/3b20d9aa8a3a412a73a883e07d86d889,http://purl.org/ccf/1.5/6ee43559-da2f-411b-81a2-a0d0f59fac67,heart,UBERON:0000948,sc_bulk,http://purl.obolibrary.org/obo/CL_1000309,epicardial adipocyte,862.3925300000001,0.001294251487256323
https://entity.api.hubmapconsortium.org/entities/3b20d9aa8a3a412a73a883e07d86d889,http://purl.org/ccf/1.5/6ee43559-da2f-411b-81a2-a0d0f59fac67,heart,UBERON:0000948,sc_bulk,http://purl.obolibrary.org/obo/CL_0000794,"CD8-positive, alpha-beta cytotoxic T cell",815.1572120000001,0.001223362213003767
https://entity.api.hubmapconsortium.org/entities/3b20d9aa8a3a412a73a883e07d86d889,http://purl.org/ccf/1.5/6ee43559-da2f-411b-81a2-a0d0f59fac67,heart,UBERON:0000948,sc_bulk,http://purl.obolibrary.org/obo/CL_0000906,"activated CD8-positive, alpha-beta T cell",811.667258,0.001218124600202371
https://entity.api.hubmapconsortium.org/entities/3b20d9aa8a3a412a73a883e07d86d889,http://purl.org/ccf/1.5/6ee43559-da2f-411b-81a2-a0d0f59fac67,heart,UBERON:0000948,sc_bulk,https://purl.org/ccf/ASCTB-TEMP_adipocyte,Adipocyte,717.082328,0.001076174522869796
https://entity.api.hubmapconsortium.org/entities/3b20d9aa8a3a412a73a883e07d86d889,http://purl.org/ccf/1.5/6ee43559-da2f-411b-81a2-a0d0f59fac67,heart,UBERON:0000948,sc_bulk,http://purl.obolibrary.org/obo/CL_0000097,mast cell,714.6325380000002,0.001072497955366404
https://entity.api.hubmapconsortium.org/entities/3b20d9aa8a3a412a73a883e07d86d889,http://purl.org/ccf/1.5/6ee43559-da2f-411b-81a2-a0d0f59fac67,heart,UBERON:0000948,sc_bulk,https://purl.org/ccf/ASCTB-TEMP_neuronal,Neuronal,577.2210259999999,8.662750956065452E-4
https://entity.api.hubmapconsortium.org/entities/3b20d9aa8a3a412a73a883e07d86d889,http://purl.org/ccf/1.5/6ee43559-da2f-411b-81a2-a0d0f59fac67,heart,UBERON:0000948,sc_bulk,https://purl.org/ccf/ASCTB-TEMP_lymphatic-endothelial,Lymphatic Endothelial,568.7677,8.535886107783864E-4
https://entity.api.hubmapconsortium.org/entities/3b20d9aa8a3a412a73a883e07d86d889,http://purl.org/ccf/1.5/6ee43559-da2f-411b-81a2-a0d0f59fac67,heart,UBERON:0000948,sc_bulk,http://purl.obolibrary.org/obo/CL_0000814,mature NK T cell,561.75501,8.430641869847717E-4
https://entity.api.hubmapconsortium.org/entities/3b20d9aa8a3a412a73a883e07d86d889,http://purl.org/ccf/1.5/6ee43559-da2f-411b-81a2-a0d0f59fac67,heart,UBERON:0000948,sc_bulk,http://purl.obolibrary.org/obo/CL_0001054,CD14-positive monocyte,544.6986240000001,8.174665012676682E-4
https://entity.api.hubmapconsortium.org/entities/3b20d9aa8a3a412a73a883e07d86d889,http://purl.org/ccf/1.5/6ee43559-da2f-411b-81a2-a0d0f59fac67,heart,UBERON:0000948,sc_bulk,https://purl.org/ccf/ASCTB-TEMP_mast,Mast,542.37819,8.139840671659022E-4
https://entity.api.hubmapconsortium.org/entities/3b20d9aa8a3a412a73a883e07d86d889,http://purl.org/ccf/1.5/6ee43559-da2f-411b-81a2-a0d0f59fac67,heart,UBERON:0000948,sc_bulk,http://purl.obolibrary.org/obo/CL_0000576,monocyte,526.232612,7.89753293345177E-4
https://entity.api.hubmapconsortium.org/entities/3b20d9aa8a3a412a73a883e07d86d889,http://purl.org/ccf/1.5/6ee43559-da2f-411b-81a2-a0d0f59fac67,heart,UBERON:0000948,sc_bulk,http://purl.obolibrary.org/obo/CL_0000896,"activated CD4-positive, alpha-beta T cell",411.9102600000001,6.181819160946798E-4
https://entity.api.hubmapconsortium.org/entities/3b20d9aa8a3a412a73a883e07d86d889,http://purl.org/ccf/1.5/6ee43559-da2f-411b-81a2-a0d0f59fac67,heart,UBERON:0000948,sc_bulk,http://purl.obolibrary.org/obo/CL_0002138,endothelial cell of lymphatic vessel,330.71279,4.963233161495356E-4
https://entity.api.hubmapconsortium.org/entities/3b20d9aa8a3a412a73a883e07d86d889,http://purl.org/ccf/1.5/6ee43559-da2f-411b-81a2-a0d0f59fac67,heart,UBERON:0000948,sc_bulk,http://purl.obolibrary.org/obo/CL_0000236,B cell,284.907476,4.275801467615276E-4
https://entity.api.hubmapconsortium.org/entities/3b20d9aa8a3a412a73a883e07d86d889,http://purl.org/ccf/1.5/6ee43559-da2f-411b-81a2-a0d0f59fac67,heart,UBERON:0000948,sc_bulk,http://purl.obolibrary.org/obo/CL_0000451,dendritic cell,272.41399,4.088303173346468E-4
https://entity.api.hubmapconsortium.org/entities/3b20d9aa8a3a412a73a883e07d86d889,http://purl.org/ccf/1.5/6ee43559-da2f-411b-81a2-a0d0f59fac67,heart,UBERON:0000948,sc_bulk,https://purl.org/ccf/ASCTB-TEMP_atrial-cardiomyocyte,Atrial Cardiomyocyte,184.1108,2.763076771084177E-4
https://entity.api.hubmapconsortium.org/entities/3b20d9aa8a3a412a73a883e07d86d889,http://purl.org/ccf/1.5/6ee43559-da2f-411b-81a2-a0d0f59fac67,heart,UBERON:0000948,sc_bulk,https://purl.org/ccf/ASCTB-TEMP_endothelial,Endothelial,35.59948,5.342657587207035E-5
https://entity.api.hubmapconsortium.org/entities/3b20d9aa8a3a412a73a883e07d86d889,http://purl.org/ccf/1.5/6ee43559-da2f-411b-81a2-a0d0f59fac67,heart,UBERON:0000948,sc_bulk,http://purl.obolibrary.org/obo/CL_0000077,mesothelial cell,30.23032,4.536871002376905E-5
https://entity.api.hubmapconsortium.org/entities/3ccc92785736c04d896dc198ceb0a16a,http://purl.org/ccf/1.5/9882f0ef-d921-4a92-a2f7-2ab4ebe9aec8,right kidney,UBERON:0004539,sc_bulk,https://purl.org/ccf/ASCTB-TEMP_cortical-thick-ascending-limb,Cortical Thick Ascending Limb,218880.615,0.1923133852731772
https://entity.api.hubmapconsortium.org/entities/3ccc92785736c04d896dc198ceb0a16a,http://purl.org/ccf/1.5/9882f0ef-d921-4a92-a2f7-2ab4ebe9aec8,right kidney,UBERON:0004539,sc_bulk,https://purl.org/ccf/ASCTB-TEMP_inner-medullary-collecting-duct,Inner Medullary Collecting Duct,127470.332,0.1119982738938111
https://entity.api.hubmapconsortium.org/entities/3ccc92785736c04d896dc198ceb0a16a,http://purl.org/ccf/1.5/9882f0ef-d921-4a92-a2f7-2ab4ebe9aec8,right kidney,UBERON:0004539,sc_bulk,https://purl.org/ccf/ASCTB-TEMP_connecting-tubule,Connecting Tubule,92264.948,0.08106603909137255
https://entity.api.hubmapconsortium.org/entities/3ccc92785736c04d896dc198ceb0a16a,http://purl.org/ccf/1.5/9882f0ef-d921-4a92-a2f7-2ab4ebe9aec8,right kidney,UBERON:0004539,sc_bulk,https://purl.org/ccf/ASCTB-TEMP_proximal-tubule-epithelial-segment-1,Proximal Tubule Epithelial Segment 1,89542.50000000001,0.07867403561902217
https://entity.api.hubmapconsortium.org/entities/3ccc92785736c04d896dc198ceb0a16a,http://purl.org/ccf/1.5/9882f0ef-d921-4a92-a2f7-2ab4ebe9aec8,right kidney,UBERON:0004539,sc_bulk,https://purl.org/ccf/ASCTB-TEMP_distal-convoluted-tubule-type-1,Distal Convoluted Tubule Type 1,85983.65000000002,0.0755471507133879
https://entity.api.hubmapconsortium.org/entities/3ccc92785736c04d896dc198ceb0a16a,http://purl.org/ccf/1.5/9882f0ef-d921-4a92-a2f7-2ab4ebe9aec8,right kidney,UBERON:0004539,sc_bulk,https://purl.org/ccf/ASCTB-TEMP_descending-thin-limb-type-1,Descending Thin Limb Type 1,74780.35,0.06570368170983548
https://entity.api.hubmapconsortium.org/entities/3ccc92785736c04d896dc198ceb0a16a,http://purl.org/ccf/1.5/9882f0ef-d921-4a92-a2f7-2ab4ebe9aec8,right kidney,UBERON:0004539,sc_bulk,https://purl.org/ccf/ASCTB-TEMP_descending-thin-limb-type-2,Descending Thin Limb Type 2,73242.46599999999,0.06435246256145426
https://entity.api.hubmapconsortium.org/entities/3ccc92785736c04d896dc198ceb0a16a,http://purl.org/ccf/1.5/9882f0ef-d921-4a92-a2f7-2ab4ebe9aec8,right kidney,UBERON:0004539,sc_bulk,https://purl.org/ccf/ASCTB-TEMP_ascending-thin-limb,Ascending Thin Limb,72502.091,0.0637019525899722
https://entity.api.hubmapconsortium.org/entities/3ccc92785736c04d896dc198ceb0a16a,http://purl.org/ccf/1.5/9882f0ef-d921-4a92-a2f7-2ab4ebe9aec8,right kidney,UBERON:0004539,sc_bulk,https://purl.org/ccf/ASCTB-TEMP_fibroblast,Fibroblast,50721.21700000001,0.0445647913884262
https://entity.api.hubmapconsortium.org/entities/3ccc92785736c04d896dc198ceb0a16a,http://purl.org/ccf/1.5/9882f0ef-d921-4a92-a2f7-2ab4ebe9aec8,right kidney,UBERON:0004539,sc_bulk,https://purl.org/ccf/ASCTB-TEMP_proximal-tubule-epithelial-segment-3,Proximal Tubule Epithelial Segment 3,48407.02699999999,0.04253149249137522
https://entity.api.hubmapconsortium.org/entities/3ccc92785736c04d896dc198ceb0a16a,http://purl.org/ccf/1.5/9882f0ef-d921-4a92-a2f7-2ab4ebe9aec8,right kidney,UBERON:0004539,sc_bulk,https://purl.org/ccf/ASCTB-TEMP_medullary-thick-ascending-limb,Medullary Thick Ascending Limb,34198.027,0.0300471484970632
https://entity.api.hubmapconsortium.org/entities/3ccc92785736c04d896dc198ceb0a16a,http://purl.org/ccf/1.5/9882f0ef-d921-4a92-a2f7-2ab4ebe9aec8,right kidney,UBERON:0004539,sc_bulk,https://purl.org/ccf/ASCTB-TEMP_cortical-collecting-duct-principal,Cortical Collecting Duct Principal,26503.50400000001,0.02328656914565594
https://entity.api.hubmapconsortium.org/entities/3ccc92785736c04d896dc198ceb0a16a,http://purl.org/ccf/1.5/9882f0ef-d921-4a92-a2f7-2ab4ebe9aec8,right kidney,UBERON:0004539,sc_bulk,https://purl.org/ccf/ASCTB-TEMP_cortical-collecting-duct-intercalated-type-a,Cortical Collecting Duct Intercalated Type A,13369.98,0.01174716232789585
https://entity.api.hubmapconsortium.org/entities/3ccc92785736c04d896dc198ceb0a16a,http://purl.org/ccf/1.5/9882f0ef-d921-4a92-a2f7-2ab4ebe9aec8,right kidney,UBERON:0004539,sc_bulk,https://purl.org/ccf/ASCTB-TEMP_podocyte,Podocyte,12591.483,0.01106315751780788
https://entity.api.hubmapconsortium.org/entities/3ccc92785736c04d896dc198ceb0a16a,http://purl.org/ccf/1.5/9882f0ef-d921-4a92-a2f7-2ab4ebe9aec8,right kidney,UBERON:0004539,sc_bulk,https://purl.org/ccf/ASCTB-TEMP_mesangial,Mesangial,12278.113,0.01078782365353189
https://entity.api.hubmapconsortium.org/entities/3ccc92785736c04d896dc198ceb0a16a,http://purl.org/ccf/1.5/9882f0ef-d921-4a92-a2f7-2ab4ebe9aec8,right kidney,UBERON:0004539,sc_bulk,https://purl.org/ccf/ASCTB-TEMP_peritubular-capilary-endothelial,Peritubular Capilary Endothelial,11271.73,0.009903593126258485
https://entity.api.hubmapconsortium.org/entities/3ccc92785736c04d896dc198ceb0a16a,http://purl.org/ccf/1.5/9882f0ef-d921-4a92-a2f7-2ab4ebe9aec8,right kidney,UBERON:0004539,sc_bulk,https://purl.org/ccf/ASCTB-TEMP_outer-medullary-collecting-duct-intercalated-type-a,Outer Medullary Collecting Duct Intercalated Type A,8190.706,0.007196536790785811
https://entity.api.hubmapconsortium.org/entities/3ccc92785736c04d896dc198ceb0a16a,http://purl.org/ccf/1.5/9882f0ef-d921-4a92-a2f7-2ab4ebe9aec8,right kidney,UBERON:0004539,sc_bulk,https://purl.org/ccf/ASCTB-TEMP_outer-medullary-collecting-duct-principal,Outer Medullary Collecting Duct Principal,7995.797,0.007025285400569231
https://entity.api.hubmapconsortium.org/entities/3ccc92785736c04d896dc198ceb0a16a,http://purl.org/ccf/1.5/9882f0ef-d921-4a92-a2f7-2ab4ebe9aec8,right kidney,UBERON:0004539,sc_bulk,https://purl.org/ccf/ASCTB-TEMP_parietal-epithelial,Parietal Epithelial,7860.065000000001,0.006906028241090313
https://entity.api.hubmapconsortium.org/entities/3ccc92785736c04d896dc198ceb0a16a,http://purl.org/ccf/1.5/9882f0ef-d921-4a92-a2f7-2ab4ebe9aec8,right kidney,UBERON:0004539,sc_bulk,https://purl.org/ccf/ASCTB-TEMP_intercalated-type-b,Intercalated Type B,7618.814000000001,0.006694059737115948
https://entity.api.hubmapconsortium.org/entities/3ccc92785736c04d896dc198ceb0a16a,http://purl.org/ccf/1.5/9882f0ef-d921-4a92-a2f7-2ab4ebe9aec8,right kidney,UBERON:0004539,sc_bulk,https://purl.org/ccf/ASCTB-TEMP_ascending-vasa-recta-endothelial,Ascending Vasa Recta Endothelial,6291.872,0.005528178929986634
https://entity.api.hubmapconsortium.org/entities/3ccc92785736c04d896dc198ceb0a16a,http://purl.org/ccf/1.5/9882f0ef-d921-4a92-a2f7-2ab4ebe9aec8,right kidney,UBERON:0004539,sc_bulk,https://purl.org/ccf/ASCTB-TEMP_classical-dendritic,Classical Dendritic,6157.746,0.005410332837891406
https://entity.api.hubmapconsortium.org/entities/3ccc92785736c04d896dc198ceb0a16a,http://purl.org/ccf/1.5/9882f0ef-d921-4a92-a2f7-2ab4ebe9aec8,right kidney,UBERON:0004539,sc_bulk,https://purl.org/ccf/ASCTB-TEMP_macula-densa,Macula Densa,6129.017999999999,0.005385091776995593
https://entity.api.hubmapconsortium.org/entities/3ccc92785736c04d896dc198ceb0a16a,http://purl.org/ccf/1.5/9882f0ef-d921-4a92-a2f7-2ab4ebe9aec8,right kidney,UBERON:0004539,sc_bulk,https://purl.org/ccf/ASCTB-TEMP_glomerular-capillary-endothelial,Glomerular Capillary Endothelial,5883.353999999999,0.00516924591289406
https://entity.api.hubmapconsortium.org/entities/3ccc92785736c04d896dc198ceb0a16a,http://purl.org/ccf/1.5/9882f0ef-d921-4a92-a2f7-2ab4ebe9aec8,right kidney,UBERON:0004539,sc_bulk,https://purl.org/ccf/ASCTB-TEMP_medullary-fibroblast,Medullary Fibroblast,4830.841999999999,0.004244485418408779
https://entity.api.hubmapconsortium.org/entities/3ccc92785736c04d896dc198ceb0a16a,http://purl.org/ccf/1.5/9882f0ef-d921-4a92-a2f7-2ab4ebe9aec8,right kidney,UBERON:0004539,sc_bulk,https://purl.org/ccf/ASCTB-TEMP_cortical-vascular-smooth-muscle-pericyte,Cortical Vascular Smooth Muscle / Pericyte,3701.618,0.003252324051484084
https://entity.api.hubmapconsortium.org/entities/3ccc92785736c04d896dc198ceb0a16a,http://purl.org/ccf/1.5/9882f0ef-d921-4a92-a2f7-2ab4ebe9aec8,right kidney,UBERON:0004539,sc_bulk,https://purl.org/ccf/ASCTB-TEMP_connecting-tubule-principal,Connecting Tubule Principal,3474.940000000001,0.003053159710014405
https://entity.api.hubmapconsortium.org/entities/3ccc92785736c04d896dc198ceb0a16a,http://purl.org/ccf/1.5/9882f0ef-d921-4a92-a2f7-2ab4ebe9aec8,right kidney,UBERON:0004539,sc_bulk,https://purl.org/ccf/ASCTB-TEMP_vascular-smooth-muscle-pericyte,Vascular Smooth Muscle / Pericyte,3381.532999999999,0.002971090238589483
https://entity.api.hubmapconsortium.org/entities/3ccc92785736c04d896dc198ceb0a16a,http://purl.org/ccf/1.5/9882f0ef-d921-4a92-a2f7-2ab4ebe9aec8,right kidney,UBERON:0004539,sc_bulk,https://purl.org/ccf/ASCTB-TEMP_m2-macrophage,M2 Macrophage,3375.679999999999,0.002965947662377314
https://entity.api.hubmapconsortium.org/entities/3ccc92785736c04d896dc198ceb0a16a,http://purl.org/ccf/1.5/9882f0ef-d921-4a92-a2f7-2ab4ebe9aec8,right kidney,UBERON:0004539,sc_bulk,https://purl.org/ccf/ASCTB-TEMP_descending-thin-limb-type-3,Descending Thin Limb Type 3,3154.318,0.002771454076954773
https://entity.api.hubmapconsortium.org/entities/3ccc92785736c04d896dc198ceb0a16a,http://purl.org/ccf/1.5/9882f0ef-d921-4a92-a2f7-2ab4ebe9aec8,right kidney,UBERON:0004539,sc_bulk,https://purl.org/ccf/ASCTB-TEMP_monocyte-derived,Monocyte-derived,2979.315,0.002617692541868799
https://entity.api.hubmapconsortium.org/entities/3ccc92785736c04d896dc198ceb0a16a,http://purl.org/ccf/1.5/9882f0ef-d921-4a92-a2f7-2ab4ebe9aec8,right kidney,UBERON:0004539,sc_bulk,https://purl.org/ccf/ASCTB-TEMP_descending-vasa-recta-endothelial,Descending Vasa Recta Endothelial,2757.939999999999,0.0024231875343566
https://entity.api.hubmapconsortium.org/entities/3ccc92785736c04d896dc198ceb0a16a,http://purl.org/ccf/1.5/9882f0ef-d921-4a92-a2f7-2ab4ebe9aec8,right kidney,UBERON:0004539,sc_bulk,https://purl.org/ccf/ASCTB-TEMP_t,T,1828.118,0.001606225207558149
https://entity.api.hubmapconsortium.org/entities/3ccc92785736c04d896dc198ceb0a16a,http://purl.org/ccf/1.5/9882f0ef-d921-4a92-a2f7-2ab4ebe9aec8,right kidney,UBERON:0004539,sc_bulk,https://purl.org/ccf/ASCTB-TEMP_distal-convoluted-tubule-type-2,Distal Convoluted Tubule Type 2,1561.651,0.001372101364139728
https://entity.api.hubmapconsortium.org/entities/3ccc92785736c04d896dc198ceb0a16a,http://purl.org/ccf/1.5/9882f0ef-d921-4a92-a2f7-2ab4ebe9aec8,right kidney,UBERON:0004539,sc_bulk,https://purl.org/ccf/ASCTB-TEMP_afferent-efferent-arteriole-endothelial,Afferent / Efferent Arteriole Endothelial,1489.726,0.001308906456560665
https://entity.api.hubmapconsortium.org/entities/3ccc92785736c04d896dc198ceb0a16a,http://purl.org/ccf/1.5/9882f0ef-d921-4a92-a2f7-2ab4ebe9aec8,right kidney,UBERON:0004539,sc_bulk,https://purl.org/ccf/ASCTB-TEMP_proximal-tubule-epithelial-segment-2,Proximal Tubule Epithelial Segment 2,1179.154,0.001036030977427617
https://entity.api.hubmapconsortium.org/entities/3ccc92785736c04d896dc198ceb0a16a,http://purl.org/ccf/1.5/9882f0ef-d921-4a92-a2f7-2ab4ebe9aec8,right kidney,UBERON:0004539,sc_bulk,https://purl.org/ccf/ASCTB-TEMP_mast,Mast,809.054,7.108528711361906E-4
https://entity.api.hubmapconsortium.org/entities/3ccc92785736c04d896dc198ceb0a16a,http://purl.org/ccf/1.5/9882f0ef-d921-4a92-a2f7-2ab4ebe9aec8,right kidney,UBERON:0004539,sc_bulk,https://purl.org/ccf/ASCTB-TEMP_b,B,619.965,5.447150625964997E-4
https://entity.api.hubmapconsortium.org/entities/3ccc92785736c04d896dc198ceb0a16a,http://purl.org/ccf/1.5/9882f0ef-d921-4a92-a2f7-2ab4ebe9aec8,right kidney,UBERON:0004539,sc_bulk,https://purl.org/ccf/ASCTB-TEMP_schwann-neural,Schwann / Neural,534.555,4.69671933554752E-4
https://entity.api.hubmapconsortium.org/entities/3ccc92785736c04d896dc198ceb0a16a,http://purl.org/ccf/1.5/9882f0ef-d921-4a92-a2f7-2ab4ebe9aec8,right kidney,UBERON:0004539,sc_bulk,https://purl.org/ccf/ASCTB-TEMP_plasma,Plasma,476.39,4.185668685657198E-4
https://entity.api.hubmapconsortium.org/entities/3ccc92785736c04d896dc198ceb0a16a,http://purl.org/ccf/1.5/9882f0ef-d921-4a92-a2f7-2ab4ebe9aec8,right kidney,UBERON:0004539,sc_bulk,https://purl.org/ccf/ASCTB-TEMP_lymphatic-endothelial,Lymphatic Endothelial,475.712,4.179711626590308E-4
https://entity.api.hubmapconsortium.org/entities/3ccc92785736c04d896dc198ceb0a16a,http://purl.org/ccf/1.5/9882f0ef-d921-4a92-a2f7-2ab4ebe9aec8,right kidney,UBERON:0004539,sc_bulk,https://purl.org/ccf/ASCTB-TEMP_tissue-resident-macrophage,Tissue-resident Macrophage,460.422,4.045370279786851E-4
https://entity.api.hubmapconsortium.org/entities/3ccc92785736c04d896dc198ceb0a16a,http://purl.org/ccf/1.5/9882f0ef-d921-4a92-a2f7-2ab4ebe9aec8,right kidney,UBERON:0004539,sc_bulk,https://purl.org/ccf/ASCTB-TEMP_papillary-tip-epithelial,Papillary Tip Epithelial,263.383,2.314141723030395E-4
https://entity.api.hubmapconsortium.org/entities/3ccc92785736c04d896dc198ceb0a16a,http://purl.org/ccf/1.5/9882f0ef-d921-4a92-a2f7-2ab4ebe9aec8,right kidney,UBERON:0004539,sc_bulk,https://purl.org/ccf/ASCTB-TEMP_connecting-tubule-intercalated-type-a,Connecting Tubule Intercalated Type A,245.422,2.156332375094693E-4
https://entity.api.hubmapconsortium.org/entities/3ccc92785736c04d896dc198ceb0a16a,http://purl.org/ccf/1.5/9882f0ef-d921-4a92-a2f7-2ab4ebe9aec8,right kidney,UBERON:0004539,sc_bulk,https://purl.org/ccf/ASCTB-TEMP_natural-killer-natural-killer-t,Natural Killer / Natural Killer T,79.75000000000001,7.007012692986032E-5
https://entity.api.hubmapconsortium.org/entities/3ccc92785736c04d896dc198ceb0a16a,http://purl.org/ccf/1.5/9882f0ef-d921-4a92-a2f7-2ab4ebe9aec8,right kidney,UBERON:0004539,sc_bulk,https://purl.org/ccf/ASCTB-TEMP_non-classical-monocyte,Non-classical monocyte,75.5,6.63359822345386E-5
https://entity.api.hubmapconsortium.org/entities/3ccc92785736c04d896dc198ceb0a16a,http://purl.org/ccf/1.5/9882f0ef-d921-4a92-a2f7-2ab4ebe9aec8,right kidney,UBERON:0004539,sc_bulk,https://purl.org/ccf/ASCTB-TEMP_neutrophil,Neutrophil,53.711,4.719168134833514E-5
https://entity.api.hubmapconsortium.org/entities/3ccc92785736c04d896dc198ceb0a16a,http://purl.org/ccf/1.5/9882f0ef-d921-4a92-a2f7-2ab4ebe9aec8,right kidney,UBERON:0004539,sc_bulk,https://purl.org/ccf/ASCTB-TEMP_renin-positive-juxtaglomerular-granular,Renin-positive Juxtaglomerular Granular,51.48,4.523147503886155E-5
https://entity.api.hubmapconsortium.org/entities/3ccc92785736c04d896dc198ceb0a16a,http://purl.org/ccf/1.5/9882f0ef-d921-4a92-a2f7-2ab4ebe9aec8,right kidney,UBERON:0004539,sc_bulk,https://purl.org/ccf/ASCTB-TEMP_monocyte,Monocyte,46.924,4.122847192547668E-5
https://entity.api.hubmapconsortium.org/entities/3ccc92785736c04d896dc198ceb0a16a,http://purl.org/ccf/1.5/9882f0ef-d921-4a92-a2f7-2ab4ebe9aec8,right kidney,UBERON:0004539,sc_bulk,https://purl.org/ccf/ASCTB-TEMP_natural-killer-t,Natural Killer T,43.343,3.808212553631267E-5
https://entity.api.hubmapconsortium.org/entities/3ccc92785736c04d896dc198ceb0a16a,http://purl.org/ccf/1.5/9882f0ef-d921-4a92-a2f7-2ab4ebe9aec8,right kidney,UBERON:0004539,sc_bulk,https://purl.org/ccf/ASCTB-TEMP_plasmacytoid-dendritic,Plasmacytoid Dendritic,38.875,3.415644118367799E-5
https://entity.api.hubmapconsortium.org/entities/3ccc92785736c04d896dc198ceb0a16a,http://purl.org/ccf/1.5/9882f0ef-d921-4a92-a2f7-2ab4ebe9aec8,right kidney,UBERON:0004539,sc_bulk,https://purl.org/ccf/ASCTB-TEMP_cycling-mononuclear-phagocyte,Cycling Mononuclear Phagocyte,20.779,1.825689238213877E-5
https://entity.api.hubmapconsortium.org/entities/403a87836e975099a3647d5d455f5100,http://purl.org/ccf/1.5/82572eb0-a95a-4a29-88d3-98c53fa565b9,skin of body,UBERON:0002097,spatial,https://purl.org/ccf/ASCTB-TEMP_t-helper,T-helper,4003.702891999999,0.7799656838724319
https://entity.api.hubmapconsortium.org/entities/403a87836e975099a3647d5d455f5100,http://purl.org/ccf/1.5/82572eb0-a95a-4a29-88d3-98c53fa565b9,skin of body,UBERON:0002097,spatial,https://purl.org/ccf/ASCTB-TEMP_t-reg,T-reg,545.182274,0.1062075475243675
https://entity.api.hubmapconsortium.org/entities/403a87836e975099a3647d5d455f5100,http://purl.org/ccf/1.5/82572eb0-a95a-4a29-88d3-98c53fa565b9,skin of body,UBERON:0002097,spatial,https://purl.org/ccf/ASCTB-TEMP_cd68-macrophage,CD68 / Macrophage,432.743304,0.08430319035910513
https://entity.api.hubmapconsortium.org/entities/403a87836e975099a3647d5d455f5100,http://purl.org/ccf/1.5/82572eb0-a95a-4a29-88d3-98c53fa565b9,skin of body,UBERON:0002097,spatial,https://purl.org/ccf/ASCTB-TEMP_t-killer,T-Killer,151.54979,0.02952357824409551
https://entity.api.hubmapconsortium.org/entities/414abf452403edbecb91fb9d05647829,http://purl.org/ccf/1.5/d9722c2f-1591-4e93-a214-377a5646e6d8,left kidney,UBERON:0004538,sc_bulk,https://purl.org/ccf/ASCTB-TEMP_inner-medullary-collecting-duct,Inner Medullary Collecting Duct,326.020078,0.2886076777194522
https://entity.api.hubmapconsortium.org/entities/414abf452403edbecb91fb9d05647829,http://purl.org/ccf/1.5/d9722c2f-1591-4e93-a214-377a5646e6d8,left kidney,UBERON:0004538,sc_bulk,https://purl.org/ccf/ASCTB-TEMP_descending-thin-limb-type-1,Descending Thin Limb Type 1,165.982812,0.1469354716020417
https://entity.api.hubmapconsortium.org/entities/414abf452403edbecb91fb9d05647829,http://purl.org/ccf/1.5/d9722c2f-1591-4e93-a214-377a5646e6d8,left kidney,UBERON:0004538,sc_bulk,https://purl.org/ccf/ASCTB-TEMP_medullary-thick-ascending-limb,Medullary Thick Ascending Limb,140.639112,0.1245000852703494
https://entity.api.hubmapconsortium.org/entities/414abf452403edbecb91fb9d05647829,http://purl.org/ccf/1.5/d9722c2f-1591-4e93-a214-377a5646e6d8,left kidney,UBERON:0004538,sc_bulk,https://purl.org/ccf/ASCTB-TEMP_connecting-tubule,Connecting Tubule,132.036468,0.1168846367914763
https://entity.api.hubmapconsortium.org/entities/414abf452403edbecb91fb9d05647829,http://purl.org/ccf/1.5/d9722c2f-1591-4e93-a214-377a5646e6d8,left kidney,UBERON:0004538,sc_bulk,https://purl.org/ccf/ASCTB-TEMP_fibroblast,Fibroblast,60.702106,0.05373624211371432
https://entity.api.hubmapconsortium.org/entities/414abf452403edbecb91fb9d05647829,http://purl.org/ccf/1.5/d9722c2f-1591-4e93-a214-377a5646e6d8,left kidney,UBERON:0004538,sc_bulk,https://purl.org/ccf/ASCTB-TEMP_cortical-thick-ascending-limb,Cortical Thick Ascending Limb,43.925124,0.03888450094530367
https://entity.api.hubmapconsortium.org/entities/414abf452403edbecb91fb9d05647829,http://purl.org/ccf/1.5/d9722c2f-1591-4e93-a214-377a5646e6d8,left kidney,UBERON:0004538,sc_bulk,https://purl.org/ccf/ASCTB-TEMP_medullary-fibroblast,Medullary Fibroblast,38.23184199999999,0.03384455093148286
https://entity.api.hubmapconsortium.org/entities/414abf452403edbecb91fb9d05647829,http://purl.org/ccf/1.5/d9722c2f-1591-4e93-a214-377a5646e6d8,left kidney,UBERON:0004538,sc_bulk,https://purl.org/ccf/ASCTB-TEMP_descending-thin-limb-type-2,Descending Thin Limb Type 2,32.68033199999999,0.02893010388648732
https://entity.api.hubmapconsortium.org/entities/414abf452403edbecb91fb9d05647829,http://purl.org/ccf/1.5/d9722c2f-1591-4e93-a214-377a5646e6d8,left kidney,UBERON:0004538,sc_bulk,https://purl.org/ccf/ASCTB-TEMP_proximal-tubule-epithelial-segment-3,Proximal Tubule Epithelial Segment 3,20.830962,0.0184405071134366
https://entity.api.hubmapconsortium.org/entities/414abf452403edbecb91fb9d05647829,http://purl.org/ccf/1.5/d9722c2f-1591-4e93-a214-377a5646e6d8,left kidney,UBERON:0004538,sc_bulk,https://purl.org/ccf/ASCTB-TEMP_outer-medullary-collecting-duct-principal,Outer Medullary Collecting Duct Principal,20.045512,0.01774519134682684
https://entity.api.hubmapconsortium.org/entities/414abf452403edbecb91fb9d05647829,http://purl.org/ccf/1.5/d9722c2f-1591-4e93-a214-377a5646e6d8,left kidney,UBERON:0004538,sc_bulk,https://purl.org/ccf/ASCTB-TEMP_distal-convoluted-tubule-type-1,Distal Convoluted Tubule Type 1,18.13421199999999,0.01605322238034745
https://entity.api.hubmapconsortium.org/entities/414abf452403edbecb91fb9d05647829,http://purl.org/ccf/1.5/d9722c2f-1591-4e93-a214-377a5646e6d8,left kidney,UBERON:0004538,sc_bulk,https://purl.org/ccf/ASCTB-TEMP_papillary-tip-epithelial,Papillary Tip Epithelial,16.461146,0.01457214889587521
https://entity.api.hubmapconsortium.org/entities/414abf452403edbecb91fb9d05647829,http://purl.org/ccf/1.5/d9722c2f-1591-4e93-a214-377a5646e6d8,left kidney,UBERON:0004538,sc_bulk,https://purl.org/ccf/ASCTB-TEMP_proximal-tubule-epithelial-segment-1,Proximal Tubule Epithelial Segment 1,16.239518,0.01437595379405818
https://entity.api.hubmapconsortium.org/entities/414abf452403edbecb91fb9d05647829,http://purl.org/ccf/1.5/d9722c2f-1591-4e93-a214-377a5646e6d8,left kidney,UBERON:0004538,sc_bulk,https://purl.org/ccf/ASCTB-TEMP_descending-vasa-recta-endothelial,Descending Vasa Recta Endothelial,14.048216,0.01243611442808517
https://entity.api.hubmapconsortium.org/entities/414abf452403edbecb91fb9d05647829,http://purl.org/ccf/1.5/d9722c2f-1591-4e93-a214-377a5646e6d8,left kidney,UBERON:0004538,sc_bulk,https://purl.org/ccf/ASCTB-TEMP_ascending-vasa-recta-endothelial,Ascending Vasa Recta Endothelial,11.435186,0.01012294241506804
https://entity.api.hubmapconsortium.org/entities/414abf452403edbecb91fb9d05647829,http://purl.org/ccf/1.5/d9722c2f-1591-4e93-a214-377a5646e6d8,left kidney,UBERON:0004538,sc_bulk,https://purl.org/ccf/ASCTB-TEMP_cortical-collecting-duct-principal,Cortical Collecting Duct Principal,10.405384,0.009211315236907417
https://entity.api.hubmapconsortium.org/entities/414abf452403edbecb91fb9d05647829,http://purl.org/ccf/1.5/d9722c2f-1591-4e93-a214-377a5646e6d8,left kidney,UBERON:0004538,sc_bulk,https://purl.org/ccf/ASCTB-TEMP_vascular-smooth-muscle-pericyte,Vascular Smooth Muscle / Pericyte,9.985220000000002,0.008839367113205307
https://entity.api.hubmapconsortium.org/entities/414abf452403edbecb91fb9d05647829,http://purl.org/ccf/1.5/d9722c2f-1591-4e93-a214-377a5646e6d8,left kidney,UBERON:0004538,sc_bulk,https://purl.org/ccf/ASCTB-TEMP_mesangial,Mesangial,7.612953999999999,0.006739330252307388
https://entity.api.hubmapconsortium.org/entities/414abf452403edbecb91fb9d05647829,http://purl.org/ccf/1.5/d9722c2f-1591-4e93-a214-377a5646e6d8,left kidney,UBERON:0004538,sc_bulk,https://purl.org/ccf/ASCTB-TEMP_peritubular-capilary-endothelial,Peritubular Capilary Endothelial,6.649023999999999,0.005886015939610022
https://entity.api.hubmapconsortium.org/entities/414abf452403edbecb91fb9d05647829,http://purl.org/ccf/1.5/d9722c2f-1591-4e93-a214-377a5646e6d8,left kidney,UBERON:0004538,sc_bulk,https://purl.org/ccf/ASCTB-TEMP_m2-macrophage,M2 Macrophage,6.376244,0.005644538780254481
https://entity.api.hubmapconsortium.org/entities/414abf452403edbecb91fb9d05647829,http://purl.org/ccf/1.5/d9722c2f-1591-4e93-a214-377a5646e6d8,left kidney,UBERON:0004538,sc_bulk,https://purl.org/ccf/ASCTB-TEMP_cortical-vascular-smooth-muscle-pericyte,Cortical Vascular Smooth Muscle / Pericyte,5.133002,0.004543964887184966
https://entity.api.hubmapconsortium.org/entities/414abf452403edbecb91fb9d05647829,http://purl.org/ccf/1.5/d9722c2f-1591-4e93-a214-377a5646e6d8,left kidney,UBERON:0004538,sc_bulk,https://purl.org/ccf/ASCTB-TEMP_cortical-collecting-duct-intercalated-type-a,Cortical Collecting Duct Intercalated Type A,4.85875,0.004301184647036949
https://entity.api.hubmapconsortium.org/entities/414abf452403edbecb91fb9d05647829,http://purl.org/ccf/1.5/d9722c2f-1591-4e93-a214-377a5646e6d8,left kidney,UBERON:0004538,sc_bulk,https://purl.org/ccf/ASCTB-TEMP_outer-medullary-collecting-duct-intercalated-type-a,Outer Medullary Collecting Duct Intercalated Type A,3.900661999999999,0.003453041936234718
https://entity.api.hubmapconsortium.org/entities/414abf452403edbecb91fb9d05647829,http://purl.org/ccf/1.5/d9722c2f-1591-4e93-a214-377a5646e6d8,left kidney,UBERON:0004538,sc_bulk,https://purl.org/ccf/ASCTB-TEMP_ascending-thin-limb,Ascending Thin Limb,2.852276,0.002524963363069094
https://entity.api.hubmapconsortium.org/entities/414abf452403edbecb91fb9d05647829,http://purl.org/ccf/1.5/d9722c2f-1591-4e93-a214-377a5646e6d8,left kidney,UBERON:0004538,sc_bulk,https://purl.org/ccf/ASCTB-TEMP_macula-densa,Macula Densa,2.158688,0.001910967982164733
https://entity.api.hubmapconsortium.org/entities/414abf452403edbecb91fb9d05647829,http://purl.org/ccf/1.5/d9722c2f-1591-4e93-a214-377a5646e6d8,left kidney,UBERON:0004538,sc_bulk,https://purl.org/ccf/ASCTB-TEMP_connecting-tubule-principal,Connecting Tubule Principal,1.768194,0.001565285080685948
https://entity.api.hubmapconsortium.org/entities/414abf452403edbecb91fb9d05647829,http://purl.org/ccf/1.5/d9722c2f-1591-4e93-a214-377a5646e6d8,left kidney,UBERON:0004538,sc_bulk,https://purl.org/ccf/ASCTB-TEMP_afferent-efferent-arteriole-endothelial,Afferent / Efferent Arteriole Endothelial,1.453508,0.001286710840019631
https://entity.api.hubmapconsortium.org/entities/414abf452403edbecb91fb9d05647829,http://purl.org/ccf/1.5/d9722c2f-1591-4e93-a214-377a5646e6d8,left kidney,UBERON:0004538,sc_bulk,https://purl.org/ccf/ASCTB-TEMP_glomerular-capillary-endothelial,Glomerular Capillary Endothelial,1.174886,0.001040062078768954
https://entity.api.hubmapconsortium.org/entities/414abf452403edbecb91fb9d05647829,http://purl.org/ccf/1.5/d9722c2f-1591-4e93-a214-377a5646e6d8,left kidney,UBERON:0004538,sc_bulk,https://purl.org/ccf/ASCTB-TEMP_descending-thin-limb-type-3,Descending Thin Limb Type 3,1.169044,0.001034890476873818
https://entity.api.hubmapconsortium.org/entities/414abf452403edbecb91fb9d05647829,http://purl.org/ccf/1.5/d9722c2f-1591-4e93-a214-377a5646e6d8,left kidney,UBERON:0004538,sc_bulk,https://purl.org/ccf/ASCTB-TEMP_tissue-resident-macrophage,Tissue-resident Macrophage,1.102344,9.7584462846479E-4
https://entity.api.hubmapconsortium.org/entities/414abf452403edbecb91fb9d05647829,http://purl.org/ccf/1.5/d9722c2f-1591-4e93-a214-377a5646e6d8,left kidney,UBERON:0004538,sc_bulk,https://purl.org/ccf/ASCTB-TEMP_podocyte,Podocyte,1.055562,9.344310920289408E-4
https://entity.api.hubmapconsortium.org/entities/414abf452403edbecb91fb9d05647829,http://purl.org/ccf/1.5/d9722c2f-1591-4e93-a214-377a5646e6d8,left kidney,UBERON:0004538,sc_bulk,https://purl.org/ccf/ASCTB-TEMP_parietal-epithelial,Parietal Epithelial,0.8584520000000001,7.59940429661572E-4
https://entity.api.hubmapconsortium.org/entities/414abf452403edbecb91fb9d05647829,http://purl.org/ccf/1.5/d9722c2f-1591-4e93-a214-377a5646e6d8,left kidney,UBERON:0004538,sc_bulk,https://purl.org/ccf/ASCTB-TEMP_monocyte-derived,Monocyte-derived,0.668472,5.917615648827544E-4
https://entity.api.hubmapconsortium.org/entities/414abf452403edbecb91fb9d05647829,http://purl.org/ccf/1.5/d9722c2f-1591-4e93-a214-377a5646e6d8,left kidney,UBERON:0004538,sc_bulk,https://purl.org/ccf/ASCTB-TEMP_t,T,0.624128,5.525062560094421E-4
https://entity.api.hubmapconsortium.org/entities/414abf452403edbecb91fb9d05647829,http://purl.org/ccf/1.5/d9722c2f-1591-4e93-a214-377a5646e6d8,left kidney,UBERON:0004538,sc_bulk,https://purl.org/ccf/ASCTB-TEMP_intercalated-type-b,Intercalated Type B,0.5396259999999999,4.777012742664184E-4
https://entity.api.hubmapconsortium.org/entities/414abf452403edbecb91fb9d05647829,http://purl.org/ccf/1.5/d9722c2f-1591-4e93-a214-377a5646e6d8,left kidney,UBERON:0004538,sc_bulk,https://purl.org/ccf/ASCTB-TEMP_lymphatic-endothelial,Lymphatic Endothelial,0.507426,4.491963819310257E-4
https://entity.api.hubmapconsortium.org/entities/414abf452403edbecb91fb9d05647829,http://purl.org/ccf/1.5/d9722c2f-1591-4e93-a214-377a5646e6d8,left kidney,UBERON:0004538,sc_bulk,https://purl.org/ccf/ASCTB-TEMP_monocyte,Monocyte,0.235704,2.086558118950752E-4
https://entity.api.hubmapconsortium.org/entities/414abf452403edbecb91fb9d05647829,http://purl.org/ccf/1.5/d9722c2f-1591-4e93-a214-377a5646e6d8,left kidney,UBERON:0004538,sc_bulk,https://purl.org/ccf/ASCTB-TEMP_proximal-tubule-epithelial-segment-2,Proximal Tubule Epithelial Segment 2,0.215372,1.906570084490129E-4
https://entity.api.hubmapconsortium.org/entities/414abf452403edbecb91fb9d05647829,http://purl.org/ccf/1.5/d9722c2f-1591-4e93-a214-377a5646e6d8,left kidney,UBERON:0004538,sc_bulk,https://purl.org/ccf/ASCTB-TEMP_schwann-neural,Schwann / Neural,0.210956,1.867477660715877E-4
https://entity.api.hubmapconsortium.org/entities/414abf452403edbecb91fb9d05647829,http://purl.org/ccf/1.5/d9722c2f-1591-4e93-a214-377a5646e6d8,left kidney,UBERON:0004538,sc_bulk,https://purl.org/ccf/ASCTB-TEMP_natural-killer-natural-killer-t,Natural Killer / Natural Killer T,0.197616,1.74938596389782E-4
https://entity.api.hubmapconsortium.org/entities/414abf452403edbecb91fb9d05647829,http://purl.org/ccf/1.5/d9722c2f-1591-4e93-a214-377a5646e6d8,left kidney,UBERON:0004538,sc_bulk,https://purl.org/ccf/ASCTB-TEMP_distal-convoluted-tubule-type-2,Distal Convoluted Tubule Type 2,0.13133,1.162592394536378E-4
https://entity.api.hubmapconsortium.org/entities/414abf452403edbecb91fb9d05647829,http://purl.org/ccf/1.5/d9722c2f-1591-4e93-a214-377a5646e6d8,left kidney,UBERON:0004538,sc_bulk,https://purl.org/ccf/ASCTB-TEMP_b,B,0.108744,9.626509354409795E-5
https://entity.api.hubmapconsortium.org/entities/414abf452403edbecb91fb9d05647829,http://purl.org/ccf/1.5/d9722c2f-1591-4e93-a214-377a5646e6d8,left kidney,UBERON:0004538,sc_bulk,https://purl.org/ccf/ASCTB-TEMP_plasma,Plasma,0.065642,5.810925908943646E-5
https://entity.api.hubmapconsortium.org/entities/414abf452403edbecb91fb9d05647829,http://purl.org/ccf/1.5/d9722c2f-1591-4e93-a214-377a5646e6d8,left kidney,UBERON:0004538,sc_bulk,https://purl.org/ccf/ASCTB-TEMP_mast,Mast,0.048024,4.251301085450012E-5
https://entity.api.hubmapconsortium.org/entities/414abf452403edbecb91fb9d05647829,http://purl.org/ccf/1.5/d9722c2f-1591-4e93-a214-377a5646e6d8,left kidney,UBERON:0004538,sc_bulk,https://purl.org/ccf/ASCTB-TEMP_classical-dendritic,Classical Dendritic,0.043608,3.860376847707482E-5
https://entity.api.hubmapconsortium.org/entities/414abf452403edbecb91fb9d05647829,http://purl.org/ccf/1.5/d9722c2f-1591-4e93-a214-377a5646e6d8,left kidney,UBERON:0004538,sc_bulk,https://purl.org/ccf/ASCTB-TEMP_cycling-mononuclear-phagocyte,Cycling Mononuclear Phagocyte,0.040572,3.591616434259492E-5
https://entity.api.hubmapconsortium.org/entities/414abf452403edbecb91fb9d05647829,http://purl.org/ccf/1.5/d9722c2f-1591-4e93-a214-377a5646e6d8,left kidney,UBERON:0004538,sc_bulk,https://purl.org/ccf/ASCTB-TEMP_renin-positive-juxtaglomerular-granular,Renin-positive Juxtaglomerular Granular,0.03854800000000001,3.412442825294167E-5
https://entity.api.hubmapconsortium.org/entities/414abf452403edbecb91fb9d05647829,http://purl.org/ccf/1.5/d9722c2f-1591-4e93-a214-377a5646e6d8,left kidney,UBERON:0004538,sc_bulk,https://purl.org/ccf/ASCTB-TEMP_connecting-tubule-intercalated-type-a,Connecting Tubule Intercalated Type A,0.013478,1.193133350610013E-5
https://entity.api.hubmapconsortium.org/entities/414abf452403edbecb91fb9d05647829,http://purl.org/ccf/1.5/d9722c2f-1591-4e93-a214-377a5646e6d8,left kidney,UBERON:0004538,sc_bulk,https://purl.org/ccf/ASCTB-TEMP_non-classical-monocyte,Non-classical monocyte,0.013478,1.193133350610013E-5
https://entity.api.hubmapconsortium.org/entities/414abf452403edbecb91fb9d05647829,http://purl.org/ccf/1.5/d9722c2f-1591-4e93-a214-377a5646e6d8,left kidney,UBERON:0004538,sc_bulk,https://purl.org/ccf/ASCTB-TEMP_neutrophil,Neutrophil,5.52E-4,4.886552971781622E-7
https://entity.api.hubmapconsortium.org/entities/414abf452403edbecb91fb9d05647829,http://purl.org/ccf/1.5/d9722c2f-1591-4e93-a214-377a5646e6d8,left kidney,UBERON:0004538,sc_bulk,https://purl.org/ccf/ASCTB-TEMP_natural-killer-t,Natural Killer T,2.76E-4,2.443276485890811E-7
https://entity.api.hubmapconsortium.org/entities/414abf452403edbecb91fb9d05647829,http://purl.org/ccf/1.5/d9722c2f-1591-4e93-a214-377a5646e6d8,left kidney,UBERON:0004538,sc_bulk,https://purl.org/ccf/ASCTB-TEMP_plasmacytoid-dendritic,Plasmacytoid Dendritic,2.76E-4,2.443276485890811E-7
https://entity.api.hubmapconsortium.org/entities/4183d2843c53482e94455468c7264de8,http://purl.org/ccf/1.5/bf36d893-81ff-4f38-a6ba-97c9d870c841,left kidney,UBERON:0004538,sc_bulk,https://purl.org/ccf/ASCTB-TEMP_descending-thin-limb-type-1,Descending Thin Limb Type 1,2.062487,0.2071914834069467
https://entity.api.hubmapconsortium.org/entities/4183d2843c53482e94455468c7264de8,http://purl.org/ccf/1.5/bf36d893-81ff-4f38-a6ba-97c9d870c841,left kidney,UBERON:0004538,sc_bulk,https://purl.org/ccf/ASCTB-TEMP_connecting-tubule,Connecting Tubule,1.611344,0.1618709614358215
https://entity.api.hubmapconsortium.org/entities/4183d2843c53482e94455468c7264de8,http://purl.org/ccf/1.5/bf36d893-81ff-4f38-a6ba-97c9d870c841,left kidney,UBERON:0004538,sc_bulk,https://purl.org/ccf/ASCTB-TEMP_inner-medullary-collecting-duct,Inner Medullary Collecting Duct,1.525923,0.1532898146435727
https://entity.api.hubmapconsortium.org/entities/4183d2843c53482e94455468c7264de8,http://purl.org/ccf/1.5/bf36d893-81ff-4f38-a6ba-97c9d870c841,left kidney,UBERON:0004538,sc_bulk,https://purl.org/ccf/ASCTB-TEMP_medullary-fibroblast,Medullary Fibroblast,1.074402,0.1079313198848721
https://entity.api.hubmapconsortium.org/entities/4183d2843c53482e94455468c7264de8,http://purl.org/ccf/1.5/bf36d893-81ff-4f38-a6ba-97c9d870c841,left kidney,UBERON:0004538,sc_bulk,https://purl.org/ccf/ASCTB-TEMP_ascending-thin-limb,Ascending Thin Limb,0.5333019999999999,0.05357397767059451
https://entity.api.hubmapconsortium.org/entities/4183d2843c53482e94455468c7264de8,http://purl.org/ccf/1.5/bf36d893-81ff-4f38-a6ba-97c9d870c841,left kidney,UBERON:0004538,sc_bulk,https://purl.org/ccf/ASCTB-TEMP_cortical-collecting-duct-principal,Cortical Collecting Duct Principal,0.510048,0.05123794803494341
https://entity.api.hubmapconsortium.org/entities/4183d2843c53482e94455468c7264de8,http://purl.org/ccf/1.5/bf36d893-81ff-4f38-a6ba-97c9d870c841,left kidney,UBERON:0004538,sc_bulk,https://purl.org/ccf/ASCTB-TEMP_descending-thin-limb-type-3,Descending Thin Limb Type 3,0.339794,0.03413472323111857
https://entity.api.hubmapconsortium.org/entities/4183d2843c53482e94455468c7264de8,http://purl.org/ccf/1.5/bf36d893-81ff-4f38-a6ba-97c9d870c841,left kidney,UBERON:0004538,sc_bulk,https://purl.org/ccf/ASCTB-TEMP_ascending-vasa-recta-endothelial,Ascending Vasa Recta Endothelial,0.304829,0.03062224038040295
https://entity.api.hubmapconsortium.org/entities/4183d2843c53482e94455468c7264de8,http://purl.org/ccf/1.5/bf36d893-81ff-4f38-a6ba-97c9d870c841,left kidney,UBERON:0004538,sc_bulk,https://purl.org/ccf/ASCTB-TEMP_proximal-tubule-epithelial-segment-1,Proximal Tubule Epithelial Segment 1,0.24962,0.02507610379509884
https://entity.api.hubmapconsortium.org/entities/4183d2843c53482e94455468c7264de8,http://purl.org/ccf/1.5/bf36d893-81ff-4f38-a6ba-97c9d870c841,left kidney,UBERON:0004538,sc_bulk,https://purl.org/ccf/ASCTB-TEMP_distal-convoluted-tubule-type-1,Distal Convoluted Tubule Type 1,0.245161,0.02462816554166424
https://entity.api.hubmapconsortium.org/entities/4183d2843c53482e94455468c7264de8,http://purl.org/ccf/1.5/bf36d893-81ff-4f38-a6ba-97c9d870c841,left kidney,UBERON:0004538,sc_bulk,https://purl.org/ccf/ASCTB-TEMP_descending-vasa-recta-endothelial,Descending Vasa Recta Endothelial,0.197722,0.0198625807009636
https://entity.api.hubmapconsortium.org/entities/4183d2843c53482e94455468c7264de8,http://purl.org/ccf/1.5/bf36d893-81ff-4f38-a6ba-97c9d870c841,left kidney,UBERON:0004538,sc_bulk,https://purl.org/ccf/ASCTB-TEMP_proximal-tubule-epithelial-segment-3,Proximal Tubule Epithelial Segment 3,0.129234,0.01298247415213446
https://entity.api.hubmapconsortium.org/entities/4183d2843c53482e94455468c7264de8,http://purl.org/ccf/1.5/bf36d893-81ff-4f38-a6ba-97c9d870c841,left kidney,UBERON:0004538,sc_bulk,https://purl.org/ccf/ASCTB-TEMP_t,T,0.102816,0.01032859822048266
https://entity.api.hubmapconsortium.org/entities/4183d2843c53482e94455468c7264de8,http://purl.org/ccf/1.5/bf36d893-81ff-4f38-a6ba-97c9d870c841,left kidney,UBERON:0004538,sc_bulk,https://purl.org/ccf/ASCTB-TEMP_cortical-collecting-duct-intercalated-type-a,Cortical Collecting Duct Intercalated Type A,0.09894499999999999,0.009939728747720755
https://entity.api.hubmapconsortium.org/entities/4183d2843c53482e94455468c7264de8,http://purl.org/ccf/1.5/bf36d893-81ff-4f38-a6ba-97c9d870c841,left kidney,UBERON:0004538,sc_bulk,https://purl.org/ccf/ASCTB-TEMP_medullary-thick-ascending-limb,Medullary Thick Ascending Limb,0.090013,0.009042445841311721
https://entity.api.hubmapconsortium.org/entities/4183d2843c53482e94455468c7264de8,http://purl.org/ccf/1.5/bf36d893-81ff-4f38-a6ba-97c9d870c841,left kidney,UBERON:0004538,sc_bulk,https://purl.org/ccf/ASCTB-TEMP_papillary-tip-epithelial,Papillary Tip Epithelial,0.076671,0.007702147079857477
https://entity.api.hubmapconsortium.org/entities/4183d2843c53482e94455468c7264de8,http://purl.org/ccf/1.5/bf36d893-81ff-4f38-a6ba-97c9d870c841,left kidney,UBERON:0004538,sc_bulk,https://purl.org/ccf/ASCTB-TEMP_tissue-resident-macrophage,Tissue-resident Macrophage,0.07342299999999999,0.007375862386617828
https://entity.api.hubmapconsortium.org/entities/4183d2843c53482e94455468c7264de8,http://purl.org/ccf/1.5/bf36d893-81ff-4f38-a6ba-97c9d870c841,left kidney,UBERON:0004538,sc_bulk,https://purl.org/ccf/ASCTB-TEMP_vascular-smooth-muscle-pericyte,Vascular Smooth Muscle / Pericyte,0.072296,0.00726264722366183
https://entity.api.hubmapconsortium.org/entities/4183d2843c53482e94455468c7264de8,http://purl.org/ccf/1.5/bf36d893-81ff-4f38-a6ba-97c9d870c841,left kidney,UBERON:0004538,sc_bulk,https://purl.org/ccf/ASCTB-TEMP_descending-thin-limb-type-2,Descending Thin Limb Type 2,0.070385,0.007070673686475571
https://entity.api.hubmapconsortium.org/entities/4183d2843c53482e94455468c7264de8,http://purl.org/ccf/1.5/bf36d893-81ff-4f38-a6ba-97c9d870c841,left kidney,UBERON:0004538,sc_bulk,https://purl.org/ccf/ASCTB-TEMP_cortical-thick-ascending-limb,Cortical Thick Ascending Limb,0.068208,0.006851978558032617
https://entity.api.hubmapconsortium.org/entities/4183d2843c53482e94455468c7264de8,http://purl.org/ccf/1.5/bf36d893-81ff-4f38-a6ba-97c9d870c841,left kidney,UBERON:0004538,sc_bulk,https://purl.org/ccf/ASCTB-TEMP_peritubular-capilary-endothelial,Peritubular Capilary Endothelial,0.066591,0.006689539411182705
https://entity.api.hubmapconsortium.org/entities/4183d2843c53482e94455468c7264de8,http://purl.org/ccf/1.5/bf36d893-81ff-4f38-a6ba-97c9d870c841,left kidney,UBERON:0004538,sc_bulk,https://purl.org/ccf/ASCTB-TEMP_connecting-tubule-principal,Connecting Tubule Principal,0.05740699999999999,0.005766941313056803
https://entity.api.hubmapconsortium.org/entities/4183d2843c53482e94455468c7264de8,http://purl.org/ccf/1.5/bf36d893-81ff-4f38-a6ba-97c9d870c841,left kidney,UBERON:0004538,sc_bulk,https://purl.org/ccf/ASCTB-TEMP_intercalated-type-b,Intercalated Type B,0.057239,0.005750064518578891
https://entity.api.hubmapconsortium.org/entities/4183d2843c53482e94455468c7264de8,http://purl.org/ccf/1.5/bf36d893-81ff-4f38-a6ba-97c9d870c841,left kidney,UBERON:0004538,sc_bulk,https://purl.org/ccf/ASCTB-TEMP_monocyte-derived,Monocyte-derived,0.05106499999999999,0.005129842321515593
https://entity.api.hubmapconsortium.org/entities/4183d2843c53482e94455468c7264de8,http://purl.org/ccf/1.5/bf36d893-81ff-4f38-a6ba-97c9d870c841,left kidney,UBERON:0004538,sc_bulk,https://purl.org/ccf/ASCTB-TEMP_macula-densa,Macula Densa,0.033355,0.003350746903635614
https://entity.api.hubmapconsortium.org/entities/4183d2843c53482e94455468c7264de8,http://purl.org/ccf/1.5/bf36d893-81ff-4f38-a6ba-97c9d870c841,left kidney,UBERON:0004538,sc_bulk,https://purl.org/ccf/ASCTB-TEMP_fibroblast,Fibroblast,0.033243,0.003339495707317005
https://entity.api.hubmapconsortium.org/entities/4183d2843c53482e94455468c7264de8,http://purl.org/ccf/1.5/bf36d893-81ff-4f38-a6ba-97c9d870c841,left kidney,UBERON:0004538,sc_bulk,https://purl.org/ccf/ASCTB-TEMP_podocyte,Podocyte,0.029099,0.002923201443528488
https://entity.api.hubmapconsortium.org/entities/4183d2843c53482e94455468c7264de8,http://purl.org/ccf/1.5/bf36d893-81ff-4f38-a6ba-97c9d870c841,left kidney,UBERON:0004538,sc_bulk,https://purl.org/ccf/ASCTB-TEMP_outer-medullary-collecting-duct-intercalated-type-a,Outer Medullary Collecting Duct Intercalated Type A,0.024346,0.002445728799757537
https://entity.api.hubmapconsortium.org/entities/4183d2843c53482e94455468c7264de8,http://purl.org/ccf/1.5/bf36d893-81ff-4f38-a6ba-97c9d870c841,left kidney,UBERON:0004538,sc_bulk,https://purl.org/ccf/ASCTB-TEMP_m2-macrophage,M2 Macrophage,0.023954,0.002406349612642407
https://entity.api.hubmapconsortium.org/entities/4183d2843c53482e94455468c7264de8,http://purl.org/ccf/1.5/bf36d893-81ff-4f38-a6ba-97c9d870c841,left kidney,UBERON:0004538,sc_bulk,https://purl.org/ccf/ASCTB-TEMP_glomerular-capillary-endothelial,Glomerular Capillary Endothelial,0.021217,0.00213139850260641
https://entity.api.hubmapconsortium.org/entities/4183d2843c53482e94455468c7264de8,http://purl.org/ccf/1.5/bf36d893-81ff-4f38-a6ba-97c9d870c841,left kidney,UBERON:0004538,sc_bulk,https://purl.org/ccf/ASCTB-TEMP_proximal-tubule-epithelial-segment-2,Proximal Tubule Epithelial Segment 2,0.01953,0.001961927358057369
https://entity.api.hubmapconsortium.org/entities/4183d2843c53482e94455468c7264de8,http://purl.org/ccf/1.5/bf36d893-81ff-4f38-a6ba-97c9d870c841,left kidney,UBERON:0004538,sc_bulk,https://purl.org/ccf/ASCTB-TEMP_afferent-efferent-arteriole-endothelial,Afferent / Efferent Arteriole Endothelial,0.014378,0.001444372327401375
https://entity.api.hubmapconsortium.org/entities/4183d2843c53482e94455468c7264de8,http://purl.org/ccf/1.5/bf36d893-81ff-4f38-a6ba-97c9d870c841,left kidney,UBERON:0004538,sc_bulk,https://purl.org/ccf/ASCTB-TEMP_parietal-epithelial,Parietal Epithelial,0.01239,0.001244663592746073
https://entity.api.hubmapconsortium.org/entities/4183d2843c53482e94455468c7264de8,http://purl.org/ccf/1.5/bf36d893-81ff-4f38-a6ba-97c9d870c841,left kidney,UBERON:0004538,sc_bulk,https://purl.org/ccf/ASCTB-TEMP_outer-medullary-collecting-duct-principal,Outer Medullary Collecting Duct Principal,0.012117,0.001217238801719464
https://entity.api.hubmapconsortium.org/entities/4183d2843c53482e94455468c7264de8,http://purl.org/ccf/1.5/bf36d893-81ff-4f38-a6ba-97c9d870c841,left kidney,UBERON:0004538,sc_bulk,https://purl.org/ccf/ASCTB-TEMP_b,B,0.010633,0.001068160450497901
https://entity.api.hubmapconsortium.org/entities/4183d2843c53482e94455468c7264de8,http://purl.org/ccf/1.5/bf36d893-81ff-4f38-a6ba-97c9d870c841,left kidney,UBERON:0004538,sc_bulk,https://purl.org/ccf/ASCTB-TEMP_cortical-vascular-smooth-muscle-pericyte,Cortical Vascular Smooth Muscle / Pericyte,0.00595,5.9771980442608E-4
https://entity.api.hubmapconsortium.org/entities/4183d2843c53482e94455468c7264de8,http://purl.org/ccf/1.5/bf36d893-81ff-4f38-a6ba-97c9d870c841,left kidney,UBERON:0004538,sc_bulk,https://purl.org/ccf/ASCTB-TEMP_natural-killer-natural-killer-t,Natural Killer / Natural Killer T,0.00588,5.906878067269497E-4
https://entity.api.hubmapconsortium.org/entities/4183d2843c53482e94455468c7264de8,http://purl.org/ccf/1.5/bf36d893-81ff-4f38-a6ba-97c9d870c841,left kidney,UBERON:0004538,sc_bulk,https://purl.org/ccf/ASCTB-TEMP_mast,Mast,0.005642,5.667790145499065E-4
https://entity.api.hubmapconsortium.org/entities/4183d2843c53482e94455468c7264de8,http://purl.org/ccf/1.5/bf36d893-81ff-4f38-a6ba-97c9d870c841,left kidney,UBERON:0004538,sc_bulk,https://purl.org/ccf/ASCTB-TEMP_lymphatic-endothelial,Lymphatic Endothelial,0.005208,5.231806288152984E-4
https://entity.api.hubmapconsortium.org/entities/4183d2843c53482e94455468c7264de8,http://purl.org/ccf/1.5/bf36d893-81ff-4f38-a6ba-97c9d870c841,left kidney,UBERON:0004538,sc_bulk,https://purl.org/ccf/ASCTB-TEMP_monocyte,Monocyte,0.005082,5.105230329568637E-4
https://entity.api.hubmapconsortium.org/entities/4183d2843c53482e94455468c7264de8,http://purl.org/ccf/1.5/bf36d893-81ff-4f38-a6ba-97c9d870c841,left kidney,UBERON:0004538,sc_bulk,https://purl.org/ccf/ASCTB-TEMP_plasma,Plasma,0.00434,4.35983857346082E-4
https://entity.api.hubmapconsortium.org/entities/4183d2843c53482e94455468c7264de8,http://purl.org/ccf/1.5/bf36d893-81ff-4f38-a6ba-97c9d870c841,left kidney,UBERON:0004538,sc_bulk,https://purl.org/ccf/ASCTB-TEMP_cycling-mononuclear-phagocyte,Cycling Mononuclear Phagocyte,0.004263,4.282486598770386E-4
https://entity.api.hubmapconsortium.org/entities/4183d2843c53482e94455468c7264de8,http://purl.org/ccf/1.5/bf36d893-81ff-4f38-a6ba-97c9d870c841,left kidney,UBERON:0004538,sc_bulk,https://purl.org/ccf/ASCTB-TEMP_mesangial,Mesangial,0.003423,3.438646874874743E-4
https://entity.api.hubmapconsortium.org/entities/4183d2843c53482e94455468c7264de8,http://purl.org/ccf/1.5/bf36d893-81ff-4f38-a6ba-97c9d870c841,left kidney,UBERON:0004538,sc_bulk,https://purl.org/ccf/ASCTB-TEMP_distal-convoluted-tubule-type-2,Distal Convoluted Tubule Type 2,0.002604,2.615903144076492E-4
https://entity.api.hubmapconsortium.org/entities/4183d2843c53482e94455468c7264de8,http://purl.org/ccf/1.5/bf36d893-81ff-4f38-a6ba-97c9d870c841,left kidney,UBERON:0004538,sc_bulk,https://purl.org/ccf/ASCTB-TEMP_plasmacytoid-dendritic,Plasmacytoid Dendritic,0.002604,2.615903144076492E-4
https://entity.api.hubmapconsortium.org/entities/4183d2843c53482e94455468c7264de8,http://purl.org/ccf/1.5/bf36d893-81ff-4f38-a6ba-97c9d870c841,left kidney,UBERON:0004538,sc_bulk,https://purl.org/ccf/ASCTB-TEMP_classical-dendritic,Classical Dendritic,0.002604,2.615903144076492E-4
https://entity.api.hubmapconsortium.org/entities/4183d2843c53482e94455468c7264de8,http://purl.org/ccf/1.5/bf36d893-81ff-4f38-a6ba-97c9d870c841,left kidney,UBERON:0004538,sc_bulk,https://purl.org/ccf/ASCTB-TEMP_neutrophil,Neutrophil,0.001806,1.814255406375632E-4
https://entity.api.hubmapconsortium.org/entities/4183d2843c53482e94455468c7264de8,http://purl.org/ccf/1.5/bf36d893-81ff-4f38-a6ba-97c9d870c841,left kidney,UBERON:0004538,sc_bulk,https://purl.org/ccf/ASCTB-TEMP_schwann-neural,Schwann / Neural,8.680000000000001E-4,8.71967714692164E-5
https://entity.api.hubmapconsortium.org/entities/4183d2843c53482e94455468c7264de8,http://purl.org/ccf/1.5/bf36d893-81ff-4f38-a6ba-97c9d870c841,left kidney,UBERON:0004538,sc_bulk,https://purl.org/ccf/ASCTB-TEMP_renin-positive-juxtaglomerular-granular,Renin-positive Juxtaglomerular Granular,6.02E-4,6.047518021252105E-5
https://entity.api.hubmapconsortium.org/entities/4183d2843c53482e94455468c7264de8,http://purl.org/ccf/1.5/bf36d893-81ff-4f38-a6ba-97c9d870c841,left kidney,UBERON:0004538,sc_bulk,https://purl.org/ccf/ASCTB-TEMP_connecting-tubule-intercalated-type-a,Connecting Tubule Intercalated Type A,4.34E-4,4.35983857346082E-5
https://entity.api.hubmapconsortium.org/entities/41e6526c796c3d2a975b28349b6c923e,http://purl.org/ccf/1.5/731ade72-cdb7-4262-8be1-859396820dfd,left kidney,UBERON:0004538,sc_bulk,https://purl.org/ccf/ASCTB-TEMP_descending-thin-limb-type-2,Descending Thin Limb Type 2,62497.43099999999,0.1548052267949792
https://entity.api.hubmapconsortium.org/entities/41e6526c796c3d2a975b28349b6c923e,http://purl.org/ccf/1.5/731ade72-cdb7-4262-8be1-859396820dfd,left kidney,UBERON:0004538,sc_bulk,https://purl.org/ccf/ASCTB-TEMP_inner-medullary-collecting-duct,Inner Medullary Collecting Duct,59034.19000000001,0.146226829253316
https://entity.api.hubmapconsortium.org/entities/41e6526c796c3d2a975b28349b6c923e,http://purl.org/ccf/1.5/731ade72-cdb7-4262-8be1-859396820dfd,left kidney,UBERON:0004538,sc_bulk,https://purl.org/ccf/ASCTB-TEMP_descending-thin-limb-type-1,Descending Thin Limb Type 1,55082.43399999999,0.1364383871680978
https://entity.api.hubmapconsortium.org/entities/41e6526c796c3d2a975b28349b6c923e,http://purl.org/ccf/1.5/731ade72-cdb7-4262-8be1-859396820dfd,left kidney,UBERON:0004538,sc_bulk,https://purl.org/ccf/ASCTB-TEMP_vascular-smooth-muscle-pericyte,Vascular Smooth Muscle / Pericyte,35037.211,0.0867866616008351
https://entity.api.hubmapconsortium.org/entities/41e6526c796c3d2a975b28349b6c923e,http://purl.org/ccf/1.5/731ade72-cdb7-4262-8be1-859396820dfd,left kidney,UBERON:0004538,sc_bulk,https://purl.org/ccf/ASCTB-TEMP_cortical-collecting-duct-principal,Cortical Collecting Duct Principal,32308.377,0.08002737950721033
https://entity.api.hubmapconsortium.org/entities/41e6526c796c3d2a975b28349b6c923e,http://purl.org/ccf/1.5/731ade72-cdb7-4262-8be1-859396820dfd,left kidney,UBERON:0004538,sc_bulk,https://purl.org/ccf/ASCTB-TEMP_distal-convoluted-tubule-type-1,Distal Convoluted Tubule Type 1,27620.817,0.06841636162529013
https://entity.api.hubmapconsortium.org/entities/41e6526c796c3d2a975b28349b6c923e,http://purl.org/ccf/1.5/731ade72-cdb7-4262-8be1-859396820dfd,left kidney,UBERON:0004538,sc_bulk,https://purl.org/ccf/ASCTB-TEMP_medullary-thick-ascending-limb,Medullary Thick Ascending Limb,26477.61,0.06558465452826391
https://entity.api.hubmapconsortium.org/entities/41e6526c796c3d2a975b28349b6c923e,http://purl.org/ccf/1.5/731ade72-cdb7-4262-8be1-859396820dfd,left kidney,UBERON:0004538,sc_bulk,https://purl.org/ccf/ASCTB-TEMP_connecting-tubule,Connecting Tubule,21833.77,0.05408193044989983
https://entity.api.hubmapconsortium.org/entities/41e6526c796c3d2a975b28349b6c923e,http://purl.org/ccf/1.5/731ade72-cdb7-4262-8be1-859396820dfd,left kidney,UBERON:0004538,sc_bulk,https://purl.org/ccf/ASCTB-TEMP_cortical-thick-ascending-limb,Cortical Thick Ascending Limb,20037.463,0.04963250416022708
https://entity.api.hubmapconsortium.org/entities/41e6526c796c3d2a975b28349b6c923e,http://purl.org/ccf/1.5/731ade72-cdb7-4262-8be1-859396820dfd,left kidney,UBERON:0004538,sc_bulk,https://purl.org/ccf/ASCTB-TEMP_mesangial,Mesangial,17052.185,0.04223801401172704
https://entity.api.hubmapconsortium.org/entities/41e6526c796c3d2a975b28349b6c923e,http://purl.org/ccf/1.5/731ade72-cdb7-4262-8be1-859396820dfd,left kidney,UBERON:0004538,sc_bulk,https://purl.org/ccf/ASCTB-TEMP_ascending-thin-limb,Ascending Thin Limb,11956.442,0.02961593278083727
https://entity.api.hubmapconsortium.org/entities/41e6526c796c3d2a975b28349b6c923e,http://purl.org/ccf/1.5/731ade72-cdb7-4262-8be1-859396820dfd,left kidney,UBERON:0004538,sc_bulk,https://purl.org/ccf/ASCTB-TEMP_medullary-fibroblast,Medullary Fibroblast,4902.035000000001,0.01214226933474956
https://entity.api.hubmapconsortium.org/entities/41e6526c796c3d2a975b28349b6c923e,http://purl.org/ccf/1.5/731ade72-cdb7-4262-8be1-859396820dfd,left kidney,UBERON:0004538,sc_bulk,https://purl.org/ccf/ASCTB-TEMP_fibroblast,Fibroblast,3519.789,0.008718466114478742
https://entity.api.hubmapconsortium.org/entities/41e6526c796c3d2a975b28349b6c923e,http://purl.org/ccf/1.5/731ade72-cdb7-4262-8be1-859396820dfd,left kidney,UBERON:0004538,sc_bulk,https://purl.org/ccf/ASCTB-TEMP_ascending-vasa-recta-endothelial,Ascending Vasa Recta Endothelial,2762.674999999999,0.006843105757992183
https://entity.api.hubmapconsortium.org/entities/41e6526c796c3d2a975b28349b6c923e,http://purl.org/ccf/1.5/731ade72-cdb7-4262-8be1-859396820dfd,left kidney,UBERON:0004538,sc_bulk,https://purl.org/ccf/ASCTB-TEMP_peritubular-capilary-endothelial,Peritubular Capilary Endothelial,2412.069,0.005974659799858634
https://entity.api.hubmapconsortium.org/entities/41e6526c796c3d2a975b28349b6c923e,http://purl.org/ccf/1.5/731ade72-cdb7-4262-8be1-859396820dfd,left kidney,UBERON:0004538,sc_bulk,https://purl.org/ccf/ASCTB-TEMP_cortical-collecting-duct-intercalated-type-a,Cortical Collecting Duct Intercalated Type A,1845.002,0.004570043095806457
https://entity.api.hubmapconsortium.org/entities/41e6526c796c3d2a975b28349b6c923e,http://purl.org/ccf/1.5/731ade72-cdb7-4262-8be1-859396820dfd,left kidney,UBERON:0004538,sc_bulk,https://purl.org/ccf/ASCTB-TEMP_t,T,1610.503,0.003989192486471875
https://entity.api.hubmapconsortium.org/entities/41e6526c796c3d2a975b28349b6c923e,http://purl.org/ccf/1.5/731ade72-cdb7-4262-8be1-859396820dfd,left kidney,UBERON:0004538,sc_bulk,https://purl.org/ccf/ASCTB-TEMP_descending-vasa-recta-endothelial,Descending Vasa Recta Endothelial,1574.646000000001,0.003900375219451933
https://entity.api.hubmapconsortium.org/entities/41e6526c796c3d2a975b28349b6c923e,http://purl.org/ccf/1.5/731ade72-cdb7-4262-8be1-859396820dfd,left kidney,UBERON:0004538,sc_bulk,https://purl.org/ccf/ASCTB-TEMP_outer-medullary-collecting-duct-intercalated-type-a,Outer Medullary Collecting Duct Intercalated Type A,1562.777,0.003870975879232177
https://entity.api.hubmapconsortium.org/entities/41e6526c796c3d2a975b28349b6c923e,http://purl.org/ccf/1.5/731ade72-cdb7-4262-8be1-859396820dfd,left kidney,UBERON:0004538,sc_bulk,https://purl.org/ccf/ASCTB-TEMP_descending-thin-limb-type-3,Descending Thin Limb Type 3,1470.801,0.003643152666151706
https://entity.api.hubmapconsortium.org/entities/41e6526c796c3d2a975b28349b6c923e,http://purl.org/ccf/1.5/731ade72-cdb7-4262-8be1-859396820dfd,left kidney,UBERON:0004538,sc_bulk,https://purl.org/ccf/ASCTB-TEMP_proximal-tubule-epithelial-segment-1,Proximal Tubule Epithelial Segment 1,1468.063,0.003636370680009513
https://entity.api.hubmapconsortium.org/entities/41e6526c796c3d2a975b28349b6c923e,http://purl.org/ccf/1.5/731ade72-cdb7-4262-8be1-859396820dfd,left kidney,UBERON:0004538,sc_bulk,https://purl.org/ccf/ASCTB-TEMP_outer-medullary-collecting-duct-principal,Outer Medullary Collecting Duct Principal,1301.056,0.00322269677217562
https://entity.api.hubmapconsortium.org/entities/41e6526c796c3d2a975b28349b6c923e,http://purl.org/ccf/1.5/731ade72-cdb7-4262-8be1-859396820dfd,left kidney,UBERON:0004538,sc_bulk,https://purl.org/ccf/ASCTB-TEMP_parietal-epithelial,Parietal Epithelial,1277.658,0.00316474026678664
https://entity.api.hubmapconsortium.org/entities/41e6526c796c3d2a975b28349b6c923e,http://purl.org/ccf/1.5/731ade72-cdb7-4262-8be1-859396820dfd,left kidney,UBERON:0004538,sc_bulk,https://purl.org/ccf/ASCTB-TEMP_connecting-tubule-principal,Connecting Tubule Principal,1095.753,0.002714164229826965
https://entity.api.hubmapconsortium.org/entities/41e6526c796c3d2a975b28349b6c923e,http://purl.org/ccf/1.5/731ade72-cdb7-4262-8be1-859396820dfd,left kidney,UBERON:0004538,sc_bulk,https://purl.org/ccf/ASCTB-TEMP_proximal-tubule-epithelial-segment-3,Proximal Tubule Epithelial Segment 3,1082.645,0.00268169590464367
https://entity.api.hubmapconsortium.org/entities/41e6526c796c3d2a975b28349b6c923e,http://purl.org/ccf/1.5/731ade72-cdb7-4262-8be1-859396820dfd,left kidney,UBERON:0004538,sc_bulk,https://purl.org/ccf/ASCTB-TEMP_papillary-tip-epithelial,Papillary Tip Epithelial,1040.395,0.002577043269688356
https://entity.api.hubmapconsortium.org/entities/41e6526c796c3d2a975b28349b6c923e,http://purl.org/ccf/1.5/731ade72-cdb7-4262-8be1-859396820dfd,left kidney,UBERON:0004538,sc_bulk,https://purl.org/ccf/ASCTB-TEMP_glomerular-capillary-endothelial,Glomerular Capillary Endothelial,962.7669999999999,0.002384759843740166
https://entity.api.hubmapconsortium.org/entities/41e6526c796c3d2a975b28349b6c923e,http://purl.org/ccf/1.5/731ade72-cdb7-4262-8be1-859396820dfd,left kidney,UBERON:0004538,sc_bulk,https://purl.org/ccf/ASCTB-TEMP_intercalated-type-b,Intercalated Type B,940.4229999999999,0.002329414081007822
https://entity.api.hubmapconsortium.org/entities/41e6526c796c3d2a975b28349b6c923e,http://purl.org/ccf/1.5/731ade72-cdb7-4262-8be1-859396820dfd,left kidney,UBERON:0004538,sc_bulk,https://purl.org/ccf/ASCTB-TEMP_macula-densa,Macula Densa,748.6059999999999,0.001854286164339815
https://entity.api.hubmapconsortium.org/entities/41e6526c796c3d2a975b28349b6c923e,http://purl.org/ccf/1.5/731ade72-cdb7-4262-8be1-859396820dfd,left kidney,UBERON:0004538,sc_bulk,https://purl.org/ccf/ASCTB-TEMP_m2-macrophage,M2 Macrophage,492.057,0.001218818025993054
https://entity.api.hubmapconsortium.org/entities/41e6526c796c3d2a975b28349b6c923e,http://purl.org/ccf/1.5/731ade72-cdb7-4262-8be1-859396820dfd,left kidney,UBERON:0004538,sc_bulk,https://purl.org/ccf/ASCTB-TEMP_b,B,486.0260000000001,0.001203879326787954
https://entity.api.hubmapconsortium.org/entities/41e6526c796c3d2a975b28349b6c923e,http://purl.org/ccf/1.5/731ade72-cdb7-4262-8be1-859396820dfd,left kidney,UBERON:0004538,sc_bulk,https://purl.org/ccf/ASCTB-TEMP_monocyte-derived,Monocyte-derived,370.209,9.170023037673738E-4
https://entity.api.hubmapconsortium.org/entities/41e6526c796c3d2a975b28349b6c923e,http://purl.org/ccf/1.5/731ade72-cdb7-4262-8be1-859396820dfd,left kidney,UBERON:0004538,sc_bulk,https://purl.org/ccf/ASCTB-TEMP_lymphatic-endothelial,Lymphatic Endothelial,358.2300000000001,8.873304951489197E-4
https://entity.api.hubmapconsortium.org/entities/41e6526c796c3d2a975b28349b6c923e,http://purl.org/ccf/1.5/731ade72-cdb7-4262-8be1-859396820dfd,left kidney,UBERON:0004538,sc_bulk,https://purl.org/ccf/ASCTB-TEMP_afferent-efferent-arteriole-endothelial,Afferent / Efferent Arteriole Endothelial,336.442,8.333619363227332E-4
https://entity.api.hubmapconsortium.org/entities/41e6526c796c3d2a975b28349b6c923e,http://purl.org/ccf/1.5/731ade72-cdb7-4262-8be1-859396820dfd,left kidney,UBERON:0004538,sc_bulk,https://purl.org/ccf/ASCTB-TEMP_tissue-resident-macrophage,Tissue-resident Macrophage,314.065,7.779344330707795E-4
https://entity.api.hubmapconsortium.org/entities/41e6526c796c3d2a975b28349b6c923e,http://purl.org/ccf/1.5/731ade72-cdb7-4262-8be1-859396820dfd,left kidney,UBERON:0004538,sc_bulk,https://purl.org/ccf/ASCTB-TEMP_classical-dendritic,Classical Dendritic,273.292,6.769403056143775E-4
https://entity.api.hubmapconsortium.org/entities/41e6526c796c3d2a975b28349b6c923e,http://purl.org/ccf/1.5/731ade72-cdb7-4262-8be1-859396820dfd,left kidney,UBERON:0004538,sc_bulk,https://purl.org/ccf/ASCTB-TEMP_podocyte,Podocyte,226.5540000000001,5.611709599920954E-4
https://entity.api.hubmapconsortium.org/entities/41e6526c796c3d2a975b28349b6c923e,http://purl.org/ccf/1.5/731ade72-cdb7-4262-8be1-859396820dfd,left kidney,UBERON:0004538,sc_bulk,https://purl.org/ccf/ASCTB-TEMP_cortical-vascular-smooth-muscle-pericyte,Cortical Vascular Smooth Muscle / Pericyte,138.454,3.429485424876433E-4
https://entity.api.hubmapconsortium.org/entities/41e6526c796c3d2a975b28349b6c923e,http://purl.org/ccf/1.5/731ade72-cdb7-4262-8be1-859396820dfd,left kidney,UBERON:0004538,sc_bulk,https://purl.org/ccf/ASCTB-TEMP_mast,Mast,60.337,1.494538706579581E-4
https://entity.api.hubmapconsortium.org/entities/41e6526c796c3d2a975b28349b6c923e,http://purl.org/ccf/1.5/731ade72-cdb7-4262-8be1-859396820dfd,left kidney,UBERON:0004538,sc_bulk,https://purl.org/ccf/ASCTB-TEMP_proximal-tubule-epithelial-segment-2,Proximal Tubule Epithelial Segment 2,28.636,7.093095513799642E-5
https://entity.api.hubmapconsortium.org/entities/41e6526c796c3d2a975b28349b6c923e,http://purl.org/ccf/1.5/731ade72-cdb7-4262-8be1-859396820dfd,left kidney,UBERON:0004538,sc_bulk,https://purl.org/ccf/ASCTB-TEMP_natural-killer-natural-killer-t,Natural Killer / Natural Killer T,26.69,6.611074146644518E-5
https://entity.api.hubmapconsortium.org/entities/41e6526c796c3d2a975b28349b6c923e,http://purl.org/ccf/1.5/731ade72-cdb7-4262-8be1-859396820dfd,left kidney,UBERON:0004538,sc_bulk,https://purl.org/ccf/ASCTB-TEMP_plasma,Plasma,17.29,4.28270783047897E-5
https://entity.api.hubmapconsortium.org/entities/41e6526c796c3d2a975b28349b6c923e,http://purl.org/ccf/1.5/731ade72-cdb7-4262-8be1-859396820dfd,left kidney,UBERON:0004538,sc_bulk,https://purl.org/ccf/ASCTB-TEMP_monocyte,Monocyte,16.368,4.054329772659328E-5
https://entity.api.hubmapconsortium.org/entities/41e6526c796c3d2a975b28349b6c923e,http://purl.org/ccf/1.5/731ade72-cdb7-4262-8be1-859396820dfd,left kidney,UBERON:0004538,sc_bulk,https://purl.org/ccf/ASCTB-TEMP_cycling-mononuclear-phagocyte,Cycling Mononuclear Phagocyte,15.702,3.889362542173557E-5
https://entity.api.hubmapconsortium.org/entities/41e6526c796c3d2a975b28349b6c923e,http://purl.org/ccf/1.5/731ade72-cdb7-4262-8be1-859396820dfd,left kidney,UBERON:0004538,sc_bulk,https://purl.org/ccf/ASCTB-TEMP_renin-positive-juxtaglomerular-granular,Renin-positive Juxtaglomerular Granular,12.042,2.98278587013463E-5
https://entity.api.hubmapconsortium.org/entities/41e6526c796c3d2a975b28349b6c923e,http://purl.org/ccf/1.5/731ade72-cdb7-4262-8be1-859396820dfd,left kidney,UBERON:0004538,sc_bulk,https://purl.org/ccf/ASCTB-TEMP_neutrophil,Neutrophil,12.011,2.975107215262169E-5
https://entity.api.hubmapconsortium.org/entities/41e6526c796c3d2a975b28349b6c923e,http://purl.org/ccf/1.5/731ade72-cdb7-4262-8be1-859396820dfd,left kidney,UBERON:0004538,sc_bulk,https://purl.org/ccf/ASCTB-TEMP_schwann-neural,Schwann / Neural,5.881,1.456715138869105E-5
https://entity.api.hubmapconsortium.org/entities/41e6526c796c3d2a975b28349b6c923e,http://purl.org/ccf/1.5/731ade72-cdb7-4262-8be1-859396820dfd,left kidney,UBERON:0004538,sc_bulk,https://purl.org/ccf/ASCTB-TEMP_connecting-tubule-intercalated-type-a,Connecting Tubule Intercalated Type A,3.173,7.859474809780088E-6
https://entity.api.hubmapconsortium.org/entities/41e6526c796c3d2a975b28349b6c923e,http://purl.org/ccf/1.5/731ade72-cdb7-4262-8be1-859396820dfd,left kidney,UBERON:0004538,sc_bulk,https://purl.org/ccf/ASCTB-TEMP_non-classical-monocyte,Non-classical monocyte,3.065,7.591960381965323E-6
https://entity.api.hubmapconsortium.org/entities/41e6526c796c3d2a975b28349b6c923e,http://purl.org/ccf/1.5/731ade72-cdb7-4262-8be1-859396820dfd,left kidney,UBERON:0004538,sc_bulk,https://purl.org/ccf/ASCTB-TEMP_distal-convoluted-tubule-type-2,Distal Convoluted Tubule Type 2,2.212,5.479091799317225E-6
https://entity.api.hubmapconsortium.org/entities/41e6526c796c3d2a975b28349b6c923e,http://purl.org/ccf/1.5/731ade72-cdb7-4262-8be1-859396820dfd,left kidney,UBERON:0004538,sc_bulk,https://purl.org/ccf/ASCTB-TEMP_natural-killer-t,Natural Killer T,1.607,3.980515606465995E-6
https://entity.api.hubmapconsortium.org/entities/41e6526c796c3d2a975b28349b6c923e,http://purl.org/ccf/1.5/731ade72-cdb7-4262-8be1-859396820dfd,left kidney,UBERON:0004538,sc_bulk,https://purl.org/ccf/ASCTB-TEMP_plasmacytoid-dendritic,Plasmacytoid Dendritic,0.607,1.503530163736689E-6
https://entity.api.hubmapconsortium.org/entities/42bd24651630e444c02163cd8f0d5f4c,http://purl.org/ccf/1.5/0e8b0f2f-d130-4edc-a00b-15db0110ffa9,left kidney,UBERON:0004538,sc_bulk,https://purl.org/ccf/ASCTB-TEMP_inner-medullary-collecting-duct,Inner Medullary Collecting Duct,1587.576032,0.2886076777194524
https://entity.api.hubmapconsortium.org/entities/42bd24651630e444c02163cd8f0d5f4c,http://purl.org/ccf/1.5/0e8b0f2f-d130-4edc-a00b-15db0110ffa9,left kidney,UBERON:0004538,sc_bulk,https://purl.org/ccf/ASCTB-TEMP_descending-thin-limb-type-1,Descending Thin Limb Type 1,808.2641279999999,0.1469354716020418
https://entity.api.hubmapconsortium.org/entities/42bd24651630e444c02163cd8f0d5f4c,http://purl.org/ccf/1.5/0e8b0f2f-d130-4edc-a00b-15db0110ffa9,left kidney,UBERON:0004538,sc_bulk,https://purl.org/ccf/ASCTB-TEMP_medullary-thick-ascending-limb,Medullary Thick Ascending Limb,684.8513280000002,0.1245000852703494
https://entity.api.hubmapconsortium.org/entities/42bd24651630e444c02163cd8f0d5f4c,http://purl.org/ccf/1.5/0e8b0f2f-d130-4edc-a00b-15db0110ffa9,left kidney,UBERON:0004538,sc_bulk,https://purl.org/ccf/ASCTB-TEMP_connecting-tubule,Connecting Tubule,642.9601920000001,0.1168846367914764
https://entity.api.hubmapconsortium.org/entities/42bd24651630e444c02163cd8f0d5f4c,http://purl.org/ccf/1.5/0e8b0f2f-d130-4edc-a00b-15db0110ffa9,left kidney,UBERON:0004538,sc_bulk,https://purl.org/ccf/ASCTB-TEMP_fibroblast,Fibroblast,295.592864,0.05373624211371435
https://entity.api.hubmapconsortium.org/entities/42bd24651630e444c02163cd8f0d5f4c,http://purl.org/ccf/1.5/0e8b0f2f-d130-4edc-a00b-15db0110ffa9,left kidney,UBERON:0004538,sc_bulk,https://purl.org/ccf/ASCTB-TEMP_cortical-thick-ascending-limb,Cortical Thick Ascending Limb,213.896256,0.03888450094530369
https://entity.api.hubmapconsortium.org/entities/42bd24651630e444c02163cd8f0d5f4c,http://purl.org/ccf/1.5/0e8b0f2f-d130-4edc-a00b-15db0110ffa9,left kidney,UBERON:0004538,sc_bulk,https://purl.org/ccf/ASCTB-TEMP_medullary-fibroblast,Medullary Fibroblast,186.172448,0.03384455093148288
https://entity.api.hubmapconsortium.org/entities/42bd24651630e444c02163cd8f0d5f4c,http://purl.org/ccf/1.5/0e8b0f2f-d130-4edc-a00b-15db0110ffa9,left kidney,UBERON:0004538,sc_bulk,https://purl.org/ccf/ASCTB-TEMP_descending-thin-limb-type-2,Descending Thin Limb Type 2,159.139008,0.02893010388648734
https://entity.api.hubmapconsortium.org/entities/42bd24651630e444c02163cd8f0d5f4c,http://purl.org/ccf/1.5/0e8b0f2f-d130-4edc-a00b-15db0110ffa9,left kidney,UBERON:0004538,sc_bulk,https://purl.org/ccf/ASCTB-TEMP_proximal-tubule-epithelial-segment-3,Proximal Tubule Epithelial Segment 3,101.437728,0.01844050711343661
https://entity.api.hubmapconsortium.org/entities/42bd24651630e444c02163cd8f0d5f4c,http://purl.org/ccf/1.5/0e8b0f2f-d130-4edc-a00b-15db0110ffa9,left kidney,UBERON:0004538,sc_bulk,https://purl.org/ccf/ASCTB-TEMP_outer-medullary-collecting-duct-principal,Outer Medullary Collecting Duct Principal,97.61292799999998,0.01774519134682685
https://entity.api.hubmapconsortium.org/entities/42bd24651630e444c02163cd8f0d5f4c,http://purl.org/ccf/1.5/0e8b0f2f-d130-4edc-a00b-15db0110ffa9,left kidney,UBERON:0004538,sc_bulk,https://purl.org/ccf/ASCTB-TEMP_distal-convoluted-tubule-type-1,Distal Convoluted Tubule Type 1,88.30572799999999,0.01605322238034746
https://entity.api.hubmapconsortium.org/entities/42bd24651630e444c02163cd8f0d5f4c,http://purl.org/ccf/1.5/0e8b0f2f-d130-4edc-a00b-15db0110ffa9,left kidney,UBERON:0004538,sc_bulk,https://purl.org/ccf/ASCTB-TEMP_papillary-tip-epithelial,Papillary Tip Epithelial,80.158624,0.01457214889587522
https://entity.api.hubmapconsortium.org/entities/42bd24651630e444c02163cd8f0d5f4c,http://purl.org/ccf/1.5/0e8b0f2f-d130-4edc-a00b-15db0110ffa9,left kidney,UBERON:0004538,sc_bulk,https://purl.org/ccf/ASCTB-TEMP_proximal-tubule-epithelial-segment-1,Proximal Tubule Epithelial Segment 1,79.079392,0.01437595379405819
https://entity.api.hubmapconsortium.org/entities/42bd24651630e444c02163cd8f0d5f4c,http://purl.org/ccf/1.5/0e8b0f2f-d130-4edc-a00b-15db0110ffa9,left kidney,UBERON:0004538,sc_bulk,https://purl.org/ccf/ASCTB-TEMP_descending-vasa-recta-endothelial,Descending Vasa Recta Endothelial,68.408704,0.01243611442808518
https://entity.api.hubmapconsortium.org/entities/42bd24651630e444c02163cd8f0d5f4c,http://purl.org/ccf/1.5/0e8b0f2f-d130-4edc-a00b-15db0110ffa9,left kidney,UBERON:0004538,sc_bulk,https://purl.org/ccf/ASCTB-TEMP_ascending-vasa-recta-endothelial,Ascending Vasa Recta Endothelial,55.68438399999999,0.01012294241506805
https://entity.api.hubmapconsortium.org/entities/42bd24651630e444c02163cd8f0d5f4c,http://purl.org/ccf/1.5/0e8b0f2f-d130-4edc-a00b-15db0110ffa9,left kidney,UBERON:0004538,sc_bulk,https://purl.org/ccf/ASCTB-TEMP_cortical-collecting-duct-principal,Cortical Collecting Duct Principal,50.669696,0.009211315236907422
https://entity.api.hubmapconsortium.org/entities/42bd24651630e444c02163cd8f0d5f4c,http://purl.org/ccf/1.5/0e8b0f2f-d130-4edc-a00b-15db0110ffa9,left kidney,UBERON:0004538,sc_bulk,https://purl.org/ccf/ASCTB-TEMP_vascular-smooth-muscle-pericyte,Vascular Smooth Muscle / Pericyte,48.62368000000001,0.008839367113205314
https://entity.api.hubmapconsortium.org/entities/42bd24651630e444c02163cd8f0d5f4c,http://purl.org/ccf/1.5/0e8b0f2f-d130-4edc-a00b-15db0110ffa9,left kidney,UBERON:0004538,sc_bulk,https://purl.org/ccf/ASCTB-TEMP_mesangial,Mesangial,37.071776,0.006739330252307393
https://entity.api.hubmapconsortium.org/entities/42bd24651630e444c02163cd8f0d5f4c,http://purl.org/ccf/1.5/0e8b0f2f-d130-4edc-a00b-15db0110ffa9,left kidney,UBERON:0004538,sc_bulk,https://purl.org/ccf/ASCTB-TEMP_peritubular-capilary-endothelial,Peritubular Capilary Endothelial,32.37785599999999,0.005886015939610026
https://entity.api.hubmapconsortium.org/entities/42bd24651630e444c02163cd8f0d5f4c,http://purl.org/ccf/1.5/0e8b0f2f-d130-4edc-a00b-15db0110ffa9,left kidney,UBERON:0004538,sc_bulk,https://purl.org/ccf/ASCTB-TEMP_m2-macrophage,M2 Macrophage,31.049536,0.005644538780254485
https://entity.api.hubmapconsortium.org/entities/42bd24651630e444c02163cd8f0d5f4c,http://purl.org/ccf/1.5/0e8b0f2f-d130-4edc-a00b-15db0110ffa9,left kidney,UBERON:0004538,sc_bulk,https://purl.org/ccf/ASCTB-TEMP_cortical-vascular-smooth-muscle-pericyte,Cortical Vascular Smooth Muscle / Pericyte,24.99548800000001,0.004543964887184969
https://entity.api.hubmapconsortium.org/entities/42bd24651630e444c02163cd8f0d5f4c,http://purl.org/ccf/1.5/0e8b0f2f-d130-4edc-a00b-15db0110ffa9,left kidney,UBERON:0004538,sc_bulk,https://purl.org/ccf/ASCTB-TEMP_cortical-collecting-duct-intercalated-type-a,Cortical Collecting Duct Intercalated Type A,23.66,0.004301184647036951
https://entity.api.hubmapconsortium.org/entities/42bd24651630e444c02163cd8f0d5f4c,http://purl.org/ccf/1.5/0e8b0f2f-d130-4edc-a00b-15db0110ffa9,left kidney,UBERON:0004538,sc_bulk,https://purl.org/ccf/ASCTB-TEMP_outer-medullary-collecting-duct-intercalated-type-a,Outer Medullary Collecting Duct Intercalated Type A,18.994528,0.00345304193623472
https://entity.api.hubmapconsortium.org/entities/42bd24651630e444c02163cd8f0d5f4c,http://purl.org/ccf/1.5/0e8b0f2f-d130-4edc-a00b-15db0110ffa9,left kidney,UBERON:0004538,sc_bulk,https://purl.org/ccf/ASCTB-TEMP_ascending-thin-limb,Ascending Thin Limb,13.889344,0.002524963363069095
https://entity.api.hubmapconsortium.org/entities/42bd24651630e444c02163cd8f0d5f4c,http://purl.org/ccf/1.5/0e8b0f2f-d130-4edc-a00b-15db0110ffa9,left kidney,UBERON:0004538,sc_bulk,https://purl.org/ccf/ASCTB-TEMP_macula-densa,Macula Densa,10.511872,0.001910967982164734
https://entity.api.hubmapconsortium.org/entities/42bd24651630e444c02163cd8f0d5f4c,http://purl.org/ccf/1.5/0e8b0f2f-d130-4edc-a00b-15db0110ffa9,left kidney,UBERON:0004538,sc_bulk,https://purl.org/ccf/ASCTB-TEMP_connecting-tubule-principal,Connecting Tubule Principal,8.610336,0.001565285080685949
https://entity.api.hubmapconsortium.org/entities/42bd24651630e444c02163cd8f0d5f4c,http://purl.org/ccf/1.5/0e8b0f2f-d130-4edc-a00b-15db0110ffa9,left kidney,UBERON:0004538,sc_bulk,https://purl.org/ccf/ASCTB-TEMP_afferent-efferent-arteriole-endothelial,Afferent / Efferent Arteriole Endothelial,7.077952,0.001286710840019631
https://entity.api.hubmapconsortium.org/entities/42bd24651630e444c02163cd8f0d5f4c,http://purl.org/ccf/1.5/0e8b0f2f-d130-4edc-a00b-15db0110ffa9,left kidney,UBERON:0004538,sc_bulk,https://purl.org/ccf/ASCTB-TEMP_glomerular-capillary-endothelial,Glomerular Capillary Endothelial,5.721184,0.001040062078768954
https://entity.api.hubmapconsortium.org/entities/42bd24651630e444c02163cd8f0d5f4c,http://purl.org/ccf/1.5/0e8b0f2f-d130-4edc-a00b-15db0110ffa9,left kidney,UBERON:0004538,sc_bulk,https://purl.org/ccf/ASCTB-TEMP_descending-thin-limb-type-3,Descending Thin Limb Type 3,5.692736,0.001034890476873819
https://entity.api.hubmapconsortium.org/entities/42bd24651630e444c02163cd8f0d5f4c,http://purl.org/ccf/1.5/0e8b0f2f-d130-4edc-a00b-15db0110ffa9,left kidney,UBERON:0004538,sc_bulk,https://purl.org/ccf/ASCTB-TEMP_tissue-resident-macrophage,Tissue-resident Macrophage,5.367935999999999,9.758446284647904E-4
https://entity.api.hubmapconsortium.org/entities/42bd24651630e444c02163cd8f0d5f4c,http://purl.org/ccf/1.5/0e8b0f2f-d130-4edc-a00b-15db0110ffa9,left kidney,UBERON:0004538,sc_bulk,https://purl.org/ccf/ASCTB-TEMP_podocyte,Podocyte,5.140128000000001,9.344310920289413E-4
https://entity.api.hubmapconsortium.org/entities/42bd24651630e444c02163cd8f0d5f4c,http://purl.org/ccf/1.5/0e8b0f2f-d130-4edc-a00b-15db0110ffa9,left kidney,UBERON:0004538,sc_bulk,https://purl.org/ccf/ASCTB-TEMP_parietal-epithelial,Parietal Epithelial,4.180288000000001,7.599404296615726E-4
https://entity.api.hubmapconsortium.org/entities/42bd24651630e444c02163cd8f0d5f4c,http://purl.org/ccf/1.5/0e8b0f2f-d130-4edc-a00b-15db0110ffa9,left kidney,UBERON:0004538,sc_bulk,https://purl.org/ccf/ASCTB-TEMP_monocyte-derived,Monocyte-derived,3.255168,5.917615648827548E-4
https://entity.api.hubmapconsortium.org/entities/42bd24651630e444c02163cd8f0d5f4c,http://purl.org/ccf/1.5/0e8b0f2f-d130-4edc-a00b-15db0110ffa9,left kidney,UBERON:0004538,sc_bulk,https://purl.org/ccf/ASCTB-TEMP_t,T,3.039232,5.525062560094424E-4
https://entity.api.hubmapconsortium.org/entities/42bd24651630e444c02163cd8f0d5f4c,http://purl.org/ccf/1.5/0e8b0f2f-d130-4edc-a00b-15db0110ffa9,left kidney,UBERON:0004538,sc_bulk,https://purl.org/ccf/ASCTB-TEMP_intercalated-type-b,Intercalated Type B,2.627744,4.777012742664186E-4
https://entity.api.hubmapconsortium.org/entities/42bd24651630e444c02163cd8f0d5f4c,http://purl.org/ccf/1.5/0e8b0f2f-d130-4edc-a00b-15db0110ffa9,left kidney,UBERON:0004538,sc_bulk,https://purl.org/ccf/ASCTB-TEMP_lymphatic-endothelial,Lymphatic Endothelial,2.470944,4.491963819310259E-4
https://entity.api.hubmapconsortium.org/entities/42bd24651630e444c02163cd8f0d5f4c,http://purl.org/ccf/1.5/0e8b0f2f-d130-4edc-a00b-15db0110ffa9,left kidney,UBERON:0004538,sc_bulk,https://purl.org/ccf/ASCTB-TEMP_monocyte,Monocyte,1.147776,2.086558118950754E-4
https://entity.api.hubmapconsortium.org/entities/42bd24651630e444c02163cd8f0d5f4c,http://purl.org/ccf/1.5/0e8b0f2f-d130-4edc-a00b-15db0110ffa9,left kidney,UBERON:0004538,sc_bulk,https://purl.org/ccf/ASCTB-TEMP_proximal-tubule-epithelial-segment-2,Proximal Tubule Epithelial Segment 2,1.048768,1.906570084490131E-4
https://entity.api.hubmapconsortium.org/entities/42bd24651630e444c02163cd8f0d5f4c,http://purl.org/ccf/1.5/0e8b0f2f-d130-4edc-a00b-15db0110ffa9,left kidney,UBERON:0004538,sc_bulk,https://purl.org/ccf/ASCTB-TEMP_schwann-neural,Schwann / Neural,1.027264,1.867477660715878E-4
https://entity.api.hubmapconsortium.org/entities/42bd24651630e444c02163cd8f0d5f4c,http://purl.org/ccf/1.5/0e8b0f2f-d130-4edc-a00b-15db0110ffa9,left kidney,UBERON:0004538,sc_bulk,https://purl.org/ccf/ASCTB-TEMP_natural-killer-natural-killer-t,Natural Killer / Natural Killer T,0.9623039999999998,1.749385963897821E-4
https://entity.api.hubmapconsortium.org/entities/42bd24651630e444c02163cd8f0d5f4c,http://purl.org/ccf/1.5/0e8b0f2f-d130-4edc-a00b-15db0110ffa9,left kidney,UBERON:0004538,sc_bulk,https://purl.org/ccf/ASCTB-TEMP_distal-convoluted-tubule-type-2,Distal Convoluted Tubule Type 2,0.63952,1.162592394536378E-4
https://entity.api.hubmapconsortium.org/entities/42bd24651630e444c02163cd8f0d5f4c,http://purl.org/ccf/1.5/0e8b0f2f-d130-4edc-a00b-15db0110ffa9,left kidney,UBERON:0004538,sc_bulk,https://purl.org/ccf/ASCTB-TEMP_b,B,0.529536,9.6265093544098E-5
https://entity.api.hubmapconsortium.org/entities/42bd24651630e444c02163cd8f0d5f4c,http://purl.org/ccf/1.5/0e8b0f2f-d130-4edc-a00b-15db0110ffa9,left kidney,UBERON:0004538,sc_bulk,https://purl.org/ccf/ASCTB-TEMP_plasma,Plasma,0.319648,5.81092590894365E-5
https://entity.api.hubmapconsortium.org/entities/42bd24651630e444c02163cd8f0d5f4c,http://purl.org/ccf/1.5/0e8b0f2f-d130-4edc-a00b-15db0110ffa9,left kidney,UBERON:0004538,sc_bulk,https://purl.org/ccf/ASCTB-TEMP_mast,Mast,0.233856,4.251301085450014E-5
https://entity.api.hubmapconsortium.org/entities/42bd24651630e444c02163cd8f0d5f4c,http://purl.org/ccf/1.5/0e8b0f2f-d130-4edc-a00b-15db0110ffa9,left kidney,UBERON:0004538,sc_bulk,https://purl.org/ccf/ASCTB-TEMP_classical-dendritic,Classical Dendritic,0.212352,3.860376847707484E-5
https://entity.api.hubmapconsortium.org/entities/42bd24651630e444c02163cd8f0d5f4c,http://purl.org/ccf/1.5/0e8b0f2f-d130-4edc-a00b-15db0110ffa9,left kidney,UBERON:0004538,sc_bulk,https://purl.org/ccf/ASCTB-TEMP_cycling-mononuclear-phagocyte,Cycling Mononuclear Phagocyte,0.197568,3.591616434259494E-5
https://entity.api.hubmapconsortium.org/entities/42bd24651630e444c02163cd8f0d5f4c,http://purl.org/ccf/1.5/0e8b0f2f-d130-4edc-a00b-15db0110ffa9,left kidney,UBERON:0004538,sc_bulk,https://purl.org/ccf/ASCTB-TEMP_renin-positive-juxtaglomerular-granular,Renin-positive Juxtaglomerular Granular,0.187712,3.412442825294168E-5
https://entity.api.hubmapconsortium.org/entities/42bd24651630e444c02163cd8f0d5f4c,http://purl.org/ccf/1.5/0e8b0f2f-d130-4edc-a00b-15db0110ffa9,left kidney,UBERON:0004538,sc_bulk,https://purl.org/ccf/ASCTB-TEMP_non-classical-monocyte,Non-classical monocyte,0.065632,1.193133350610013E-5
https://entity.api.hubmapconsortium.org/entities/42bd24651630e444c02163cd8f0d5f4c,http://purl.org/ccf/1.5/0e8b0f2f-d130-4edc-a00b-15db0110ffa9,left kidney,UBERON:0004538,sc_bulk,https://purl.org/ccf/ASCTB-TEMP_connecting-tubule-intercalated-type-a,Connecting Tubule Intercalated Type A,0.065632,1.193133350610013E-5
https://entity.api.hubmapconsortium.org/entities/42bd24651630e444c02163cd8f0d5f4c,http://purl.org/ccf/1.5/0e8b0f2f-d130-4edc-a00b-15db0110ffa9,left kidney,UBERON:0004538,sc_bulk,https://purl.org/ccf/ASCTB-TEMP_neutrophil,Neutrophil,0.002688,4.886552971781625E-7
https://entity.api.hubmapconsortium.org/entities/42bd24651630e444c02163cd8f0d5f4c,http://purl.org/ccf/1.5/0e8b0f2f-d130-4edc-a00b-15db0110ffa9,left kidney,UBERON:0004538,sc_bulk,https://purl.org/ccf/ASCTB-TEMP_plasmacytoid-dendritic,Plasmacytoid Dendritic,0.001344,2.443276485890812E-7
https://entity.api.hubmapconsortium.org/entities/42bd24651630e444c02163cd8f0d5f4c,http://purl.org/ccf/1.5/0e8b0f2f-d130-4edc-a00b-15db0110ffa9,left kidney,UBERON:0004538,sc_bulk,https://purl.org/ccf/ASCTB-TEMP_natural-killer-t,Natural Killer T,0.001344,2.443276485890812E-7
https://entity.api.hubmapconsortium.org/entities/4367b807cc0c8d290814c214a25e09cb,http://purl.org/ccf/1.5/096e6a9d-464c-448d-a1bb-56093a5fc7aa,heart,UBERON:0000948,sc_bulk,https://purl.org/ccf/ASCTB-TEMP_fibroblast,Fibroblast,216132.071675,0.3330088912100683
https://entity.api.hubmapconsortium.org/entities/4367b807cc0c8d290814c214a25e09cb,http://purl.org/ccf/1.5/096e6a9d-464c-448d-a1bb-56093a5fc7aa,heart,UBERON:0000948,sc_bulk,https://purl.org/ccf/ASCTB-TEMP_ventricular-cardiomycoyte,Ventricular Cardiomycoyte,170292.170578,0.2623803421049386
https://entity.api.hubmapconsortium.org/entities/4367b807cc0c8d290814c214a25e09cb,http://purl.org/ccf/1.5/096e6a9d-464c-448d-a1bb-56093a5fc7aa,heart,UBERON:0000948,sc_bulk,http://purl.obolibrary.org/obo/CL_0002131,regular ventricular cardiac myocyte,61626.45028,0.0949519232287496
https://entity.api.hubmapconsortium.org/entities/4367b807cc0c8d290814c214a25e09cb,http://purl.org/ccf/1.5/096e6a9d-464c-448d-a1bb-56093a5fc7aa,heart,UBERON:0000948,sc_bulk,http://purl.obolibrary.org/obo/CL_0000669,pericyte,32753.106745,0.05046486472974054
https://entity.api.hubmapconsortium.org/entities/4367b807cc0c8d290814c214a25e09cb,http://purl.org/ccf/1.5/096e6a9d-464c-448d-a1bb-56093a5fc7aa,heart,UBERON:0000948,sc_bulk,http://purl.obolibrary.org/obo/CL_0002144,capillary endothelial cell,26313.782191,0.04054337407242711
https://entity.api.hubmapconsortium.org/entities/4367b807cc0c8d290814c214a25e09cb,http://purl.org/ccf/1.5/096e6a9d-464c-448d-a1bb-56093a5fc7aa,heart,UBERON:0000948,sc_bulk,https://purl.org/ccf/ASCTB-TEMP_b,B,25815.87088899999,0.03977620939707383
https://entity.api.hubmapconsortium.org/entities/4367b807cc0c8d290814c214a25e09cb,http://purl.org/ccf/1.5/096e6a9d-464c-448d-a1bb-56093a5fc7aa,heart,UBERON:0000948,sc_bulk,http://purl.obolibrary.org/obo/CL_0000057,fibroblast,19094.298733,0.02941984130458709
https://entity.api.hubmapconsortium.org/entities/4367b807cc0c8d290814c214a25e09cb,http://purl.org/ccf/1.5/096e6a9d-464c-448d-a1bb-56093a5fc7aa,heart,UBERON:0000948,sc_bulk,http://purl.obolibrary.org/obo/CL_0000003,native cell,13792.917349,0.02125165449692905
https://entity.api.hubmapconsortium.org/entities/4367b807cc0c8d290814c214a25e09cb,http://purl.org/ccf/1.5/096e6a9d-464c-448d-a1bb-56093a5fc7aa,heart,UBERON:0000948,sc_bulk,http://purl.obolibrary.org/obo/CL_1000413,endothelial cell of artery,9330.979517,0.01437685355430501
https://entity.api.hubmapconsortium.org/entities/4367b807cc0c8d290814c214a25e09cb,http://purl.org/ccf/1.5/096e6a9d-464c-448d-a1bb-56093a5fc7aa,heart,UBERON:0000948,sc_bulk,https://purl.org/ccf/ASCTB-TEMP_pericyte,Pericyte,7963.752780999999,0.01227027744156244
https://entity.api.hubmapconsortium.org/entities/4367b807cc0c8d290814c214a25e09cb,http://purl.org/ccf/1.5/096e6a9d-464c-448d-a1bb-56093a5fc7aa,heart,UBERON:0000948,sc_bulk,https://purl.org/ccf/ASCTB-TEMP_monocyte-cdc,Monocyte/cDC,7351.421487000001,0.01132681836263967
https://entity.api.hubmapconsortium.org/entities/4367b807cc0c8d290814c214a25e09cb,http://purl.org/ccf/1.5/096e6a9d-464c-448d-a1bb-56093a5fc7aa,heart,UBERON:0000948,sc_bulk,https://purl.org/ccf/ASCTB-TEMP_capillary-endothelial,Capillary Endothelial,7283.600905999999,0.01122232273501252
https://entity.api.hubmapconsortium.org/entities/4367b807cc0c8d290814c214a25e09cb,http://purl.org/ccf/1.5/096e6a9d-464c-448d-a1bb-56093a5fc7aa,heart,UBERON:0000948,sc_bulk,https://purl.org/ccf/ASCTB-TEMP_macrophage,Macrophage,6497.228401999999,0.01001070692248795
https://entity.api.hubmapconsortium.org/entities/4367b807cc0c8d290814c214a25e09cb,http://purl.org/ccf/1.5/096e6a9d-464c-448d-a1bb-56093a5fc7aa,heart,UBERON:0000948,sc_bulk,http://purl.obolibrary.org/obo/CL_0000192,smooth muscle cell,6048.450279000002,0.00931924496600289
https://entity.api.hubmapconsortium.org/entities/4367b807cc0c8d290814c214a25e09cb,http://purl.org/ccf/1.5/096e6a9d-464c-448d-a1bb-56093a5fc7aa,heart,UBERON:0000948,sc_bulk,http://purl.obolibrary.org/obo/CL_0000235,macrophage,5126.627335999999,0.007898931757688138
https://entity.api.hubmapconsortium.org/entities/4367b807cc0c8d290814c214a25e09cb,http://purl.org/ccf/1.5/096e6a9d-464c-448d-a1bb-56093a5fc7aa,heart,UBERON:0000948,sc_bulk,http://purl.obolibrary.org/obo/CL_0000115,endothelial cell,3348.83698,0.005159773285428921
https://entity.api.hubmapconsortium.org/entities/4367b807cc0c8d290814c214a25e09cb,http://purl.org/ccf/1.5/096e6a9d-464c-448d-a1bb-56093a5fc7aa,heart,UBERON:0000948,sc_bulk,http://purl.obolibrary.org/obo/CL_0002543,vein endothelial cell,2706.120319,0.004169497474055184
https://entity.api.hubmapconsortium.org/entities/4367b807cc0c8d290814c214a25e09cb,http://purl.org/ccf/1.5/096e6a9d-464c-448d-a1bb-56093a5fc7aa,heart,UBERON:0000948,sc_bulk,https://purl.org/ccf/ASCTB-TEMP_mesothelial,Mesothelial,2681.72072,0.004131903407862276
https://entity.api.hubmapconsortium.org/entities/4367b807cc0c8d290814c214a25e09cb,http://purl.org/ccf/1.5/096e6a9d-464c-448d-a1bb-56093a5fc7aa,heart,UBERON:0000948,sc_bulk,https://purl.org/ccf/ASCTB-TEMP_arterial-endothelial,Arterial Endothelial,2561.348617,0.003946438195587208
https://entity.api.hubmapconsortium.org/entities/4367b807cc0c8d290814c214a25e09cb,http://purl.org/ccf/1.5/096e6a9d-464c-448d-a1bb-56093a5fc7aa,heart,UBERON:0000948,sc_bulk,https://purl.org/ccf/ASCTB-TEMP_venous-endothelial,Venous Endothelial,2393.425214,0.003687707569410919
https://entity.api.hubmapconsortium.org/entities/4367b807cc0c8d290814c214a25e09cb,http://purl.org/ccf/1.5/096e6a9d-464c-448d-a1bb-56093a5fc7aa,heart,UBERON:0000948,sc_bulk,https://purl.org/ccf/ASCTB-TEMP_smooth-muscle,Smooth Muscle,2325.703015000001,0.003583363525398749
https://entity.api.hubmapconsortium.org/entities/4367b807cc0c8d290814c214a25e09cb,http://purl.org/ccf/1.5/096e6a9d-464c-448d-a1bb-56093a5fc7aa,heart,UBERON:0000948,sc_bulk,https://purl.org/ccf/ASCTB-TEMP_endocardial,Endocardial,1737.193973,0.00267660895619157
https://entity.api.hubmapconsortium.org/entities/4367b807cc0c8d290814c214a25e09cb,http://purl.org/ccf/1.5/096e6a9d-464c-448d-a1bb-56093a5fc7aa,heart,UBERON:0000948,sc_bulk,https://purl.org/ccf/ASCTB-TEMP_nk,NK,1733.181886,0.002670427269998707
https://entity.api.hubmapconsortium.org/entities/4367b807cc0c8d290814c214a25e09cb,http://purl.org/ccf/1.5/096e6a9d-464c-448d-a1bb-56093a5fc7aa,heart,UBERON:0000948,sc_bulk,http://purl.obolibrary.org/obo/CL_0000623,natural killer cell,1304.568621,0.002010034635858759
https://entity.api.hubmapconsortium.org/entities/4367b807cc0c8d290814c214a25e09cb,http://purl.org/ccf/1.5/096e6a9d-464c-448d-a1bb-56093a5fc7aa,heart,UBERON:0000948,sc_bulk,http://purl.obolibrary.org/obo/CL_0000934,"CD4-positive, alpha-beta cytotoxic T cell",1215.442296,0.001872711847825209
https://entity.api.hubmapconsortium.org/entities/4367b807cc0c8d290814c214a25e09cb,http://purl.org/ccf/1.5/096e6a9d-464c-448d-a1bb-56093a5fc7aa,heart,UBERON:0000948,sc_bulk,http://purl.obolibrary.org/obo/CL_0002319,neural cell,1075.58279,0.00165722111265897
https://entity.api.hubmapconsortium.org/entities/4367b807cc0c8d290814c214a25e09cb,http://purl.org/ccf/1.5/096e6a9d-464c-448d-a1bb-56093a5fc7aa,heart,UBERON:0000948,sc_bulk,http://purl.obolibrary.org/obo/CL_0002397,"CD14-positive, CD16-positive monocyte",979.4428640000001,0.001509092008495198
https://entity.api.hubmapconsortium.org/entities/4367b807cc0c8d290814c214a25e09cb,http://purl.org/ccf/1.5/096e6a9d-464c-448d-a1bb-56093a5fc7aa,heart,UBERON:0000948,sc_bulk,https://purl.org/ccf/ASCTB-TEMP_t,T,978.9958300000001,0.001508403233823676
https://entity.api.hubmapconsortium.org/entities/4367b807cc0c8d290814c214a25e09cb,http://purl.org/ccf/1.5/096e6a9d-464c-448d-a1bb-56093a5fc7aa,heart,UBERON:0000948,sc_bulk,http://purl.obolibrary.org/obo/CL_1000309,epicardial adipocyte,840.005365,0.001294251487256322
https://entity.api.hubmapconsortium.org/entities/4367b807cc0c8d290814c214a25e09cb,http://purl.org/ccf/1.5/096e6a9d-464c-448d-a1bb-56093a5fc7aa,heart,UBERON:0000948,sc_bulk,http://purl.obolibrary.org/obo/CL_0000794,"CD8-positive, alpha-beta cytotoxic T cell",793.996246,0.001223362213003767
https://entity.api.hubmapconsortium.org/entities/4367b807cc0c8d290814c214a25e09cb,http://purl.org/ccf/1.5/096e6a9d-464c-448d-a1bb-56093a5fc7aa,heart,UBERON:0000948,sc_bulk,http://purl.obolibrary.org/obo/CL_0000906,"activated CD8-positive, alpha-beta T cell",790.5968889999999,0.001218124600202371
https://entity.api.hubmapconsortium.org/entities/4367b807cc0c8d290814c214a25e09cb,http://purl.org/ccf/1.5/096e6a9d-464c-448d-a1bb-56093a5fc7aa,heart,UBERON:0000948,sc_bulk,https://purl.org/ccf/ASCTB-TEMP_adipocyte,Adipocyte,698.467324,0.001076174522869795
https://entity.api.hubmapconsortium.org/entities/4367b807cc0c8d290814c214a25e09cb,http://purl.org/ccf/1.5/096e6a9d-464c-448d-a1bb-56093a5fc7aa,heart,UBERON:0000948,sc_bulk,http://purl.obolibrary.org/obo/CL_0000097,mast cell,696.0811290000001,0.001072497955366404
https://entity.api.hubmapconsortium.org/entities/4367b807cc0c8d290814c214a25e09cb,http://purl.org/ccf/1.5/096e6a9d-464c-448d-a1bb-56093a5fc7aa,heart,UBERON:0000948,sc_bulk,https://purl.org/ccf/ASCTB-TEMP_neuronal,Neuronal,562.236733,8.662750956065449E-4
https://entity.api.hubmapconsortium.org/entities/4367b807cc0c8d290814c214a25e09cb,http://purl.org/ccf/1.5/096e6a9d-464c-448d-a1bb-56093a5fc7aa,heart,UBERON:0000948,sc_bulk,https://purl.org/ccf/ASCTB-TEMP_lymphatic-endothelial,Lymphatic Endothelial,554.0028500000001,8.535886107783863E-4
https://entity.api.hubmapconsortium.org/entities/4367b807cc0c8d290814c214a25e09cb,http://purl.org/ccf/1.5/096e6a9d-464c-448d-a1bb-56093a5fc7aa,heart,UBERON:0000948,sc_bulk,http://purl.obolibrary.org/obo/CL_0000814,mature NK T cell,547.172205,8.430641869847714E-4
https://entity.api.hubmapconsortium.org/entities/4367b807cc0c8d290814c214a25e09cb,http://purl.org/ccf/1.5/096e6a9d-464c-448d-a1bb-56093a5fc7aa,heart,UBERON:0000948,sc_bulk,http://purl.obolibrary.org/obo/CL_0001054,CD14-positive monocyte,530.5585920000001,8.174665012676679E-4
https://entity.api.hubmapconsortium.org/entities/4367b807cc0c8d290814c214a25e09cb,http://purl.org/ccf/1.5/096e6a9d-464c-448d-a1bb-56093a5fc7aa,heart,UBERON:0000948,sc_bulk,https://purl.org/ccf/ASCTB-TEMP_mast,Mast,528.2983949999999,8.139840671659018E-4
https://entity.api.hubmapconsortium.org/entities/4367b807cc0c8d290814c214a25e09cb,http://purl.org/ccf/1.5/096e6a9d-464c-448d-a1bb-56093a5fc7aa,heart,UBERON:0000948,sc_bulk,http://purl.obolibrary.org/obo/CL_0000576,monocyte,512.571946,7.897532933451767E-4
https://entity.api.hubmapconsortium.org/entities/4367b807cc0c8d290814c214a25e09cb,http://purl.org/ccf/1.5/096e6a9d-464c-448d-a1bb-56093a5fc7aa,heart,UBERON:0000948,sc_bulk,http://purl.obolibrary.org/obo/CL_0000896,"activated CD4-positive, alpha-beta T cell",401.2173300000001,6.181819160946797E-4
https://entity.api.hubmapconsortium.org/entities/4367b807cc0c8d290814c214a25e09cb,http://purl.org/ccf/1.5/096e6a9d-464c-448d-a1bb-56093a5fc7aa,heart,UBERON:0000948,sc_bulk,http://purl.obolibrary.org/obo/CL_0002138,endothelial cell of lymphatic vessel,322.127695,4.963233161495354E-4
https://entity.api.hubmapconsortium.org/entities/4367b807cc0c8d290814c214a25e09cb,http://purl.org/ccf/1.5/096e6a9d-464c-448d-a1bb-56093a5fc7aa,heart,UBERON:0000948,sc_bulk,http://purl.obolibrary.org/obo/CL_0000236,B cell,277.511458,4.275801467615274E-4
https://entity.api.hubmapconsortium.org/entities/4367b807cc0c8d290814c214a25e09cb,http://purl.org/ccf/1.5/096e6a9d-464c-448d-a1bb-56093a5fc7aa,heart,UBERON:0000948,sc_bulk,http://purl.obolibrary.org/obo/CL_0000451,dendritic cell,265.342295,4.088303173346467E-4
https://entity.api.hubmapconsortium.org/entities/4367b807cc0c8d290814c214a25e09cb,http://purl.org/ccf/1.5/096e6a9d-464c-448d-a1bb-56093a5fc7aa,heart,UBERON:0000948,sc_bulk,https://purl.org/ccf/ASCTB-TEMP_atrial-cardiomyocyte,Atrial Cardiomyocyte,179.3314,2.763076771084176E-4
https://entity.api.hubmapconsortium.org/entities/4367b807cc0c8d290814c214a25e09cb,http://purl.org/ccf/1.5/096e6a9d-464c-448d-a1bb-56093a5fc7aa,heart,UBERON:0000948,sc_bulk,https://purl.org/ccf/ASCTB-TEMP_endothelial,Endothelial,34.67534,5.342657587207034E-5
https://entity.api.hubmapconsortium.org/entities/4367b807cc0c8d290814c214a25e09cb,http://purl.org/ccf/1.5/096e6a9d-464c-448d-a1bb-56093a5fc7aa,heart,UBERON:0000948,sc_bulk,http://purl.obolibrary.org/obo/CL_0000077,mesothelial cell,29.44556,4.536871002376903E-5
https://entity.api.hubmapconsortium.org/entities/46c312ed8a0d794e8d83b52bdb3ec3e8,http://purl.org/ccf/1.5/4d36a212-596a-4c02-9488-96eb4f9f2487,respiratory system,UBERON:0001004,sc_bulk,https://purl.org/ccf/ASCTB-TEMP_ec-general-capillary,EC general capillary,3446.284607999999,0.2842016872265366
https://entity.api.hubmapconsortium.org/entities/46c312ed8a0d794e8d83b52bdb3ec3e8,http://purl.org/ccf/1.5/4d36a212-596a-4c02-9488-96eb4f9f2487,respiratory system,UBERON:0001004,sc_bulk,https://purl.org/ccf/ASCTB-TEMP_cd4-t-cells,CD4 T cells,1733.41152,0.1429477059144604
https://entity.api.hubmapconsortium.org/entities/46c312ed8a0d794e8d83b52bdb3ec3e8,http://purl.org/ccf/1.5/4d36a212-596a-4c02-9488-96eb4f9f2487,respiratory system,UBERON:0001004,sc_bulk,https://purl.org/ccf/ASCTB-TEMP_at1,AT1,1663.159104,0.1371542624151647
https://entity.api.hubmapconsortium.org/entities/46c312ed8a0d794e8d83b52bdb3ec3e8,http://purl.org/ccf/1.5/4d36a212-596a-4c02-9488-96eb4f9f2487,respiratory system,UBERON:0001004,sc_bulk,https://purl.org/ccf/ASCTB-TEMP_at2,AT2,1262.189376,0.1040878485270504
https://entity.api.hubmapconsortium.org/entities/46c312ed8a0d794e8d83b52bdb3ec3e8,http://purl.org/ccf/1.5/4d36a212-596a-4c02-9488-96eb4f9f2487,respiratory system,UBERON:0001004,sc_bulk,https://purl.org/ccf/ASCTB-TEMP_cd8-t-cells,CD8 T cells,947.829888,0.07816384425941737
https://entity.api.hubmapconsortium.org/entities/46c312ed8a0d794e8d83b52bdb3ec3e8,http://purl.org/ccf/1.5/4d36a212-596a-4c02-9488-96eb4f9f2487,respiratory system,UBERON:0001004,sc_bulk,https://purl.org/ccf/ASCTB-TEMP_multiciliated-non-nasal-,Multiciliated (non-nasal),886.2860159999999,0.07308856051173973
https://entity.api.hubmapconsortium.org/entities/46c312ed8a0d794e8d83b52bdb3ec3e8,http://purl.org/ccf/1.5/4d36a212-596a-4c02-9488-96eb4f9f2487,respiratory system,UBERON:0001004,sc_bulk,https://purl.org/ccf/ASCTB-TEMP_ec-arterial,EC arterial,414.415296,0.03417521758425954
https://entity.api.hubmapconsortium.org/entities/46c312ed8a0d794e8d83b52bdb3ec3e8,http://purl.org/ccf/1.5/4d36a212-596a-4c02-9488-96eb4f9f2487,respiratory system,UBERON:0001004,sc_bulk,https://purl.org/ccf/ASCTB-TEMP_ec-venous-systemic,EC venous systemic,375.38784,0.03095677508603642
https://entity.api.hubmapconsortium.org/entities/46c312ed8a0d794e8d83b52bdb3ec3e8,http://purl.org/ccf/1.5/4d36a212-596a-4c02-9488-96eb4f9f2487,respiratory system,UBERON:0001004,sc_bulk,https://purl.org/ccf/ASCTB-TEMP_nk-cells,NK cells,272.7446399999999,0.02249218961488462
https://entity.api.hubmapconsortium.org/entities/46c312ed8a0d794e8d83b52bdb3ec3e8,http://purl.org/ccf/1.5/4d36a212-596a-4c02-9488-96eb4f9f2487,respiratory system,UBERON:0001004,sc_bulk,https://purl.org/ccf/ASCTB-TEMP_alveolar-fibroblasts,Alveolar fibroblasts,266.182848,0.02195106415087026
https://entity.api.hubmapconsortium.org/entities/46c312ed8a0d794e8d83b52bdb3ec3e8,http://purl.org/ccf/1.5/4d36a212-596a-4c02-9488-96eb4f9f2487,respiratory system,UBERON:0001004,sc_bulk,https://purl.org/ccf/ASCTB-TEMP_basal-resting,Basal resting,257.016384,0.02119514151794147
https://entity.api.hubmapconsortium.org/entities/46c312ed8a0d794e8d83b52bdb3ec3e8,http://purl.org/ccf/1.5/4d36a212-596a-4c02-9488-96eb4f9f2487,respiratory system,UBERON:0001004,sc_bulk,https://purl.org/ccf/ASCTB-TEMP_smooth-muscle,Smooth muscle,210.924864,0.0173941531374613
https://entity.api.hubmapconsortium.org/entities/46c312ed8a0d794e8d83b52bdb3ec3e8,http://purl.org/ccf/1.5/4d36a212-596a-4c02-9488-96eb4f9f2487,respiratory system,UBERON:0001004,sc_bulk,https://purl.org/ccf/ASCTB-TEMP_pericytes,Pericytes,98.41478399999998,0.00811588445014323
https://entity.api.hubmapconsortium.org/entities/46c312ed8a0d794e8d83b52bdb3ec3e8,http://purl.org/ccf/1.5/4d36a212-596a-4c02-9488-96eb4f9f2487,respiratory system,UBERON:0001004,sc_bulk,https://purl.org/ccf/ASCTB-TEMP_b-cells,B cells,57.802752,0.004766768132441215
https://entity.api.hubmapconsortium.org/entities/46c312ed8a0d794e8d83b52bdb3ec3e8,http://purl.org/ccf/1.5/4d36a212-596a-4c02-9488-96eb4f9f2487,respiratory system,UBERON:0001004,sc_bulk,https://purl.org/ccf/ASCTB-TEMP_transitional-club-at2,Transitional Club-AT2,44.652672,0.00368233218234921
https://entity.api.hubmapconsortium.org/entities/46c312ed8a0d794e8d83b52bdb3ec3e8,http://purl.org/ccf/1.5/4d36a212-596a-4c02-9488-96eb4f9f2487,respiratory system,UBERON:0001004,sc_bulk,https://purl.org/ccf/ASCTB-TEMP_ec-venous-pulmonary,EC venous pulmonary,36.694656,0.003026065555696948
https://entity.api.hubmapconsortium.org/entities/46c312ed8a0d794e8d83b52bdb3ec3e8,http://purl.org/ccf/1.5/4d36a212-596a-4c02-9488-96eb4f9f2487,respiratory system,UBERON:0001004,sc_bulk,https://purl.org/ccf/ASCTB-TEMP_lymphatic-ec-mature,Lymphatic EC mature,36.300672,0.00299357522762586
https://entity.api.hubmapconsortium.org/entities/46c312ed8a0d794e8d83b52bdb3ec3e8,http://purl.org/ccf/1.5/4d36a212-596a-4c02-9488-96eb4f9f2487,respiratory system,UBERON:0001004,sc_bulk,https://purl.org/ccf/ASCTB-TEMP_mast-cells,Mast cells,31.79231999999999,0.002621788973514159
https://entity.api.hubmapconsortium.org/entities/46c312ed8a0d794e8d83b52bdb3ec3e8,http://purl.org/ccf/1.5/4d36a212-596a-4c02-9488-96eb4f9f2487,respiratory system,UBERON:0001004,sc_bulk,https://purl.org/ccf/ASCTB-TEMP_ec-aerocyte-capillary,EC aerocyte capillary,28.731456,0.00236937142472796
https://entity.api.hubmapconsortium.org/entities/46c312ed8a0d794e8d83b52bdb3ec3e8,http://purl.org/ccf/1.5/4d36a212-596a-4c02-9488-96eb4f9f2487,respiratory system,UBERON:0001004,sc_bulk,https://purl.org/ccf/ASCTB-TEMP_classical-monocytes,Classical monocytes,17.067456,0.001407486712097075
https://entity.api.hubmapconsortium.org/entities/46c312ed8a0d794e8d83b52bdb3ec3e8,http://purl.org/ccf/1.5/4d36a212-596a-4c02-9488-96eb4f9f2487,respiratory system,UBERON:0001004,sc_bulk,https://purl.org/ccf/ASCTB-TEMP_club-non-nasal-,Club (non-nasal),16.349184,0.001348253613990867
https://entity.api.hubmapconsortium.org/entities/46c312ed8a0d794e8d83b52bdb3ec3e8,http://purl.org/ccf/1.5/4d36a212-596a-4c02-9488-96eb4f9f2487,respiratory system,UBERON:0001004,sc_bulk,https://purl.org/ccf/ASCTB-TEMP_adventitial-fibroblasts,Adventitial fibroblasts,6.693119999999999,5.519555733714018E-4
https://entity.api.hubmapconsortium.org/entities/46c312ed8a0d794e8d83b52bdb3ec3e8,http://purl.org/ccf/1.5/4d36a212-596a-4c02-9488-96eb4f9f2487,respiratory system,UBERON:0001004,sc_bulk,https://purl.org/ccf/ASCTB-TEMP_plasma-cells,Plasma cells,4.891967999999999,4.034215735493387E-4
https://entity.api.hubmapconsortium.org/entities/46c312ed8a0d794e8d83b52bdb3ec3e8,http://purl.org/ccf/1.5/4d36a212-596a-4c02-9488-96eb4f9f2487,respiratory system,UBERON:0001004,sc_bulk,https://purl.org/ccf/ASCTB-TEMP_peribronchial-fibroblasts,Peribronchial fibroblasts,4.350527999999999,3.587711226914111E-4
https://entity.api.hubmapconsortium.org/entities/46c312ed8a0d794e8d83b52bdb3ec3e8,http://purl.org/ccf/1.5/4d36a212-596a-4c02-9488-96eb4f9f2487,respiratory system,UBERON:0001004,sc_bulk,https://purl.org/ccf/ASCTB-TEMP_ionocyte,Ionocyte,3.888,3.206282375436285E-4
https://entity.api.hubmapconsortium.org/entities/46c312ed8a0d794e8d83b52bdb3ec3e8,http://purl.org/ccf/1.5/4d36a212-596a-4c02-9488-96eb4f9f2487,respiratory system,UBERON:0001004,sc_bulk,https://purl.org/ccf/ASCTB-TEMP_myofibroblasts,Myofibroblasts,0.6693119999999999,5.519555733714018E-5
https://entity.api.hubmapconsortium.org/entities/46c312ed8a0d794e8d83b52bdb3ec3e8,http://purl.org/ccf/1.5/4d36a212-596a-4c02-9488-96eb4f9f2487,respiratory system,UBERON:0001004,sc_bulk,https://purl.org/ccf/ASCTB-TEMP_at2-proliferating,AT2 proliferating,0.6693119999999999,5.519555733714018E-5
https://entity.api.hubmapconsortium.org/entities/46c312ed8a0d794e8d83b52bdb3ec3e8,http://purl.org/ccf/1.5/4d36a212-596a-4c02-9488-96eb4f9f2487,respiratory system,UBERON:0001004,sc_bulk,https://purl.org/ccf/ASCTB-TEMP_alveolar-macrophages,Alveolar macrophages,0.6693119999999999,5.519555733714018E-5
https://entity.api.hubmapconsortium.org/entities/46c312ed8a0d794e8d83b52bdb3ec3e8,http://purl.org/ccf/1.5/4d36a212-596a-4c02-9488-96eb4f9f2487,respiratory system,UBERON:0001004,sc_bulk,https://purl.org/ccf/ASCTB-TEMP_suprabasal,Suprabasal,0.3888,3.206282375436284E-5
https://entity.api.hubmapconsortium.org/entities/46c312ed8a0d794e8d83b52bdb3ec3e8,http://purl.org/ccf/1.5/4d36a212-596a-4c02-9488-96eb4f9f2487,respiratory system,UBERON:0001004,sc_bulk,https://purl.org/ccf/ASCTB-TEMP_dc2,DC2,0.334656,2.759777866857009E-5
https://entity.api.hubmapconsortium.org/entities/4953f701a9c622a7c7e9ff9e13aebcce,http://purl.org/ccf/1.5/87be14d0-b753-4a3c-92cf-d486144079fa,left kidney,UBERON:0004538,sc_bulk,https://purl.org/ccf/ASCTB-TEMP_cortical-thick-ascending-limb,Cortical Thick Ascending Limb,218880.615,0.1923133852731772
https://entity.api.hubmapconsortium.org/entities/4953f701a9c622a7c7e9ff9e13aebcce,http://purl.org/ccf/1.5/87be14d0-b753-4a3c-92cf-d486144079fa,left kidney,UBERON:0004538,sc_bulk,https://purl.org/ccf/ASCTB-TEMP_inner-medullary-collecting-duct,Inner Medullary Collecting Duct,127470.332,0.1119982738938111
https://entity.api.hubmapconsortium.org/entities/4953f701a9c622a7c7e9ff9e13aebcce,http://purl.org/ccf/1.5/87be14d0-b753-4a3c-92cf-d486144079fa,left kidney,UBERON:0004538,sc_bulk,https://purl.org/ccf/ASCTB-TEMP_connecting-tubule,Connecting Tubule,92264.948,0.08106603909137255
https://entity.api.hubmapconsortium.org/entities/4953f701a9c622a7c7e9ff9e13aebcce,http://purl.org/ccf/1.5/87be14d0-b753-4a3c-92cf-d486144079fa,left kidney,UBERON:0004538,sc_bulk,https://purl.org/ccf/ASCTB-TEMP_proximal-tubule-epithelial-segment-1,Proximal Tubule Epithelial Segment 1,89542.50000000001,0.07867403561902217
https://entity.api.hubmapconsortium.org/entities/4953f701a9c622a7c7e9ff9e13aebcce,http://purl.org/ccf/1.5/87be14d0-b753-4a3c-92cf-d486144079fa,left kidney,UBERON:0004538,sc_bulk,https://purl.org/ccf/ASCTB-TEMP_distal-convoluted-tubule-type-1,Distal Convoluted Tubule Type 1,85983.65000000002,0.0755471507133879
https://entity.api.hubmapconsortium.org/entities/4953f701a9c622a7c7e9ff9e13aebcce,http://purl.org/ccf/1.5/87be14d0-b753-4a3c-92cf-d486144079fa,left kidney,UBERON:0004538,sc_bulk,https://purl.org/ccf/ASCTB-TEMP_descending-thin-limb-type-1,Descending Thin Limb Type 1,74780.35,0.06570368170983548
https://entity.api.hubmapconsortium.org/entities/4953f701a9c622a7c7e9ff9e13aebcce,http://purl.org/ccf/1.5/87be14d0-b753-4a3c-92cf-d486144079fa,left kidney,UBERON:0004538,sc_bulk,https://purl.org/ccf/ASCTB-TEMP_descending-thin-limb-type-2,Descending Thin Limb Type 2,73242.46599999999,0.06435246256145426
https://entity.api.hubmapconsortium.org/entities/4953f701a9c622a7c7e9ff9e13aebcce,http://purl.org/ccf/1.5/87be14d0-b753-4a3c-92cf-d486144079fa,left kidney,UBERON:0004538,sc_bulk,https://purl.org/ccf/ASCTB-TEMP_ascending-thin-limb,Ascending Thin Limb,72502.091,0.0637019525899722
https://entity.api.hubmapconsortium.org/entities/4953f701a9c622a7c7e9ff9e13aebcce,http://purl.org/ccf/1.5/87be14d0-b753-4a3c-92cf-d486144079fa,left kidney,UBERON:0004538,sc_bulk,https://purl.org/ccf/ASCTB-TEMP_fibroblast,Fibroblast,50721.21700000001,0.0445647913884262
https://entity.api.hubmapconsortium.org/entities/4953f701a9c622a7c7e9ff9e13aebcce,http://purl.org/ccf/1.5/87be14d0-b753-4a3c-92cf-d486144079fa,left kidney,UBERON:0004538,sc_bulk,https://purl.org/ccf/ASCTB-TEMP_proximal-tubule-epithelial-segment-3,Proximal Tubule Epithelial Segment 3,48407.02699999999,0.04253149249137522
https://entity.api.hubmapconsortium.org/entities/4953f701a9c622a7c7e9ff9e13aebcce,http://purl.org/ccf/1.5/87be14d0-b753-4a3c-92cf-d486144079fa,left kidney,UBERON:0004538,sc_bulk,https://purl.org/ccf/ASCTB-TEMP_medullary-thick-ascending-limb,Medullary Thick Ascending Limb,34198.027,0.0300471484970632
https://entity.api.hubmapconsortium.org/entities/4953f701a9c622a7c7e9ff9e13aebcce,http://purl.org/ccf/1.5/87be14d0-b753-4a3c-92cf-d486144079fa,left kidney,UBERON:0004538,sc_bulk,https://purl.org/ccf/ASCTB-TEMP_cortical-collecting-duct-principal,Cortical Collecting Duct Principal,26503.50400000001,0.02328656914565594
https://entity.api.hubmapconsortium.org/entities/4953f701a9c622a7c7e9ff9e13aebcce,http://purl.org/ccf/1.5/87be14d0-b753-4a3c-92cf-d486144079fa,left kidney,UBERON:0004538,sc_bulk,https://purl.org/ccf/ASCTB-TEMP_cortical-collecting-duct-intercalated-type-a,Cortical Collecting Duct Intercalated Type A,13369.98,0.01174716232789585
https://entity.api.hubmapconsortium.org/entities/4953f701a9c622a7c7e9ff9e13aebcce,http://purl.org/ccf/1.5/87be14d0-b753-4a3c-92cf-d486144079fa,left kidney,UBERON:0004538,sc_bulk,https://purl.org/ccf/ASCTB-TEMP_podocyte,Podocyte,12591.483,0.01106315751780788
https://entity.api.hubmapconsortium.org/entities/4953f701a9c622a7c7e9ff9e13aebcce,http://purl.org/ccf/1.5/87be14d0-b753-4a3c-92cf-d486144079fa,left kidney,UBERON:0004538,sc_bulk,https://purl.org/ccf/ASCTB-TEMP_mesangial,Mesangial,12278.113,0.01078782365353189
https://entity.api.hubmapconsortium.org/entities/4953f701a9c622a7c7e9ff9e13aebcce,http://purl.org/ccf/1.5/87be14d0-b753-4a3c-92cf-d486144079fa,left kidney,UBERON:0004538,sc_bulk,https://purl.org/ccf/ASCTB-TEMP_peritubular-capilary-endothelial,Peritubular Capilary Endothelial,11271.73,0.009903593126258485
https://entity.api.hubmapconsortium.org/entities/4953f701a9c622a7c7e9ff9e13aebcce,http://purl.org/ccf/1.5/87be14d0-b753-4a3c-92cf-d486144079fa,left kidney,UBERON:0004538,sc_bulk,https://purl.org/ccf/ASCTB-TEMP_outer-medullary-collecting-duct-intercalated-type-a,Outer Medullary Collecting Duct Intercalated Type A,8190.706,0.007196536790785811
https://entity.api.hubmapconsortium.org/entities/4953f701a9c622a7c7e9ff9e13aebcce,http://purl.org/ccf/1.5/87be14d0-b753-4a3c-92cf-d486144079fa,left kidney,UBERON:0004538,sc_bulk,https://purl.org/ccf/ASCTB-TEMP_outer-medullary-collecting-duct-principal,Outer Medullary Collecting Duct Principal,7995.797,0.007025285400569231
https://entity.api.hubmapconsortium.org/entities/4953f701a9c622a7c7e9ff9e13aebcce,http://purl.org/ccf/1.5/87be14d0-b753-4a3c-92cf-d486144079fa,left kidney,UBERON:0004538,sc_bulk,https://purl.org/ccf/ASCTB-TEMP_parietal-epithelial,Parietal Epithelial,7860.065000000001,0.006906028241090313
https://entity.api.hubmapconsortium.org/entities/4953f701a9c622a7c7e9ff9e13aebcce,http://purl.org/ccf/1.5/87be14d0-b753-4a3c-92cf-d486144079fa,left kidney,UBERON:0004538,sc_bulk,https://purl.org/ccf/ASCTB-TEMP_intercalated-type-b,Intercalated Type B,7618.814000000001,0.006694059737115948
https://entity.api.hubmapconsortium.org/entities/4953f701a9c622a7c7e9ff9e13aebcce,http://purl.org/ccf/1.5/87be14d0-b753-4a3c-92cf-d486144079fa,left kidney,UBERON:0004538,sc_bulk,https://purl.org/ccf/ASCTB-TEMP_ascending-vasa-recta-endothelial,Ascending Vasa Recta Endothelial,6291.872,0.005528178929986634
https://entity.api.hubmapconsortium.org/entities/4953f701a9c622a7c7e9ff9e13aebcce,http://purl.org/ccf/1.5/87be14d0-b753-4a3c-92cf-d486144079fa,left kidney,UBERON:0004538,sc_bulk,https://purl.org/ccf/ASCTB-TEMP_classical-dendritic,Classical Dendritic,6157.746,0.005410332837891406
https://entity.api.hubmapconsortium.org/entities/4953f701a9c622a7c7e9ff9e13aebcce,http://purl.org/ccf/1.5/87be14d0-b753-4a3c-92cf-d486144079fa,left kidney,UBERON:0004538,sc_bulk,https://purl.org/ccf/ASCTB-TEMP_macula-densa,Macula Densa,6129.017999999999,0.005385091776995593
https://entity.api.hubmapconsortium.org/entities/4953f701a9c622a7c7e9ff9e13aebcce,http://purl.org/ccf/1.5/87be14d0-b753-4a3c-92cf-d486144079fa,left kidney,UBERON:0004538,sc_bulk,https://purl.org/ccf/ASCTB-TEMP_glomerular-capillary-endothelial,Glomerular Capillary Endothelial,5883.353999999999,0.00516924591289406
https://entity.api.hubmapconsortium.org/entities/4953f701a9c622a7c7e9ff9e13aebcce,http://purl.org/ccf/1.5/87be14d0-b753-4a3c-92cf-d486144079fa,left kidney,UBERON:0004538,sc_bulk,https://purl.org/ccf/ASCTB-TEMP_medullary-fibroblast,Medullary Fibroblast,4830.841999999999,0.004244485418408779
https://entity.api.hubmapconsortium.org/entities/4953f701a9c622a7c7e9ff9e13aebcce,http://purl.org/ccf/1.5/87be14d0-b753-4a3c-92cf-d486144079fa,left kidney,UBERON:0004538,sc_bulk,https://purl.org/ccf/ASCTB-TEMP_cortical-vascular-smooth-muscle-pericyte,Cortical Vascular Smooth Muscle / Pericyte,3701.618,0.003252324051484084
https://entity.api.hubmapconsortium.org/entities/4953f701a9c622a7c7e9ff9e13aebcce,http://purl.org/ccf/1.5/87be14d0-b753-4a3c-92cf-d486144079fa,left kidney,UBERON:0004538,sc_bulk,https://purl.org/ccf/ASCTB-TEMP_connecting-tubule-principal,Connecting Tubule Principal,3474.940000000001,0.003053159710014405
https://entity.api.hubmapconsortium.org/entities/4953f701a9c622a7c7e9ff9e13aebcce,http://purl.org/ccf/1.5/87be14d0-b753-4a3c-92cf-d486144079fa,left kidney,UBERON:0004538,sc_bulk,https://purl.org/ccf/ASCTB-TEMP_vascular-smooth-muscle-pericyte,Vascular Smooth Muscle / Pericyte,3381.532999999999,0.002971090238589483
https://entity.api.hubmapconsortium.org/entities/4953f701a9c622a7c7e9ff9e13aebcce,http://purl.org/ccf/1.5/87be14d0-b753-4a3c-92cf-d486144079fa,left kidney,UBERON:0004538,sc_bulk,https://purl.org/ccf/ASCTB-TEMP_m2-macrophage,M2 Macrophage,3375.679999999999,0.002965947662377314
https://entity.api.hubmapconsortium.org/entities/4953f701a9c622a7c7e9ff9e13aebcce,http://purl.org/ccf/1.5/87be14d0-b753-4a3c-92cf-d486144079fa,left kidney,UBERON:0004538,sc_bulk,https://purl.org/ccf/ASCTB-TEMP_descending-thin-limb-type-3,Descending Thin Limb Type 3,3154.318,0.002771454076954773
https://entity.api.hubmapconsortium.org/entities/4953f701a9c622a7c7e9ff9e13aebcce,http://purl.org/ccf/1.5/87be14d0-b753-4a3c-92cf-d486144079fa,left kidney,UBERON:0004538,sc_bulk,https://purl.org/ccf/ASCTB-TEMP_monocyte-derived,Monocyte-derived,2979.315,0.002617692541868799
https://entity.api.hubmapconsortium.org/entities/4953f701a9c622a7c7e9ff9e13aebcce,http://purl.org/ccf/1.5/87be14d0-b753-4a3c-92cf-d486144079fa,left kidney,UBERON:0004538,sc_bulk,https://purl.org/ccf/ASCTB-TEMP_descending-vasa-recta-endothelial,Descending Vasa Recta Endothelial,2757.939999999999,0.0024231875343566
https://entity.api.hubmapconsortium.org/entities/4953f701a9c622a7c7e9ff9e13aebcce,http://purl.org/ccf/1.5/87be14d0-b753-4a3c-92cf-d486144079fa,left kidney,UBERON:0004538,sc_bulk,https://purl.org/ccf/ASCTB-TEMP_t,T,1828.118,0.001606225207558149
https://entity.api.hubmapconsortium.org/entities/4953f701a9c622a7c7e9ff9e13aebcce,http://purl.org/ccf/1.5/87be14d0-b753-4a3c-92cf-d486144079fa,left kidney,UBERON:0004538,sc_bulk,https://purl.org/ccf/ASCTB-TEMP_distal-convoluted-tubule-type-2,Distal Convoluted Tubule Type 2,1561.651,0.001372101364139728
https://entity.api.hubmapconsortium.org/entities/4953f701a9c622a7c7e9ff9e13aebcce,http://purl.org/ccf/1.5/87be14d0-b753-4a3c-92cf-d486144079fa,left kidney,UBERON:0004538,sc_bulk,https://purl.org/ccf/ASCTB-TEMP_afferent-efferent-arteriole-endothelial,Afferent / Efferent Arteriole Endothelial,1489.726,0.001308906456560665
https://entity.api.hubmapconsortium.org/entities/4953f701a9c622a7c7e9ff9e13aebcce,http://purl.org/ccf/1.5/87be14d0-b753-4a3c-92cf-d486144079fa,left kidney,UBERON:0004538,sc_bulk,https://purl.org/ccf/ASCTB-TEMP_proximal-tubule-epithelial-segment-2,Proximal Tubule Epithelial Segment 2,1179.154,0.001036030977427617
https://entity.api.hubmapconsortium.org/entities/4953f701a9c622a7c7e9ff9e13aebcce,http://purl.org/ccf/1.5/87be14d0-b753-4a3c-92cf-d486144079fa,left kidney,UBERON:0004538,sc_bulk,https://purl.org/ccf/ASCTB-TEMP_mast,Mast,809.054,7.108528711361906E-4
https://entity.api.hubmapconsortium.org/entities/4953f701a9c622a7c7e9ff9e13aebcce,http://purl.org/ccf/1.5/87be14d0-b753-4a3c-92cf-d486144079fa,left kidney,UBERON:0004538,sc_bulk,https://purl.org/ccf/ASCTB-TEMP_b,B,619.965,5.447150625964997E-4
https://entity.api.hubmapconsortium.org/entities/4953f701a9c622a7c7e9ff9e13aebcce,http://purl.org/ccf/1.5/87be14d0-b753-4a3c-92cf-d486144079fa,left kidney,UBERON:0004538,sc_bulk,https://purl.org/ccf/ASCTB-TEMP_schwann-neural,Schwann / Neural,534.555,4.69671933554752E-4
https://entity.api.hubmapconsortium.org/entities/4953f701a9c622a7c7e9ff9e13aebcce,http://purl.org/ccf/1.5/87be14d0-b753-4a3c-92cf-d486144079fa,left kidney,UBERON:0004538,sc_bulk,https://purl.org/ccf/ASCTB-TEMP_plasma,Plasma,476.39,4.185668685657198E-4
https://entity.api.hubmapconsortium.org/entities/4953f701a9c622a7c7e9ff9e13aebcce,http://purl.org/ccf/1.5/87be14d0-b753-4a3c-92cf-d486144079fa,left kidney,UBERON:0004538,sc_bulk,https://purl.org/ccf/ASCTB-TEMP_lymphatic-endothelial,Lymphatic Endothelial,475.712,4.179711626590308E-4
https://entity.api.hubmapconsortium.org/entities/4953f701a9c622a7c7e9ff9e13aebcce,http://purl.org/ccf/1.5/87be14d0-b753-4a3c-92cf-d486144079fa,left kidney,UBERON:0004538,sc_bulk,https://purl.org/ccf/ASCTB-TEMP_tissue-resident-macrophage,Tissue-resident Macrophage,460.422,4.045370279786851E-4
https://entity.api.hubmapconsortium.org/entities/4953f701a9c622a7c7e9ff9e13aebcce,http://purl.org/ccf/1.5/87be14d0-b753-4a3c-92cf-d486144079fa,left kidney,UBERON:0004538,sc_bulk,https://purl.org/ccf/ASCTB-TEMP_papillary-tip-epithelial,Papillary Tip Epithelial,263.383,2.314141723030395E-4
https://entity.api.hubmapconsortium.org/entities/4953f701a9c622a7c7e9ff9e13aebcce,http://purl.org/ccf/1.5/87be14d0-b753-4a3c-92cf-d486144079fa,left kidney,UBERON:0004538,sc_bulk,https://purl.org/ccf/ASCTB-TEMP_connecting-tubule-intercalated-type-a,Connecting Tubule Intercalated Type A,245.422,2.156332375094693E-4
https://entity.api.hubmapconsortium.org/entities/4953f701a9c622a7c7e9ff9e13aebcce,http://purl.org/ccf/1.5/87be14d0-b753-4a3c-92cf-d486144079fa,left kidney,UBERON:0004538,sc_bulk,https://purl.org/ccf/ASCTB-TEMP_natural-killer-natural-killer-t,Natural Killer / Natural Killer T,79.75000000000001,7.007012692986032E-5
https://entity.api.hubmapconsortium.org/entities/4953f701a9c622a7c7e9ff9e13aebcce,http://purl.org/ccf/1.5/87be14d0-b753-4a3c-92cf-d486144079fa,left kidney,UBERON:0004538,sc_bulk,https://purl.org/ccf/ASCTB-TEMP_non-classical-monocyte,Non-classical monocyte,75.5,6.63359822345386E-5
https://entity.api.hubmapconsortium.org/entities/4953f701a9c622a7c7e9ff9e13aebcce,http://purl.org/ccf/1.5/87be14d0-b753-4a3c-92cf-d486144079fa,left kidney,UBERON:0004538,sc_bulk,https://purl.org/ccf/ASCTB-TEMP_neutrophil,Neutrophil,53.711,4.719168134833514E-5
https://entity.api.hubmapconsortium.org/entities/4953f701a9c622a7c7e9ff9e13aebcce,http://purl.org/ccf/1.5/87be14d0-b753-4a3c-92cf-d486144079fa,left kidney,UBERON:0004538,sc_bulk,https://purl.org/ccf/ASCTB-TEMP_renin-positive-juxtaglomerular-granular,Renin-positive Juxtaglomerular Granular,51.48,4.523147503886155E-5
https://entity.api.hubmapconsortium.org/entities/4953f701a9c622a7c7e9ff9e13aebcce,http://purl.org/ccf/1.5/87be14d0-b753-4a3c-92cf-d486144079fa,left kidney,UBERON:0004538,sc_bulk,https://purl.org/ccf/ASCTB-TEMP_monocyte,Monocyte,46.924,4.122847192547668E-5
https://entity.api.hubmapconsortium.org/entities/4953f701a9c622a7c7e9ff9e13aebcce,http://purl.org/ccf/1.5/87be14d0-b753-4a3c-92cf-d486144079fa,left kidney,UBERON:0004538,sc_bulk,https://purl.org/ccf/ASCTB-TEMP_natural-killer-t,Natural Killer T,43.343,3.808212553631267E-5
https://entity.api.hubmapconsortium.org/entities/4953f701a9c622a7c7e9ff9e13aebcce,http://purl.org/ccf/1.5/87be14d0-b753-4a3c-92cf-d486144079fa,left kidney,UBERON:0004538,sc_bulk,https://purl.org/ccf/ASCTB-TEMP_plasmacytoid-dendritic,Plasmacytoid Dendritic,38.875,3.415644118367799E-5
https://entity.api.hubmapconsortium.org/entities/4953f701a9c622a7c7e9ff9e13aebcce,http://purl.org/ccf/1.5/87be14d0-b753-4a3c-92cf-d486144079fa,left kidney,UBERON:0004538,sc_bulk,https://purl.org/ccf/ASCTB-TEMP_cycling-mononuclear-phagocyte,Cycling Mononuclear Phagocyte,20.779,1.825689238213877E-5
https://entity.api.hubmapconsortium.org/entities/4ab6fc6dab8e5ede99acbeaf77cb984b,http://purl.org/ccf/1.5/6904a86d-aadb-4959-9aac-54afa7e2bf2b,heart,UBERON:0000948,sc_bulk,https://purl.org/ccf/ASCTB-TEMP_fibroblast,Fibroblast,216132.071675,0.3330088912100683
https://entity.api.hubmapconsortium.org/entities/4ab6fc6dab8e5ede99acbeaf77cb984b,http://purl.org/ccf/1.5/6904a86d-aadb-4959-9aac-54afa7e2bf2b,heart,UBERON:0000948,sc_bulk,https://purl.org/ccf/ASCTB-TEMP_ventricular-cardiomycoyte,Ventricular Cardiomycoyte,170292.170578,0.2623803421049386
https://entity.api.hubmapconsortium.org/entities/4ab6fc6dab8e5ede99acbeaf77cb984b,http://purl.org/ccf/1.5/6904a86d-aadb-4959-9aac-54afa7e2bf2b,heart,UBERON:0000948,sc_bulk,http://purl.obolibrary.org/obo/CL_0002131,regular ventricular cardiac myocyte,61626.45028,0.0949519232287496
https://entity.api.hubmapconsortium.org/entities/4ab6fc6dab8e5ede99acbeaf77cb984b,http://purl.org/ccf/1.5/6904a86d-aadb-4959-9aac-54afa7e2bf2b,heart,UBERON:0000948,sc_bulk,http://purl.obolibrary.org/obo/CL_0000669,pericyte,32753.106745,0.05046486472974054
https://entity.api.hubmapconsortium.org/entities/4ab6fc6dab8e5ede99acbeaf77cb984b,http://purl.org/ccf/1.5/6904a86d-aadb-4959-9aac-54afa7e2bf2b,heart,UBERON:0000948,sc_bulk,http://purl.obolibrary.org/obo/CL_0002144,capillary endothelial cell,26313.782191,0.04054337407242711
https://entity.api.hubmapconsortium.org/entities/4ab6fc6dab8e5ede99acbeaf77cb984b,http://purl.org/ccf/1.5/6904a86d-aadb-4959-9aac-54afa7e2bf2b,heart,UBERON:0000948,sc_bulk,https://purl.org/ccf/ASCTB-TEMP_b,B,25815.87088899999,0.03977620939707383
https://entity.api.hubmapconsortium.org/entities/4ab6fc6dab8e5ede99acbeaf77cb984b,http://purl.org/ccf/1.5/6904a86d-aadb-4959-9aac-54afa7e2bf2b,heart,UBERON:0000948,sc_bulk,http://purl.obolibrary.org/obo/CL_0000057,fibroblast,19094.298733,0.02941984130458709
https://entity.api.hubmapconsortium.org/entities/4ab6fc6dab8e5ede99acbeaf77cb984b,http://purl.org/ccf/1.5/6904a86d-aadb-4959-9aac-54afa7e2bf2b,heart,UBERON:0000948,sc_bulk,http://purl.obolibrary.org/obo/CL_0000003,native cell,13792.917349,0.02125165449692905
https://entity.api.hubmapconsortium.org/entities/4ab6fc6dab8e5ede99acbeaf77cb984b,http://purl.org/ccf/1.5/6904a86d-aadb-4959-9aac-54afa7e2bf2b,heart,UBERON:0000948,sc_bulk,http://purl.obolibrary.org/obo/CL_1000413,endothelial cell of artery,9330.979517,0.01437685355430501
https://entity.api.hubmapconsortium.org/entities/4ab6fc6dab8e5ede99acbeaf77cb984b,http://purl.org/ccf/1.5/6904a86d-aadb-4959-9aac-54afa7e2bf2b,heart,UBERON:0000948,sc_bulk,https://purl.org/ccf/ASCTB-TEMP_pericyte,Pericyte,7963.752780999999,0.01227027744156244
https://entity.api.hubmapconsortium.org/entities/4ab6fc6dab8e5ede99acbeaf77cb984b,http://purl.org/ccf/1.5/6904a86d-aadb-4959-9aac-54afa7e2bf2b,heart,UBERON:0000948,sc_bulk,https://purl.org/ccf/ASCTB-TEMP_monocyte-cdc,Monocyte/cDC,7351.421487000001,0.01132681836263967
https://entity.api.hubmapconsortium.org/entities/4ab6fc6dab8e5ede99acbeaf77cb984b,http://purl.org/ccf/1.5/6904a86d-aadb-4959-9aac-54afa7e2bf2b,heart,UBERON:0000948,sc_bulk,https://purl.org/ccf/ASCTB-TEMP_capillary-endothelial,Capillary Endothelial,7283.600905999999,0.01122232273501252
https://entity.api.hubmapconsortium.org/entities/4ab6fc6dab8e5ede99acbeaf77cb984b,http://purl.org/ccf/1.5/6904a86d-aadb-4959-9aac-54afa7e2bf2b,heart,UBERON:0000948,sc_bulk,https://purl.org/ccf/ASCTB-TEMP_macrophage,Macrophage,6497.228401999999,0.01001070692248795
https://entity.api.hubmapconsortium.org/entities/4ab6fc6dab8e5ede99acbeaf77cb984b,http://purl.org/ccf/1.5/6904a86d-aadb-4959-9aac-54afa7e2bf2b,heart,UBERON:0000948,sc_bulk,http://purl.obolibrary.org/obo/CL_0000192,smooth muscle cell,6048.450279000002,0.00931924496600289
https://entity.api.hubmapconsortium.org/entities/4ab6fc6dab8e5ede99acbeaf77cb984b,http://purl.org/ccf/1.5/6904a86d-aadb-4959-9aac-54afa7e2bf2b,heart,UBERON:0000948,sc_bulk,http://purl.obolibrary.org/obo/CL_0000235,macrophage,5126.627335999999,0.007898931757688138
https://entity.api.hubmapconsortium.org/entities/4ab6fc6dab8e5ede99acbeaf77cb984b,http://purl.org/ccf/1.5/6904a86d-aadb-4959-9aac-54afa7e2bf2b,heart,UBERON:0000948,sc_bulk,http://purl.obolibrary.org/obo/CL_0000115,endothelial cell,3348.83698,0.005159773285428921
https://entity.api.hubmapconsortium.org/entities/4ab6fc6dab8e5ede99acbeaf77cb984b,http://purl.org/ccf/1.5/6904a86d-aadb-4959-9aac-54afa7e2bf2b,heart,UBERON:0000948,sc_bulk,http://purl.obolibrary.org/obo/CL_0002543,vein endothelial cell,2706.120319,0.004169497474055184
https://entity.api.hubmapconsortium.org/entities/4ab6fc6dab8e5ede99acbeaf77cb984b,http://purl.org/ccf/1.5/6904a86d-aadb-4959-9aac-54afa7e2bf2b,heart,UBERON:0000948,sc_bulk,https://purl.org/ccf/ASCTB-TEMP_mesothelial,Mesothelial,2681.72072,0.004131903407862276
https://entity.api.hubmapconsortium.org/entities/4ab6fc6dab8e5ede99acbeaf77cb984b,http://purl.org/ccf/1.5/6904a86d-aadb-4959-9aac-54afa7e2bf2b,heart,UBERON:0000948,sc_bulk,https://purl.org/ccf/ASCTB-TEMP_arterial-endothelial,Arterial Endothelial,2561.348617,0.003946438195587208
https://entity.api.hubmapconsortium.org/entities/4ab6fc6dab8e5ede99acbeaf77cb984b,http://purl.org/ccf/1.5/6904a86d-aadb-4959-9aac-54afa7e2bf2b,heart,UBERON:0000948,sc_bulk,https://purl.org/ccf/ASCTB-TEMP_venous-endothelial,Venous Endothelial,2393.425214,0.003687707569410919
https://entity.api.hubmapconsortium.org/entities/4ab6fc6dab8e5ede99acbeaf77cb984b,http://purl.org/ccf/1.5/6904a86d-aadb-4959-9aac-54afa7e2bf2b,heart,UBERON:0000948,sc_bulk,https://purl.org/ccf/ASCTB-TEMP_smooth-muscle,Smooth Muscle,2325.703015000001,0.003583363525398749
https://entity.api.hubmapconsortium.org/entities/4ab6fc6dab8e5ede99acbeaf77cb984b,http://purl.org/ccf/1.5/6904a86d-aadb-4959-9aac-54afa7e2bf2b,heart,UBERON:0000948,sc_bulk,https://purl.org/ccf/ASCTB-TEMP_endocardial,Endocardial,1737.193973,0.00267660895619157
https://entity.api.hubmapconsortium.org/entities/4ab6fc6dab8e5ede99acbeaf77cb984b,http://purl.org/ccf/1.5/6904a86d-aadb-4959-9aac-54afa7e2bf2b,heart,UBERON:0000948,sc_bulk,https://purl.org/ccf/ASCTB-TEMP_nk,NK,1733.181886,0.002670427269998707
https://entity.api.hubmapconsortium.org/entities/4ab6fc6dab8e5ede99acbeaf77cb984b,http://purl.org/ccf/1.5/6904a86d-aadb-4959-9aac-54afa7e2bf2b,heart,UBERON:0000948,sc_bulk,http://purl.obolibrary.org/obo/CL_0000623,natural killer cell,1304.568621,0.002010034635858759
https://entity.api.hubmapconsortium.org/entities/4ab6fc6dab8e5ede99acbeaf77cb984b,http://purl.org/ccf/1.5/6904a86d-aadb-4959-9aac-54afa7e2bf2b,heart,UBERON:0000948,sc_bulk,http://purl.obolibrary.org/obo/CL_0000934,"CD4-positive, alpha-beta cytotoxic T cell",1215.442296,0.001872711847825209
https://entity.api.hubmapconsortium.org/entities/4ab6fc6dab8e5ede99acbeaf77cb984b,http://purl.org/ccf/1.5/6904a86d-aadb-4959-9aac-54afa7e2bf2b,heart,UBERON:0000948,sc_bulk,http://purl.obolibrary.org/obo/CL_0002319,neural cell,1075.58279,0.00165722111265897
https://entity.api.hubmapconsortium.org/entities/4ab6fc6dab8e5ede99acbeaf77cb984b,http://purl.org/ccf/1.5/6904a86d-aadb-4959-9aac-54afa7e2bf2b,heart,UBERON:0000948,sc_bulk,http://purl.obolibrary.org/obo/CL_0002397,"CD14-positive, CD16-positive monocyte",979.4428640000001,0.001509092008495198
https://entity.api.hubmapconsortium.org/entities/4ab6fc6dab8e5ede99acbeaf77cb984b,http://purl.org/ccf/1.5/6904a86d-aadb-4959-9aac-54afa7e2bf2b,heart,UBERON:0000948,sc_bulk,https://purl.org/ccf/ASCTB-TEMP_t,T,978.9958300000001,0.001508403233823676
https://entity.api.hubmapconsortium.org/entities/4ab6fc6dab8e5ede99acbeaf77cb984b,http://purl.org/ccf/1.5/6904a86d-aadb-4959-9aac-54afa7e2bf2b,heart,UBERON:0000948,sc_bulk,http://purl.obolibrary.org/obo/CL_1000309,epicardial adipocyte,840.005365,0.001294251487256322
https://entity.api.hubmapconsortium.org/entities/4ab6fc6dab8e5ede99acbeaf77cb984b,http://purl.org/ccf/1.5/6904a86d-aadb-4959-9aac-54afa7e2bf2b,heart,UBERON:0000948,sc_bulk,http://purl.obolibrary.org/obo/CL_0000794,"CD8-positive, alpha-beta cytotoxic T cell",793.996246,0.001223362213003767
https://entity.api.hubmapconsortium.org/entities/4ab6fc6dab8e5ede99acbeaf77cb984b,http://purl.org/ccf/1.5/6904a86d-aadb-4959-9aac-54afa7e2bf2b,heart,UBERON:0000948,sc_bulk,http://purl.obolibrary.org/obo/CL_0000906,"activated CD8-positive, alpha-beta T cell",790.5968889999999,0.001218124600202371
https://entity.api.hubmapconsortium.org/entities/4ab6fc6dab8e5ede99acbeaf77cb984b,http://purl.org/ccf/1.5/6904a86d-aadb-4959-9aac-54afa7e2bf2b,heart,UBERON:0000948,sc_bulk,https://purl.org/ccf/ASCTB-TEMP_adipocyte,Adipocyte,698.467324,0.001076174522869795
https://entity.api.hubmapconsortium.org/entities/4ab6fc6dab8e5ede99acbeaf77cb984b,http://purl.org/ccf/1.5/6904a86d-aadb-4959-9aac-54afa7e2bf2b,heart,UBERON:0000948,sc_bulk,http://purl.obolibrary.org/obo/CL_0000097,mast cell,696.0811290000001,0.001072497955366404
https://entity.api.hubmapconsortium.org/entities/4ab6fc6dab8e5ede99acbeaf77cb984b,http://purl.org/ccf/1.5/6904a86d-aadb-4959-9aac-54afa7e2bf2b,heart,UBERON:0000948,sc_bulk,https://purl.org/ccf/ASCTB-TEMP_neuronal,Neuronal,562.236733,8.662750956065449E-4
https://entity.api.hubmapconsortium.org/entities/4ab6fc6dab8e5ede99acbeaf77cb984b,http://purl.org/ccf/1.5/6904a86d-aadb-4959-9aac-54afa7e2bf2b,heart,UBERON:0000948,sc_bulk,https://purl.org/ccf/ASCTB-TEMP_lymphatic-endothelial,Lymphatic Endothelial,554.0028500000001,8.535886107783863E-4
https://entity.api.hubmapconsortium.org/entities/4ab6fc6dab8e5ede99acbeaf77cb984b,http://purl.org/ccf/1.5/6904a86d-aadb-4959-9aac-54afa7e2bf2b,heart,UBERON:0000948,sc_bulk,http://purl.obolibrary.org/obo/CL_0000814,mature NK T cell,547.172205,8.430641869847714E-4
https://entity.api.hubmapconsortium.org/entities/4ab6fc6dab8e5ede99acbeaf77cb984b,http://purl.org/ccf/1.5/6904a86d-aadb-4959-9aac-54afa7e2bf2b,heart,UBERON:0000948,sc_bulk,http://purl.obolibrary.org/obo/CL_0001054,CD14-positive monocyte,530.5585920000001,8.174665012676679E-4
https://entity.api.hubmapconsortium.org/entities/4ab6fc6dab8e5ede99acbeaf77cb984b,http://purl.org/ccf/1.5/6904a86d-aadb-4959-9aac-54afa7e2bf2b,heart,UBERON:0000948,sc_bulk,https://purl.org/ccf/ASCTB-TEMP_mast,Mast,528.2983949999999,8.139840671659018E-4
https://entity.api.hubmapconsortium.org/entities/4ab6fc6dab8e5ede99acbeaf77cb984b,http://purl.org/ccf/1.5/6904a86d-aadb-4959-9aac-54afa7e2bf2b,heart,UBERON:0000948,sc_bulk,http://purl.obolibrary.org/obo/CL_0000576,monocyte,512.571946,7.897532933451767E-4
https://entity.api.hubmapconsortium.org/entities/4ab6fc6dab8e5ede99acbeaf77cb984b,http://purl.org/ccf/1.5/6904a86d-aadb-4959-9aac-54afa7e2bf2b,heart,UBERON:0000948,sc_bulk,http://purl.obolibrary.org/obo/CL_0000896,"activated CD4-positive, alpha-beta T cell",401.2173300000001,6.181819160946797E-4
https://entity.api.hubmapconsortium.org/entities/4ab6fc6dab8e5ede99acbeaf77cb984b,http://purl.org/ccf/1.5/6904a86d-aadb-4959-9aac-54afa7e2bf2b,heart,UBERON:0000948,sc_bulk,http://purl.obolibrary.org/obo/CL_0002138,endothelial cell of lymphatic vessel,322.127695,4.963233161495354E-4
https://entity.api.hubmapconsortium.org/entities/4ab6fc6dab8e5ede99acbeaf77cb984b,http://purl.org/ccf/1.5/6904a86d-aadb-4959-9aac-54afa7e2bf2b,heart,UBERON:0000948,sc_bulk,http://purl.obolibrary.org/obo/CL_0000236,B cell,277.511458,4.275801467615274E-4
https://entity.api.hubmapconsortium.org/entities/4ab6fc6dab8e5ede99acbeaf77cb984b,http://purl.org/ccf/1.5/6904a86d-aadb-4959-9aac-54afa7e2bf2b,heart,UBERON:0000948,sc_bulk,http://purl.obolibrary.org/obo/CL_0000451,dendritic cell,265.342295,4.088303173346467E-4
https://entity.api.hubmapconsortium.org/entities/4ab6fc6dab8e5ede99acbeaf77cb984b,http://purl.org/ccf/1.5/6904a86d-aadb-4959-9aac-54afa7e2bf2b,heart,UBERON:0000948,sc_bulk,https://purl.org/ccf/ASCTB-TEMP_atrial-cardiomyocyte,Atrial Cardiomyocyte,179.3314,2.763076771084176E-4
https://entity.api.hubmapconsortium.org/entities/4ab6fc6dab8e5ede99acbeaf77cb984b,http://purl.org/ccf/1.5/6904a86d-aadb-4959-9aac-54afa7e2bf2b,heart,UBERON:0000948,sc_bulk,https://purl.org/ccf/ASCTB-TEMP_endothelial,Endothelial,34.67534,5.342657587207034E-5
https://entity.api.hubmapconsortium.org/entities/4ab6fc6dab8e5ede99acbeaf77cb984b,http://purl.org/ccf/1.5/6904a86d-aadb-4959-9aac-54afa7e2bf2b,heart,UBERON:0000948,sc_bulk,http://purl.obolibrary.org/obo/CL_0000077,mesothelial cell,29.44556,4.536871002376903E-5
https://entity.api.hubmapconsortium.org/entities/4b080d5c3c61100ff442700a5bc9e3ea,http://purl.org/ccf/1.5/401a320b-358c-4091-acac-ef7afb2d8603,small intestine,UBERON:0002108,spatial,https://purl.org/ccf/ASCTB-TEMP_enterocyte,Enterocyte,402.7031909999999,0.2394423240410083
https://entity.api.hubmapconsortium.org/entities/4b080d5c3c61100ff442700a5bc9e3ea,http://purl.org/ccf/1.5/401a320b-358c-4091-acac-ef7afb2d8603,small intestine,UBERON:0002108,spatial,https://purl.org/ccf/ASCTB-TEMP_smooth-muscle,Smooth muscle,204.652035,0.1216835624233277
https://entity.api.hubmapconsortium.org/entities/4b080d5c3c61100ff442700a5bc9e3ea,http://purl.org/ccf/1.5/401a320b-358c-4091-acac-ef7afb2d8603,small intestine,UBERON:0002108,spatial,https://purl.org/ccf/ASCTB-TEMP_cd8-t,CD8+ T,180.4023,0.1072649706774814
https://entity.api.hubmapconsortium.org/entities/4b080d5c3c61100ff442700a5bc9e3ea,http://purl.org/ccf/1.5/401a320b-358c-4091-acac-ef7afb2d8603,small intestine,UBERON:0002108,spatial,https://purl.org/ccf/ASCTB-TEMP_endothelial,Endothelial,136.562292,0.08119824551588117
https://entity.api.hubmapconsortium.org/entities/4b080d5c3c61100ff442700a5bc9e3ea,http://purl.org/ccf/1.5/401a320b-358c-4091-acac-ef7afb2d8603,small intestine,UBERON:0002108,spatial,https://purl.org/ccf/ASCTB-TEMP_stroma,Stroma,128.43585,0.07636636386668796
https://entity.api.hubmapconsortium.org/entities/4b080d5c3c61100ff442700a5bc9e3ea,http://purl.org/ccf/1.5/401a320b-358c-4091-acac-ef7afb2d8603,small intestine,UBERON:0002108,spatial,https://purl.org/ccf/ASCTB-TEMP_plasma,Plasma,94.048335,0.05591997383648073
https://entity.api.hubmapconsortium.org/entities/4b080d5c3c61100ff442700a5bc9e3ea,http://purl.org/ccf/1.5/401a320b-358c-4091-acac-ef7afb2d8603,small intestine,UBERON:0002108,spatial,https://purl.org/ccf/ASCTB-TEMP_goblet,Goblet,87.951132,0.05229465253509127
https://entity.api.hubmapconsortium.org/entities/4b080d5c3c61100ff442700a5bc9e3ea,http://purl.org/ccf/1.5/401a320b-358c-4091-acac-ef7afb2d8603,small intestine,UBERON:0002108,spatial,https://purl.org/ccf/ASCTB-TEMP_cd4-t-cell,CD4+ T cell,72.98788499999999,0.04339769140602079
https://entity.api.hubmapconsortium.org/entities/4b080d5c3c61100ff442700a5bc9e3ea,http://purl.org/ccf/1.5/401a320b-358c-4091-acac-ef7afb2d8603,small intestine,UBERON:0002108,spatial,https://purl.org/ccf/ASCTB-TEMP_m2-macrophage,M2 Macrophage,68.725917,0.04086357807959223
https://entity.api.hubmapconsortium.org/entities/4b080d5c3c61100ff442700a5bc9e3ea,http://purl.org/ccf/1.5/401a320b-358c-4091-acac-ef7afb2d8603,small intestine,UBERON:0002108,spatial,https://purl.org/ccf/ASCTB-TEMP_nerve,Nerve,52.95926699999999,0.03148892348853594
https://entity.api.hubmapconsortium.org/entities/4b080d5c3c61100ff442700a5bc9e3ea,http://purl.org/ccf/1.5/401a320b-358c-4091-acac-ef7afb2d8603,small intestine,UBERON:0002108,spatial,https://purl.org/ccf/ASCTB-TEMP_lymphatic,Lymphatic,35.825562,0.02130143494530997
https://entity.api.hubmapconsortium.org/entities/4b080d5c3c61100ff442700a5bc9e3ea,http://purl.org/ccf/1.5/401a320b-358c-4091-acac-ef7afb2d8603,small intestine,UBERON:0002108,spatial,https://purl.org/ccf/ASCTB-TEMP_ta,TA,31.52258999999999,0.01874294114891145
https://entity.api.hubmapconsortium.org/entities/4b080d5c3c61100ff442700a5bc9e3ea,http://purl.org/ccf/1.5/401a320b-358c-4091-acac-ef7afb2d8603,small intestine,UBERON:0002108,spatial,https://purl.org/ccf/ASCTB-TEMP_cycling-ta,Cycling TA,28.992582,0.01723862976300454
https://entity.api.hubmapconsortium.org/entities/4b080d5c3c61100ff442700a5bc9e3ea,http://purl.org/ccf/1.5/401a320b-358c-4091-acac-ef7afb2d8603,small intestine,UBERON:0002108,spatial,https://purl.org/ccf/ASCTB-TEMP_icc,ICC,25.631478,0.01524015900069184
https://entity.api.hubmapconsortium.org/entities/4b080d5c3c61100ff442700a5bc9e3ea,http://purl.org/ccf/1.5/401a320b-358c-4091-acac-ef7afb2d8603,small intestine,UBERON:0002108,spatial,https://purl.org/ccf/ASCTB-TEMP_b,B,21.618594,0.01285414793214042
https://entity.api.hubmapconsortium.org/entities/4b080d5c3c61100ff442700a5bc9e3ea,http://purl.org/ccf/1.5/401a320b-358c-4091-acac-ef7afb2d8603,small intestine,UBERON:0002108,spatial,https://purl.org/ccf/ASCTB-TEMP_paneth,Paneth,21.343806,0.01269076239458062
https://entity.api.hubmapconsortium.org/entities/4b080d5c3c61100ff442700a5bc9e3ea,http://purl.org/ccf/1.5/401a320b-358c-4091-acac-ef7afb2d8603,small intestine,UBERON:0002108,spatial,https://purl.org/ccf/ASCTB-TEMP_dc,DC,16.830153,0.01000700028792607
https://entity.api.hubmapconsortium.org/entities/4b080d5c3c61100ff442700a5bc9e3ea,http://purl.org/ccf/1.5/401a320b-358c-4091-acac-ef7afb2d8603,small intestine,UBERON:0002108,spatial,https://purl.org/ccf/ASCTB-TEMP_m1-macrophage,M1 Macrophage,13.73787,0.00816836715896112
https://entity.api.hubmapconsortium.org/entities/4b080d5c3c61100ff442700a5bc9e3ea,http://purl.org/ccf/1.5/401a320b-358c-4091-acac-ef7afb2d8603,small intestine,UBERON:0002108,spatial,https://purl.org/ccf/ASCTB-TEMP_muc1-enterocyte,MUC1+ Enterocyte,11.522889,0.006851366921069594
https://entity.api.hubmapconsortium.org/entities/4b080d5c3c61100ff442700a5bc9e3ea,http://purl.org/ccf/1.5/401a320b-358c-4091-acac-ef7afb2d8603,small intestine,UBERON:0002108,spatial,https://purl.org/ccf/ASCTB-TEMP_cd66-enterocyte,CD66+ Enterocyte,11.232954,0.006678975165125375
https://entity.api.hubmapconsortium.org/entities/4b080d5c3c61100ff442700a5bc9e3ea,http://purl.org/ccf/1.5/401a320b-358c-4091-acac-ef7afb2d8603,small intestine,UBERON:0002108,spatial,https://purl.org/ccf/ASCTB-TEMP_neuroendocrine,Neuroendocrine,11.095407,0.006597191424442603
https://entity.api.hubmapconsortium.org/entities/4b080d5c3c61100ff442700a5bc9e3ea,http://purl.org/ccf/1.5/401a320b-358c-4091-acac-ef7afb2d8603,small intestine,UBERON:0002108,spatial,https://purl.org/ccf/ASCTB-TEMP_neutrophil,Neutrophil,10.327959,0.006140876359631946
https://entity.api.hubmapconsortium.org/entities/4b080d5c3c61100ff442700a5bc9e3ea,http://purl.org/ccf/1.5/401a320b-358c-4091-acac-ef7afb2d8603,small intestine,UBERON:0002108,spatial,https://purl.org/ccf/ASCTB-TEMP_cd7-immune,CD7+ Immune,9.829790999999998,0.005844671843877659
https://entity.api.hubmapconsortium.org/entities/4b080d5c3c61100ff442700a5bc9e3ea,http://purl.org/ccf/1.5/401a320b-358c-4091-acac-ef7afb2d8603,small intestine,UBERON:0002108,spatial,https://purl.org/ccf/ASCTB-TEMP_nk,NK,1.876851,0.001115952332542333
https://entity.api.hubmapconsortium.org/entities/4b080d5c3c61100ff442700a5bc9e3ea,http://purl.org/ccf/1.5/401a320b-358c-4091-acac-ef7afb2d8603,small intestine,UBERON:0002108,spatial,https://purl.org/ccf/ASCTB-TEMP_cd57-enterocyte,CD57+ Enterocyte,1.021275,6.072374516768623E-4
https://entity.api.hubmapconsortium.org/entities/4c698dfb4bd8549a6becab2112e99f6a,http://purl.org/ccf/1.5/c925bf80-6d96-4a43-b4a5-029200246091,heart,UBERON:0000948,sc_bulk,https://purl.org/ccf/ASCTB-TEMP_fibroblast,Fibroblast,236167.4896749999,0.3330088912100683
https://entity.api.hubmapconsortium.org/entities/4c698dfb4bd8549a6becab2112e99f6a,http://purl.org/ccf/1.5/c925bf80-6d96-4a43-b4a5-029200246091,heart,UBERON:0000948,sc_bulk,https://purl.org/ccf/ASCTB-TEMP_ventricular-cardiomycoyte,Ventricular Cardiomycoyte,186078.235058,0.2623803421049386
https://entity.api.hubmapconsortium.org/entities/4c698dfb4bd8549a6becab2112e99f6a,http://purl.org/ccf/1.5/c925bf80-6d96-4a43-b4a5-029200246091,heart,UBERON:0000948,sc_bulk,http://purl.obolibrary.org/obo/CL_0002131,regular ventricular cardiac myocyte,67339.21508,0.09495192322874961
https://entity.api.hubmapconsortium.org/entities/4c698dfb4bd8549a6becab2112e99f6a,http://purl.org/ccf/1.5/c925bf80-6d96-4a43-b4a5-029200246091,heart,UBERON:0000948,sc_bulk,http://purl.obolibrary.org/obo/CL_0000669,pericyte,35789.315945,0.05046486472974055
https://entity.api.hubmapconsortium.org/entities/4c698dfb4bd8549a6becab2112e99f6a,http://purl.org/ccf/1.5/c925bf80-6d96-4a43-b4a5-029200246091,heart,UBERON:0000948,sc_bulk,http://purl.obolibrary.org/obo/CL_0002144,capillary endothelial cell,28753.066751,0.04054337407242712
https://entity.api.hubmapconsortium.org/entities/4c698dfb4bd8549a6becab2112e99f6a,http://purl.org/ccf/1.5/c925bf80-6d96-4a43-b4a5-029200246091,heart,UBERON:0000948,sc_bulk,https://purl.org/ccf/ASCTB-TEMP_b,B,28208.99912899999,0.03977620939707384
https://entity.api.hubmapconsortium.org/entities/4c698dfb4bd8549a6becab2112e99f6a,http://purl.org/ccf/1.5/c925bf80-6d96-4a43-b4a5-029200246091,heart,UBERON:0000948,sc_bulk,http://purl.obolibrary.org/obo/CL_0000057,fibroblast,20864.338013,0.0294198413045871
https://entity.api.hubmapconsortium.org/entities/4c698dfb4bd8549a6becab2112e99f6a,http://purl.org/ccf/1.5/c925bf80-6d96-4a43-b4a5-029200246091,heart,UBERON:0000948,sc_bulk,http://purl.obolibrary.org/obo/CL_0000003,native cell,15071.519189,0.02125165449692905
https://entity.api.hubmapconsortium.org/entities/4c698dfb4bd8549a6becab2112e99f6a,http://purl.org/ccf/1.5/c925bf80-6d96-4a43-b4a5-029200246091,heart,UBERON:0000948,sc_bulk,http://purl.obolibrary.org/obo/CL_1000413,endothelial cell of artery,10195.960237,0.01437685355430501
https://entity.api.hubmapconsortium.org/entities/4c698dfb4bd8549a6becab2112e99f6a,http://purl.org/ccf/1.5/c925bf80-6d96-4a43-b4a5-029200246091,heart,UBERON:0000948,sc_bulk,https://purl.org/ccf/ASCTB-TEMP_pericyte,Pericyte,8701.991740999998,0.01227027744156244
https://entity.api.hubmapconsortium.org/entities/4c698dfb4bd8549a6becab2112e99f6a,http://purl.org/ccf/1.5/c925bf80-6d96-4a43-b4a5-029200246091,heart,UBERON:0000948,sc_bulk,https://purl.org/ccf/ASCTB-TEMP_monocyte-cdc,Monocyte/cDC,8032.897407,0.01132681836263967
https://entity.api.hubmapconsortium.org/entities/4c698dfb4bd8549a6becab2112e99f6a,http://purl.org/ccf/1.5/c925bf80-6d96-4a43-b4a5-029200246091,heart,UBERON:0000948,sc_bulk,https://purl.org/ccf/ASCTB-TEMP_capillary-endothelial,Capillary Endothelial,7958.789865999999,0.01122232273501253
https://entity.api.hubmapconsortium.org/entities/4c698dfb4bd8549a6becab2112e99f6a,http://purl.org/ccf/1.5/c925bf80-6d96-4a43-b4a5-029200246091,heart,UBERON:0000948,sc_bulk,https://purl.org/ccf/ASCTB-TEMP_macrophage,Macrophage,7099.520721999998,0.01001070692248795
https://entity.api.hubmapconsortium.org/entities/4c698dfb4bd8549a6becab2112e99f6a,http://purl.org/ccf/1.5/c925bf80-6d96-4a43-b4a5-029200246091,heart,UBERON:0000948,sc_bulk,http://purl.obolibrary.org/obo/CL_0000192,smooth muscle cell,6609.140919000002,0.00931924496600289
https://entity.api.hubmapconsortium.org/entities/4c698dfb4bd8549a6becab2112e99f6a,http://purl.org/ccf/1.5/c925bf80-6d96-4a43-b4a5-029200246091,heart,UBERON:0000948,sc_bulk,http://purl.obolibrary.org/obo/CL_0000235,macrophage,5601.865095999999,0.007898931757688138
https://entity.api.hubmapconsortium.org/entities/4c698dfb4bd8549a6becab2112e99f6a,http://purl.org/ccf/1.5/c925bf80-6d96-4a43-b4a5-029200246091,heart,UBERON:0000948,sc_bulk,http://purl.obolibrary.org/obo/CL_0000115,endothelial cell,3659.27378,0.005159773285428922
https://entity.api.hubmapconsortium.org/entities/4c698dfb4bd8549a6becab2112e99f6a,http://purl.org/ccf/1.5/c925bf80-6d96-4a43-b4a5-029200246091,heart,UBERON:0000948,sc_bulk,http://purl.obolibrary.org/obo/CL_0002543,vein endothelial cell,2956.977359,0.004169497474055184
https://entity.api.hubmapconsortium.org/entities/4c698dfb4bd8549a6becab2112e99f6a,http://purl.org/ccf/1.5/c925bf80-6d96-4a43-b4a5-029200246091,heart,UBERON:0000948,sc_bulk,https://purl.org/ccf/ASCTB-TEMP_mesothelial,Mesothelial,2930.31592,0.004131903407862277
https://entity.api.hubmapconsortium.org/entities/4c698dfb4bd8549a6becab2112e99f6a,http://purl.org/ccf/1.5/c925bf80-6d96-4a43-b4a5-029200246091,heart,UBERON:0000948,sc_bulk,https://purl.org/ccf/ASCTB-TEMP_arterial-endothelial,Arterial Endothelial,2798.785337,0.003946438195587209
https://entity.api.hubmapconsortium.org/entities/4c698dfb4bd8549a6becab2112e99f6a,http://purl.org/ccf/1.5/c925bf80-6d96-4a43-b4a5-029200246091,heart,UBERON:0000948,sc_bulk,https://purl.org/ccf/ASCTB-TEMP_venous-endothelial,Venous Endothelial,2615.295454,0.003687707569410919
https://entity.api.hubmapconsortium.org/entities/4c698dfb4bd8549a6becab2112e99f6a,http://purl.org/ccf/1.5/c925bf80-6d96-4a43-b4a5-029200246091,heart,UBERON:0000948,sc_bulk,https://purl.org/ccf/ASCTB-TEMP_smooth-muscle,Smooth Muscle,2541.295415000001,0.00358336352539875
https://entity.api.hubmapconsortium.org/entities/4c698dfb4bd8549a6becab2112e99f6a,http://purl.org/ccf/1.5/c925bf80-6d96-4a43-b4a5-029200246091,heart,UBERON:0000948,sc_bulk,https://purl.org/ccf/ASCTB-TEMP_endocardial,Endocardial,1898.231653,0.00267660895619157
https://entity.api.hubmapconsortium.org/entities/4c698dfb4bd8549a6becab2112e99f6a,http://purl.org/ccf/1.5/c925bf80-6d96-4a43-b4a5-029200246091,heart,UBERON:0000948,sc_bulk,https://purl.org/ccf/ASCTB-TEMP_nk,NK,1893.847645999999,0.002670427269998707
https://entity.api.hubmapconsortium.org/entities/4c698dfb4bd8549a6becab2112e99f6a,http://purl.org/ccf/1.5/c925bf80-6d96-4a43-b4a5-029200246091,heart,UBERON:0000948,sc_bulk,http://purl.obolibrary.org/obo/CL_0000623,natural killer cell,1425.501981,0.00201003463585876
https://entity.api.hubmapconsortium.org/entities/4c698dfb4bd8549a6becab2112e99f6a,http://purl.org/ccf/1.5/c925bf80-6d96-4a43-b4a5-029200246091,heart,UBERON:0000948,sc_bulk,http://purl.obolibrary.org/obo/CL_0000934,"CD4-positive, alpha-beta cytotoxic T cell",1328.113656,0.001872711847825209
https://entity.api.hubmapconsortium.org/entities/4c698dfb4bd8549a6becab2112e99f6a,http://purl.org/ccf/1.5/c925bf80-6d96-4a43-b4a5-029200246091,heart,UBERON:0000948,sc_bulk,http://purl.obolibrary.org/obo/CL_0002319,neural cell,1175.28919,0.00165722111265897
https://entity.api.hubmapconsortium.org/entities/4c698dfb4bd8549a6becab2112e99f6a,http://purl.org/ccf/1.5/c925bf80-6d96-4a43-b4a5-029200246091,heart,UBERON:0000948,sc_bulk,http://purl.obolibrary.org/obo/CL_0002397,"CD14-positive, CD16-positive monocyte",1070.237104,0.001509092008495198
https://entity.api.hubmapconsortium.org/entities/4c698dfb4bd8549a6becab2112e99f6a,http://purl.org/ccf/1.5/c925bf80-6d96-4a43-b4a5-029200246091,heart,UBERON:0000948,sc_bulk,https://purl.org/ccf/ASCTB-TEMP_t,T,1069.74863,0.001508403233823677
https://entity.api.hubmapconsortium.org/entities/4c698dfb4bd8549a6becab2112e99f6a,http://purl.org/ccf/1.5/c925bf80-6d96-4a43-b4a5-029200246091,heart,UBERON:0000948,sc_bulk,http://purl.obolibrary.org/obo/CL_1000309,epicardial adipocyte,917.8737649999999,0.001294251487256322
https://entity.api.hubmapconsortium.org/entities/4c698dfb4bd8549a6becab2112e99f6a,http://purl.org/ccf/1.5/c925bf80-6d96-4a43-b4a5-029200246091,heart,UBERON:0000948,sc_bulk,http://purl.obolibrary.org/obo/CL_0000794,"CD8-positive, alpha-beta cytotoxic T cell",867.599606,0.001223362213003767
https://entity.api.hubmapconsortium.org/entities/4c698dfb4bd8549a6becab2112e99f6a,http://purl.org/ccf/1.5/c925bf80-6d96-4a43-b4a5-029200246091,heart,UBERON:0000948,sc_bulk,http://purl.obolibrary.org/obo/CL_0000906,"activated CD8-positive, alpha-beta T cell",863.8851289999999,0.001218124600202371
https://entity.api.hubmapconsortium.org/entities/4c698dfb4bd8549a6becab2112e99f6a,http://purl.org/ccf/1.5/c925bf80-6d96-4a43-b4a5-029200246091,heart,UBERON:0000948,sc_bulk,https://purl.org/ccf/ASCTB-TEMP_adipocyte,Adipocyte,763.215164,0.001076174522869796
https://entity.api.hubmapconsortium.org/entities/4c698dfb4bd8549a6becab2112e99f6a,http://purl.org/ccf/1.5/c925bf80-6d96-4a43-b4a5-029200246091,heart,UBERON:0000948,sc_bulk,http://purl.obolibrary.org/obo/CL_0000097,mast cell,760.6077690000002,0.001072497955366404
https://entity.api.hubmapconsortium.org/entities/4c698dfb4bd8549a6becab2112e99f6a,http://purl.org/ccf/1.5/c925bf80-6d96-4a43-b4a5-029200246091,heart,UBERON:0000948,sc_bulk,https://purl.org/ccf/ASCTB-TEMP_neuronal,Neuronal,614.356013,8.66275095606545E-4
https://entity.api.hubmapconsortium.org/entities/4c698dfb4bd8549a6becab2112e99f6a,http://purl.org/ccf/1.5/c925bf80-6d96-4a43-b4a5-029200246091,heart,UBERON:0000948,sc_bulk,https://purl.org/ccf/ASCTB-TEMP_lymphatic-endothelial,Lymphatic Endothelial,605.35885,8.535886107783862E-4
https://entity.api.hubmapconsortium.org/entities/4c698dfb4bd8549a6becab2112e99f6a,http://purl.org/ccf/1.5/c925bf80-6d96-4a43-b4a5-029200246091,heart,UBERON:0000948,sc_bulk,http://purl.obolibrary.org/obo/CL_0000814,mature NK T cell,597.895005,8.430641869847716E-4
https://entity.api.hubmapconsortium.org/entities/4c698dfb4bd8549a6becab2112e99f6a,http://purl.org/ccf/1.5/c925bf80-6d96-4a43-b4a5-029200246091,heart,UBERON:0000948,sc_bulk,http://purl.obolibrary.org/obo/CL_0001054,CD14-positive monocyte,579.7413120000001,8.174665012676681E-4
https://entity.api.hubmapconsortium.org/entities/4c698dfb4bd8549a6becab2112e99f6a,http://purl.org/ccf/1.5/c925bf80-6d96-4a43-b4a5-029200246091,heart,UBERON:0000948,sc_bulk,https://purl.org/ccf/ASCTB-TEMP_mast,Mast,577.2715949999999,8.13984067165902E-4
https://entity.api.hubmapconsortium.org/entities/4c698dfb4bd8549a6becab2112e99f6a,http://purl.org/ccf/1.5/c925bf80-6d96-4a43-b4a5-029200246091,heart,UBERON:0000948,sc_bulk,http://purl.obolibrary.org/obo/CL_0000576,monocyte,560.087306,7.897532933451768E-4
https://entity.api.hubmapconsortium.org/entities/4c698dfb4bd8549a6becab2112e99f6a,http://purl.org/ccf/1.5/c925bf80-6d96-4a43-b4a5-029200246091,heart,UBERON:0000948,sc_bulk,http://purl.obolibrary.org/obo/CL_0000896,"activated CD4-positive, alpha-beta T cell",438.4101300000001,6.181819160946797E-4
https://entity.api.hubmapconsortium.org/entities/4c698dfb4bd8549a6becab2112e99f6a,http://purl.org/ccf/1.5/c925bf80-6d96-4a43-b4a5-029200246091,heart,UBERON:0000948,sc_bulk,http://purl.obolibrary.org/obo/CL_0002138,endothelial cell of lymphatic vessel,351.988895,4.963233161495355E-4
https://entity.api.hubmapconsortium.org/entities/4c698dfb4bd8549a6becab2112e99f6a,http://purl.org/ccf/1.5/c925bf80-6d96-4a43-b4a5-029200246091,heart,UBERON:0000948,sc_bulk,http://purl.obolibrary.org/obo/CL_0000236,B cell,303.236738,4.275801467615275E-4
https://entity.api.hubmapconsortium.org/entities/4c698dfb4bd8549a6becab2112e99f6a,http://purl.org/ccf/1.5/c925bf80-6d96-4a43-b4a5-029200246091,heart,UBERON:0000948,sc_bulk,http://purl.obolibrary.org/obo/CL_0000451,dendritic cell,289.939495,4.088303173346468E-4
https://entity.api.hubmapconsortium.org/entities/4c698dfb4bd8549a6becab2112e99f6a,http://purl.org/ccf/1.5/c925bf80-6d96-4a43-b4a5-029200246091,heart,UBERON:0000948,sc_bulk,https://purl.org/ccf/ASCTB-TEMP_atrial-cardiomyocyte,Atrial Cardiomyocyte,195.9554,2.763076771084176E-4
https://entity.api.hubmapconsortium.org/entities/4c698dfb4bd8549a6becab2112e99f6a,http://purl.org/ccf/1.5/c925bf80-6d96-4a43-b4a5-029200246091,heart,UBERON:0000948,sc_bulk,https://purl.org/ccf/ASCTB-TEMP_endothelial,Endothelial,37.88974,5.342657587207034E-5
https://entity.api.hubmapconsortium.org/entities/4c698dfb4bd8549a6becab2112e99f6a,http://purl.org/ccf/1.5/c925bf80-6d96-4a43-b4a5-029200246091,heart,UBERON:0000948,sc_bulk,http://purl.obolibrary.org/obo/CL_0000077,mesothelial cell,32.17516,4.536871002376904E-5
https://entity.api.hubmapconsortium.org/entities/507bb20f36adc8a513fe31a913bcfde6,http://purl.org/ccf/1.5/65f3b03b-1eb1-487d-8c02-c4d107cc9400,small intestine,UBERON:0002108,spatial,https://purl.org/ccf/ASCTB-TEMP_enterocyte,Enterocyte,13.984412,0.2288309016293707
https://entity.api.hubmapconsortium.org/entities/507bb20f36adc8a513fe31a913bcfde6,http://purl.org/ccf/1.5/65f3b03b-1eb1-487d-8c02-c4d107cc9400,small intestine,UBERON:0002108,spatial,https://purl.org/ccf/ASCTB-TEMP_cycling-ta,Cycling TA,6.887087999999999,0.1126953751534794
https://entity.api.hubmapconsortium.org/entities/507bb20f36adc8a513fe31a913bcfde6,http://purl.org/ccf/1.5/65f3b03b-1eb1-487d-8c02-c4d107cc9400,small intestine,UBERON:0002108,spatial,https://purl.org/ccf/ASCTB-TEMP_endothelial,Endothelial,5.055128,0.08271849385529242
https://entity.api.hubmapconsortium.org/entities/507bb20f36adc8a513fe31a913bcfde6,http://purl.org/ccf/1.5/65f3b03b-1eb1-487d-8c02-c4d107cc9400,small intestine,UBERON:0002108,spatial,https://purl.org/ccf/ASCTB-TEMP_smooth-muscle,Smooth muscle,4.910463999999999,0.08035131577491897
https://entity.api.hubmapconsortium.org/entities/507bb20f36adc8a513fe31a913bcfde6,http://purl.org/ccf/1.5/65f3b03b-1eb1-487d-8c02-c4d107cc9400,small intestine,UBERON:0002108,spatial,https://purl.org/ccf/ASCTB-TEMP_stroma,Stroma,3.987724,0.06525225932767718
https://entity.api.hubmapconsortium.org/entities/507bb20f36adc8a513fe31a913bcfde6,http://purl.org/ccf/1.5/65f3b03b-1eb1-487d-8c02-c4d107cc9400,small intestine,UBERON:0002108,spatial,https://purl.org/ccf/ASCTB-TEMP_goblet,Goblet,3.839004,0.06281871176841476
https://entity.api.hubmapconsortium.org/entities/507bb20f36adc8a513fe31a913bcfde6,http://purl.org/ccf/1.5/65f3b03b-1eb1-487d-8c02-c4d107cc9400,small intestine,UBERON:0002108,spatial,https://purl.org/ccf/ASCTB-TEMP_cd4-t-cell,CD4+ T cell,3.354312,0.05488755904118226
https://entity.api.hubmapconsortium.org/entities/507bb20f36adc8a513fe31a913bcfde6,http://purl.org/ccf/1.5/65f3b03b-1eb1-487d-8c02-c4d107cc9400,small intestine,UBERON:0002108,spatial,https://purl.org/ccf/ASCTB-TEMP_m2-macrophage,M2 Macrophage,3.102164,0.05076158977025098
https://entity.api.hubmapconsortium.org/entities/507bb20f36adc8a513fe31a913bcfde6,http://purl.org/ccf/1.5/65f3b03b-1eb1-487d-8c02-c4d107cc9400,small intestine,UBERON:0002108,spatial,https://purl.org/ccf/ASCTB-TEMP_plasma,Plasma,2.877056,0.04707808369191287
https://entity.api.hubmapconsortium.org/entities/507bb20f36adc8a513fe31a913bcfde6,http://purl.org/ccf/1.5/65f3b03b-1eb1-487d-8c02-c4d107cc9400,small intestine,UBERON:0002108,spatial,https://purl.org/ccf/ASCTB-TEMP_cd8-t,CD8+ T,2.579616,0.04221098857338806
https://entity.api.hubmapconsortium.org/entities/507bb20f36adc8a513fe31a913bcfde6,http://purl.org/ccf/1.5/65f3b03b-1eb1-487d-8c02-c4d107cc9400,small intestine,UBERON:0002108,spatial,https://purl.org/ccf/ASCTB-TEMP_ta,TA,1.948232,0.03187947302633762
https://entity.api.hubmapconsortium.org/entities/507bb20f36adc8a513fe31a913bcfde6,http://purl.org/ccf/1.5/65f3b03b-1eb1-487d-8c02-c4d107cc9400,small intestine,UBERON:0002108,spatial,https://purl.org/ccf/ASCTB-TEMP_lymphatic,Lymphatic,1.891448,0.03095030032189197
https://entity.api.hubmapconsortium.org/entities/507bb20f36adc8a513fe31a913bcfde6,http://purl.org/ccf/1.5/65f3b03b-1eb1-487d-8c02-c4d107cc9400,small intestine,UBERON:0002108,spatial,https://purl.org/ccf/ASCTB-TEMP_nerve,Nerve,1.8421,0.03014280499540944
https://entity.api.hubmapconsortium.org/entities/507bb20f36adc8a513fe31a913bcfde6,http://purl.org/ccf/1.5/65f3b03b-1eb1-487d-8c02-c4d107cc9400,small intestine,UBERON:0002108,spatial,https://purl.org/ccf/ASCTB-TEMP_paneth,Paneth,0.813228,0.01330708051723947
https://entity.api.hubmapconsortium.org/entities/507bb20f36adc8a513fe31a913bcfde6,http://purl.org/ccf/1.5/65f3b03b-1eb1-487d-8c02-c4d107cc9400,small intestine,UBERON:0002108,spatial,https://purl.org/ccf/ASCTB-TEMP_dc,DC,0.798356,0.01306372576131323
https://entity.api.hubmapconsortium.org/entities/507bb20f36adc8a513fe31a913bcfde6,http://purl.org/ccf/1.5/65f3b03b-1eb1-487d-8c02-c4d107cc9400,small intestine,UBERON:0002108,spatial,https://purl.org/ccf/ASCTB-TEMP_icc,ICC,0.688168,0.01126068825149608
https://entity.api.hubmapconsortium.org/entities/507bb20f36adc8a513fe31a913bcfde6,http://purl.org/ccf/1.5/65f3b03b-1eb1-487d-8c02-c4d107cc9400,small intestine,UBERON:0002108,spatial,https://purl.org/ccf/ASCTB-TEMP_muc1-enterocyte,MUC1+ Enterocyte,0.6685639999999999,0.01093990243686603
https://entity.api.hubmapconsortium.org/entities/507bb20f36adc8a513fe31a913bcfde6,http://purl.org/ccf/1.5/65f3b03b-1eb1-487d-8c02-c4d107cc9400,small intestine,UBERON:0002108,spatial,https://purl.org/ccf/ASCTB-TEMP_cd66-enterocyte,CD66+ Enterocyte,0.6138079999999999,0.01004391447186487
https://entity.api.hubmapconsortium.org/entities/507bb20f36adc8a513fe31a913bcfde6,http://purl.org/ccf/1.5/65f3b03b-1eb1-487d-8c02-c4d107cc9400,small intestine,UBERON:0002108,spatial,https://purl.org/ccf/ASCTB-TEMP_neuroendocrine,Neuroendocrine,0.425204,0.006957733703527538
https://entity.api.hubmapconsortium.org/entities/507bb20f36adc8a513fe31a913bcfde6,http://purl.org/ccf/1.5/65f3b03b-1eb1-487d-8c02-c4d107cc9400,small intestine,UBERON:0002108,spatial,https://purl.org/ccf/ASCTB-TEMP_neutrophil,Neutrophil,0.213616,0.003495459221486012
https://entity.api.hubmapconsortium.org/entities/507bb20f36adc8a513fe31a913bcfde6,http://purl.org/ccf/1.5/65f3b03b-1eb1-487d-8c02-c4d107cc9400,small intestine,UBERON:0002108,spatial,https://purl.org/ccf/ASCTB-TEMP_nk,NK,0.163592,0.002676902315188655
https://entity.api.hubmapconsortium.org/entities/507bb20f36adc8a513fe31a913bcfde6,http://purl.org/ccf/1.5/65f3b03b-1eb1-487d-8c02-c4d107cc9400,small intestine,UBERON:0002108,spatial,https://purl.org/ccf/ASCTB-TEMP_b,B,0.146692,0.002400362819817926
https://entity.api.hubmapconsortium.org/entities/507bb20f36adc8a513fe31a913bcfde6,http://purl.org/ccf/1.5/65f3b03b-1eb1-487d-8c02-c4d107cc9400,small intestine,UBERON:0002108,spatial,https://purl.org/ccf/ASCTB-TEMP_cd57-enterocyte,CD57+ Enterocyte,0.131144,0.002145946484076856
https://entity.api.hubmapconsortium.org/entities/507bb20f36adc8a513fe31a913bcfde6,http://purl.org/ccf/1.5/65f3b03b-1eb1-487d-8c02-c4d107cc9400,small intestine,UBERON:0002108,spatial,https://purl.org/ccf/ASCTB-TEMP_m1-macrophage,M1 Macrophage,0.125736,0.002057453845558223
https://entity.api.hubmapconsortium.org/entities/507bb20f36adc8a513fe31a913bcfde6,http://purl.org/ccf/1.5/65f3b03b-1eb1-487d-8c02-c4d107cc9400,small intestine,UBERON:0002108,spatial,https://purl.org/ccf/ASCTB-TEMP_cd7-immune,CD7+ Immune,0.06557199999999999,0.001072973242038428
https://entity.api.hubmapconsortium.org/entities/513ceb231c3406e87abddcf7bae9b5aa,http://purl.org/ccf/1.5/d14c269b-7528-4830-9b9e-90d4949ee20b,small intestine,UBERON:0002108,spatial,https://purl.org/ccf/ASCTB-TEMP_enterocyte,Enterocyte,13398.736715,0.1766987947792169
https://entity.api.hubmapconsortium.org/entities/513ceb231c3406e87abddcf7bae9b5aa,http://purl.org/ccf/1.5/d14c269b-7528-4830-9b9e-90d4949ee20b,small intestine,UBERON:0002108,spatial,https://purl.org/ccf/ASCTB-TEMP_smooth-muscle,Smooth muscle,10403.235591,0.1371949632144073
https://entity.api.hubmapconsortium.org/entities/513ceb231c3406e87abddcf7bae9b5aa,http://purl.org/ccf/1.5/d14c269b-7528-4830-9b9e-90d4949ee20b,small intestine,UBERON:0002108,spatial,https://purl.org/ccf/ASCTB-TEMP_cd8-t,CD8+ T,7335.658077999999,0.09674060837720001
https://entity.api.hubmapconsortium.org/entities/513ceb231c3406e87abddcf7bae9b5aa,http://purl.org/ccf/1.5/d14c269b-7528-4830-9b9e-90d4949ee20b,small intestine,UBERON:0002108,spatial,https://purl.org/ccf/ASCTB-TEMP_stroma,Stroma,6341.973238999999,0.08363617046066765
https://entity.api.hubmapconsortium.org/entities/513ceb231c3406e87abddcf7bae9b5aa,http://purl.org/ccf/1.5/d14c269b-7528-4830-9b9e-90d4949ee20b,small intestine,UBERON:0002108,spatial,https://purl.org/ccf/ASCTB-TEMP_endothelial,Endothelial,5738.877696999999,0.07568271502118457
https://entity.api.hubmapconsortium.org/entities/513ceb231c3406e87abddcf7bae9b5aa,http://purl.org/ccf/1.5/d14c269b-7528-4830-9b9e-90d4949ee20b,small intestine,UBERON:0002108,spatial,https://purl.org/ccf/ASCTB-TEMP_goblet,Goblet,5402.404433999999,0.07124539967480786
https://entity.api.hubmapconsortium.org/entities/513ceb231c3406e87abddcf7bae9b5aa,http://purl.org/ccf/1.5/d14c269b-7528-4830-9b9e-90d4949ee20b,small intestine,UBERON:0002108,spatial,https://purl.org/ccf/ASCTB-TEMP_cd4-t-cell,CD4+ T cell,4271.613073,0.05633283926814192
https://entity.api.hubmapconsortium.org/entities/513ceb231c3406e87abddcf7bae9b5aa,http://purl.org/ccf/1.5/d14c269b-7528-4830-9b9e-90d4949ee20b,small intestine,UBERON:0002108,spatial,https://purl.org/ccf/ASCTB-TEMP_m2-macrophage,M2 Macrophage,3402.991305,0.04487769817616379
https://entity.api.hubmapconsortium.org/entities/513ceb231c3406e87abddcf7bae9b5aa,http://purl.org/ccf/1.5/d14c269b-7528-4830-9b9e-90d4949ee20b,small intestine,UBERON:0002108,spatial,https://purl.org/ccf/ASCTB-TEMP_plasma,Plasma,3159.407713,0.04166538584777781
https://entity.api.hubmapconsortium.org/entities/513ceb231c3406e87abddcf7bae9b5aa,http://purl.org/ccf/1.5/d14c269b-7528-4830-9b9e-90d4949ee20b,small intestine,UBERON:0002108,spatial,https://purl.org/ccf/ASCTB-TEMP_b,B,2642.346469,0.03484652668327465
https://entity.api.hubmapconsortium.org/entities/513ceb231c3406e87abddcf7bae9b5aa,http://purl.org/ccf/1.5/d14c269b-7528-4830-9b9e-90d4949ee20b,small intestine,UBERON:0002108,spatial,https://purl.org/ccf/ASCTB-TEMP_nerve,Nerve,2226.49777,0.02936243027278665
https://entity.api.hubmapconsortium.org/entities/513ceb231c3406e87abddcf7bae9b5aa,http://purl.org/ccf/1.5/d14c269b-7528-4830-9b9e-90d4949ee20b,small intestine,UBERON:0002108,spatial,https://purl.org/ccf/ASCTB-TEMP_lymphatic,Lymphatic,1909.94153,0.02518777505882005
https://entity.api.hubmapconsortium.org/entities/513ceb231c3406e87abddcf7bae9b5aa,http://purl.org/ccf/1.5/d14c269b-7528-4830-9b9e-90d4949ee20b,small intestine,UBERON:0002108,spatial,https://purl.org/ccf/ASCTB-TEMP_ta,TA,1476.914768,0.01947713915484805
https://entity.api.hubmapconsortium.org/entities/513ceb231c3406e87abddcf7bae9b5aa,http://purl.org/ccf/1.5/d14c269b-7528-4830-9b9e-90d4949ee20b,small intestine,UBERON:0002108,spatial,https://purl.org/ccf/ASCTB-TEMP_paneth,Paneth,1391.803931,0.01835472122542385
https://entity.api.hubmapconsortium.org/entities/513ceb231c3406e87abddcf7bae9b5aa,http://purl.org/ccf/1.5/d14c269b-7528-4830-9b9e-90d4949ee20b,small intestine,UBERON:0002108,spatial,https://purl.org/ccf/ASCTB-TEMP_icc,ICC,1385.508544,0.01827169942126201
https://entity.api.hubmapconsortium.org/entities/513ceb231c3406e87abddcf7bae9b5aa,http://purl.org/ccf/1.5/d14c269b-7528-4830-9b9e-90d4949ee20b,small intestine,UBERON:0002108,spatial,https://purl.org/ccf/ASCTB-TEMP_cycling-ta,Cycling TA,1364.745445,0.01799788147504666
https://entity.api.hubmapconsortium.org/entities/513ceb231c3406e87abddcf7bae9b5aa,http://purl.org/ccf/1.5/d14c269b-7528-4830-9b9e-90d4949ee20b,small intestine,UBERON:0002108,spatial,https://purl.org/ccf/ASCTB-TEMP_dc,DC,1083.601988,0.01429024014522278
https://entity.api.hubmapconsortium.org/entities/513ceb231c3406e87abddcf7bae9b5aa,http://purl.org/ccf/1.5/d14c269b-7528-4830-9b9e-90d4949ee20b,small intestine,UBERON:0002108,spatial,https://purl.org/ccf/ASCTB-TEMP_m1-macrophage,M1 Macrophage,778.2567239999998,0.01026343214921673
https://entity.api.hubmapconsortium.org/entities/513ceb231c3406e87abddcf7bae9b5aa,http://purl.org/ccf/1.5/d14c269b-7528-4830-9b9e-90d4949ee20b,small intestine,UBERON:0002108,spatial,https://purl.org/ccf/ASCTB-TEMP_cd66-enterocyte,CD66+ Enterocyte,707.187278,0.009326188159657035
https://entity.api.hubmapconsortium.org/entities/513ceb231c3406e87abddcf7bae9b5aa,http://purl.org/ccf/1.5/d14c269b-7528-4830-9b9e-90d4949ee20b,small intestine,UBERON:0002108,spatial,https://purl.org/ccf/ASCTB-TEMP_neuroendocrine,Neuroendocrine,425.8491859999999,0.005615980037854676
https://entity.api.hubmapconsortium.org/entities/513ceb231c3406e87abddcf7bae9b5aa,http://purl.org/ccf/1.5/d14c269b-7528-4830-9b9e-90d4949ee20b,small intestine,UBERON:0002108,spatial,https://purl.org/ccf/ASCTB-TEMP_neutrophil,Neutrophil,396.443355,0.005228184157712903
https://entity.api.hubmapconsortium.org/entities/513ceb231c3406e87abddcf7bae9b5aa,http://purl.org/ccf/1.5/d14c269b-7528-4830-9b9e-90d4949ee20b,small intestine,UBERON:0002108,spatial,https://purl.org/ccf/ASCTB-TEMP_muc1-enterocyte,MUC1+ Enterocyte,215.721709,0.002844877602926534
https://entity.api.hubmapconsortium.org/entities/513ceb231c3406e87abddcf7bae9b5aa,http://purl.org/ccf/1.5/d14c269b-7528-4830-9b9e-90d4949ee20b,small intestine,UBERON:0002108,spatial,https://purl.org/ccf/ASCTB-TEMP_nk,NK,191.241785,0.002522043207483543
https://entity.api.hubmapconsortium.org/entities/513ceb231c3406e87abddcf7bae9b5aa,http://purl.org/ccf/1.5/d14c269b-7528-4830-9b9e-90d4949ee20b,small intestine,UBERON:0002108,spatial,https://purl.org/ccf/ASCTB-TEMP_cd7-immune,CD7+ Immune,161.509999,0.002129948723907926
https://entity.api.hubmapconsortium.org/entities/513ceb231c3406e87abddcf7bae9b5aa,http://purl.org/ccf/1.5/d14c269b-7528-4830-9b9e-90d4949ee20b,small intestine,UBERON:0002108,spatial,https://purl.org/ccf/ASCTB-TEMP_cd57-enterocyte,CD57+ Enterocyte,15.647716,2.063577049881205E-4
https://entity.api.hubmapconsortium.org/entities/51c13b07099ccf9652dd7a8ddd43e20e,http://purl.org/ccf/1.5/80b28f07-c971-40f2-afc1-f7654359e5d9,left kidney,UBERON:0004538,sc_bulk,https://purl.org/ccf/ASCTB-TEMP_descending-thin-limb-type-2,Descending Thin Limb Type 2,21811.603419,0.1548052267949793
https://entity.api.hubmapconsortium.org/entities/51c13b07099ccf9652dd7a8ddd43e20e,http://purl.org/ccf/1.5/80b28f07-c971-40f2-afc1-f7654359e5d9,left kidney,UBERON:0004538,sc_bulk,https://purl.org/ccf/ASCTB-TEMP_inner-medullary-collecting-duct,Inner Medullary Collecting Duct,20602.93231,0.146226829253316
https://entity.api.hubmapconsortium.org/entities/51c13b07099ccf9652dd7a8ddd43e20e,http://purl.org/ccf/1.5/80b28f07-c971-40f2-afc1-f7654359e5d9,left kidney,UBERON:0004538,sc_bulk,https://purl.org/ccf/ASCTB-TEMP_descending-thin-limb-type-1,Descending Thin Limb Type 1,19223.769466,0.1364383871680978
https://entity.api.hubmapconsortium.org/entities/51c13b07099ccf9652dd7a8ddd43e20e,http://purl.org/ccf/1.5/80b28f07-c971-40f2-afc1-f7654359e5d9,left kidney,UBERON:0004538,sc_bulk,https://purl.org/ccf/ASCTB-TEMP_vascular-smooth-muscle-pericyte,Vascular Smooth Muscle / Pericyte,12227.986639,0.08678666160083512
https://entity.api.hubmapconsortium.org/entities/51c13b07099ccf9652dd7a8ddd43e20e,http://purl.org/ccf/1.5/80b28f07-c971-40f2-afc1-f7654359e5d9,left kidney,UBERON:0004538,sc_bulk,https://purl.org/ccf/ASCTB-TEMP_cortical-collecting-duct-principal,Cortical Collecting Duct Principal,11275.623573,0.08002737950721035
https://entity.api.hubmapconsortium.org/entities/51c13b07099ccf9652dd7a8ddd43e20e,http://purl.org/ccf/1.5/80b28f07-c971-40f2-afc1-f7654359e5d9,left kidney,UBERON:0004538,sc_bulk,https://purl.org/ccf/ASCTB-TEMP_distal-convoluted-tubule-type-1,Distal Convoluted Tubule Type 1,9639.665132999999,0.06841636162529016
https://entity.api.hubmapconsortium.org/entities/51c13b07099ccf9652dd7a8ddd43e20e,http://purl.org/ccf/1.5/80b28f07-c971-40f2-afc1-f7654359e5d9,left kidney,UBERON:0004538,sc_bulk,https://purl.org/ccf/ASCTB-TEMP_medullary-thick-ascending-limb,Medullary Thick Ascending Limb,9240.685889999999,0.06558465452826391
https://entity.api.hubmapconsortium.org/entities/51c13b07099ccf9652dd7a8ddd43e20e,http://purl.org/ccf/1.5/80b28f07-c971-40f2-afc1-f7654359e5d9,left kidney,UBERON:0004538,sc_bulk,https://purl.org/ccf/ASCTB-TEMP_connecting-tubule,Connecting Tubule,7619.985729999999,0.05408193044989985
https://entity.api.hubmapconsortium.org/entities/51c13b07099ccf9652dd7a8ddd43e20e,http://purl.org/ccf/1.5/80b28f07-c971-40f2-afc1-f7654359e5d9,left kidney,UBERON:0004538,sc_bulk,https://purl.org/ccf/ASCTB-TEMP_cortical-thick-ascending-limb,Cortical Thick Ascending Limb,6993.074586999998,0.04963250416022709
https://entity.api.hubmapconsortium.org/entities/51c13b07099ccf9652dd7a8ddd43e20e,http://purl.org/ccf/1.5/80b28f07-c971-40f2-afc1-f7654359e5d9,left kidney,UBERON:0004538,sc_bulk,https://purl.org/ccf/ASCTB-TEMP_mesangial,Mesangial,5951.212565,0.04223801401172705
https://entity.api.hubmapconsortium.org/entities/51c13b07099ccf9652dd7a8ddd43e20e,http://purl.org/ccf/1.5/80b28f07-c971-40f2-afc1-f7654359e5d9,left kidney,UBERON:0004538,sc_bulk,https://purl.org/ccf/ASCTB-TEMP_ascending-thin-limb,Ascending Thin Limb,4172.798258,0.02961593278083728
https://entity.api.hubmapconsortium.org/entities/51c13b07099ccf9652dd7a8ddd43e20e,http://purl.org/ccf/1.5/80b28f07-c971-40f2-afc1-f7654359e5d9,left kidney,UBERON:0004538,sc_bulk,https://purl.org/ccf/ASCTB-TEMP_medullary-fibroblast,Medullary Fibroblast,1710.810215,0.01214226933474956
https://entity.api.hubmapconsortium.org/entities/51c13b07099ccf9652dd7a8ddd43e20e,http://purl.org/ccf/1.5/80b28f07-c971-40f2-afc1-f7654359e5d9,left kidney,UBERON:0004538,sc_bulk,https://purl.org/ccf/ASCTB-TEMP_fibroblast,Fibroblast,1228.406361,0.008718466114478745
https://entity.api.hubmapconsortium.org/entities/51c13b07099ccf9652dd7a8ddd43e20e,http://purl.org/ccf/1.5/80b28f07-c971-40f2-afc1-f7654359e5d9,left kidney,UBERON:0004538,sc_bulk,https://purl.org/ccf/ASCTB-TEMP_ascending-vasa-recta-endothelial,Ascending Vasa Recta Endothelial,964.1735749999996,0.006843105757992185
https://entity.api.hubmapconsortium.org/entities/51c13b07099ccf9652dd7a8ddd43e20e,http://purl.org/ccf/1.5/80b28f07-c971-40f2-afc1-f7654359e5d9,left kidney,UBERON:0004538,sc_bulk,https://purl.org/ccf/ASCTB-TEMP_peritubular-capilary-endothelial,Peritubular Capilary Endothelial,841.8120809999998,0.005974659799858635
https://entity.api.hubmapconsortium.org/entities/51c13b07099ccf9652dd7a8ddd43e20e,http://purl.org/ccf/1.5/80b28f07-c971-40f2-afc1-f7654359e5d9,left kidney,UBERON:0004538,sc_bulk,https://purl.org/ccf/ASCTB-TEMP_cortical-collecting-duct-intercalated-type-a,Cortical Collecting Duct Intercalated Type A,643.9056980000001,0.004570043095806458
https://entity.api.hubmapconsortium.org/entities/51c13b07099ccf9652dd7a8ddd43e20e,http://purl.org/ccf/1.5/80b28f07-c971-40f2-afc1-f7654359e5d9,left kidney,UBERON:0004538,sc_bulk,https://purl.org/ccf/ASCTB-TEMP_t,T,562.0655469999998,0.003989192486471876
https://entity.api.hubmapconsortium.org/entities/51c13b07099ccf9652dd7a8ddd43e20e,http://purl.org/ccf/1.5/80b28f07-c971-40f2-afc1-f7654359e5d9,left kidney,UBERON:0004538,sc_bulk,https://purl.org/ccf/ASCTB-TEMP_descending-vasa-recta-endothelial,Descending Vasa Recta Endothelial,549.5514540000001,0.003900375219451933
https://entity.api.hubmapconsortium.org/entities/51c13b07099ccf9652dd7a8ddd43e20e,http://purl.org/ccf/1.5/80b28f07-c971-40f2-afc1-f7654359e5d9,left kidney,UBERON:0004538,sc_bulk,https://purl.org/ccf/ASCTB-TEMP_outer-medullary-collecting-duct-intercalated-type-a,Outer Medullary Collecting Duct Intercalated Type A,545.4091729999999,0.003870975879232177
https://entity.api.hubmapconsortium.org/entities/51c13b07099ccf9652dd7a8ddd43e20e,http://purl.org/ccf/1.5/80b28f07-c971-40f2-afc1-f7654359e5d9,left kidney,UBERON:0004538,sc_bulk,https://purl.org/ccf/ASCTB-TEMP_descending-thin-limb-type-3,Descending Thin Limb Type 3,513.309549,0.003643152666151707
https://entity.api.hubmapconsortium.org/entities/51c13b07099ccf9652dd7a8ddd43e20e,http://purl.org/ccf/1.5/80b28f07-c971-40f2-afc1-f7654359e5d9,left kidney,UBERON:0004538,sc_bulk,https://purl.org/ccf/ASCTB-TEMP_proximal-tubule-epithelial-segment-1,Proximal Tubule Epithelial Segment 1,512.353987,0.003636370680009514
https://entity.api.hubmapconsortium.org/entities/51c13b07099ccf9652dd7a8ddd43e20e,http://purl.org/ccf/1.5/80b28f07-c971-40f2-afc1-f7654359e5d9,left kidney,UBERON:0004538,sc_bulk,https://purl.org/ccf/ASCTB-TEMP_outer-medullary-collecting-duct-principal,Outer Medullary Collecting Duct Principal,454.068544,0.003222696772175621
https://entity.api.hubmapconsortium.org/entities/51c13b07099ccf9652dd7a8ddd43e20e,http://purl.org/ccf/1.5/80b28f07-c971-40f2-afc1-f7654359e5d9,left kidney,UBERON:0004538,sc_bulk,https://purl.org/ccf/ASCTB-TEMP_parietal-epithelial,Parietal Epithelial,445.902642,0.003164740266786641
https://entity.api.hubmapconsortium.org/entities/51c13b07099ccf9652dd7a8ddd43e20e,http://purl.org/ccf/1.5/80b28f07-c971-40f2-afc1-f7654359e5d9,left kidney,UBERON:0004538,sc_bulk,https://purl.org/ccf/ASCTB-TEMP_connecting-tubule-principal,Connecting Tubule Principal,382.417797,0.002714164229826966
https://entity.api.hubmapconsortium.org/entities/51c13b07099ccf9652dd7a8ddd43e20e,http://purl.org/ccf/1.5/80b28f07-c971-40f2-afc1-f7654359e5d9,left kidney,UBERON:0004538,sc_bulk,https://purl.org/ccf/ASCTB-TEMP_proximal-tubule-epithelial-segment-3,Proximal Tubule Epithelial Segment 3,377.843105,0.00268169590464367
https://entity.api.hubmapconsortium.org/entities/51c13b07099ccf9652dd7a8ddd43e20e,http://purl.org/ccf/1.5/80b28f07-c971-40f2-afc1-f7654359e5d9,left kidney,UBERON:0004538,sc_bulk,https://purl.org/ccf/ASCTB-TEMP_papillary-tip-epithelial,Papillary Tip Epithelial,363.097855,0.002577043269688357
https://entity.api.hubmapconsortium.org/entities/51c13b07099ccf9652dd7a8ddd43e20e,http://purl.org/ccf/1.5/80b28f07-c971-40f2-afc1-f7654359e5d9,left kidney,UBERON:0004538,sc_bulk,https://purl.org/ccf/ASCTB-TEMP_glomerular-capillary-endothelial,Glomerular Capillary Endothelial,336.005683,0.002384759843740166
https://entity.api.hubmapconsortium.org/entities/51c13b07099ccf9652dd7a8ddd43e20e,http://purl.org/ccf/1.5/80b28f07-c971-40f2-afc1-f7654359e5d9,left kidney,UBERON:0004538,sc_bulk,https://purl.org/ccf/ASCTB-TEMP_intercalated-type-b,Intercalated Type B,328.2076269999999,0.002329414081007823
https://entity.api.hubmapconsortium.org/entities/51c13b07099ccf9652dd7a8ddd43e20e,http://purl.org/ccf/1.5/80b28f07-c971-40f2-afc1-f7654359e5d9,left kidney,UBERON:0004538,sc_bulk,https://purl.org/ccf/ASCTB-TEMP_macula-densa,Macula Densa,261.2634939999999,0.001854286164339815
https://entity.api.hubmapconsortium.org/entities/51c13b07099ccf9652dd7a8ddd43e20e,http://purl.org/ccf/1.5/80b28f07-c971-40f2-afc1-f7654359e5d9,left kidney,UBERON:0004538,sc_bulk,https://purl.org/ccf/ASCTB-TEMP_m2-macrophage,M2 Macrophage,171.727893,0.001218818025993054
https://entity.api.hubmapconsortium.org/entities/51c13b07099ccf9652dd7a8ddd43e20e,http://purl.org/ccf/1.5/80b28f07-c971-40f2-afc1-f7654359e5d9,left kidney,UBERON:0004538,sc_bulk,https://purl.org/ccf/ASCTB-TEMP_b,B,169.623074,0.001203879326787954
https://entity.api.hubmapconsortium.org/entities/51c13b07099ccf9652dd7a8ddd43e20e,http://purl.org/ccf/1.5/80b28f07-c971-40f2-afc1-f7654359e5d9,left kidney,UBERON:0004538,sc_bulk,https://purl.org/ccf/ASCTB-TEMP_monocyte-derived,Monocyte-derived,129.202941,9.170023037673739E-4
https://entity.api.hubmapconsortium.org/entities/51c13b07099ccf9652dd7a8ddd43e20e,http://purl.org/ccf/1.5/80b28f07-c971-40f2-afc1-f7654359e5d9,left kidney,UBERON:0004538,sc_bulk,https://purl.org/ccf/ASCTB-TEMP_lymphatic-endothelial,Lymphatic Endothelial,125.02227,8.873304951489199E-4
https://entity.api.hubmapconsortium.org/entities/51c13b07099ccf9652dd7a8ddd43e20e,http://purl.org/ccf/1.5/80b28f07-c971-40f2-afc1-f7654359e5d9,left kidney,UBERON:0004538,sc_bulk,https://purl.org/ccf/ASCTB-TEMP_afferent-efferent-arteriole-endothelial,Afferent / Efferent Arteriole Endothelial,117.418258,8.333619363227335E-4
https://entity.api.hubmapconsortium.org/entities/51c13b07099ccf9652dd7a8ddd43e20e,http://purl.org/ccf/1.5/80b28f07-c971-40f2-afc1-f7654359e5d9,left kidney,UBERON:0004538,sc_bulk,https://purl.org/ccf/ASCTB-TEMP_tissue-resident-macrophage,Tissue-resident Macrophage,109.608685,7.779344330707797E-4
https://entity.api.hubmapconsortium.org/entities/51c13b07099ccf9652dd7a8ddd43e20e,http://purl.org/ccf/1.5/80b28f07-c971-40f2-afc1-f7654359e5d9,left kidney,UBERON:0004538,sc_bulk,https://purl.org/ccf/ASCTB-TEMP_classical-dendritic,Classical Dendritic,95.37890799999998,6.769403056143776E-4
https://entity.api.hubmapconsortium.org/entities/51c13b07099ccf9652dd7a8ddd43e20e,http://purl.org/ccf/1.5/80b28f07-c971-40f2-afc1-f7654359e5d9,left kidney,UBERON:0004538,sc_bulk,https://purl.org/ccf/ASCTB-TEMP_podocyte,Podocyte,79.06734600000001,5.611709599920955E-4
https://entity.api.hubmapconsortium.org/entities/51c13b07099ccf9652dd7a8ddd43e20e,http://purl.org/ccf/1.5/80b28f07-c971-40f2-afc1-f7654359e5d9,left kidney,UBERON:0004538,sc_bulk,https://purl.org/ccf/ASCTB-TEMP_cortical-vascular-smooth-muscle-pericyte,Cortical Vascular Smooth Muscle / Pericyte,48.32044599999999,3.429485424876434E-4
https://entity.api.hubmapconsortium.org/entities/51c13b07099ccf9652dd7a8ddd43e20e,http://purl.org/ccf/1.5/80b28f07-c971-40f2-afc1-f7654359e5d9,left kidney,UBERON:0004538,sc_bulk,https://purl.org/ccf/ASCTB-TEMP_mast,Mast,21.057613,1.494538706579582E-4
https://entity.api.hubmapconsortium.org/entities/51c13b07099ccf9652dd7a8ddd43e20e,http://purl.org/ccf/1.5/80b28f07-c971-40f2-afc1-f7654359e5d9,left kidney,UBERON:0004538,sc_bulk,https://purl.org/ccf/ASCTB-TEMP_proximal-tubule-epithelial-segment-2,Proximal Tubule Epithelial Segment 2,9.993964,7.093095513799643E-5
https://entity.api.hubmapconsortium.org/entities/51c13b07099ccf9652dd7a8ddd43e20e,http://purl.org/ccf/1.5/80b28f07-c971-40f2-afc1-f7654359e5d9,left kidney,UBERON:0004538,sc_bulk,https://purl.org/ccf/ASCTB-TEMP_natural-killer-natural-killer-t,Natural Killer / Natural Killer T,9.314809999999998,6.611074146644518E-5
https://entity.api.hubmapconsortium.org/entities/51c13b07099ccf9652dd7a8ddd43e20e,http://purl.org/ccf/1.5/80b28f07-c971-40f2-afc1-f7654359e5d9,left kidney,UBERON:0004538,sc_bulk,https://purl.org/ccf/ASCTB-TEMP_plasma,Plasma,6.034209999999999,4.282707830478971E-5
https://entity.api.hubmapconsortium.org/entities/51c13b07099ccf9652dd7a8ddd43e20e,http://purl.org/ccf/1.5/80b28f07-c971-40f2-afc1-f7654359e5d9,left kidney,UBERON:0004538,sc_bulk,https://purl.org/ccf/ASCTB-TEMP_monocyte,Monocyte,5.712431999999999,4.054329772659329E-5
https://entity.api.hubmapconsortium.org/entities/51c13b07099ccf9652dd7a8ddd43e20e,http://purl.org/ccf/1.5/80b28f07-c971-40f2-afc1-f7654359e5d9,left kidney,UBERON:0004538,sc_bulk,https://purl.org/ccf/ASCTB-TEMP_cycling-mononuclear-phagocyte,Cycling Mononuclear Phagocyte,5.479997999999999,3.889362542173557E-5
https://entity.api.hubmapconsortium.org/entities/51c13b07099ccf9652dd7a8ddd43e20e,http://purl.org/ccf/1.5/80b28f07-c971-40f2-afc1-f7654359e5d9,left kidney,UBERON:0004538,sc_bulk,https://purl.org/ccf/ASCTB-TEMP_renin-positive-juxtaglomerular-granular,Renin-positive Juxtaglomerular Granular,4.202657999999999,2.98278587013463E-5
https://entity.api.hubmapconsortium.org/entities/51c13b07099ccf9652dd7a8ddd43e20e,http://purl.org/ccf/1.5/80b28f07-c971-40f2-afc1-f7654359e5d9,left kidney,UBERON:0004538,sc_bulk,https://purl.org/ccf/ASCTB-TEMP_neutrophil,Neutrophil,4.191839,2.97510721526217E-5
https://entity.api.hubmapconsortium.org/entities/51c13b07099ccf9652dd7a8ddd43e20e,http://purl.org/ccf/1.5/80b28f07-c971-40f2-afc1-f7654359e5d9,left kidney,UBERON:0004538,sc_bulk,https://purl.org/ccf/ASCTB-TEMP_schwann-neural,Schwann / Neural,2.052469,1.456715138869105E-5
https://entity.api.hubmapconsortium.org/entities/51c13b07099ccf9652dd7a8ddd43e20e,http://purl.org/ccf/1.5/80b28f07-c971-40f2-afc1-f7654359e5d9,left kidney,UBERON:0004538,sc_bulk,https://purl.org/ccf/ASCTB-TEMP_connecting-tubule-intercalated-type-a,Connecting Tubule Intercalated Type A,1.107377,7.85947480978009E-6
https://entity.api.hubmapconsortium.org/entities/51c13b07099ccf9652dd7a8ddd43e20e,http://purl.org/ccf/1.5/80b28f07-c971-40f2-afc1-f7654359e5d9,left kidney,UBERON:0004538,sc_bulk,https://purl.org/ccf/ASCTB-TEMP_non-classical-monocyte,Non-classical monocyte,1.069685,7.591960381965326E-6
https://entity.api.hubmapconsortium.org/entities/51c13b07099ccf9652dd7a8ddd43e20e,http://purl.org/ccf/1.5/80b28f07-c971-40f2-afc1-f7654359e5d9,left kidney,UBERON:0004538,sc_bulk,https://purl.org/ccf/ASCTB-TEMP_distal-convoluted-tubule-type-2,Distal Convoluted Tubule Type 2,0.7719879999999999,5.479091799317226E-6
https://entity.api.hubmapconsortium.org/entities/51c13b07099ccf9652dd7a8ddd43e20e,http://purl.org/ccf/1.5/80b28f07-c971-40f2-afc1-f7654359e5d9,left kidney,UBERON:0004538,sc_bulk,https://purl.org/ccf/ASCTB-TEMP_natural-killer-t,Natural Killer T,0.560843,3.980515606465996E-6
https://entity.api.hubmapconsortium.org/entities/51c13b07099ccf9652dd7a8ddd43e20e,http://purl.org/ccf/1.5/80b28f07-c971-40f2-afc1-f7654359e5d9,left kidney,UBERON:0004538,sc_bulk,https://purl.org/ccf/ASCTB-TEMP_plasmacytoid-dendritic,Plasmacytoid Dendritic,0.211843,1.503530163736689E-6
https://entity.api.hubmapconsortium.org/entities/524bd079a6c9520688dede8b46f31f07,http://purl.org/ccf/1.5/9e569bdb-0948-48ae-88d8-c21161ce3d65,skin of body,UBERON:0002097,spatial,https://purl.org/ccf/ASCTB-TEMP_t-helper,T-helper,4359.827407999999,0.7799656838724318
https://entity.api.hubmapconsortium.org/entities/524bd079a6c9520688dede8b46f31f07,http://purl.org/ccf/1.5/9e569bdb-0948-48ae-88d8-c21161ce3d65,skin of body,UBERON:0002097,spatial,https://purl.org/ccf/ASCTB-TEMP_t-reg,T-reg,593.675576,0.1062075475243675
https://entity.api.hubmapconsortium.org/entities/524bd079a6c9520688dede8b46f31f07,http://purl.org/ccf/1.5/9e569bdb-0948-48ae-88d8-c21161ce3d65,skin of body,UBERON:0002097,spatial,https://purl.org/ccf/ASCTB-TEMP_cd68-macrophage,CD68 / Macrophage,471.235296,0.08430319035910513
https://entity.api.hubmapconsortium.org/entities/524bd079a6c9520688dede8b46f31f07,http://purl.org/ccf/1.5/9e569bdb-0948-48ae-88d8-c21161ce3d65,skin of body,UBERON:0002097,spatial,https://purl.org/ccf/ASCTB-TEMP_t-killer,T-Killer,165.02996,0.02952357824409551
https://entity.api.hubmapconsortium.org/entities/54bffc039b6dd6a09499724a5ddc04bd,http://purl.org/ccf/1.5/8ddd44c4-c431-4eaf-82f1-05c62c7b6d95,skin of body,UBERON:0002097,spatial,https://purl.org/ccf/ASCTB-TEMP_t-helper,T-helper,4867.035051999999,0.7799656838724318
https://entity.api.hubmapconsortium.org/entities/54bffc039b6dd6a09499724a5ddc04bd,http://purl.org/ccf/1.5/8ddd44c4-c431-4eaf-82f1-05c62c7b6d95,skin of body,UBERON:0002097,spatial,https://purl.org/ccf/ASCTB-TEMP_t-reg,T-reg,662.741794,0.1062075475243675
https://entity.api.hubmapconsortium.org/entities/54bffc039b6dd6a09499724a5ddc04bd,http://purl.org/ccf/1.5/8ddd44c4-c431-4eaf-82f1-05c62c7b6d95,skin of body,UBERON:0002097,spatial,https://purl.org/ccf/ASCTB-TEMP_cd68-macrophage,CD68 / Macrophage,526.057224,0.08430319035910513
https://entity.api.hubmapconsortium.org/entities/54bffc039b6dd6a09499724a5ddc04bd,http://purl.org/ccf/1.5/8ddd44c4-c431-4eaf-82f1-05c62c7b6d95,skin of body,UBERON:0002097,spatial,https://purl.org/ccf/ASCTB-TEMP_t-killer,T-Killer,184.22899,0.02952357824409551
https://entity.api.hubmapconsortium.org/entities/573073ba7915495b206c670e86b5d430,http://purl.org/ccf/1.5/16712e22-7ded-4679-b2b0-a19f266dd979,heart,UBERON:0000948,sc_bulk,http://purl.obolibrary.org/obo/CL_0000669,pericyte,989.403865,0.1796743913592812
https://entity.api.hubmapconsortium.org/entities/573073ba7915495b206c670e86b5d430,http://purl.org/ccf/1.5/16712e22-7ded-4679-b2b0-a19f266dd979,heart,UBERON:0000948,sc_bulk,http://purl.obolibrary.org/obo/CL_0002129,regular atrial cardiac myocyte,906.76936,0.1646680780464153
https://entity.api.hubmapconsortium.org/entities/573073ba7915495b206c670e86b5d430,http://purl.org/ccf/1.5/16712e22-7ded-4679-b2b0-a19f266dd979,heart,UBERON:0000948,sc_bulk,http://purl.obolibrary.org/obo/CL_0000057,fibroblast,867.0696549999999,0.1574586658080489
https://entity.api.hubmapconsortium.org/entities/573073ba7915495b206c670e86b5d430,http://purl.org/ccf/1.5/16712e22-7ded-4679-b2b0-a19f266dd979,heart,UBERON:0000948,sc_bulk,http://purl.obolibrary.org/obo/CL_0002144,capillary endothelial cell,682.1048049999999,0.1238693015229086
https://entity.api.hubmapconsortium.org/entities/573073ba7915495b206c670e86b5d430,http://purl.org/ccf/1.5/16712e22-7ded-4679-b2b0-a19f266dd979,heart,UBERON:0000948,sc_bulk,http://purl.obolibrary.org/obo/CL_0000235,macrophage,302.645755,0.05496005600007955
https://entity.api.hubmapconsortium.org/entities/573073ba7915495b206c670e86b5d430,http://purl.org/ccf/1.5/16712e22-7ded-4679-b2b0-a19f266dd979,heart,UBERON:0000948,sc_bulk,http://purl.obolibrary.org/obo/CL_0000003,native cell,278.414455,0.05055968499552101
https://entity.api.hubmapconsortium.org/entities/573073ba7915495b206c670e86b5d430,http://purl.org/ccf/1.5/16712e22-7ded-4679-b2b0-a19f266dd979,heart,UBERON:0000948,sc_bulk,http://purl.obolibrary.org/obo/CL_0000192,smooth muscle cell,253.5798699999999,0.04604975825843944
https://entity.api.hubmapconsortium.org/entities/573073ba7915495b206c670e86b5d430,http://purl.org/ccf/1.5/16712e22-7ded-4679-b2b0-a19f266dd979,heart,UBERON:0000948,sc_bulk,http://purl.obolibrary.org/obo/CL_0000115,endothelial cell,191.219885,0.03472527010309057
https://entity.api.hubmapconsortium.org/entities/573073ba7915495b206c670e86b5d430,http://purl.org/ccf/1.5/16712e22-7ded-4679-b2b0-a19f266dd979,heart,UBERON:0000948,sc_bulk,http://purl.obolibrary.org/obo/CL_1000413,endothelial cell of artery,171.39843,0.03112572093114511
https://entity.api.hubmapconsortium.org/entities/573073ba7915495b206c670e86b5d430,http://purl.org/ccf/1.5/16712e22-7ded-4679-b2b0-a19f266dd979,heart,UBERON:0000948,sc_bulk,http://purl.obolibrary.org/obo/CL_0002543,vein endothelial cell,150.5974,0.02734828227630808
https://entity.api.hubmapconsortium.org/entities/573073ba7915495b206c670e86b5d430,http://purl.org/ccf/1.5/16712e22-7ded-4679-b2b0-a19f266dd979,heart,UBERON:0000948,sc_bulk,http://purl.obolibrary.org/obo/CL_1000309,epicardial adipocyte,113.973875,0.02069750012699192
https://entity.api.hubmapconsortium.org/entities/573073ba7915495b206c670e86b5d430,http://purl.org/ccf/1.5/16712e22-7ded-4679-b2b0-a19f266dd979,heart,UBERON:0000948,sc_bulk,http://purl.obolibrary.org/obo/CL_0000794,"CD8-positive, alpha-beta cytotoxic T cell",81.56723999999998,0.01481249944567016
https://entity.api.hubmapconsortium.org/entities/573073ba7915495b206c670e86b5d430,http://purl.org/ccf/1.5/16712e22-7ded-4679-b2b0-a19f266dd979,heart,UBERON:0000948,sc_bulk,http://purl.obolibrary.org/obo/CL_0002319,neural cell,75.92474,0.01378782914761676
https://entity.api.hubmapconsortium.org/entities/573073ba7915495b206c670e86b5d430,http://purl.org/ccf/1.5/16712e22-7ded-4679-b2b0-a19f266dd979,heart,UBERON:0000948,sc_bulk,http://purl.obolibrary.org/obo/CL_0002397,"CD14-positive, CD16-positive monocyte",69.48822,0.01261896590139137
https://entity.api.hubmapconsortium.org/entities/573073ba7915495b206c670e86b5d430,http://purl.org/ccf/1.5/16712e22-7ded-4679-b2b0-a19f266dd979,heart,UBERON:0000948,sc_bulk,http://purl.obolibrary.org/obo/CL_0000906,"activated CD8-positive, alpha-beta T cell",67.66486,0.01228784621425648
https://entity.api.hubmapconsortium.org/entities/573073ba7915495b206c670e86b5d430,http://purl.org/ccf/1.5/16712e22-7ded-4679-b2b0-a19f266dd979,heart,UBERON:0000948,sc_bulk,http://purl.obolibrary.org/obo/CL_0000623,natural killer cell,53.78097999999999,0.0097665525575905
https://entity.api.hubmapconsortium.org/entities/573073ba7915495b206c670e86b5d430,http://purl.org/ccf/1.5/16712e22-7ded-4679-b2b0-a19f266dd979,heart,UBERON:0000948,sc_bulk,http://purl.obolibrary.org/obo/CL_0000934,"CD4-positive, alpha-beta cytotoxic T cell",43.12979,0.007832310992340438
https://entity.api.hubmapconsortium.org/entities/573073ba7915495b206c670e86b5d430,http://purl.org/ccf/1.5/16712e22-7ded-4679-b2b0-a19f266dd979,heart,UBERON:0000948,sc_bulk,http://purl.obolibrary.org/obo/CL_0000077,mesothelial cell,40.43174999999999,0.007342350611133521
https://entity.api.hubmapconsortium.org/entities/573073ba7915495b206c670e86b5d430,http://purl.org/ccf/1.5/16712e22-7ded-4679-b2b0-a19f266dd979,heart,UBERON:0000948,sc_bulk,http://purl.obolibrary.org/obo/CL_0000576,monocyte,32.14079,0.005836723592197077
https://entity.api.hubmapconsortium.org/entities/573073ba7915495b206c670e86b5d430,http://purl.org/ccf/1.5/16712e22-7ded-4679-b2b0-a19f266dd979,heart,UBERON:0000948,sc_bulk,http://purl.obolibrary.org/obo/CL_0000814,mature NK T cell,27.07511999999999,0.004916804834777457
https://entity.api.hubmapconsortium.org/entities/573073ba7915495b206c670e86b5d430,http://purl.org/ccf/1.5/16712e22-7ded-4679-b2b0-a19f266dd979,heart,UBERON:0000948,sc_bulk,http://purl.obolibrary.org/obo/CL_0001054,CD14-positive monocyte,25.16851,0.004570567061277836
https://entity.api.hubmapconsortium.org/entities/573073ba7915495b206c670e86b5d430,http://purl.org/ccf/1.5/16712e22-7ded-4679-b2b0-a19f266dd979,heart,UBERON:0000948,sc_bulk,http://purl.obolibrary.org/obo/CL_0000097,mast cell,20.05215,0.003641443069049473
https://entity.api.hubmapconsortium.org/entities/573073ba7915495b206c670e86b5d430,http://purl.org/ccf/1.5/16712e22-7ded-4679-b2b0-a19f266dd979,heart,UBERON:0000948,sc_bulk,http://purl.obolibrary.org/obo/CL_0000236,B cell,19.99258,0.003630625238361827
https://entity.api.hubmapconsortium.org/entities/573073ba7915495b206c670e86b5d430,http://purl.org/ccf/1.5/16712e22-7ded-4679-b2b0-a19f266dd979,heart,UBERON:0000948,sc_bulk,http://purl.obolibrary.org/obo/CL_0000896,"activated CD4-positive, alpha-beta T cell",17.29528,0.003140799240144821
https://entity.api.hubmapconsortium.org/entities/573073ba7915495b206c670e86b5d430,http://purl.org/ccf/1.5/16712e22-7ded-4679-b2b0-a19f266dd979,heart,UBERON:0000948,sc_bulk,http://purl.obolibrary.org/obo/CL_0000451,dendritic cell,15.623805,0.002837261661688672
https://entity.api.hubmapconsortium.org/entities/573073ba7915495b206c670e86b5d430,http://purl.org/ccf/1.5/16712e22-7ded-4679-b2b0-a19f266dd979,heart,UBERON:0000948,sc_bulk,http://purl.obolibrary.org/obo/CL_0002138,endothelial cell of lymphatic vessel,10.13615,0.001840711004273647
https://entity.api.hubmapconsortium.org/entities/5b6f58d1c87600ce755d8b23c92f999d,http://purl.org/ccf/1.5/9b2bcd9c-b142-45d3-bf38-f4a24afdb73a,left kidney,UBERON:0004538,sc_bulk,https://purl.org/ccf/ASCTB-TEMP_descending-thin-limb-type-2,Descending Thin Limb Type 2,39498.37639199999,0.1548052267949792
https://entity.api.hubmapconsortium.org/entities/5b6f58d1c87600ce755d8b23c92f999d,http://purl.org/ccf/1.5/9b2bcd9c-b142-45d3-bf38-f4a24afdb73a,left kidney,UBERON:0004538,sc_bulk,https://purl.org/ccf/ASCTB-TEMP_inner-medullary-collecting-duct,Inner Medullary Collecting Duct,37309.60808000001,0.146226829253316
https://entity.api.hubmapconsortium.org/entities/5b6f58d1c87600ce755d8b23c92f999d,http://purl.org/ccf/1.5/9b2bcd9c-b142-45d3-bf38-f4a24afdb73a,left kidney,UBERON:0004538,sc_bulk,https://purl.org/ccf/ASCTB-TEMP_descending-thin-limb-type-1,Descending Thin Limb Type 1,34812.09828799999,0.1364383871680978
https://entity.api.hubmapconsortium.org/entities/5b6f58d1c87600ce755d8b23c92f999d,http://purl.org/ccf/1.5/9b2bcd9c-b142-45d3-bf38-f4a24afdb73a,left kidney,UBERON:0004538,sc_bulk,https://purl.org/ccf/ASCTB-TEMP_vascular-smooth-muscle-pericyte,Vascular Smooth Muscle / Pericyte,22143.517352,0.08678666160083512
https://entity.api.hubmapconsortium.org/entities/5b6f58d1c87600ce755d8b23c92f999d,http://purl.org/ccf/1.5/9b2bcd9c-b142-45d3-bf38-f4a24afdb73a,left kidney,UBERON:0004538,sc_bulk,https://purl.org/ccf/ASCTB-TEMP_cortical-collecting-duct-principal,Cortical Collecting Duct Principal,20418.894264,0.08002737950721034
https://entity.api.hubmapconsortium.org/entities/5b6f58d1c87600ce755d8b23c92f999d,http://purl.org/ccf/1.5/9b2bcd9c-b142-45d3-bf38-f4a24afdb73a,left kidney,UBERON:0004538,sc_bulk,https://purl.org/ccf/ASCTB-TEMP_distal-convoluted-tubule-type-1,Distal Convoluted Tubule Type 1,17456.356344,0.06841636162529013
https://entity.api.hubmapconsortium.org/entities/5b6f58d1c87600ce755d8b23c92f999d,http://purl.org/ccf/1.5/9b2bcd9c-b142-45d3-bf38-f4a24afdb73a,left kidney,UBERON:0004538,sc_bulk,https://purl.org/ccf/ASCTB-TEMP_medullary-thick-ascending-limb,Medullary Thick Ascending Limb,16733.84952,0.06558465452826391
https://entity.api.hubmapconsortium.org/entities/5b6f58d1c87600ce755d8b23c92f999d,http://purl.org/ccf/1.5/9b2bcd9c-b142-45d3-bf38-f4a24afdb73a,left kidney,UBERON:0004538,sc_bulk,https://purl.org/ccf/ASCTB-TEMP_connecting-tubule,Connecting Tubule,13798.94264,0.05408193044989984
https://entity.api.hubmapconsortium.org/entities/5b6f58d1c87600ce755d8b23c92f999d,http://purl.org/ccf/1.5/9b2bcd9c-b142-45d3-bf38-f4a24afdb73a,left kidney,UBERON:0004538,sc_bulk,https://purl.org/ccf/ASCTB-TEMP_cortical-thick-ascending-limb,Cortical Thick Ascending Limb,12663.676616,0.04963250416022708
https://entity.api.hubmapconsortium.org/entities/5b6f58d1c87600ce755d8b23c92f999d,http://purl.org/ccf/1.5/9b2bcd9c-b142-45d3-bf38-f4a24afdb73a,left kidney,UBERON:0004538,sc_bulk,https://purl.org/ccf/ASCTB-TEMP_mesangial,Mesangial,10776.98092,0.04223801401172705
https://entity.api.hubmapconsortium.org/entities/5b6f58d1c87600ce755d8b23c92f999d,http://purl.org/ccf/1.5/9b2bcd9c-b142-45d3-bf38-f4a24afdb73a,left kidney,UBERON:0004538,sc_bulk,https://purl.org/ccf/ASCTB-TEMP_ascending-thin-limb,Ascending Thin Limb,7556.471344,0.02961593278083727
https://entity.api.hubmapconsortium.org/entities/5b6f58d1c87600ce755d8b23c92f999d,http://purl.org/ccf/1.5/9b2bcd9c-b142-45d3-bf38-f4a24afdb73a,left kidney,UBERON:0004538,sc_bulk,https://purl.org/ccf/ASCTB-TEMP_medullary-fibroblast,Medullary Fibroblast,3098.08612,0.01214226933474956
https://entity.api.hubmapconsortium.org/entities/5b6f58d1c87600ce755d8b23c92f999d,http://purl.org/ccf/1.5/9b2bcd9c-b142-45d3-bf38-f4a24afdb73a,left kidney,UBERON:0004538,sc_bulk,https://purl.org/ccf/ASCTB-TEMP_fibroblast,Fibroblast,2224.506648,0.008718466114478744
https://entity.api.hubmapconsortium.org/entities/5b6f58d1c87600ce755d8b23c92f999d,http://purl.org/ccf/1.5/9b2bcd9c-b142-45d3-bf38-f4a24afdb73a,left kidney,UBERON:0004538,sc_bulk,https://purl.org/ccf/ASCTB-TEMP_ascending-vasa-recta-endothelial,Ascending Vasa Recta Endothelial,1746.010599999999,0.006843105757992183
https://entity.api.hubmapconsortium.org/entities/5b6f58d1c87600ce755d8b23c92f999d,http://purl.org/ccf/1.5/9b2bcd9c-b142-45d3-bf38-f4a24afdb73a,left kidney,UBERON:0004538,sc_bulk,https://purl.org/ccf/ASCTB-TEMP_peritubular-capilary-endothelial,Peritubular Capilary Endothelial,1524.427608,0.005974659799858634
https://entity.api.hubmapconsortium.org/entities/5b6f58d1c87600ce755d8b23c92f999d,http://purl.org/ccf/1.5/9b2bcd9c-b142-45d3-bf38-f4a24afdb73a,left kidney,UBERON:0004538,sc_bulk,https://purl.org/ccf/ASCTB-TEMP_cortical-collecting-duct-intercalated-type-a,Cortical Collecting Duct Intercalated Type A,1166.041264,0.004570043095806457
https://entity.api.hubmapconsortium.org/entities/5b6f58d1c87600ce755d8b23c92f999d,http://purl.org/ccf/1.5/9b2bcd9c-b142-45d3-bf38-f4a24afdb73a,left kidney,UBERON:0004538,sc_bulk,https://purl.org/ccf/ASCTB-TEMP_t,T,1017.837896,0.003989192486471875
https://entity.api.hubmapconsortium.org/entities/5b6f58d1c87600ce755d8b23c92f999d,http://purl.org/ccf/1.5/9b2bcd9c-b142-45d3-bf38-f4a24afdb73a,left kidney,UBERON:0004538,sc_bulk,https://purl.org/ccf/ASCTB-TEMP_descending-vasa-recta-endothelial,Descending Vasa Recta Endothelial,995.1762720000004,0.003900375219451933
https://entity.api.hubmapconsortium.org/entities/5b6f58d1c87600ce755d8b23c92f999d,http://purl.org/ccf/1.5/9b2bcd9c-b142-45d3-bf38-f4a24afdb73a,left kidney,UBERON:0004538,sc_bulk,https://purl.org/ccf/ASCTB-TEMP_outer-medullary-collecting-duct-intercalated-type-a,Outer Medullary Collecting Duct Intercalated Type A,987.6750639999999,0.003870975879232177
https://entity.api.hubmapconsortium.org/entities/5b6f58d1c87600ce755d8b23c92f999d,http://purl.org/ccf/1.5/9b2bcd9c-b142-45d3-bf38-f4a24afdb73a,left kidney,UBERON:0004538,sc_bulk,https://purl.org/ccf/ASCTB-TEMP_descending-thin-limb-type-3,Descending Thin Limb Type 3,929.5462319999999,0.003643152666151706
https://entity.api.hubmapconsortium.org/entities/5b6f58d1c87600ce755d8b23c92f999d,http://purl.org/ccf/1.5/9b2bcd9c-b142-45d3-bf38-f4a24afdb73a,left kidney,UBERON:0004538,sc_bulk,https://purl.org/ccf/ASCTB-TEMP_proximal-tubule-epithelial-segment-1,Proximal Tubule Epithelial Segment 1,927.8158159999999,0.003636370680009513
https://entity.api.hubmapconsortium.org/entities/5b6f58d1c87600ce755d8b23c92f999d,http://purl.org/ccf/1.5/9b2bcd9c-b142-45d3-bf38-f4a24afdb73a,left kidney,UBERON:0004538,sc_bulk,https://purl.org/ccf/ASCTB-TEMP_outer-medullary-collecting-duct-principal,Outer Medullary Collecting Duct Principal,822.2673920000001,0.003222696772175621
https://entity.api.hubmapconsortium.org/entities/5b6f58d1c87600ce755d8b23c92f999d,http://purl.org/ccf/1.5/9b2bcd9c-b142-45d3-bf38-f4a24afdb73a,left kidney,UBERON:0004538,sc_bulk,https://purl.org/ccf/ASCTB-TEMP_parietal-epithelial,Parietal Epithelial,807.479856,0.00316474026678664
https://entity.api.hubmapconsortium.org/entities/5b6f58d1c87600ce755d8b23c92f999d,http://purl.org/ccf/1.5/9b2bcd9c-b142-45d3-bf38-f4a24afdb73a,left kidney,UBERON:0004538,sc_bulk,https://purl.org/ccf/ASCTB-TEMP_connecting-tubule-principal,Connecting Tubule Principal,692.515896,0.002714164229826966
https://entity.api.hubmapconsortium.org/entities/5b6f58d1c87600ce755d8b23c92f999d,http://purl.org/ccf/1.5/9b2bcd9c-b142-45d3-bf38-f4a24afdb73a,left kidney,UBERON:0004538,sc_bulk,https://purl.org/ccf/ASCTB-TEMP_proximal-tubule-epithelial-segment-3,Proximal Tubule Epithelial Segment 3,684.23164,0.00268169590464367
https://entity.api.hubmapconsortium.org/entities/5b6f58d1c87600ce755d8b23c92f999d,http://purl.org/ccf/1.5/9b2bcd9c-b142-45d3-bf38-f4a24afdb73a,left kidney,UBERON:0004538,sc_bulk,https://purl.org/ccf/ASCTB-TEMP_papillary-tip-epithelial,Papillary Tip Epithelial,657.52964,0.002577043269688356
https://entity.api.hubmapconsortium.org/entities/5b6f58d1c87600ce755d8b23c92f999d,http://purl.org/ccf/1.5/9b2bcd9c-b142-45d3-bf38-f4a24afdb73a,left kidney,UBERON:0004538,sc_bulk,https://purl.org/ccf/ASCTB-TEMP_glomerular-capillary-endothelial,Glomerular Capillary Endothelial,608.468744,0.002384759843740166
https://entity.api.hubmapconsortium.org/entities/5b6f58d1c87600ce755d8b23c92f999d,http://purl.org/ccf/1.5/9b2bcd9c-b142-45d3-bf38-f4a24afdb73a,left kidney,UBERON:0004538,sc_bulk,https://purl.org/ccf/ASCTB-TEMP_intercalated-type-b,Intercalated Type B,594.3473359999999,0.002329414081007822
https://entity.api.hubmapconsortium.org/entities/5b6f58d1c87600ce755d8b23c92f999d,http://purl.org/ccf/1.5/9b2bcd9c-b142-45d3-bf38-f4a24afdb73a,left kidney,UBERON:0004538,sc_bulk,https://purl.org/ccf/ASCTB-TEMP_macula-densa,Macula Densa,473.1189919999999,0.001854286164339815
https://entity.api.hubmapconsortium.org/entities/5b6f58d1c87600ce755d8b23c92f999d,http://purl.org/ccf/1.5/9b2bcd9c-b142-45d3-bf38-f4a24afdb73a,left kidney,UBERON:0004538,sc_bulk,https://purl.org/ccf/ASCTB-TEMP_m2-macrophage,M2 Macrophage,310.980024,0.001218818025993054
https://entity.api.hubmapconsortium.org/entities/5b6f58d1c87600ce755d8b23c92f999d,http://purl.org/ccf/1.5/9b2bcd9c-b142-45d3-bf38-f4a24afdb73a,left kidney,UBERON:0004538,sc_bulk,https://purl.org/ccf/ASCTB-TEMP_b,B,307.1684320000001,0.001203879326787954
https://entity.api.hubmapconsortium.org/entities/5b6f58d1c87600ce755d8b23c92f999d,http://purl.org/ccf/1.5/9b2bcd9c-b142-45d3-bf38-f4a24afdb73a,left kidney,UBERON:0004538,sc_bulk,https://purl.org/ccf/ASCTB-TEMP_monocyte-derived,Monocyte-derived,233.972088,9.170023037673739E-4
https://entity.api.hubmapconsortium.org/entities/5b6f58d1c87600ce755d8b23c92f999d,http://purl.org/ccf/1.5/9b2bcd9c-b142-45d3-bf38-f4a24afdb73a,left kidney,UBERON:0004538,sc_bulk,https://purl.org/ccf/ASCTB-TEMP_lymphatic-endothelial,Lymphatic Endothelial,226.4013600000001,8.873304951489198E-4
https://entity.api.hubmapconsortium.org/entities/5b6f58d1c87600ce755d8b23c92f999d,http://purl.org/ccf/1.5/9b2bcd9c-b142-45d3-bf38-f4a24afdb73a,left kidney,UBERON:0004538,sc_bulk,https://purl.org/ccf/ASCTB-TEMP_afferent-efferent-arteriole-endothelial,Afferent / Efferent Arteriole Endothelial,212.631344,8.333619363227333E-4
https://entity.api.hubmapconsortium.org/entities/5b6f58d1c87600ce755d8b23c92f999d,http://purl.org/ccf/1.5/9b2bcd9c-b142-45d3-bf38-f4a24afdb73a,left kidney,UBERON:0004538,sc_bulk,https://purl.org/ccf/ASCTB-TEMP_tissue-resident-macrophage,Tissue-resident Macrophage,198.48908,7.779344330707796E-4
https://entity.api.hubmapconsortium.org/entities/5b6f58d1c87600ce755d8b23c92f999d,http://purl.org/ccf/1.5/9b2bcd9c-b142-45d3-bf38-f4a24afdb73a,left kidney,UBERON:0004538,sc_bulk,https://purl.org/ccf/ASCTB-TEMP_classical-dendritic,Classical Dendritic,172.720544,6.769403056143776E-4
https://entity.api.hubmapconsortium.org/entities/5b6f58d1c87600ce755d8b23c92f999d,http://purl.org/ccf/1.5/9b2bcd9c-b142-45d3-bf38-f4a24afdb73a,left kidney,UBERON:0004538,sc_bulk,https://purl.org/ccf/ASCTB-TEMP_podocyte,Podocyte,143.182128,5.611709599920954E-4
https://entity.api.hubmapconsortium.org/entities/5b6f58d1c87600ce755d8b23c92f999d,http://purl.org/ccf/1.5/9b2bcd9c-b142-45d3-bf38-f4a24afdb73a,left kidney,UBERON:0004538,sc_bulk,https://purl.org/ccf/ASCTB-TEMP_cortical-vascular-smooth-muscle-pericyte,Cortical Vascular Smooth Muscle / Pericyte,87.50292799999998,3.429485424876433E-4
https://entity.api.hubmapconsortium.org/entities/5b6f58d1c87600ce755d8b23c92f999d,http://purl.org/ccf/1.5/9b2bcd9c-b142-45d3-bf38-f4a24afdb73a,left kidney,UBERON:0004538,sc_bulk,https://purl.org/ccf/ASCTB-TEMP_mast,Mast,38.132984,1.494538706579582E-4
https://entity.api.hubmapconsortium.org/entities/5b6f58d1c87600ce755d8b23c92f999d,http://purl.org/ccf/1.5/9b2bcd9c-b142-45d3-bf38-f4a24afdb73a,left kidney,UBERON:0004538,sc_bulk,https://purl.org/ccf/ASCTB-TEMP_proximal-tubule-epithelial-segment-2,Proximal Tubule Epithelial Segment 2,18.097952,7.093095513799643E-5
https://entity.api.hubmapconsortium.org/entities/5b6f58d1c87600ce755d8b23c92f999d,http://purl.org/ccf/1.5/9b2bcd9c-b142-45d3-bf38-f4a24afdb73a,left kidney,UBERON:0004538,sc_bulk,https://purl.org/ccf/ASCTB-TEMP_natural-killer-natural-killer-t,Natural Killer / Natural Killer T,16.86808,6.611074146644518E-5
https://entity.api.hubmapconsortium.org/entities/5b6f58d1c87600ce755d8b23c92f999d,http://purl.org/ccf/1.5/9b2bcd9c-b142-45d3-bf38-f4a24afdb73a,left kidney,UBERON:0004538,sc_bulk,https://purl.org/ccf/ASCTB-TEMP_plasma,Plasma,10.92728,4.28270783047897E-5
https://entity.api.hubmapconsortium.org/entities/5b6f58d1c87600ce755d8b23c92f999d,http://purl.org/ccf/1.5/9b2bcd9c-b142-45d3-bf38-f4a24afdb73a,left kidney,UBERON:0004538,sc_bulk,https://purl.org/ccf/ASCTB-TEMP_monocyte,Monocyte,10.344576,4.054329772659329E-5
https://entity.api.hubmapconsortium.org/entities/5b6f58d1c87600ce755d8b23c92f999d,http://purl.org/ccf/1.5/9b2bcd9c-b142-45d3-bf38-f4a24afdb73a,left kidney,UBERON:0004538,sc_bulk,https://purl.org/ccf/ASCTB-TEMP_cycling-mononuclear-phagocyte,Cycling Mononuclear Phagocyte,9.923664,3.889362542173557E-5
https://entity.api.hubmapconsortium.org/entities/5b6f58d1c87600ce755d8b23c92f999d,http://purl.org/ccf/1.5/9b2bcd9c-b142-45d3-bf38-f4a24afdb73a,left kidney,UBERON:0004538,sc_bulk,https://purl.org/ccf/ASCTB-TEMP_renin-positive-juxtaglomerular-granular,Renin-positive Juxtaglomerular Granular,7.610543999999999,2.98278587013463E-5
https://entity.api.hubmapconsortium.org/entities/5b6f58d1c87600ce755d8b23c92f999d,http://purl.org/ccf/1.5/9b2bcd9c-b142-45d3-bf38-f4a24afdb73a,left kidney,UBERON:0004538,sc_bulk,https://purl.org/ccf/ASCTB-TEMP_neutrophil,Neutrophil,7.590952,2.97510721526217E-5
https://entity.api.hubmapconsortium.org/entities/5b6f58d1c87600ce755d8b23c92f999d,http://purl.org/ccf/1.5/9b2bcd9c-b142-45d3-bf38-f4a24afdb73a,left kidney,UBERON:0004538,sc_bulk,https://purl.org/ccf/ASCTB-TEMP_schwann-neural,Schwann / Neural,3.716792,1.456715138869105E-5
https://entity.api.hubmapconsortium.org/entities/5b6f58d1c87600ce755d8b23c92f999d,http://purl.org/ccf/1.5/9b2bcd9c-b142-45d3-bf38-f4a24afdb73a,left kidney,UBERON:0004538,sc_bulk,https://purl.org/ccf/ASCTB-TEMP_connecting-tubule-intercalated-type-a,Connecting Tubule Intercalated Type A,2.005336,7.85947480978009E-6
https://entity.api.hubmapconsortium.org/entities/5b6f58d1c87600ce755d8b23c92f999d,http://purl.org/ccf/1.5/9b2bcd9c-b142-45d3-bf38-f4a24afdb73a,left kidney,UBERON:0004538,sc_bulk,https://purl.org/ccf/ASCTB-TEMP_non-classical-monocyte,Non-classical monocyte,1.93708,7.591960381965324E-6
https://entity.api.hubmapconsortium.org/entities/5b6f58d1c87600ce755d8b23c92f999d,http://purl.org/ccf/1.5/9b2bcd9c-b142-45d3-bf38-f4a24afdb73a,left kidney,UBERON:0004538,sc_bulk,https://purl.org/ccf/ASCTB-TEMP_distal-convoluted-tubule-type-2,Distal Convoluted Tubule Type 2,1.397984,5.479091799317225E-6
https://entity.api.hubmapconsortium.org/entities/5b6f58d1c87600ce755d8b23c92f999d,http://purl.org/ccf/1.5/9b2bcd9c-b142-45d3-bf38-f4a24afdb73a,left kidney,UBERON:0004538,sc_bulk,https://purl.org/ccf/ASCTB-TEMP_natural-killer-t,Natural Killer T,1.015624,3.980515606465996E-6
https://entity.api.hubmapconsortium.org/entities/5b6f58d1c87600ce755d8b23c92f999d,http://purl.org/ccf/1.5/9b2bcd9c-b142-45d3-bf38-f4a24afdb73a,left kidney,UBERON:0004538,sc_bulk,https://purl.org/ccf/ASCTB-TEMP_plasmacytoid-dendritic,Plasmacytoid Dendritic,0.383624,1.503530163736689E-6
https://entity.api.hubmapconsortium.org/entities/5bbf6c322b1d01653e50d8fc7c4c9337,http://purl.org/ccf/1.5/dddd9215-b7d9-49d3-9546-ff2582be5f56,heart,UBERON:0000948,sc_bulk,http://purl.obolibrary.org/obo/CL_0002131,regular ventricular cardiac myocyte,8483.357025000001,0.2906960807811061
https://entity.api.hubmapconsortium.org/entities/5bbf6c322b1d01653e50d8fc7c4c9337,http://purl.org/ccf/1.5/dddd9215-b7d9-49d3-9546-ff2582be5f56,heart,UBERON:0000948,sc_bulk,http://purl.obolibrary.org/obo/CL_0000669,pericyte,3604.67635,0.1235201211432384
https://entity.api.hubmapconsortium.org/entities/5bbf6c322b1d01653e50d8fc7c4c9337,http://purl.org/ccf/1.5/dddd9215-b7d9-49d3-9546-ff2582be5f56,heart,UBERON:0000948,sc_bulk,https://purl.org/ccf/ASCTB-TEMP_fibroblast,Fibroblast,3482.2084,0.119323556860799
https://entity.api.hubmapconsortium.org/entities/5bbf6c322b1d01653e50d8fc7c4c9337,http://purl.org/ccf/1.5/dddd9215-b7d9-49d3-9546-ff2582be5f56,heart,UBERON:0000948,sc_bulk,http://purl.obolibrary.org/obo/CL_0002144,capillary endothelial cell,2515.80395,0.08620813035728928
https://entity.api.hubmapconsortium.org/entities/5bbf6c322b1d01653e50d8fc7c4c9337,http://purl.org/ccf/1.5/dddd9215-b7d9-49d3-9546-ff2582be5f56,heart,UBERON:0000948,sc_bulk,http://purl.obolibrary.org/obo/CL_0000057,fibroblast,2452.052625,0.08402358710778451
https://entity.api.hubmapconsortium.org/entities/5bbf6c322b1d01653e50d8fc7c4c9337,http://purl.org/ccf/1.5/dddd9215-b7d9-49d3-9546-ff2582be5f56,heart,UBERON:0000948,sc_bulk,https://purl.org/ccf/ASCTB-TEMP_ventricular-cardiomycoyte,Ventricular Cardiomycoyte,1976.6769,0.06773406165827925
https://entity.api.hubmapconsortium.org/entities/5bbf6c322b1d01653e50d8fc7c4c9337,http://purl.org/ccf/1.5/dddd9215-b7d9-49d3-9546-ff2582be5f56,heart,UBERON:0000948,sc_bulk,http://purl.obolibrary.org/obo/CL_0000003,native cell,1862.534025,0.06382276966457848
https://entity.api.hubmapconsortium.org/entities/5bbf6c322b1d01653e50d8fc7c4c9337,http://purl.org/ccf/1.5/dddd9215-b7d9-49d3-9546-ff2582be5f56,heart,UBERON:0000948,sc_bulk,http://purl.obolibrary.org/obo/CL_1000413,endothelial cell of artery,865.8848,0.02967095655955042
https://entity.api.hubmapconsortium.org/entities/5bbf6c322b1d01653e50d8fc7c4c9337,http://purl.org/ccf/1.5/dddd9215-b7d9-49d3-9546-ff2582be5f56,heart,UBERON:0000948,sc_bulk,http://purl.obolibrary.org/obo/CL_0000192,smooth muscle cell,616.3179,0.02111913921779588
https://entity.api.hubmapconsortium.org/entities/5bbf6c322b1d01653e50d8fc7c4c9337,http://purl.org/ccf/1.5/dddd9215-b7d9-49d3-9546-ff2582be5f56,heart,UBERON:0000948,sc_bulk,http://purl.obolibrary.org/obo/CL_0000235,macrophage,540.07745,0.01850663570690092
https://entity.api.hubmapconsortium.org/entities/5bbf6c322b1d01653e50d8fc7c4c9337,http://purl.org/ccf/1.5/dddd9215-b7d9-49d3-9546-ff2582be5f56,heart,UBERON:0000948,sc_bulk,http://purl.obolibrary.org/obo/CL_0000115,endothelial cell,403.45415,0.0138250152426978
https://entity.api.hubmapconsortium.org/entities/5bbf6c322b1d01653e50d8fc7c4c9337,http://purl.org/ccf/1.5/dddd9215-b7d9-49d3-9546-ff2582be5f56,heart,UBERON:0000948,sc_bulk,http://purl.obolibrary.org/obo/CL_0002543,vein endothelial cell,270.80515,0.00927958065755691
https://entity.api.hubmapconsortium.org/entities/5bbf6c322b1d01653e50d8fc7c4c9337,http://purl.org/ccf/1.5/dddd9215-b7d9-49d3-9546-ff2582be5f56,heart,UBERON:0000948,sc_bulk,https://purl.org/ccf/ASCTB-TEMP_b,B,258.842375,0.008869656638384066
https://entity.api.hubmapconsortium.org/entities/5bbf6c322b1d01653e50d8fc7c4c9337,http://purl.org/ccf/1.5/dddd9215-b7d9-49d3-9546-ff2582be5f56,heart,UBERON:0000948,sc_bulk,http://purl.obolibrary.org/obo/CL_0000623,natural killer cell,138.00985,0.004729132864025412
https://entity.api.hubmapconsortium.org/entities/5bbf6c322b1d01653e50d8fc7c4c9337,http://purl.org/ccf/1.5/dddd9215-b7d9-49d3-9546-ff2582be5f56,heart,UBERON:0000948,sc_bulk,http://purl.obolibrary.org/obo/CL_0000934,"CD4-positive, alpha-beta cytotoxic T cell",133.635975,0.004579254895129429
https://entity.api.hubmapconsortium.org/entities/5bbf6c322b1d01653e50d8fc7c4c9337,http://purl.org/ccf/1.5/dddd9215-b7d9-49d3-9546-ff2582be5f56,heart,UBERON:0000948,sc_bulk,https://purl.org/ccf/ASCTB-TEMP_monocyte-cdc,Monocyte/cDC,124.57665,0.004268822331197311
https://entity.api.hubmapconsortium.org/entities/5bbf6c322b1d01653e50d8fc7c4c9337,http://purl.org/ccf/1.5/dddd9215-b7d9-49d3-9546-ff2582be5f56,heart,UBERON:0000948,sc_bulk,http://purl.obolibrary.org/obo/CL_0002397,"CD14-positive, CD16-positive monocyte",121.76835,0.004172591346075288
https://entity.api.hubmapconsortium.org/entities/5bbf6c322b1d01653e50d8fc7c4c9337,http://purl.org/ccf/1.5/dddd9215-b7d9-49d3-9546-ff2582be5f56,heart,UBERON:0000948,sc_bulk,http://purl.obolibrary.org/obo/CL_0002319,neural cell,120.85975,0.004141456683438864
https://entity.api.hubmapconsortium.org/entities/5bbf6c322b1d01653e50d8fc7c4c9337,http://purl.org/ccf/1.5/dddd9215-b7d9-49d3-9546-ff2582be5f56,heart,UBERON:0000948,sc_bulk,http://purl.obolibrary.org/obo/CL_0000906,"activated CD8-positive, alpha-beta T cell",112.798675,0.003865230785781026
https://entity.api.hubmapconsortium.org/entities/5bbf6c322b1d01653e50d8fc7c4c9337,http://purl.org/ccf/1.5/dddd9215-b7d9-49d3-9546-ff2582be5f56,heart,UBERON:0000948,sc_bulk,https://purl.org/ccf/ASCTB-TEMP_capillary-endothelial,Capillary Endothelial,95.75472500000001,0.003281192008274885
https://entity.api.hubmapconsortium.org/entities/5bbf6c322b1d01653e50d8fc7c4c9337,http://purl.org/ccf/1.5/dddd9215-b7d9-49d3-9546-ff2582be5f56,heart,UBERON:0000948,sc_bulk,https://purl.org/ccf/ASCTB-TEMP_pericyte,Pericyte,91.90775000000002,0.003149369128244335
https://entity.api.hubmapconsortium.org/entities/5bbf6c322b1d01653e50d8fc7c4c9337,http://purl.org/ccf/1.5/dddd9215-b7d9-49d3-9546-ff2582be5f56,heart,UBERON:0000948,sc_bulk,http://purl.obolibrary.org/obo/CL_1000309,epicardial adipocyte,90.739825,0.003109348271035832
https://entity.api.hubmapconsortium.org/entities/5bbf6c322b1d01653e50d8fc7c4c9337,http://purl.org/ccf/1.5/dddd9215-b7d9-49d3-9546-ff2582be5f56,heart,UBERON:0000948,sc_bulk,https://purl.org/ccf/ASCTB-TEMP_macrophage,Macrophage,90.14307500000001,0.003088899657863605
https://entity.api.hubmapconsortium.org/entities/5bbf6c322b1d01653e50d8fc7c4c9337,http://purl.org/ccf/1.5/dddd9215-b7d9-49d3-9546-ff2582be5f56,heart,UBERON:0000948,sc_bulk,http://purl.obolibrary.org/obo/CL_0000794,"CD8-positive, alpha-beta cytotoxic T cell",88.63195,0.00303711849225006
https://entity.api.hubmapconsortium.org/entities/5bbf6c322b1d01653e50d8fc7c4c9337,http://purl.org/ccf/1.5/dddd9215-b7d9-49d3-9546-ff2582be5f56,heart,UBERON:0000948,sc_bulk,http://purl.obolibrary.org/obo/CL_0000576,monocyte,73.192075,0.002508045963883829
https://entity.api.hubmapconsortium.org/entities/5bbf6c322b1d01653e50d8fc7c4c9337,http://purl.org/ccf/1.5/dddd9215-b7d9-49d3-9546-ff2582be5f56,heart,UBERON:0000948,sc_bulk,http://purl.obolibrary.org/obo/CL_0001054,CD14-positive monocyte,68.36720000000001,0.002342713743558145
https://entity.api.hubmapconsortium.org/entities/5bbf6c322b1d01653e50d8fc7c4c9337,http://purl.org/ccf/1.5/dddd9215-b7d9-49d3-9546-ff2582be5f56,heart,UBERON:0000948,sc_bulk,http://purl.obolibrary.org/obo/CL_0000097,mast cell,60.68644999999999,0.002079520303051085
https://entity.api.hubmapconsortium.org/entities/5bbf6c322b1d01653e50d8fc7c4c9337,http://purl.org/ccf/1.5/dddd9215-b7d9-49d3-9546-ff2582be5f56,heart,UBERON:0000948,sc_bulk,https://purl.org/ccf/ASCTB-TEMP_mesothelial,Mesothelial,58.9875,0.002021303007116513
https://entity.api.hubmapconsortium.org/entities/5bbf6c322b1d01653e50d8fc7c4c9337,http://purl.org/ccf/1.5/dddd9215-b7d9-49d3-9546-ff2582be5f56,heart,UBERON:0000948,sc_bulk,http://purl.obolibrary.org/obo/CL_0000814,mature NK T cell,53.17234999999999,0.001822037396913782
https://entity.api.hubmapconsortium.org/entities/5bbf6c322b1d01653e50d8fc7c4c9337,http://purl.org/ccf/1.5/dddd9215-b7d9-49d3-9546-ff2582be5f56,heart,UBERON:0000948,sc_bulk,http://purl.obolibrary.org/obo/CL_0000451,dendritic cell,39.87472499999999,0.001366372562838635
https://entity.api.hubmapconsortium.org/entities/5bbf6c322b1d01653e50d8fc7c4c9337,http://purl.org/ccf/1.5/dddd9215-b7d9-49d3-9546-ff2582be5f56,heart,UBERON:0000948,sc_bulk,http://purl.obolibrary.org/obo/CL_0002138,endothelial cell of lymphatic vessel,36.893725,0.001264223730217922
https://entity.api.hubmapconsortium.org/entities/5bbf6c322b1d01653e50d8fc7c4c9337,http://purl.org/ccf/1.5/dddd9215-b7d9-49d3-9546-ff2582be5f56,heart,UBERON:0000948,sc_bulk,http://purl.obolibrary.org/obo/CL_0000236,B cell,32.153,0.001101775047049243
https://entity.api.hubmapconsortium.org/entities/5bbf6c322b1d01653e50d8fc7c4c9337,http://purl.org/ccf/1.5/dddd9215-b7d9-49d3-9546-ff2582be5f56,heart,UBERON:0000948,sc_bulk,https://purl.org/ccf/ASCTB-TEMP_nk,NK,31.70805,0.001086528108748476
https://entity.api.hubmapconsortium.org/entities/5bbf6c322b1d01653e50d8fc7c4c9337,http://purl.org/ccf/1.5/dddd9215-b7d9-49d3-9546-ff2582be5f56,heart,UBERON:0000948,sc_bulk,http://purl.obolibrary.org/obo/CL_0000896,"activated CD4-positive, alpha-beta T cell",31.19435,0.001068925339437084
https://entity.api.hubmapconsortium.org/entities/5bbf6c322b1d01653e50d8fc7c4c9337,http://purl.org/ccf/1.5/dddd9215-b7d9-49d3-9546-ff2582be5f56,heart,UBERON:0000948,sc_bulk,https://purl.org/ccf/ASCTB-TEMP_smooth-muscle,Smooth Muscle,29.765175,0.001019952324388205
https://entity.api.hubmapconsortium.org/entities/5bbf6c322b1d01653e50d8fc7c4c9337,http://purl.org/ccf/1.5/dddd9215-b7d9-49d3-9546-ff2582be5f56,heart,UBERON:0000948,sc_bulk,https://purl.org/ccf/ASCTB-TEMP_venous-endothelial,Venous Endothelial,24.625975,8.438492446819424E-4
https://entity.api.hubmapconsortium.org/entities/5bbf6c322b1d01653e50d8fc7c4c9337,http://purl.org/ccf/1.5/dddd9215-b7d9-49d3-9546-ff2582be5f56,heart,UBERON:0000948,sc_bulk,https://purl.org/ccf/ASCTB-TEMP_arterial-endothelial,Arterial Endothelial,22.447975,7.692165182653326E-4
https://entity.api.hubmapconsortium.org/entities/5bbf6c322b1d01653e50d8fc7c4c9337,http://purl.org/ccf/1.5/dddd9215-b7d9-49d3-9546-ff2582be5f56,heart,UBERON:0000948,sc_bulk,https://purl.org/ccf/ASCTB-TEMP_t,T,18.575975,6.365361157469155E-4
https://entity.api.hubmapconsortium.org/entities/5bbf6c322b1d01653e50d8fc7c4c9337,http://purl.org/ccf/1.5/dddd9215-b7d9-49d3-9546-ff2582be5f56,heart,UBERON:0000948,sc_bulk,https://purl.org/ccf/ASCTB-TEMP_endocardial,Endocardial,18.074925,6.193668193414782E-4
https://entity.api.hubmapconsortium.org/entities/5bbf6c322b1d01653e50d8fc7c4c9337,http://purl.org/ccf/1.5/dddd9215-b7d9-49d3-9546-ff2582be5f56,heart,UBERON:0000948,sc_bulk,https://purl.org/ccf/ASCTB-TEMP_lymphatic-endothelial,Lymphatic Endothelial,13.05645,4.474005788898732E-4
https://entity.api.hubmapconsortium.org/entities/5bbf6c322b1d01653e50d8fc7c4c9337,http://purl.org/ccf/1.5/dddd9215-b7d9-49d3-9546-ff2582be5f56,heart,UBERON:0000948,sc_bulk,https://purl.org/ccf/ASCTB-TEMP_mast,Mast,12.10385,4.14758184406649E-4
https://entity.api.hubmapconsortium.org/entities/5bbf6c322b1d01653e50d8fc7c4c9337,http://purl.org/ccf/1.5/dddd9215-b7d9-49d3-9546-ff2582be5f56,heart,UBERON:0000948,sc_bulk,https://purl.org/ccf/ASCTB-TEMP_adipocyte,Adipocyte,5.895725000000001,2.020266441471838E-4
https://entity.api.hubmapconsortium.org/entities/5bbf6c322b1d01653e50d8fc7c4c9337,http://purl.org/ccf/1.5/dddd9215-b7d9-49d3-9546-ff2582be5f56,heart,UBERON:0000948,sc_bulk,http://purl.obolibrary.org/obo/CL_0000077,mesothelial cell,4.26525,1.46155755899194E-4
https://entity.api.hubmapconsortium.org/entities/5bbf6c322b1d01653e50d8fc7c4c9337,http://purl.org/ccf/1.5/dddd9215-b7d9-49d3-9546-ff2582be5f56,heart,UBERON:0000948,sc_bulk,https://purl.org/ccf/ASCTB-TEMP_neuronal,Neuronal,3.845875000000001,1.317851867343797E-4
https://entity.api.hubmapconsortium.org/entities/5bbf6c322b1d01653e50d8fc7c4c9337,http://purl.org/ccf/1.5/dddd9215-b7d9-49d3-9546-ff2582be5f56,heart,UBERON:0000948,sc_bulk,https://purl.org/ccf/ASCTB-TEMP_atrial-cardiomyocyte,Atrial Cardiomyocyte,2.460425,8.431048020825846E-5
https://entity.api.hubmapconsortium.org/entities/5bbf6c322b1d01653e50d8fc7c4c9337,http://purl.org/ccf/1.5/dddd9215-b7d9-49d3-9546-ff2582be5f56,heart,UBERON:0000948,sc_bulk,https://purl.org/ccf/ASCTB-TEMP_endothelial,Endothelial,0.04345,1.488885198715194E-6
https://entity.api.hubmapconsortium.org/entities/5c91d282cbf26a0b7a923499863ec0d6,http://purl.org/ccf/1.5/1b9792bd-e6a2-4ba8-b9e6-3b3b387df0f1,heart,UBERON:0000948,sc_bulk,https://purl.org/ccf/ASCTB-TEMP_fibroblast,Fibroblast,221892.2543499999,0.3330088912100684
https://entity.api.hubmapconsortium.org/entities/5c91d282cbf26a0b7a923499863ec0d6,http://purl.org/ccf/1.5/1b9792bd-e6a2-4ba8-b9e6-3b3b387df0f1,heart,UBERON:0000948,sc_bulk,https://purl.org/ccf/ASCTB-TEMP_ventricular-cardiomycoyte,Ventricular Cardiomycoyte,174830.664116,0.2623803421049387
https://entity.api.hubmapconsortium.org/entities/5c91d282cbf26a0b7a923499863ec0d6,http://purl.org/ccf/1.5/1b9792bd-e6a2-4ba8-b9e6-3b3b387df0f1,heart,UBERON:0000948,sc_bulk,http://purl.obolibrary.org/obo/CL_0002131,regular ventricular cardiac myocyte,63268.87016,0.09495192322874964
https://entity.api.hubmapconsortium.org/entities/5c91d282cbf26a0b7a923499863ec0d6,http://purl.org/ccf/1.5/1b9792bd-e6a2-4ba8-b9e6-3b3b387df0f1,heart,UBERON:0000948,sc_bulk,http://purl.obolibrary.org/obo/CL_0000669,pericyte,33626.01689000001,0.05046486472974056
https://entity.api.hubmapconsortium.org/entities/5c91d282cbf26a0b7a923499863ec0d6,http://purl.org/ccf/1.5/1b9792bd-e6a2-4ba8-b9e6-3b3b387df0f1,heart,UBERON:0000948,sc_bulk,http://purl.obolibrary.org/obo/CL_0002144,capillary endothelial cell,27015.076502,0.04054337407242713
https://entity.api.hubmapconsortium.org/entities/5c91d282cbf26a0b7a923499863ec0d6,http://purl.org/ccf/1.5/1b9792bd-e6a2-4ba8-b9e6-3b3b387df0f1,heart,UBERON:0000948,sc_bulk,https://purl.org/ccf/ASCTB-TEMP_b,B,26503.895258,0.03977620939707385
https://entity.api.hubmapconsortium.org/entities/5c91d282cbf26a0b7a923499863ec0d6,http://purl.org/ccf/1.5/1b9792bd-e6a2-4ba8-b9e6-3b3b387df0f1,heart,UBERON:0000948,sc_bulk,http://purl.obolibrary.org/obo/CL_0000057,fibroblast,19603.185026,0.02941984130458711
https://entity.api.hubmapconsortium.org/entities/5c91d282cbf26a0b7a923499863ec0d6,http://purl.org/ccf/1.5/1b9792bd-e6a2-4ba8-b9e6-3b3b387df0f1,heart,UBERON:0000948,sc_bulk,http://purl.obolibrary.org/obo/CL_0000003,native cell,14160.515378,0.02125165449692906
https://entity.api.hubmapconsortium.org/entities/5c91d282cbf26a0b7a923499863ec0d6,http://purl.org/ccf/1.5/1b9792bd-e6a2-4ba8-b9e6-3b3b387df0f1,heart,UBERON:0000948,sc_bulk,http://purl.obolibrary.org/obo/CL_1000413,endothelial cell of artery,9579.661474,0.01437685355430502
https://entity.api.hubmapconsortium.org/entities/5c91d282cbf26a0b7a923499863ec0d6,http://purl.org/ccf/1.5/1b9792bd-e6a2-4ba8-b9e6-3b3b387df0f1,heart,UBERON:0000948,sc_bulk,https://purl.org/ccf/ASCTB-TEMP_pericyte,Pericyte,8175.996482,0.01227027744156244
https://entity.api.hubmapconsortium.org/entities/5c91d282cbf26a0b7a923499863ec0d6,http://purl.org/ccf/1.5/1b9792bd-e6a2-4ba8-b9e6-3b3b387df0f1,heart,UBERON:0000948,sc_bulk,https://purl.org/ccf/ASCTB-TEMP_monocyte-cdc,Monocyte/cDC,7547.345814,0.01132681836263967
https://entity.api.hubmapconsortium.org/entities/5c91d282cbf26a0b7a923499863ec0d6,http://purl.org/ccf/1.5/1b9792bd-e6a2-4ba8-b9e6-3b3b387df0f1,heart,UBERON:0000948,sc_bulk,https://purl.org/ccf/ASCTB-TEMP_capillary-endothelial,Capillary Endothelial,7477.717731999999,0.01122232273501253
https://entity.api.hubmapconsortium.org/entities/5c91d282cbf26a0b7a923499863ec0d6,http://purl.org/ccf/1.5/1b9792bd-e6a2-4ba8-b9e6-3b3b387df0f1,heart,UBERON:0000948,sc_bulk,https://purl.org/ccf/ASCTB-TEMP_macrophage,Macrophage,6670.387443999999,0.01001070692248795
https://entity.api.hubmapconsortium.org/entities/5c91d282cbf26a0b7a923499863ec0d6,http://purl.org/ccf/1.5/1b9792bd-e6a2-4ba8-b9e6-3b3b387df0f1,heart,UBERON:0000948,sc_bulk,http://purl.obolibrary.org/obo/CL_0000192,smooth muscle cell,6209.648838000002,0.009319244966002891
https://entity.api.hubmapconsortium.org/entities/5c91d282cbf26a0b7a923499863ec0d6,http://purl.org/ccf/1.5/1b9792bd-e6a2-4ba8-b9e6-3b3b387df0f1,heart,UBERON:0000948,sc_bulk,http://purl.obolibrary.org/obo/CL_0000235,macrophage,5263.258191999999,0.007898931757688141
https://entity.api.hubmapconsortium.org/entities/5c91d282cbf26a0b7a923499863ec0d6,http://purl.org/ccf/1.5/1b9792bd-e6a2-4ba8-b9e6-3b3b387df0f1,heart,UBERON:0000948,sc_bulk,http://purl.obolibrary.org/obo/CL_0000115,endothelial cell,3438.08756,0.005159773285428923
https://entity.api.hubmapconsortium.org/entities/5c91d282cbf26a0b7a923499863ec0d6,http://purl.org/ccf/1.5/1b9792bd-e6a2-4ba8-b9e6-3b3b387df0f1,heart,UBERON:0000948,sc_bulk,http://purl.obolibrary.org/obo/CL_0002543,vein endothelial cell,2778.241718,0.004169497474055186
https://entity.api.hubmapconsortium.org/entities/5c91d282cbf26a0b7a923499863ec0d6,http://purl.org/ccf/1.5/1b9792bd-e6a2-4ba8-b9e6-3b3b387df0f1,heart,UBERON:0000948,sc_bulk,https://purl.org/ccf/ASCTB-TEMP_mesothelial,Mesothelial,2753.19184,0.004131903407862277
https://entity.api.hubmapconsortium.org/entities/5c91d282cbf26a0b7a923499863ec0d6,http://purl.org/ccf/1.5/1b9792bd-e6a2-4ba8-b9e6-3b3b387df0f1,heart,UBERON:0000948,sc_bulk,https://purl.org/ccf/ASCTB-TEMP_arterial-endothelial,Arterial Endothelial,2629.611674,0.00394643819558721
https://entity.api.hubmapconsortium.org/entities/5c91d282cbf26a0b7a923499863ec0d6,http://purl.org/ccf/1.5/1b9792bd-e6a2-4ba8-b9e6-3b3b387df0f1,heart,UBERON:0000948,sc_bulk,https://purl.org/ccf/ASCTB-TEMP_venous-endothelial,Venous Endothelial,2457.212908,0.003687707569410919
https://entity.api.hubmapconsortium.org/entities/5c91d282cbf26a0b7a923499863ec0d6,http://purl.org/ccf/1.5/1b9792bd-e6a2-4ba8-b9e6-3b3b387df0f1,heart,UBERON:0000948,sc_bulk,https://purl.org/ccf/ASCTB-TEMP_smooth-muscle,Smooth Muscle,2387.685830000001,0.003583363525398751
https://entity.api.hubmapconsortium.org/entities/5c91d282cbf26a0b7a923499863ec0d6,http://purl.org/ccf/1.5/1b9792bd-e6a2-4ba8-b9e6-3b3b387df0f1,heart,UBERON:0000948,sc_bulk,https://purl.org/ccf/ASCTB-TEMP_endocardial,Endocardial,1783.492306,0.002676608956191571
https://entity.api.hubmapconsortium.org/entities/5c91d282cbf26a0b7a923499863ec0d6,http://purl.org/ccf/1.5/1b9792bd-e6a2-4ba8-b9e6-3b3b387df0f1,heart,UBERON:0000948,sc_bulk,https://purl.org/ccf/ASCTB-TEMP_nk,NK,1779.373292,0.002670427269998707
https://entity.api.hubmapconsortium.org/entities/5c91d282cbf26a0b7a923499863ec0d6,http://purl.org/ccf/1.5/1b9792bd-e6a2-4ba8-b9e6-3b3b387df0f1,heart,UBERON:0000948,sc_bulk,http://purl.obolibrary.org/obo/CL_0000623,natural killer cell,1339.336962,0.00201003463585876
https://entity.api.hubmapconsortium.org/entities/5c91d282cbf26a0b7a923499863ec0d6,http://purl.org/ccf/1.5/1b9792bd-e6a2-4ba8-b9e6-3b3b387df0f1,heart,UBERON:0000948,sc_bulk,http://purl.obolibrary.org/obo/CL_0000934,"CD4-positive, alpha-beta cytotoxic T cell",1247.835312,0.00187271184782521
https://entity.api.hubmapconsortium.org/entities/5c91d282cbf26a0b7a923499863ec0d6,http://purl.org/ccf/1.5/1b9792bd-e6a2-4ba8-b9e6-3b3b387df0f1,heart,UBERON:0000948,sc_bulk,http://purl.obolibrary.org/obo/CL_0002319,neural cell,1104.24838,0.001657221112658971
https://entity.api.hubmapconsortium.org/entities/5c91d282cbf26a0b7a923499863ec0d6,http://purl.org/ccf/1.5/1b9792bd-e6a2-4ba8-b9e6-3b3b387df0f1,heart,UBERON:0000948,sc_bulk,http://purl.obolibrary.org/obo/CL_0002397,"CD14-positive, CD16-positive monocyte",1005.546208,0.001509092008495198
https://entity.api.hubmapconsortium.org/entities/5c91d282cbf26a0b7a923499863ec0d6,http://purl.org/ccf/1.5/1b9792bd-e6a2-4ba8-b9e6-3b3b387df0f1,heart,UBERON:0000948,sc_bulk,https://purl.org/ccf/ASCTB-TEMP_t,T,1005.08726,0.001508403233823677
https://entity.api.hubmapconsortium.org/entities/5c91d282cbf26a0b7a923499863ec0d6,http://purl.org/ccf/1.5/1b9792bd-e6a2-4ba8-b9e6-3b3b387df0f1,heart,UBERON:0000948,sc_bulk,http://purl.obolibrary.org/obo/CL_1000309,epicardial adipocyte,862.3925300000001,0.001294251487256323
https://entity.api.hubmapconsortium.org/entities/5c91d282cbf26a0b7a923499863ec0d6,http://purl.org/ccf/1.5/1b9792bd-e6a2-4ba8-b9e6-3b3b387df0f1,heart,UBERON:0000948,sc_bulk,http://purl.obolibrary.org/obo/CL_0000794,"CD8-positive, alpha-beta cytotoxic T cell",815.1572120000001,0.001223362213003767
https://entity.api.hubmapconsortium.org/entities/5c91d282cbf26a0b7a923499863ec0d6,http://purl.org/ccf/1.5/1b9792bd-e6a2-4ba8-b9e6-3b3b387df0f1,heart,UBERON:0000948,sc_bulk,http://purl.obolibrary.org/obo/CL_0000906,"activated CD8-positive, alpha-beta T cell",811.667258,0.001218124600202371
https://entity.api.hubmapconsortium.org/entities/5c91d282cbf26a0b7a923499863ec0d6,http://purl.org/ccf/1.5/1b9792bd-e6a2-4ba8-b9e6-3b3b387df0f1,heart,UBERON:0000948,sc_bulk,https://purl.org/ccf/ASCTB-TEMP_adipocyte,Adipocyte,717.082328,0.001076174522869796
https://entity.api.hubmapconsortium.org/entities/5c91d282cbf26a0b7a923499863ec0d6,http://purl.org/ccf/1.5/1b9792bd-e6a2-4ba8-b9e6-3b3b387df0f1,heart,UBERON:0000948,sc_bulk,http://purl.obolibrary.org/obo/CL_0000097,mast cell,714.6325380000002,0.001072497955366404
https://entity.api.hubmapconsortium.org/entities/5c91d282cbf26a0b7a923499863ec0d6,http://purl.org/ccf/1.5/1b9792bd-e6a2-4ba8-b9e6-3b3b387df0f1,heart,UBERON:0000948,sc_bulk,https://purl.org/ccf/ASCTB-TEMP_neuronal,Neuronal,577.2210259999999,8.662750956065452E-4
https://entity.api.hubmapconsortium.org/entities/5c91d282cbf26a0b7a923499863ec0d6,http://purl.org/ccf/1.5/1b9792bd-e6a2-4ba8-b9e6-3b3b387df0f1,heart,UBERON:0000948,sc_bulk,https://purl.org/ccf/ASCTB-TEMP_lymphatic-endothelial,Lymphatic Endothelial,568.7677,8.535886107783864E-4
https://entity.api.hubmapconsortium.org/entities/5c91d282cbf26a0b7a923499863ec0d6,http://purl.org/ccf/1.5/1b9792bd-e6a2-4ba8-b9e6-3b3b387df0f1,heart,UBERON:0000948,sc_bulk,http://purl.obolibrary.org/obo/CL_0000814,mature NK T cell,561.75501,8.430641869847717E-4
https://entity.api.hubmapconsortium.org/entities/5c91d282cbf26a0b7a923499863ec0d6,http://purl.org/ccf/1.5/1b9792bd-e6a2-4ba8-b9e6-3b3b387df0f1,heart,UBERON:0000948,sc_bulk,http://purl.obolibrary.org/obo/CL_0001054,CD14-positive monocyte,544.6986240000001,8.174665012676682E-4
https://entity.api.hubmapconsortium.org/entities/5c91d282cbf26a0b7a923499863ec0d6,http://purl.org/ccf/1.5/1b9792bd-e6a2-4ba8-b9e6-3b3b387df0f1,heart,UBERON:0000948,sc_bulk,https://purl.org/ccf/ASCTB-TEMP_mast,Mast,542.37819,8.139840671659022E-4
https://entity.api.hubmapconsortium.org/entities/5c91d282cbf26a0b7a923499863ec0d6,http://purl.org/ccf/1.5/1b9792bd-e6a2-4ba8-b9e6-3b3b387df0f1,heart,UBERON:0000948,sc_bulk,http://purl.obolibrary.org/obo/CL_0000576,monocyte,526.232612,7.89753293345177E-4
https://entity.api.hubmapconsortium.org/entities/5c91d282cbf26a0b7a923499863ec0d6,http://purl.org/ccf/1.5/1b9792bd-e6a2-4ba8-b9e6-3b3b387df0f1,heart,UBERON:0000948,sc_bulk,http://purl.obolibrary.org/obo/CL_0000896,"activated CD4-positive, alpha-beta T cell",411.9102600000001,6.181819160946798E-4
https://entity.api.hubmapconsortium.org/entities/5c91d282cbf26a0b7a923499863ec0d6,http://purl.org/ccf/1.5/1b9792bd-e6a2-4ba8-b9e6-3b3b387df0f1,heart,UBERON:0000948,sc_bulk,http://purl.obolibrary.org/obo/CL_0002138,endothelial cell of lymphatic vessel,330.71279,4.963233161495356E-4
https://entity.api.hubmapconsortium.org/entities/5c91d282cbf26a0b7a923499863ec0d6,http://purl.org/ccf/1.5/1b9792bd-e6a2-4ba8-b9e6-3b3b387df0f1,heart,UBERON:0000948,sc_bulk,http://purl.obolibrary.org/obo/CL_0000236,B cell,284.907476,4.275801467615276E-4
https://entity.api.hubmapconsortium.org/entities/5c91d282cbf26a0b7a923499863ec0d6,http://purl.org/ccf/1.5/1b9792bd-e6a2-4ba8-b9e6-3b3b387df0f1,heart,UBERON:0000948,sc_bulk,http://purl.obolibrary.org/obo/CL_0000451,dendritic cell,272.41399,4.088303173346468E-4
https://entity.api.hubmapconsortium.org/entities/5c91d282cbf26a0b7a923499863ec0d6,http://purl.org/ccf/1.5/1b9792bd-e6a2-4ba8-b9e6-3b3b387df0f1,heart,UBERON:0000948,sc_bulk,https://purl.org/ccf/ASCTB-TEMP_atrial-cardiomyocyte,Atrial Cardiomyocyte,184.1108,2.763076771084177E-4
https://entity.api.hubmapconsortium.org/entities/5c91d282cbf26a0b7a923499863ec0d6,http://purl.org/ccf/1.5/1b9792bd-e6a2-4ba8-b9e6-3b3b387df0f1,heart,UBERON:0000948,sc_bulk,https://purl.org/ccf/ASCTB-TEMP_endothelial,Endothelial,35.59948,5.342657587207035E-5
https://entity.api.hubmapconsortium.org/entities/5c91d282cbf26a0b7a923499863ec0d6,http://purl.org/ccf/1.5/1b9792bd-e6a2-4ba8-b9e6-3b3b387df0f1,heart,UBERON:0000948,sc_bulk,http://purl.obolibrary.org/obo/CL_0000077,mesothelial cell,30.23032,4.536871002376905E-5
https://entity.api.hubmapconsortium.org/entities/5e2860f771e642ff4b18e8742d9f7f14,http://purl.org/ccf/1.5/6607b71b-cc93-47f9-8a9f-e7091073af0a,heart,UBERON:0000948,sc_bulk,http://purl.obolibrary.org/obo/CL_0002131,regular ventricular cardiac myocyte,10338.5169,0.3242498245428998
https://entity.api.hubmapconsortium.org/entities/5e2860f771e642ff4b18e8742d9f7f14,http://purl.org/ccf/1.5/6607b71b-cc93-47f9-8a9f-e7091073af0a,heart,UBERON:0000948,sc_bulk,http://purl.obolibrary.org/obo/CL_0000669,pericyte,4422.306415,0.1386980447010432
https://entity.api.hubmapconsortium.org/entities/5e2860f771e642ff4b18e8742d9f7f14,http://purl.org/ccf/1.5/6607b71b-cc93-47f9-8a9f-e7091073af0a,heart,UBERON:0000948,sc_bulk,http://purl.obolibrary.org/obo/CL_0002144,capillary endothelial cell,4170.499475000001,0.1308005525458885
https://entity.api.hubmapconsortium.org/entities/5e2860f771e642ff4b18e8742d9f7f14,http://purl.org/ccf/1.5/6607b71b-cc93-47f9-8a9f-e7091073af0a,heart,UBERON:0000948,sc_bulk,http://purl.obolibrary.org/obo/CL_0000057,fibroblast,2970.6909,0.0931706174505735
https://entity.api.hubmapconsortium.org/entities/5e2860f771e642ff4b18e8742d9f7f14,http://purl.org/ccf/1.5/6607b71b-cc93-47f9-8a9f-e7091073af0a,heart,UBERON:0000948,sc_bulk,http://purl.obolibrary.org/obo/CL_0000003,native cell,2310.5562,0.0724666264700413
https://entity.api.hubmapconsortium.org/entities/5e2860f771e642ff4b18e8742d9f7f14,http://purl.org/ccf/1.5/6607b71b-cc93-47f9-8a9f-e7091073af0a,heart,UBERON:0000948,sc_bulk,http://purl.obolibrary.org/obo/CL_1000413,endothelial cell of artery,1328.69807,0.04167233271805067
https://entity.api.hubmapconsortium.org/entities/5e2860f771e642ff4b18e8742d9f7f14,http://purl.org/ccf/1.5/6607b71b-cc93-47f9-8a9f-e7091073af0a,heart,UBERON:0000948,sc_bulk,https://purl.org/ccf/ASCTB-TEMP_ventricular-cardiomycoyte,Ventricular Cardiomycoyte,1308.40779,0.0410359629375915
https://entity.api.hubmapconsortium.org/entities/5e2860f771e642ff4b18e8742d9f7f14,http://purl.org/ccf/1.5/6607b71b-cc93-47f9-8a9f-e7091073af0a,heart,UBERON:0000948,sc_bulk,http://purl.obolibrary.org/obo/CL_0000192,smooth muscle cell,859.8006149999999,0.02696616944695688
https://entity.api.hubmapconsortium.org/entities/5e2860f771e642ff4b18e8742d9f7f14,http://purl.org/ccf/1.5/6607b71b-cc93-47f9-8a9f-e7091073af0a,heart,UBERON:0000948,sc_bulk,http://purl.obolibrary.org/obo/CL_0000235,macrophage,729.086735,0.02286655312236378
https://entity.api.hubmapconsortium.org/entities/5e2860f771e642ff4b18e8742d9f7f14,http://purl.org/ccf/1.5/6607b71b-cc93-47f9-8a9f-e7091073af0a,heart,UBERON:0000948,sc_bulk,http://purl.obolibrary.org/obo/CL_0000115,endothelial cell,482.1286250000001,0.01512113619153242
https://entity.api.hubmapconsortium.org/entities/5e2860f771e642ff4b18e8742d9f7f14,http://purl.org/ccf/1.5/6607b71b-cc93-47f9-8a9f-e7091073af0a,heart,UBERON:0000948,sc_bulk,https://purl.org/ccf/ASCTB-TEMP_fibroblast,Fibroblast,381.67219,0.01197049265745306
https://entity.api.hubmapconsortium.org/entities/5e2860f771e642ff4b18e8742d9f7f14,http://purl.org/ccf/1.5/6607b71b-cc93-47f9-8a9f-e7091073af0a,heart,UBERON:0000948,sc_bulk,http://purl.obolibrary.org/obo/CL_0000623,natural killer cell,378.9551049999999,0.01188527595344804
https://entity.api.hubmapconsortium.org/entities/5e2860f771e642ff4b18e8742d9f7f14,http://purl.org/ccf/1.5/6607b71b-cc93-47f9-8a9f-e7091073af0a,heart,UBERON:0000948,sc_bulk,http://purl.obolibrary.org/obo/CL_0002397,"CD14-positive, CD16-positive monocyte",330.9267150000001,0.01037894799739683
https://entity.api.hubmapconsortium.org/entities/5e2860f771e642ff4b18e8742d9f7f14,http://purl.org/ccf/1.5/6607b71b-cc93-47f9-8a9f-e7091073af0a,heart,UBERON:0000948,sc_bulk,http://purl.obolibrary.org/obo/CL_0002543,vein endothelial cell,298.846015,0.009372791945534744
https://entity.api.hubmapconsortium.org/entities/5e2860f771e642ff4b18e8742d9f7f14,http://purl.org/ccf/1.5/6607b71b-cc93-47f9-8a9f-e7091073af0a,heart,UBERON:0000948,sc_bulk,http://purl.obolibrary.org/obo/CL_0001054,CD14-positive monocyte,181.866155,0.005703919567906479
https://entity.api.hubmapconsortium.org/entities/5e2860f771e642ff4b18e8742d9f7f14,http://purl.org/ccf/1.5/6607b71b-cc93-47f9-8a9f-e7091073af0a,heart,UBERON:0000948,sc_bulk,http://purl.obolibrary.org/obo/CL_0002319,neural cell,163.10194,0.005115412194916137
https://entity.api.hubmapconsortium.org/entities/5e2860f771e642ff4b18e8742d9f7f14,http://purl.org/ccf/1.5/6607b71b-cc93-47f9-8a9f-e7091073af0a,heart,UBERON:0000948,sc_bulk,http://purl.obolibrary.org/obo/CL_0000934,"CD4-positive, alpha-beta cytotoxic T cell",144.69537,0.004538121743039369
https://entity.api.hubmapconsortium.org/entities/5e2860f771e642ff4b18e8742d9f7f14,http://purl.org/ccf/1.5/6607b71b-cc93-47f9-8a9f-e7091073af0a,heart,UBERON:0000948,sc_bulk,http://purl.obolibrary.org/obo/CL_0000576,monocyte,112.81468,0.003538238661278718
https://entity.api.hubmapconsortium.org/entities/5e2860f771e642ff4b18e8742d9f7f14,http://purl.org/ccf/1.5/6607b71b-cc93-47f9-8a9f-e7091073af0a,heart,UBERON:0000948,sc_bulk,http://purl.obolibrary.org/obo/CL_0000794,"CD8-positive, alpha-beta cytotoxic T cell",109.13653,0.003422879804328697
https://entity.api.hubmapconsortium.org/entities/5e2860f771e642ff4b18e8742d9f7f14,http://purl.org/ccf/1.5/6607b71b-cc93-47f9-8a9f-e7091073af0a,heart,UBERON:0000948,sc_bulk,http://purl.obolibrary.org/obo/CL_0000906,"activated CD8-positive, alpha-beta T cell",100.717465,0.003158830291669364
https://entity.api.hubmapconsortium.org/entities/5e2860f771e642ff4b18e8742d9f7f14,http://purl.org/ccf/1.5/6607b71b-cc93-47f9-8a9f-e7091073af0a,heart,UBERON:0000948,sc_bulk,http://purl.obolibrary.org/obo/CL_0000814,mature NK T cell,96.55171999999999,0.003028178855065294
https://entity.api.hubmapconsortium.org/entities/5e2860f771e642ff4b18e8742d9f7f14,http://purl.org/ccf/1.5/6607b71b-cc93-47f9-8a9f-e7091073af0a,heart,UBERON:0000948,sc_bulk,http://purl.obolibrary.org/obo/CL_0000097,mast cell,87.95468000000001,0.002758547462230961
https://entity.api.hubmapconsortium.org/entities/5e2860f771e642ff4b18e8742d9f7f14,http://purl.org/ccf/1.5/6607b71b-cc93-47f9-8a9f-e7091073af0a,heart,UBERON:0000948,sc_bulk,http://purl.obolibrary.org/obo/CL_0000896,"activated CD4-positive, alpha-beta T cell",75.45914,0.002366646313182321
https://entity.api.hubmapconsortium.org/entities/5e2860f771e642ff4b18e8742d9f7f14,http://purl.org/ccf/1.5/6607b71b-cc93-47f9-8a9f-e7091073af0a,heart,UBERON:0000948,sc_bulk,http://purl.obolibrary.org/obo/CL_0000236,B cell,67.792655,0.002126200179548707
https://entity.api.hubmapconsortium.org/entities/5e2860f771e642ff4b18e8742d9f7f14,http://purl.org/ccf/1.5/6607b71b-cc93-47f9-8a9f-e7091073af0a,heart,UBERON:0000948,sc_bulk,https://purl.org/ccf/ASCTB-TEMP_b,B,66.03155,0.002070966146197983
https://entity.api.hubmapconsortium.org/entities/5e2860f771e642ff4b18e8742d9f7f14,http://purl.org/ccf/1.5/6607b71b-cc93-47f9-8a9f-e7091073af0a,heart,UBERON:0000948,sc_bulk,http://purl.obolibrary.org/obo/CL_1000309,epicardial adipocyte,59.68321,0.001871861366368424
https://entity.api.hubmapconsortium.org/entities/5e2860f771e642ff4b18e8742d9f7f14,http://purl.org/ccf/1.5/6607b71b-cc93-47f9-8a9f-e7091073af0a,heart,UBERON:0000948,sc_bulk,http://purl.obolibrary.org/obo/CL_0002138,endothelial cell of lymphatic vessel,54.125305,0.001697547222617679
https://entity.api.hubmapconsortium.org/entities/5e2860f771e642ff4b18e8742d9f7f14,http://purl.org/ccf/1.5/6607b71b-cc93-47f9-8a9f-e7091073af0a,heart,UBERON:0000948,sc_bulk,https://purl.org/ccf/ASCTB-TEMP_monocyte-cdc,Monocyte/cDC,52.66139,0.001651634043146481
https://entity.api.hubmapconsortium.org/entities/5e2860f771e642ff4b18e8742d9f7f14,http://purl.org/ccf/1.5/6607b71b-cc93-47f9-8a9f-e7091073af0a,heart,UBERON:0000948,sc_bulk,https://purl.org/ccf/ASCTB-TEMP_macrophage,Macrophage,34.27742,0.001075052401450665
https://entity.api.hubmapconsortium.org/entities/5e2860f771e642ff4b18e8742d9f7f14,http://purl.org/ccf/1.5/6607b71b-cc93-47f9-8a9f-e7091073af0a,heart,UBERON:0000948,sc_bulk,https://purl.org/ccf/ASCTB-TEMP_pericyte,Pericyte,31.7869,9.96941519509699E-4
https://entity.api.hubmapconsortium.org/entities/5e2860f771e642ff4b18e8742d9f7f14,http://purl.org/ccf/1.5/6607b71b-cc93-47f9-8a9f-e7091073af0a,heart,UBERON:0000948,sc_bulk,http://purl.obolibrary.org/obo/CL_0000451,dendritic cell,30.972735,9.71406632740885E-4
https://entity.api.hubmapconsortium.org/entities/5e2860f771e642ff4b18e8742d9f7f14,http://purl.org/ccf/1.5/6607b71b-cc93-47f9-8a9f-e7091073af0a,heart,UBERON:0000948,sc_bulk,https://purl.org/ccf/ASCTB-TEMP_capillary-endothelial,Capillary Endothelial,30.41056,9.537749794896915E-4
https://entity.api.hubmapconsortium.org/entities/5e2860f771e642ff4b18e8742d9f7f14,http://purl.org/ccf/1.5/6607b71b-cc93-47f9-8a9f-e7091073af0a,heart,UBERON:0000948,sc_bulk,https://purl.org/ccf/ASCTB-TEMP_venous-endothelial,Venous Endothelial,15.66406,4.912763364181815E-4
https://entity.api.hubmapconsortium.org/entities/5e2860f771e642ff4b18e8742d9f7f14,http://purl.org/ccf/1.5/6607b71b-cc93-47f9-8a9f-e7091073af0a,heart,UBERON:0000948,sc_bulk,https://purl.org/ccf/ASCTB-TEMP_nk,NK,10.45363,3.278601491995815E-4
https://entity.api.hubmapconsortium.org/entities/5e2860f771e642ff4b18e8742d9f7f14,http://purl.org/ccf/1.5/6607b71b-cc93-47f9-8a9f-e7091073af0a,heart,UBERON:0000948,sc_bulk,https://purl.org/ccf/ASCTB-TEMP_arterial-endothelial,Arterial Endothelial,10.25701,3.216935006252946E-4
https://entity.api.hubmapconsortium.org/entities/5e2860f771e642ff4b18e8742d9f7f14,http://purl.org/ccf/1.5/6607b71b-cc93-47f9-8a9f-e7091073af0a,heart,UBERON:0000948,sc_bulk,https://purl.org/ccf/ASCTB-TEMP_mesothelial,Mesothelial,9.01175,2.826380596548116E-4
https://entity.api.hubmapconsortium.org/entities/5e2860f771e642ff4b18e8742d9f7f14,http://purl.org/ccf/1.5/6607b71b-cc93-47f9-8a9f-e7091073af0a,heart,UBERON:0000948,sc_bulk,https://purl.org/ccf/ASCTB-TEMP_t,T,6.65231,2.0863827676337E-4
https://entity.api.hubmapconsortium.org/entities/5e2860f771e642ff4b18e8742d9f7f14,http://purl.org/ccf/1.5/6607b71b-cc93-47f9-8a9f-e7091073af0a,heart,UBERON:0000948,sc_bulk,https://purl.org/ccf/ASCTB-TEMP_smooth-muscle,Smooth Muscle,6.193529999999999,1.942494300900341E-4
https://entity.api.hubmapconsortium.org/entities/5e2860f771e642ff4b18e8742d9f7f14,http://purl.org/ccf/1.5/6607b71b-cc93-47f9-8a9f-e7091073af0a,heart,UBERON:0000948,sc_bulk,https://purl.org/ccf/ASCTB-TEMP_lymphatic-endothelial,Lymphatic Endothelial,3.80132,1.192218724362114E-4
https://entity.api.hubmapconsortium.org/entities/5e2860f771e642ff4b18e8742d9f7f14,http://purl.org/ccf/1.5/6607b71b-cc93-47f9-8a9f-e7091073af0a,heart,UBERON:0000948,sc_bulk,https://purl.org/ccf/ASCTB-TEMP_mast,Mast,3.53916,1.109996743371624E-4
https://entity.api.hubmapconsortium.org/entities/5e2860f771e642ff4b18e8742d9f7f14,http://purl.org/ccf/1.5/6607b71b-cc93-47f9-8a9f-e7091073af0a,heart,UBERON:0000948,sc_bulk,https://purl.org/ccf/ASCTB-TEMP_endocardial,Endocardial,3.08038,9.66108276638265E-5
https://entity.api.hubmapconsortium.org/entities/5e2860f771e642ff4b18e8742d9f7f14,http://purl.org/ccf/1.5/6607b71b-cc93-47f9-8a9f-e7091073af0a,heart,UBERON:0000948,sc_bulk,https://purl.org/ccf/ASCTB-TEMP_neuronal,Neuronal,1.47465,4.624986430715099E-5
https://entity.api.hubmapconsortium.org/entities/5e2860f771e642ff4b18e8742d9f7f14,http://purl.org/ccf/1.5/6607b71b-cc93-47f9-8a9f-e7091073af0a,heart,UBERON:0000948,sc_bulk,https://purl.org/ccf/ASCTB-TEMP_atrial-cardiomyocyte,Atrial Cardiomyocyte,1.11418,3.494434192095852E-5
https://entity.api.hubmapconsortium.org/entities/5e2860f771e642ff4b18e8742d9f7f14,http://purl.org/ccf/1.5/6607b71b-cc93-47f9-8a9f-e7091073af0a,heart,UBERON:0000948,sc_bulk,https://purl.org/ccf/ASCTB-TEMP_adipocyte,Adipocyte,1.08141,3.391656715857739E-5
https://entity.api.hubmapconsortium.org/entities/5e2860f771e642ff4b18e8742d9f7f14,http://purl.org/ccf/1.5/6607b71b-cc93-47f9-8a9f-e7091073af0a,heart,UBERON:0000948,sc_bulk,http://purl.obolibrary.org/obo/CL_0000077,mesothelial cell,0.930555,2.918525920071942E-5
https://entity.api.hubmapconsortium.org/entities/5e2860f771e642ff4b18e8742d9f7f14,http://purl.org/ccf/1.5/6607b71b-cc93-47f9-8a9f-e7091073af0a,heart,UBERON:0000948,sc_bulk,https://purl.org/ccf/ASCTB-TEMP_endothelial,Endothelial,0.03277,1.027774762381133E-6
https://entity.api.hubmapconsortium.org/entities/643e32742a766d63dd15d99a542d4173,http://purl.org/ccf/1.5/d847d5df-16f5-42ab-810b-5238188394bf,respiratory system,UBERON:0001004,sc_bulk,https://purl.org/ccf/ASCTB-TEMP_at2,AT2,22223.219666,0.2113389652784916
https://entity.api.hubmapconsortium.org/entities/643e32742a766d63dd15d99a542d4173,http://purl.org/ccf/1.5/d847d5df-16f5-42ab-810b-5238188394bf,respiratory system,UBERON:0001004,sc_bulk,https://purl.org/ccf/ASCTB-TEMP_ec-general-capillary,EC general capillary,17469.802812,0.1661347952905287
https://entity.api.hubmapconsortium.org/entities/643e32742a766d63dd15d99a542d4173,http://purl.org/ccf/1.5/d847d5df-16f5-42ab-810b-5238188394bf,respiratory system,UBERON:0001004,sc_bulk,https://purl.org/ccf/ASCTB-TEMP_cd4-t-cells,CD4 T cells,12588.547818,0.1197149067596735
https://entity.api.hubmapconsortium.org/entities/643e32742a766d63dd15d99a542d4173,http://purl.org/ccf/1.5/d847d5df-16f5-42ab-810b-5238188394bf,respiratory system,UBERON:0001004,sc_bulk,https://purl.org/ccf/ASCTB-TEMP_at1,AT1,11550.46177,0.1098428884584727
https://entity.api.hubmapconsortium.org/entities/643e32742a766d63dd15d99a542d4173,http://purl.org/ccf/1.5/d847d5df-16f5-42ab-810b-5238188394bf,respiratory system,UBERON:0001004,sc_bulk,https://purl.org/ccf/ASCTB-TEMP_cd8-t-cells,CD8 T cells,7534.156505999999,0.07164852186833688
https://entity.api.hubmapconsortium.org/entities/643e32742a766d63dd15d99a542d4173,http://purl.org/ccf/1.5/d847d5df-16f5-42ab-810b-5238188394bf,respiratory system,UBERON:0001004,sc_bulk,http://purl.obolibrary.org/obo/CL_0000583,alveolar macrophage,3027.329,0.02878937381861051
https://entity.api.hubmapconsortium.org/entities/643e32742a766d63dd15d99a542d4173,http://purl.org/ccf/1.5/d847d5df-16f5-42ab-810b-5238188394bf,respiratory system,UBERON:0001004,sc_bulk,https://purl.org/ccf/ASCTB-TEMP_alveolar-fibroblasts,Alveolar fibroblasts,2915.288157,0.02772388483076701
https://entity.api.hubmapconsortium.org/entities/643e32742a766d63dd15d99a542d4173,http://purl.org/ccf/1.5/d847d5df-16f5-42ab-810b-5238188394bf,respiratory system,UBERON:0001004,sc_bulk,http://purl.obolibrary.org/obo/CL_0002063,type II pneumocyte,2482.39,0.02360709842689068
https://entity.api.hubmapconsortium.org/entities/643e32742a766d63dd15d99a542d4173,http://purl.org/ccf/1.5/d847d5df-16f5-42ab-810b-5238188394bf,respiratory system,UBERON:0001004,sc_bulk,http://purl.obolibrary.org/obo/CL_0000057,fibroblast,2475.467,0.0235412618974133
https://entity.api.hubmapconsortium.org/entities/643e32742a766d63dd15d99a542d4173,http://purl.org/ccf/1.5/d847d5df-16f5-42ab-810b-5238188394bf,respiratory system,UBERON:0001004,sc_bulk,https://purl.org/ccf/ASCTB-TEMP_ec-venous-systemic,EC venous systemic,1978.358018,0.01881384168263422
https://entity.api.hubmapconsortium.org/entities/643e32742a766d63dd15d99a542d4173,http://purl.org/ccf/1.5/d847d5df-16f5-42ab-810b-5238188394bf,respiratory system,UBERON:0001004,sc_bulk,https://purl.org/ccf/ASCTB-TEMP_multiciliated-non-nasal-,Multiciliated (non-nasal),1876.257614,0.01784288454590176
https://entity.api.hubmapconsortium.org/entities/643e32742a766d63dd15d99a542d4173,http://purl.org/ccf/1.5/d847d5df-16f5-42ab-810b-5238188394bf,respiratory system,UBERON:0001004,sc_bulk,http://purl.obolibrary.org/obo/CL_0002062,type I pneumocyte,1371.743,0.01304503805501887
https://entity.api.hubmapconsortium.org/entities/643e32742a766d63dd15d99a542d4173,http://purl.org/ccf/1.5/d847d5df-16f5-42ab-810b-5238188394bf,respiratory system,UBERON:0001004,sc_bulk,https://purl.org/ccf/ASCTB-TEMP_smooth-muscle,Smooth muscle,1211.404342,0.01152024522188566
https://entity.api.hubmapconsortium.org/entities/643e32742a766d63dd15d99a542d4173,http://purl.org/ccf/1.5/d847d5df-16f5-42ab-810b-5238188394bf,respiratory system,UBERON:0001004,sc_bulk,http://purl.obolibrary.org/obo/CL_0000576,monocyte,1208.558,0.01149317700305196
https://entity.api.hubmapconsortium.org/entities/643e32742a766d63dd15d99a542d4173,http://purl.org/ccf/1.5/d847d5df-16f5-42ab-810b-5238188394bf,respiratory system,UBERON:0001004,sc_bulk,http://purl.obolibrary.org/obo/CL_0000084,T cell,1102.735,0.01048681862389765
https://entity.api.hubmapconsortium.org/entities/643e32742a766d63dd15d99a542d4173,http://purl.org/ccf/1.5/d847d5df-16f5-42ab-810b-5238188394bf,respiratory system,UBERON:0001004,sc_bulk,https://purl.org/ccf/ASCTB-TEMP_pericytes,Pericytes,1058.209231,0.01006338628195461
https://entity.api.hubmapconsortium.org/entities/643e32742a766d63dd15d99a542d4173,http://purl.org/ccf/1.5/d847d5df-16f5-42ab-810b-5238188394bf,respiratory system,UBERON:0001004,sc_bulk,https://purl.org/ccf/ASCTB-TEMP_ec-arterial,EC arterial,1051.861829,0.01000302358964235
https://entity.api.hubmapconsortium.org/entities/643e32742a766d63dd15d99a542d4173,http://purl.org/ccf/1.5/d847d5df-16f5-42ab-810b-5238188394bf,respiratory system,UBERON:0001004,sc_bulk,https://purl.org/ccf/ASCTB-TEMP_transitional-club-at2,Transitional Club-AT2,952.318979,0.009056388347942524
https://entity.api.hubmapconsortium.org/entities/643e32742a766d63dd15d99a542d4173,http://purl.org/ccf/1.5/d847d5df-16f5-42ab-810b-5238188394bf,respiratory system,UBERON:0001004,sc_bulk,http://purl.obolibrary.org/obo/CL_0000115,endothelial cell,939.55,0.008934957571930736
https://entity.api.hubmapconsortium.org/entities/643e32742a766d63dd15d99a542d4173,http://purl.org/ccf/1.5/d847d5df-16f5-42ab-810b-5238188394bf,respiratory system,UBERON:0001004,sc_bulk,http://purl.obolibrary.org/obo/CL_0000003,native cell,805.0459999999999,0.007655847856370125
https://entity.api.hubmapconsortium.org/entities/643e32742a766d63dd15d99a542d4173,http://purl.org/ccf/1.5/d847d5df-16f5-42ab-810b-5238188394bf,respiratory system,UBERON:0001004,sc_bulk,https://purl.org/ccf/ASCTB-TEMP_b-cells,B cells,706.2092960000001,0.006715927940677001
https://entity.api.hubmapconsortium.org/entities/643e32742a766d63dd15d99a542d4173,http://purl.org/ccf/1.5/d847d5df-16f5-42ab-810b-5238188394bf,respiratory system,UBERON:0001004,sc_bulk,https://purl.org/ccf/ASCTB-TEMP_alveolar-macrophages,Alveolar macrophages,658.6571869999999,0.006263715630133839
https://entity.api.hubmapconsortium.org/entities/643e32742a766d63dd15d99a542d4173,http://purl.org/ccf/1.5/d847d5df-16f5-42ab-810b-5238188394bf,respiratory system,UBERON:0001004,sc_bulk,https://purl.org/ccf/ASCTB-TEMP_ec-aerocyte-capillary,EC aerocyte capillary,539.3996109999999,0.005129596762919422
https://entity.api.hubmapconsortium.org/entities/643e32742a766d63dd15d99a542d4173,http://purl.org/ccf/1.5/d847d5df-16f5-42ab-810b-5238188394bf,respiratory system,UBERON:0001004,sc_bulk,http://purl.obolibrary.org/obo/CL_0000236,B cell,534.06,0.005078817988255366
https://entity.api.hubmapconsortium.org/entities/643e32742a766d63dd15d99a542d4173,http://purl.org/ccf/1.5/d847d5df-16f5-42ab-810b-5238188394bf,respiratory system,UBERON:0001004,sc_bulk,https://purl.org/ccf/ASCTB-TEMP_adventitial-fibroblasts,Adventitial fibroblasts,524.3371409999999,0.004986355285213627
https://entity.api.hubmapconsortium.org/entities/643e32742a766d63dd15d99a542d4173,http://purl.org/ccf/1.5/d847d5df-16f5-42ab-810b-5238188394bf,respiratory system,UBERON:0001004,sc_bulk,https://purl.org/ccf/ASCTB-TEMP_lymphatic-ec-mature,Lymphatic EC mature,509.529833,0.00484554035388
https://entity.api.hubmapconsortium.org/entities/643e32742a766d63dd15d99a542d4173,http://purl.org/ccf/1.5/d847d5df-16f5-42ab-810b-5238188394bf,respiratory system,UBERON:0001004,sc_bulk,http://purl.obolibrary.org/obo/CL_0000623,natural killer cell,492.522,0.00468379881139106
https://entity.api.hubmapconsortium.org/entities/643e32742a766d63dd15d99a542d4173,http://purl.org/ccf/1.5/d847d5df-16f5-42ab-810b-5238188394bf,respiratory system,UBERON:0001004,sc_bulk,http://purl.obolibrary.org/obo/CL_0000158,club cell,392.633,0.003733871743217371
https://entity.api.hubmapconsortium.org/entities/643e32742a766d63dd15d99a542d4173,http://purl.org/ccf/1.5/d847d5df-16f5-42ab-810b-5238188394bf,respiratory system,UBERON:0001004,sc_bulk,http://purl.obolibrary.org/obo/CL_0000669,pericyte,366.919,0.003489336062301372
https://entity.api.hubmapconsortium.org/entities/643e32742a766d63dd15d99a542d4173,http://purl.org/ccf/1.5/d847d5df-16f5-42ab-810b-5238188394bf,respiratory system,UBERON:0001004,sc_bulk,https://purl.org/ccf/ASCTB-TEMP_classical-monocytes,Classical monocytes,342.80718,0.003260036835350139
https://entity.api.hubmapconsortium.org/entities/643e32742a766d63dd15d99a542d4173,http://purl.org/ccf/1.5/d847d5df-16f5-42ab-810b-5238188394bf,respiratory system,UBERON:0001004,sc_bulk,http://purl.obolibrary.org/obo/CL_0000235,macrophage,338.238,0.003216584725895065
https://entity.api.hubmapconsortium.org/entities/643e32742a766d63dd15d99a542d4173,http://purl.org/ccf/1.5/d847d5df-16f5-42ab-810b-5238188394bf,respiratory system,UBERON:0001004,sc_bulk,http://purl.obolibrary.org/obo/CL_0000064,ciliated cell,332.304,0.00316015341491445
https://entity.api.hubmapconsortium.org/entities/643e32742a766d63dd15d99a542d4173,http://purl.org/ccf/1.5/d847d5df-16f5-42ab-810b-5238188394bf,respiratory system,UBERON:0001004,sc_bulk,https://purl.org/ccf/ASCTB-TEMP_basal-resting,Basal resting,330.5495139999999,0.003143468557301181
https://entity.api.hubmapconsortium.org/entities/643e32742a766d63dd15d99a542d4173,http://purl.org/ccf/1.5/d847d5df-16f5-42ab-810b-5238188394bf,respiratory system,UBERON:0001004,sc_bulk,http://purl.obolibrary.org/obo/CL_0000066,epithelial cell,325.381,0.003094316885437065
https://entity.api.hubmapconsortium.org/entities/643e32742a766d63dd15d99a542d4173,http://purl.org/ccf/1.5/d847d5df-16f5-42ab-810b-5238188394bf,respiratory system,UBERON:0001004,sc_bulk,https://purl.org/ccf/ASCTB-TEMP_plasma-cells,Plasma cells,284.5085970000001,0.002705627420621086
https://entity.api.hubmapconsortium.org/entities/643e32742a766d63dd15d99a542d4173,http://purl.org/ccf/1.5/d847d5df-16f5-42ab-810b-5238188394bf,respiratory system,UBERON:0001004,sc_bulk,https://purl.org/ccf/ASCTB-TEMP_club-non-nasal-,Club (non-nasal),254.425195,0.00241953948438636
https://entity.api.hubmapconsortium.org/entities/643e32742a766d63dd15d99a542d4173,http://purl.org/ccf/1.5/d847d5df-16f5-42ab-810b-5238188394bf,respiratory system,UBERON:0001004,sc_bulk,http://purl.obolibrary.org/obo/CL_0000192,smooth muscle cell,237.36,0.002257252439224607
https://entity.api.hubmapconsortium.org/entities/643e32742a766d63dd15d99a542d4173,http://purl.org/ccf/1.5/d847d5df-16f5-42ab-810b-5238188394bf,respiratory system,UBERON:0001004,sc_bulk,http://purl.obolibrary.org/obo/CL_0000186,myofibroblast cell,235.382,0.002238442002231069
https://entity.api.hubmapconsortium.org/entities/643e32742a766d63dd15d99a542d4173,http://purl.org/ccf/1.5/d847d5df-16f5-42ab-810b-5238188394bf,respiratory system,UBERON:0001004,sc_bulk,https://purl.org/ccf/ASCTB-TEMP_at2-proliferating,AT2 proliferating,183.100493,0.001741253936836358
https://entity.api.hubmapconsortium.org/entities/643e32742a766d63dd15d99a542d4173,http://purl.org/ccf/1.5/d847d5df-16f5-42ab-810b-5238188394bf,respiratory system,UBERON:0001004,sc_bulk,https://purl.org/ccf/ASCTB-TEMP_monocyte-derived-m-,Monocyte-derived Mφ,167.680994,0.00159461717525323
https://entity.api.hubmapconsortium.org/entities/643e32742a766d63dd15d99a542d4173,http://purl.org/ccf/1.5/d847d5df-16f5-42ab-810b-5238188394bf,respiratory system,UBERON:0001004,sc_bulk,https://purl.org/ccf/ASCTB-TEMP_mast-cells,Mast cells,157.022541,0.001493257135513549
https://entity.api.hubmapconsortium.org/entities/643e32742a766d63dd15d99a542d4173,http://purl.org/ccf/1.5/d847d5df-16f5-42ab-810b-5238188394bf,respiratory system,UBERON:0001004,sc_bulk,https://purl.org/ccf/ASCTB-TEMP_ec-venous-pulmonary,EC venous pulmonary,151.488097,0.001440625532805628
https://entity.api.hubmapconsortium.org/entities/643e32742a766d63dd15d99a542d4173,http://purl.org/ccf/1.5/d847d5df-16f5-42ab-810b-5238188394bf,respiratory system,UBERON:0001004,sc_bulk,https://purl.org/ccf/ASCTB-TEMP_non-classical-monocytes,Non-classical monocytes,125.65245,0.001194933010014526
https://entity.api.hubmapconsortium.org/entities/643e32742a766d63dd15d99a542d4173,http://purl.org/ccf/1.5/d847d5df-16f5-42ab-810b-5238188394bf,respiratory system,UBERON:0001004,sc_bulk,https://purl.org/ccf/ASCTB-TEMP_dc2,DC2,114.692352,0.00109070437863333
https://entity.api.hubmapconsortium.org/entities/643e32742a766d63dd15d99a542d4173,http://purl.org/ccf/1.5/d847d5df-16f5-42ab-810b-5238188394bf,respiratory system,UBERON:0001004,sc_bulk,http://purl.obolibrary.org/obo/CL_0000595,enucleate erythrocyte,111.757,0.001062789690134919
https://entity.api.hubmapconsortium.org/entities/643e32742a766d63dd15d99a542d4173,http://purl.org/ccf/1.5/d847d5df-16f5-42ab-810b-5238188394bf,respiratory system,UBERON:0001004,sc_bulk,http://purl.obolibrary.org/obo/CL_0000359,vascular associated smooth muscle cell,96.922,9.217114126833813E-4
https://entity.api.hubmapconsortium.org/entities/643e32742a766d63dd15d99a542d4173,http://purl.org/ccf/1.5/d847d5df-16f5-42ab-810b-5238188394bf,respiratory system,UBERON:0001004,sc_bulk,http://purl.obolibrary.org/obo/CL_0000160,goblet cell,90.988,8.652801017027661E-4
https://entity.api.hubmapconsortium.org/entities/643e32742a766d63dd15d99a542d4173,http://purl.org/ccf/1.5/d847d5df-16f5-42ab-810b-5238188394bf,respiratory system,UBERON:0001004,sc_bulk,http://purl.obolibrary.org/obo/CL_1000413,endothelial cell of artery,90.988,8.652801017027661E-4
https://entity.api.hubmapconsortium.org/entities/643e32742a766d63dd15d99a542d4173,http://purl.org/ccf/1.5/d847d5df-16f5-42ab-810b-5238188394bf,respiratory system,UBERON:0001004,sc_bulk,http://purl.obolibrary.org/obo/CL_0000451,dendritic cell,75.164,7.147966057544589E-4
https://entity.api.hubmapconsortium.org/entities/643e32742a766d63dd15d99a542d4173,http://purl.org/ccf/1.5/d847d5df-16f5-42ab-810b-5238188394bf,respiratory system,UBERON:0001004,sc_bulk,http://purl.obolibrary.org/obo/CL_0000646,basal cell,69.23,6.583652947738437E-4
https://entity.api.hubmapconsortium.org/entities/643e32742a766d63dd15d99a542d4173,http://purl.org/ccf/1.5/d847d5df-16f5-42ab-810b-5238188394bf,respiratory system,UBERON:0001004,sc_bulk,https://purl.org/ccf/ASCTB-TEMP_nk-cells,NK cells,64.213792,6.106620265582303E-4
https://entity.api.hubmapconsortium.org/entities/643e32742a766d63dd15d99a542d4173,http://purl.org/ccf/1.5/d847d5df-16f5-42ab-810b-5238188394bf,respiratory system,UBERON:0001004,sc_bulk,https://purl.org/ccf/ASCTB-TEMP_smg-serous-bronchial-,SMG serous (bronchial),60.329,5.73718328302921E-4
https://entity.api.hubmapconsortium.org/entities/643e32742a766d63dd15d99a542d4173,http://purl.org/ccf/1.5/d847d5df-16f5-42ab-810b-5238188394bf,respiratory system,UBERON:0001004,sc_bulk,http://purl.obolibrary.org/obo/CL_0002543,vein endothelial cell,58.351,5.549078913093825E-4
https://entity.api.hubmapconsortium.org/entities/643e32742a766d63dd15d99a542d4173,http://purl.org/ccf/1.5/d847d5df-16f5-42ab-810b-5238188394bf,respiratory system,UBERON:0001004,sc_bulk,https://purl.org/ccf/ASCTB-TEMP_myofibroblasts,Myofibroblasts,55.855753,5.311785250420339E-4
https://entity.api.hubmapconsortium.org/entities/643e32742a766d63dd15d99a542d4173,http://purl.org/ccf/1.5/d847d5df-16f5-42ab-810b-5238188394bf,respiratory system,UBERON:0001004,sc_bulk,http://purl.obolibrary.org/obo/CL_0000138,chondrocyte,52.417,4.984765803287674E-4
https://entity.api.hubmapconsortium.org/entities/643e32742a766d63dd15d99a542d4173,http://purl.org/ccf/1.5/d847d5df-16f5-42ab-810b-5238188394bf,respiratory system,UBERON:0001004,sc_bulk,http://purl.obolibrary.org/obo/CL_0000097,mast cell,43.516,4.138296138578446E-4
https://entity.api.hubmapconsortium.org/entities/643e32742a766d63dd15d99a542d4173,http://purl.org/ccf/1.5/d847d5df-16f5-42ab-810b-5238188394bf,respiratory system,UBERON:0001004,sc_bulk,https://purl.org/ccf/ASCTB-TEMP_peribronchial-fibroblasts,Peribronchial fibroblasts,37.092445,3.527427197213288E-4
https://entity.api.hubmapconsortium.org/entities/643e32742a766d63dd15d99a542d4173,http://purl.org/ccf/1.5/d847d5df-16f5-42ab-810b-5238188394bf,respiratory system,UBERON:0001004,sc_bulk,https://purl.org/ccf/ASCTB-TEMP_goblet-bronchial-,Goblet (bronchial),30.836031,2.932453075107668E-4
https://entity.api.hubmapconsortium.org/entities/643e32742a766d63dd15d99a542d4173,http://purl.org/ccf/1.5/d847d5df-16f5-42ab-810b-5238188394bf,respiratory system,UBERON:0001004,sc_bulk,https://purl.org/ccf/ASCTB-TEMP_ionocyte,Ionocyte,27.868042,2.650202468019624E-4
https://entity.api.hubmapconsortium.org/entities/643e32742a766d63dd15d99a542d4173,http://purl.org/ccf/1.5/d847d5df-16f5-42ab-810b-5238188394bf,respiratory system,UBERON:0001004,sc_bulk,http://purl.obolibrary.org/obo/CL_1000223,lung neuroendocrine cell,18.791,1.786991514386147E-4
https://entity.api.hubmapconsortium.org/entities/643e32742a766d63dd15d99a542d4173,http://purl.org/ccf/1.5/d847d5df-16f5-42ab-810b-5238188394bf,respiratory system,UBERON:0001004,sc_bulk,http://purl.obolibrary.org/obo/CL_0000071,blood vessel endothelial cell,8.901,8.464696647092276E-5
https://entity.api.hubmapconsortium.org/entities/643e32742a766d63dd15d99a542d4173,http://purl.org/ccf/1.5/d847d5df-16f5-42ab-810b-5238188394bf,respiratory system,UBERON:0001004,sc_bulk,https://purl.org/ccf/ASCTB-TEMP_club-nasal-,Club (nasal),8.897044000000001,8.46093455969357E-5
https://entity.api.hubmapconsortium.org/entities/643e32742a766d63dd15d99a542d4173,http://purl.org/ccf/1.5/d847d5df-16f5-42ab-810b-5238188394bf,respiratory system,UBERON:0001004,sc_bulk,https://purl.org/ccf/ASCTB-TEMP_t-cells-proliferating,T cells proliferating,6.529378,6.209325251567024E-5
https://entity.api.hubmapconsortium.org/entities/643e32742a766d63dd15d99a542d4173,http://purl.org/ccf/1.5/d847d5df-16f5-42ab-810b-5238188394bf,respiratory system,UBERON:0001004,sc_bulk,https://purl.org/ccf/ASCTB-TEMP_plasmacytoid-dcs,Plasmacytoid DCs,5.754002,5.471956121420318E-5
https://entity.api.hubmapconsortium.org/entities/643e32742a766d63dd15d99a542d4173,http://purl.org/ccf/1.5/d847d5df-16f5-42ab-810b-5238188394bf,respiratory system,UBERON:0001004,sc_bulk,https://purl.org/ccf/ASCTB-TEMP_goblet-nasal-,Goblet (nasal),5.458290999999999,5.190740088366919E-5
https://entity.api.hubmapconsortium.org/entities/643e32742a766d63dd15d99a542d4173,http://purl.org/ccf/1.5/d847d5df-16f5-42ab-810b-5238188394bf,respiratory system,UBERON:0001004,sc_bulk,https://purl.org/ccf/ASCTB-TEMP_interstitial-m-perivascular,Interstitial Mφ perivascular,2.775134,2.639104310193436E-5
https://entity.api.hubmapconsortium.org/entities/643e32742a766d63dd15d99a542d4173,http://purl.org/ccf/1.5/d847d5df-16f5-42ab-810b-5238188394bf,respiratory system,UBERON:0001004,sc_bulk,https://purl.org/ccf/ASCTB-TEMP_smg-duct,SMG duct,1.585367,1.507656525032102E-5
https://entity.api.hubmapconsortium.org/entities/643e32742a766d63dd15d99a542d4173,http://purl.org/ccf/1.5/d847d5df-16f5-42ab-810b-5238188394bf,respiratory system,UBERON:0001004,sc_bulk,https://purl.org/ccf/ASCTB-TEMP_suprabasal,Suprabasal,0.8426279999999999,8.013246159247355E-6
https://entity.api.hubmapconsortium.org/entities/643e32742a766d63dd15d99a542d4173,http://purl.org/ccf/1.5/d847d5df-16f5-42ab-810b-5238188394bf,respiratory system,UBERON:0001004,sc_bulk,https://purl.org/ccf/ASCTB-TEMP_alveolar-m-proliferating,Alveolar Mφ proliferating,0.595378,5.661941535055056E-6
https://entity.api.hubmapconsortium.org/entities/643e32742a766d63dd15d99a542d4173,http://purl.org/ccf/1.5/d847d5df-16f5-42ab-810b-5238188394bf,respiratory system,UBERON:0001004,sc_bulk,https://purl.org/ccf/ASCTB-TEMP_tuft,Tuft,0.58351,5.549078913093826E-6
https://entity.api.hubmapconsortium.org/entities/643e32742a766d63dd15d99a542d4173,http://purl.org/ccf/1.5/d847d5df-16f5-42ab-810b-5238188394bf,respiratory system,UBERON:0001004,sc_bulk,https://purl.org/ccf/ASCTB-TEMP_multiciliated-nasal-,Multiciliated (nasal),0.58351,5.549078913093826E-6
https://entity.api.hubmapconsortium.org/entities/6715f628ca75965bda4213db80a4fe81,http://purl.org/ccf/1.5/29fdd6e1-e463-4db7-a321-463d738dd894,skin of body,UBERON:0002097,spatial,https://purl.org/ccf/ASCTB-TEMP_t-helper,T-helper,3917.369675999999,0.7799656838724319
https://entity.api.hubmapconsortium.org/entities/6715f628ca75965bda4213db80a4fe81,http://purl.org/ccf/1.5/29fdd6e1-e463-4db7-a321-463d738dd894,skin of body,UBERON:0002097,spatial,https://purl.org/ccf/ASCTB-TEMP_t-reg,T-reg,533.4263219999999,0.1062075475243675
https://entity.api.hubmapconsortium.org/entities/6715f628ca75965bda4213db80a4fe81,http://purl.org/ccf/1.5/29fdd6e1-e463-4db7-a321-463d738dd894,skin of body,UBERON:0002097,spatial,https://purl.org/ccf/ASCTB-TEMP_cd68-macrophage,CD68 / Macrophage,423.411912,0.08430319035910513
https://entity.api.hubmapconsortium.org/entities/6715f628ca75965bda4213db80a4fe81,http://purl.org/ccf/1.5/29fdd6e1-e463-4db7-a321-463d738dd894,skin of body,UBERON:0002097,spatial,https://purl.org/ccf/ASCTB-TEMP_t-killer,T-Killer,148.28187,0.02952357824409551
https://entity.api.hubmapconsortium.org/entities/675ad59881d88d54d7ac65f65a6acc12,http://purl.org/ccf/1.5/d8490f13-1bb3-41bb-acea-82678406ad96,right kidney,UBERON:0004539,sc_bulk,https://purl.org/ccf/ASCTB-TEMP_descending-thin-limb-type-1,Descending Thin Limb Type 1,70.460617,0.217319152146036
https://entity.api.hubmapconsortium.org/entities/675ad59881d88d54d7ac65f65a6acc12,http://purl.org/ccf/1.5/d8490f13-1bb3-41bb-acea-82678406ad96,right kidney,UBERON:0004539,sc_bulk,https://purl.org/ccf/ASCTB-TEMP_medullary-thick-ascending-limb,Medullary Thick Ascending Limb,68.52851399999999,0.2113600362072866
https://entity.api.hubmapconsortium.org/entities/675ad59881d88d54d7ac65f65a6acc12,http://purl.org/ccf/1.5/d8490f13-1bb3-41bb-acea-82678406ad96,right kidney,UBERON:0004539,sc_bulk,https://purl.org/ccf/ASCTB-TEMP_connecting-tubule,Connecting Tubule,47.593322,0.1467903748962812
https://entity.api.hubmapconsortium.org/entities/675ad59881d88d54d7ac65f65a6acc12,http://purl.org/ccf/1.5/d8490f13-1bb3-41bb-acea-82678406ad96,right kidney,UBERON:0004539,sc_bulk,https://purl.org/ccf/ASCTB-TEMP_inner-medullary-collecting-duct,Inner Medullary Collecting Duct,43.99814299999999,0.1357018933393678
https://entity.api.hubmapconsortium.org/entities/675ad59881d88d54d7ac65f65a6acc12,http://purl.org/ccf/1.5/d8490f13-1bb3-41bb-acea-82678406ad96,right kidney,UBERON:0004539,sc_bulk,https://purl.org/ccf/ASCTB-TEMP_cortical-thick-ascending-limb,Cortical Thick Ascending Limb,22.793924,0.070302481707777
https://entity.api.hubmapconsortium.org/entities/675ad59881d88d54d7ac65f65a6acc12,http://purl.org/ccf/1.5/d8490f13-1bb3-41bb-acea-82678406ad96,right kidney,UBERON:0004539,sc_bulk,https://purl.org/ccf/ASCTB-TEMP_outer-medullary-collecting-duct-principal,Outer Medullary Collecting Duct Principal,12.301871,0.03794221920494831
https://entity.api.hubmapconsortium.org/entities/675ad59881d88d54d7ac65f65a6acc12,http://purl.org/ccf/1.5/d8490f13-1bb3-41bb-acea-82678406ad96,right kidney,UBERON:0004539,sc_bulk,https://purl.org/ccf/ASCTB-TEMP_descending-thin-limb-type-2,Descending Thin Limb Type 2,9.415945,0.02904126122048728
https://entity.api.hubmapconsortium.org/entities/675ad59881d88d54d7ac65f65a6acc12,http://purl.org/ccf/1.5/d8490f13-1bb3-41bb-acea-82678406ad96,right kidney,UBERON:0004539,sc_bulk,https://purl.org/ccf/ASCTB-TEMP_descending-vasa-recta-endothelial,Descending Vasa Recta Endothelial,8.486579,0.02617485102210152
https://entity.api.hubmapconsortium.org/entities/675ad59881d88d54d7ac65f65a6acc12,http://purl.org/ccf/1.5/d8490f13-1bb3-41bb-acea-82678406ad96,right kidney,UBERON:0004539,sc_bulk,https://purl.org/ccf/ASCTB-TEMP_ascending-vasa-recta-endothelial,Ascending Vasa Recta Endothelial,6.921331,0.0213472127932413
https://entity.api.hubmapconsortium.org/entities/675ad59881d88d54d7ac65f65a6acc12,http://purl.org/ccf/1.5/d8490f13-1bb3-41bb-acea-82678406ad96,right kidney,UBERON:0004539,sc_bulk,https://purl.org/ccf/ASCTB-TEMP_medullary-fibroblast,Medullary Fibroblast,5.551739,0.0171230293429886
https://entity.api.hubmapconsortium.org/entities/675ad59881d88d54d7ac65f65a6acc12,http://purl.org/ccf/1.5/d8490f13-1bb3-41bb-acea-82678406ad96,right kidney,UBERON:0004539,sc_bulk,https://purl.org/ccf/ASCTB-TEMP_proximal-tubule-epithelial-segment-3,Proximal Tubule Epithelial Segment 3,4.769115,0.01470921022855849
https://entity.api.hubmapconsortium.org/entities/675ad59881d88d54d7ac65f65a6acc12,http://purl.org/ccf/1.5/d8490f13-1bb3-41bb-acea-82678406ad96,right kidney,UBERON:0004539,sc_bulk,https://purl.org/ccf/ASCTB-TEMP_peritubular-capilary-endothelial,Peritubular Capilary Endothelial,3.17941,0.00980614015237233
https://entity.api.hubmapconsortium.org/entities/675ad59881d88d54d7ac65f65a6acc12,http://purl.org/ccf/1.5/d8490f13-1bb3-41bb-acea-82678406ad96,right kidney,UBERON:0004539,sc_bulk,https://purl.org/ccf/ASCTB-TEMP_vascular-smooth-muscle-pericyte,Vascular Smooth Muscle / Pericyte,3.008211,0.009278117221090742
https://entity.api.hubmapconsortium.org/entities/675ad59881d88d54d7ac65f65a6acc12,http://purl.org/ccf/1.5/d8490f13-1bb3-41bb-acea-82678406ad96,right kidney,UBERON:0004539,sc_bulk,https://purl.org/ccf/ASCTB-TEMP_distal-convoluted-tubule-type-1,Distal Convoluted Tubule Type 1,2.494614,0.00769404842724598
https://entity.api.hubmapconsortium.org/entities/675ad59881d88d54d7ac65f65a6acc12,http://purl.org/ccf/1.5/d8490f13-1bb3-41bb-acea-82678406ad96,right kidney,UBERON:0004539,sc_bulk,https://purl.org/ccf/ASCTB-TEMP_outer-medullary-collecting-duct-intercalated-type-a,Outer Medullary Collecting Duct Intercalated Type A,2.225587,0.00686429810666063
https://entity.api.hubmapconsortium.org/entities/675ad59881d88d54d7ac65f65a6acc12,http://purl.org/ccf/1.5/d8490f13-1bb3-41bb-acea-82678406ad96,right kidney,UBERON:0004539,sc_bulk,https://purl.org/ccf/ASCTB-TEMP_cortical-collecting-duct-intercalated-type-a,Cortical Collecting Duct Intercalated Type A,1.981017,0.006109979633401219
https://entity.api.hubmapconsortium.org/entities/675ad59881d88d54d7ac65f65a6acc12,http://purl.org/ccf/1.5/d8490f13-1bb3-41bb-acea-82678406ad96,right kidney,UBERON:0004539,sc_bulk,https://purl.org/ccf/ASCTB-TEMP_cortical-collecting-duct-principal,Cortical Collecting Duct Principal,1.907646,0.005883684091423398
https://entity.api.hubmapconsortium.org/entities/675ad59881d88d54d7ac65f65a6acc12,http://purl.org/ccf/1.5/d8490f13-1bb3-41bb-acea-82678406ad96,right kidney,UBERON:0004539,sc_bulk,https://purl.org/ccf/ASCTB-TEMP_fibroblast,Fibroblast,1.834275,0.005657388549445574
https://entity.api.hubmapconsortium.org/entities/675ad59881d88d54d7ac65f65a6acc12,http://purl.org/ccf/1.5/d8490f13-1bb3-41bb-acea-82678406ad96,right kidney,UBERON:0004539,sc_bulk,https://purl.org/ccf/ASCTB-TEMP_proximal-tubule-epithelial-segment-1,Proximal Tubule Epithelial Segment 1,0.929366,0.002866410198385758
https://entity.api.hubmapconsortium.org/entities/675ad59881d88d54d7ac65f65a6acc12,http://purl.org/ccf/1.5/d8490f13-1bb3-41bb-acea-82678406ad96,right kidney,UBERON:0004539,sc_bulk,https://purl.org/ccf/ASCTB-TEMP_macula-densa,Macula Densa,0.807081,0.002489250961756053
https://entity.api.hubmapconsortium.org/entities/675ad59881d88d54d7ac65f65a6acc12,http://purl.org/ccf/1.5/d8490f13-1bb3-41bb-acea-82678406ad96,right kidney,UBERON:0004539,sc_bulk,https://purl.org/ccf/ASCTB-TEMP_afferent-efferent-arteriole-endothelial,Afferent / Efferent Arteriole Endothelial,0.807081,0.002489250961756053
https://entity.api.hubmapconsortium.org/entities/675ad59881d88d54d7ac65f65a6acc12,http://purl.org/ccf/1.5/d8490f13-1bb3-41bb-acea-82678406ad96,right kidney,UBERON:0004539,sc_bulk,https://purl.org/ccf/ASCTB-TEMP_tissue-resident-macrophage,Tissue-resident Macrophage,0.6847960000000001,0.002112091725126348
https://entity.api.hubmapconsortium.org/entities/675ad59881d88d54d7ac65f65a6acc12,http://purl.org/ccf/1.5/d8490f13-1bb3-41bb-acea-82678406ad96,right kidney,UBERON:0004539,sc_bulk,https://purl.org/ccf/ASCTB-TEMP_connecting-tubule-principal,Connecting Tubule Principal,0.635882,0.001961228030474466
https://entity.api.hubmapconsortium.org/entities/675ad59881d88d54d7ac65f65a6acc12,http://purl.org/ccf/1.5/d8490f13-1bb3-41bb-acea-82678406ad96,right kidney,UBERON:0004539,sc_bulk,https://purl.org/ccf/ASCTB-TEMP_glomerular-capillary-endothelial,Glomerular Capillary Endothelial,0.48914,0.00150863694651882
https://entity.api.hubmapconsortium.org/entities/675ad59881d88d54d7ac65f65a6acc12,http://purl.org/ccf/1.5/d8490f13-1bb3-41bb-acea-82678406ad96,right kidney,UBERON:0004539,sc_bulk,https://purl.org/ccf/ASCTB-TEMP_monocyte-derived,Monocyte-derived,0.391312,0.001206909557215056
https://entity.api.hubmapconsortium.org/entities/675ad59881d88d54d7ac65f65a6acc12,http://purl.org/ccf/1.5/d8490f13-1bb3-41bb-acea-82678406ad96,right kidney,UBERON:0004539,sc_bulk,https://purl.org/ccf/ASCTB-TEMP_lymphatic-endothelial,Lymphatic Endothelial,0.269027,8.297503205853509E-4
https://entity.api.hubmapconsortium.org/entities/675ad59881d88d54d7ac65f65a6acc12,http://purl.org/ccf/1.5/d8490f13-1bb3-41bb-acea-82678406ad96,right kidney,UBERON:0004539,sc_bulk,https://purl.org/ccf/ASCTB-TEMP_cortical-vascular-smooth-muscle-pericyte,Cortical Vascular Smooth Muscle / Pericyte,0.24457,7.543184732594099E-4
https://entity.api.hubmapconsortium.org/entities/675ad59881d88d54d7ac65f65a6acc12,http://purl.org/ccf/1.5/d8490f13-1bb3-41bb-acea-82678406ad96,right kidney,UBERON:0004539,sc_bulk,https://purl.org/ccf/ASCTB-TEMP_podocyte,Podocyte,0.24457,7.543184732594097E-4
https://entity.api.hubmapconsortium.org/entities/675ad59881d88d54d7ac65f65a6acc12,http://purl.org/ccf/1.5/d8490f13-1bb3-41bb-acea-82678406ad96,right kidney,UBERON:0004539,sc_bulk,https://purl.org/ccf/ASCTB-TEMP_t,T,0.195656,6.034547786075279E-4
https://entity.api.hubmapconsortium.org/entities/675ad59881d88d54d7ac65f65a6acc12,http://purl.org/ccf/1.5/d8490f13-1bb3-41bb-acea-82678406ad96,right kidney,UBERON:0004539,sc_bulk,https://purl.org/ccf/ASCTB-TEMP_parietal-epithelial,Parietal Epithelial,0.195656,6.034547786075279E-4
https://entity.api.hubmapconsortium.org/entities/675ad59881d88d54d7ac65f65a6acc12,http://purl.org/ccf/1.5/d8490f13-1bb3-41bb-acea-82678406ad96,right kidney,UBERON:0004539,sc_bulk,https://purl.org/ccf/ASCTB-TEMP_monocyte,Monocyte,0.146742,4.525910839556459E-4
https://entity.api.hubmapconsortium.org/entities/675ad59881d88d54d7ac65f65a6acc12,http://purl.org/ccf/1.5/d8490f13-1bb3-41bb-acea-82678406ad96,right kidney,UBERON:0004539,sc_bulk,https://purl.org/ccf/ASCTB-TEMP_natural-killer-natural-killer-t,Natural Killer / Natural Killer T,0.122285,3.771592366297049E-4
https://entity.api.hubmapconsortium.org/entities/675ad59881d88d54d7ac65f65a6acc12,http://purl.org/ccf/1.5/d8490f13-1bb3-41bb-acea-82678406ad96,right kidney,UBERON:0004539,sc_bulk,https://purl.org/ccf/ASCTB-TEMP_descending-thin-limb-type-3,Descending Thin Limb Type 3,0.097828,3.017273893037639E-4
https://entity.api.hubmapconsortium.org/entities/675ad59881d88d54d7ac65f65a6acc12,http://purl.org/ccf/1.5/d8490f13-1bb3-41bb-acea-82678406ad96,right kidney,UBERON:0004539,sc_bulk,https://purl.org/ccf/ASCTB-TEMP_schwann-neural,Schwann / Neural,0.097828,3.017273893037639E-4
https://entity.api.hubmapconsortium.org/entities/675ad59881d88d54d7ac65f65a6acc12,http://purl.org/ccf/1.5/d8490f13-1bb3-41bb-acea-82678406ad96,right kidney,UBERON:0004539,sc_bulk,https://purl.org/ccf/ASCTB-TEMP_intercalated-type-b,Intercalated Type B,0.073371,2.26295541977823E-4
https://entity.api.hubmapconsortium.org/entities/675ad59881d88d54d7ac65f65a6acc12,http://purl.org/ccf/1.5/d8490f13-1bb3-41bb-acea-82678406ad96,right kidney,UBERON:0004539,sc_bulk,https://purl.org/ccf/ASCTB-TEMP_distal-convoluted-tubule-type-2,Distal Convoluted Tubule Type 2,0.073371,2.26295541977823E-4
https://entity.api.hubmapconsortium.org/entities/675ad59881d88d54d7ac65f65a6acc12,http://purl.org/ccf/1.5/d8490f13-1bb3-41bb-acea-82678406ad96,right kidney,UBERON:0004539,sc_bulk,https://purl.org/ccf/ASCTB-TEMP_mesangial,Mesangial,0.048914,1.50863694651882E-4
https://entity.api.hubmapconsortium.org/entities/675ad59881d88d54d7ac65f65a6acc12,http://purl.org/ccf/1.5/d8490f13-1bb3-41bb-acea-82678406ad96,right kidney,UBERON:0004539,sc_bulk,https://purl.org/ccf/ASCTB-TEMP_proximal-tubule-epithelial-segment-2,Proximal Tubule Epithelial Segment 2,0.048914,1.50863694651882E-4
https://entity.api.hubmapconsortium.org/entities/675ad59881d88d54d7ac65f65a6acc12,http://purl.org/ccf/1.5/d8490f13-1bb3-41bb-acea-82678406ad96,right kidney,UBERON:0004539,sc_bulk,https://purl.org/ccf/ASCTB-TEMP_b,B,0.048914,1.50863694651882E-4
https://entity.api.hubmapconsortium.org/entities/675ad59881d88d54d7ac65f65a6acc12,http://purl.org/ccf/1.5/d8490f13-1bb3-41bb-acea-82678406ad96,right kidney,UBERON:0004539,sc_bulk,https://purl.org/ccf/ASCTB-TEMP_ascending-thin-limb,Ascending Thin Limb,0.024457,7.543184732594098E-5
https://entity.api.hubmapconsortium.org/entities/675ad59881d88d54d7ac65f65a6acc12,http://purl.org/ccf/1.5/d8490f13-1bb3-41bb-acea-82678406ad96,right kidney,UBERON:0004539,sc_bulk,https://purl.org/ccf/ASCTB-TEMP_m2-macrophage,M2 Macrophage,0.024457,7.543184732594098E-5
https://entity.api.hubmapconsortium.org/entities/675ad59881d88d54d7ac65f65a6acc12,http://purl.org/ccf/1.5/d8490f13-1bb3-41bb-acea-82678406ad96,right kidney,UBERON:0004539,sc_bulk,https://purl.org/ccf/ASCTB-TEMP_mast,Mast,0.024457,7.543184732594098E-5
https://entity.api.hubmapconsortium.org/entities/675ad59881d88d54d7ac65f65a6acc12,http://purl.org/ccf/1.5/d8490f13-1bb3-41bb-acea-82678406ad96,right kidney,UBERON:0004539,sc_bulk,https://purl.org/ccf/ASCTB-TEMP_cycling-mononuclear-phagocyte,Cycling Mononuclear Phagocyte,0.024457,7.543184732594098E-5
https://entity.api.hubmapconsortium.org/entities/675ad59881d88d54d7ac65f65a6acc12,http://purl.org/ccf/1.5/d8490f13-1bb3-41bb-acea-82678406ad96,right kidney,UBERON:0004539,sc_bulk,https://purl.org/ccf/ASCTB-TEMP_plasma,Plasma,0.024457,7.543184732594098E-5
https://entity.api.hubmapconsortium.org/entities/6e6aa82966b84161eaa6ef6e98494433,http://purl.org/ccf/1.5/a2d58db6-2ca6-45ee-a0da-3c11e2f436cf,right kidney,UBERON:0004539,sc_bulk,https://purl.org/ccf/ASCTB-TEMP_descending-thin-limb-type-2,Descending Thin Limb Type 2,7499.691719999999,0.1548052267949793
https://entity.api.hubmapconsortium.org/entities/6e6aa82966b84161eaa6ef6e98494433,http://purl.org/ccf/1.5/a2d58db6-2ca6-45ee-a0da-3c11e2f436cf,right kidney,UBERON:0004539,sc_bulk,https://purl.org/ccf/ASCTB-TEMP_inner-medullary-collecting-duct,Inner Medullary Collecting Duct,7084.102800000001,0.1462268292533161
https://entity.api.hubmapconsortium.org/entities/6e6aa82966b84161eaa6ef6e98494433,http://purl.org/ccf/1.5/a2d58db6-2ca6-45ee-a0da-3c11e2f436cf,right kidney,UBERON:0004539,sc_bulk,https://purl.org/ccf/ASCTB-TEMP_descending-thin-limb-type-1,Descending Thin Limb Type 1,6609.892079999999,0.1364383871680978
https://entity.api.hubmapconsortium.org/entities/6e6aa82966b84161eaa6ef6e98494433,http://purl.org/ccf/1.5/a2d58db6-2ca6-45ee-a0da-3c11e2f436cf,right kidney,UBERON:0004539,sc_bulk,https://purl.org/ccf/ASCTB-TEMP_vascular-smooth-muscle-pericyte,Vascular Smooth Muscle / Pericyte,4204.465319999999,0.08678666160083515
https://entity.api.hubmapconsortium.org/entities/6e6aa82966b84161eaa6ef6e98494433,http://purl.org/ccf/1.5/a2d58db6-2ca6-45ee-a0da-3c11e2f436cf,right kidney,UBERON:0004539,sc_bulk,https://purl.org/ccf/ASCTB-TEMP_cortical-collecting-duct-principal,Cortical Collecting Duct Principal,3877.00524,0.08002737950721037
https://entity.api.hubmapconsortium.org/entities/6e6aa82966b84161eaa6ef6e98494433,http://purl.org/ccf/1.5/a2d58db6-2ca6-45ee-a0da-3c11e2f436cf,right kidney,UBERON:0004539,sc_bulk,https://purl.org/ccf/ASCTB-TEMP_distal-convoluted-tubule-type-1,Distal Convoluted Tubule Type 1,3314.498039999999,0.06841636162529018
https://entity.api.hubmapconsortium.org/entities/6e6aa82966b84161eaa6ef6e98494433,http://purl.org/ccf/1.5/a2d58db6-2ca6-45ee-a0da-3c11e2f436cf,right kidney,UBERON:0004539,sc_bulk,https://purl.org/ccf/ASCTB-TEMP_medullary-thick-ascending-limb,Medullary Thick Ascending Limb,3177.3132,0.06558465452826394
https://entity.api.hubmapconsortium.org/entities/6e6aa82966b84161eaa6ef6e98494433,http://purl.org/ccf/1.5/a2d58db6-2ca6-45ee-a0da-3c11e2f436cf,right kidney,UBERON:0004539,sc_bulk,https://purl.org/ccf/ASCTB-TEMP_connecting-tubule,Connecting Tubule,2620.0524,0.05408193044989987
https://entity.api.hubmapconsortium.org/entities/6e6aa82966b84161eaa6ef6e98494433,http://purl.org/ccf/1.5/a2d58db6-2ca6-45ee-a0da-3c11e2f436cf,right kidney,UBERON:0004539,sc_bulk,https://purl.org/ccf/ASCTB-TEMP_cortical-thick-ascending-limb,Cortical Thick Ascending Limb,2404.495559999999,0.0496325041602271
https://entity.api.hubmapconsortium.org/entities/6e6aa82966b84161eaa6ef6e98494433,http://purl.org/ccf/1.5/a2d58db6-2ca6-45ee-a0da-3c11e2f436cf,right kidney,UBERON:0004539,sc_bulk,https://purl.org/ccf/ASCTB-TEMP_mesangial,Mesangial,2046.2622,0.04223801401172706
https://entity.api.hubmapconsortium.org/entities/6e6aa82966b84161eaa6ef6e98494433,http://purl.org/ccf/1.5/a2d58db6-2ca6-45ee-a0da-3c11e2f436cf,right kidney,UBERON:0004539,sc_bulk,https://purl.org/ccf/ASCTB-TEMP_ascending-thin-limb,Ascending Thin Limb,1434.77304,0.02961593278083728
https://entity.api.hubmapconsortium.org/entities/6e6aa82966b84161eaa6ef6e98494433,http://purl.org/ccf/1.5/a2d58db6-2ca6-45ee-a0da-3c11e2f436cf,right kidney,UBERON:0004539,sc_bulk,https://purl.org/ccf/ASCTB-TEMP_medullary-fibroblast,Medullary Fibroblast,588.2442000000001,0.01214226933474956
https://entity.api.hubmapconsortium.org/entities/6e6aa82966b84161eaa6ef6e98494433,http://purl.org/ccf/1.5/a2d58db6-2ca6-45ee-a0da-3c11e2f436cf,right kidney,UBERON:0004539,sc_bulk,https://purl.org/ccf/ASCTB-TEMP_fibroblast,Fibroblast,422.37468,0.008718466114478747
https://entity.api.hubmapconsortium.org/entities/6e6aa82966b84161eaa6ef6e98494433,http://purl.org/ccf/1.5/a2d58db6-2ca6-45ee-a0da-3c11e2f436cf,right kidney,UBERON:0004539,sc_bulk,https://purl.org/ccf/ASCTB-TEMP_ascending-vasa-recta-endothelial,Ascending Vasa Recta Endothelial,331.5209999999998,0.006843105757992187
https://entity.api.hubmapconsortium.org/entities/6e6aa82966b84161eaa6ef6e98494433,http://purl.org/ccf/1.5/a2d58db6-2ca6-45ee-a0da-3c11e2f436cf,right kidney,UBERON:0004539,sc_bulk,https://purl.org/ccf/ASCTB-TEMP_peritubular-capilary-endothelial,Peritubular Capilary Endothelial,289.44828,0.005974659799858637
https://entity.api.hubmapconsortium.org/entities/6e6aa82966b84161eaa6ef6e98494433,http://purl.org/ccf/1.5/a2d58db6-2ca6-45ee-a0da-3c11e2f436cf,right kidney,UBERON:0004539,sc_bulk,https://purl.org/ccf/ASCTB-TEMP_cortical-collecting-duct-intercalated-type-a,Cortical Collecting Duct Intercalated Type A,221.4002400000001,0.004570043095806459
https://entity.api.hubmapconsortium.org/entities/6e6aa82966b84161eaa6ef6e98494433,http://purl.org/ccf/1.5/a2d58db6-2ca6-45ee-a0da-3c11e2f436cf,right kidney,UBERON:0004539,sc_bulk,https://purl.org/ccf/ASCTB-TEMP_t,T,193.26036,0.003989192486471877
https://entity.api.hubmapconsortium.org/entities/6e6aa82966b84161eaa6ef6e98494433,http://purl.org/ccf/1.5/a2d58db6-2ca6-45ee-a0da-3c11e2f436cf,right kidney,UBERON:0004539,sc_bulk,https://purl.org/ccf/ASCTB-TEMP_descending-vasa-recta-endothelial,Descending Vasa Recta Endothelial,188.9575200000001,0.003900375219451935
https://entity.api.hubmapconsortium.org/entities/6e6aa82966b84161eaa6ef6e98494433,http://purl.org/ccf/1.5/a2d58db6-2ca6-45ee-a0da-3c11e2f436cf,right kidney,UBERON:0004539,sc_bulk,https://purl.org/ccf/ASCTB-TEMP_outer-medullary-collecting-duct-intercalated-type-a,Outer Medullary Collecting Duct Intercalated Type A,187.53324,0.003870975879232178
https://entity.api.hubmapconsortium.org/entities/6e6aa82966b84161eaa6ef6e98494433,http://purl.org/ccf/1.5/a2d58db6-2ca6-45ee-a0da-3c11e2f436cf,right kidney,UBERON:0004539,sc_bulk,https://purl.org/ccf/ASCTB-TEMP_descending-thin-limb-type-3,Descending Thin Limb Type 3,176.49612,0.003643152666151708
https://entity.api.hubmapconsortium.org/entities/6e6aa82966b84161eaa6ef6e98494433,http://purl.org/ccf/1.5/a2d58db6-2ca6-45ee-a0da-3c11e2f436cf,right kidney,UBERON:0004539,sc_bulk,https://purl.org/ccf/ASCTB-TEMP_proximal-tubule-epithelial-segment-1,Proximal Tubule Epithelial Segment 1,176.16756,0.003636370680009515
https://entity.api.hubmapconsortium.org/entities/6e6aa82966b84161eaa6ef6e98494433,http://purl.org/ccf/1.5/a2d58db6-2ca6-45ee-a0da-3c11e2f436cf,right kidney,UBERON:0004539,sc_bulk,https://purl.org/ccf/ASCTB-TEMP_outer-medullary-collecting-duct-principal,Outer Medullary Collecting Duct Principal,156.12672,0.003222696772175622
https://entity.api.hubmapconsortium.org/entities/6e6aa82966b84161eaa6ef6e98494433,http://purl.org/ccf/1.5/a2d58db6-2ca6-45ee-a0da-3c11e2f436cf,right kidney,UBERON:0004539,sc_bulk,https://purl.org/ccf/ASCTB-TEMP_parietal-epithelial,Parietal Epithelial,153.31896,0.003164740266786641
https://entity.api.hubmapconsortium.org/entities/6e6aa82966b84161eaa6ef6e98494433,http://purl.org/ccf/1.5/a2d58db6-2ca6-45ee-a0da-3c11e2f436cf,right kidney,UBERON:0004539,sc_bulk,https://purl.org/ccf/ASCTB-TEMP_connecting-tubule-principal,Connecting Tubule Principal,131.49036,0.002714164229826967
https://entity.api.hubmapconsortium.org/entities/6e6aa82966b84161eaa6ef6e98494433,http://purl.org/ccf/1.5/a2d58db6-2ca6-45ee-a0da-3c11e2f436cf,right kidney,UBERON:0004539,sc_bulk,https://purl.org/ccf/ASCTB-TEMP_proximal-tubule-epithelial-segment-3,Proximal Tubule Epithelial Segment 3,129.9174,0.002681695904643671
https://entity.api.hubmapconsortium.org/entities/6e6aa82966b84161eaa6ef6e98494433,http://purl.org/ccf/1.5/a2d58db6-2ca6-45ee-a0da-3c11e2f436cf,right kidney,UBERON:0004539,sc_bulk,https://purl.org/ccf/ASCTB-TEMP_papillary-tip-epithelial,Papillary Tip Epithelial,124.8474,0.002577043269688358
https://entity.api.hubmapconsortium.org/entities/6e6aa82966b84161eaa6ef6e98494433,http://purl.org/ccf/1.5/a2d58db6-2ca6-45ee-a0da-3c11e2f436cf,right kidney,UBERON:0004539,sc_bulk,https://purl.org/ccf/ASCTB-TEMP_glomerular-capillary-endothelial,Glomerular Capillary Endothelial,115.53204,0.002384759843740167
https://entity.api.hubmapconsortium.org/entities/6e6aa82966b84161eaa6ef6e98494433,http://purl.org/ccf/1.5/a2d58db6-2ca6-45ee-a0da-3c11e2f436cf,right kidney,UBERON:0004539,sc_bulk,https://purl.org/ccf/ASCTB-TEMP_intercalated-type-b,Intercalated Type B,112.85076,0.002329414081007823
https://entity.api.hubmapconsortium.org/entities/6e6aa82966b84161eaa6ef6e98494433,http://purl.org/ccf/1.5/a2d58db6-2ca6-45ee-a0da-3c11e2f436cf,right kidney,UBERON:0004539,sc_bulk,https://purl.org/ccf/ASCTB-TEMP_macula-densa,Macula Densa,89.83271999999998,0.001854286164339816
https://entity.api.hubmapconsortium.org/entities/6e6aa82966b84161eaa6ef6e98494433,http://purl.org/ccf/1.5/a2d58db6-2ca6-45ee-a0da-3c11e2f436cf,right kidney,UBERON:0004539,sc_bulk,https://purl.org/ccf/ASCTB-TEMP_m2-macrophage,M2 Macrophage,59.04684,0.001218818025993055
https://entity.api.hubmapconsortium.org/entities/6e6aa82966b84161eaa6ef6e98494433,http://purl.org/ccf/1.5/a2d58db6-2ca6-45ee-a0da-3c11e2f436cf,right kidney,UBERON:0004539,sc_bulk,https://purl.org/ccf/ASCTB-TEMP_b,B,58.32312,0.001203879326787954
https://entity.api.hubmapconsortium.org/entities/6e6aa82966b84161eaa6ef6e98494433,http://purl.org/ccf/1.5/a2d58db6-2ca6-45ee-a0da-3c11e2f436cf,right kidney,UBERON:0004539,sc_bulk,https://purl.org/ccf/ASCTB-TEMP_monocyte-derived,Monocyte-derived,44.42508,9.170023037673742E-4
https://entity.api.hubmapconsortium.org/entities/6e6aa82966b84161eaa6ef6e98494433,http://purl.org/ccf/1.5/a2d58db6-2ca6-45ee-a0da-3c11e2f436cf,right kidney,UBERON:0004539,sc_bulk,https://purl.org/ccf/ASCTB-TEMP_lymphatic-endothelial,Lymphatic Endothelial,42.98760000000001,8.873304951489201E-4
https://entity.api.hubmapconsortium.org/entities/6e6aa82966b84161eaa6ef6e98494433,http://purl.org/ccf/1.5/a2d58db6-2ca6-45ee-a0da-3c11e2f436cf,right kidney,UBERON:0004539,sc_bulk,https://purl.org/ccf/ASCTB-TEMP_afferent-efferent-arteriole-endothelial,Afferent / Efferent Arteriole Endothelial,40.37304,8.333619363227336E-4
https://entity.api.hubmapconsortium.org/entities/6e6aa82966b84161eaa6ef6e98494433,http://purl.org/ccf/1.5/a2d58db6-2ca6-45ee-a0da-3c11e2f436cf,right kidney,UBERON:0004539,sc_bulk,https://purl.org/ccf/ASCTB-TEMP_tissue-resident-macrophage,Tissue-resident Macrophage,37.6878,7.779344330707798E-4
https://entity.api.hubmapconsortium.org/entities/6e6aa82966b84161eaa6ef6e98494433,http://purl.org/ccf/1.5/a2d58db6-2ca6-45ee-a0da-3c11e2f436cf,right kidney,UBERON:0004539,sc_bulk,https://purl.org/ccf/ASCTB-TEMP_classical-dendritic,Classical Dendritic,32.79503999999999,6.769403056143778E-4
https://entity.api.hubmapconsortium.org/entities/6e6aa82966b84161eaa6ef6e98494433,http://purl.org/ccf/1.5/a2d58db6-2ca6-45ee-a0da-3c11e2f436cf,right kidney,UBERON:0004539,sc_bulk,https://purl.org/ccf/ASCTB-TEMP_podocyte,Podocyte,27.18648000000001,5.611709599920956E-4
https://entity.api.hubmapconsortium.org/entities/6e6aa82966b84161eaa6ef6e98494433,http://purl.org/ccf/1.5/a2d58db6-2ca6-45ee-a0da-3c11e2f436cf,right kidney,UBERON:0004539,sc_bulk,https://purl.org/ccf/ASCTB-TEMP_cortical-vascular-smooth-muscle-pericyte,Cortical Vascular Smooth Muscle / Pericyte,16.61448,3.429485424876435E-4
https://entity.api.hubmapconsortium.org/entities/6e6aa82966b84161eaa6ef6e98494433,http://purl.org/ccf/1.5/a2d58db6-2ca6-45ee-a0da-3c11e2f436cf,right kidney,UBERON:0004539,sc_bulk,https://purl.org/ccf/ASCTB-TEMP_mast,Mast,7.24044,1.494538706579582E-4
https://entity.api.hubmapconsortium.org/entities/6e6aa82966b84161eaa6ef6e98494433,http://purl.org/ccf/1.5/a2d58db6-2ca6-45ee-a0da-3c11e2f436cf,right kidney,UBERON:0004539,sc_bulk,https://purl.org/ccf/ASCTB-TEMP_proximal-tubule-epithelial-segment-2,Proximal Tubule Epithelial Segment 2,3.43632,7.093095513799646E-5
https://entity.api.hubmapconsortium.org/entities/6e6aa82966b84161eaa6ef6e98494433,http://purl.org/ccf/1.5/a2d58db6-2ca6-45ee-a0da-3c11e2f436cf,right kidney,UBERON:0004539,sc_bulk,https://purl.org/ccf/ASCTB-TEMP_natural-killer-natural-killer-t,Natural Killer / Natural Killer T,3.202799999999999,6.611074146644521E-5
https://entity.api.hubmapconsortium.org/entities/6e6aa82966b84161eaa6ef6e98494433,http://purl.org/ccf/1.5/a2d58db6-2ca6-45ee-a0da-3c11e2f436cf,right kidney,UBERON:0004539,sc_bulk,https://purl.org/ccf/ASCTB-TEMP_plasma,Plasma,2.0748,4.282707830478972E-5
https://entity.api.hubmapconsortium.org/entities/6e6aa82966b84161eaa6ef6e98494433,http://purl.org/ccf/1.5/a2d58db6-2ca6-45ee-a0da-3c11e2f436cf,right kidney,UBERON:0004539,sc_bulk,https://purl.org/ccf/ASCTB-TEMP_monocyte,Monocyte,1.96416,4.05432977265933E-5
https://entity.api.hubmapconsortium.org/entities/6e6aa82966b84161eaa6ef6e98494433,http://purl.org/ccf/1.5/a2d58db6-2ca6-45ee-a0da-3c11e2f436cf,right kidney,UBERON:0004539,sc_bulk,https://purl.org/ccf/ASCTB-TEMP_cycling-mononuclear-phagocyte,Cycling Mononuclear Phagocyte,1.88424,3.889362542173559E-5
https://entity.api.hubmapconsortium.org/entities/6e6aa82966b84161eaa6ef6e98494433,http://purl.org/ccf/1.5/a2d58db6-2ca6-45ee-a0da-3c11e2f436cf,right kidney,UBERON:0004539,sc_bulk,https://purl.org/ccf/ASCTB-TEMP_renin-positive-juxtaglomerular-granular,Renin-positive Juxtaglomerular Granular,1.44504,2.982785870134631E-5
https://entity.api.hubmapconsortium.org/entities/6e6aa82966b84161eaa6ef6e98494433,http://purl.org/ccf/1.5/a2d58db6-2ca6-45ee-a0da-3c11e2f436cf,right kidney,UBERON:0004539,sc_bulk,https://purl.org/ccf/ASCTB-TEMP_neutrophil,Neutrophil,1.44132,2.975107215262171E-5
https://entity.api.hubmapconsortium.org/entities/6e6aa82966b84161eaa6ef6e98494433,http://purl.org/ccf/1.5/a2d58db6-2ca6-45ee-a0da-3c11e2f436cf,right kidney,UBERON:0004539,sc_bulk,https://purl.org/ccf/ASCTB-TEMP_schwann-neural,Schwann / Neural,0.70572,1.456715138869106E-5
https://entity.api.hubmapconsortium.org/entities/6e6aa82966b84161eaa6ef6e98494433,http://purl.org/ccf/1.5/a2d58db6-2ca6-45ee-a0da-3c11e2f436cf,right kidney,UBERON:0004539,sc_bulk,https://purl.org/ccf/ASCTB-TEMP_connecting-tubule-intercalated-type-a,Connecting Tubule Intercalated Type A,0.38076,7.859474809780093E-6
https://entity.api.hubmapconsortium.org/entities/6e6aa82966b84161eaa6ef6e98494433,http://purl.org/ccf/1.5/a2d58db6-2ca6-45ee-a0da-3c11e2f436cf,right kidney,UBERON:0004539,sc_bulk,https://purl.org/ccf/ASCTB-TEMP_non-classical-monocyte,Non-classical monocyte,0.3678,7.591960381965327E-6
https://entity.api.hubmapconsortium.org/entities/6e6aa82966b84161eaa6ef6e98494433,http://purl.org/ccf/1.5/a2d58db6-2ca6-45ee-a0da-3c11e2f436cf,right kidney,UBERON:0004539,sc_bulk,https://purl.org/ccf/ASCTB-TEMP_distal-convoluted-tubule-type-2,Distal Convoluted Tubule Type 2,0.26544,5.479091799317228E-6
https://entity.api.hubmapconsortium.org/entities/6e6aa82966b84161eaa6ef6e98494433,http://purl.org/ccf/1.5/a2d58db6-2ca6-45ee-a0da-3c11e2f436cf,right kidney,UBERON:0004539,sc_bulk,https://purl.org/ccf/ASCTB-TEMP_natural-killer-t,Natural Killer T,0.19284,3.980515606465997E-6
https://entity.api.hubmapconsortium.org/entities/6e6aa82966b84161eaa6ef6e98494433,http://purl.org/ccf/1.5/a2d58db6-2ca6-45ee-a0da-3c11e2f436cf,right kidney,UBERON:0004539,sc_bulk,https://purl.org/ccf/ASCTB-TEMP_plasmacytoid-dendritic,Plasmacytoid Dendritic,0.07284,1.50353016373669E-6
https://entity.api.hubmapconsortium.org/entities/7113f174c5b0da705b126129dff02f80,http://purl.org/ccf/1.5/fe276ee5-752a-456e-bb25-4e5da071c6ed,large intestine,UBERON:0000059,spatial,https://purl.org/ccf/ASCTB-TEMP_smooth-muscle,Smooth muscle,1495.091304,0.1673809084772143
https://entity.api.hubmapconsortium.org/entities/7113f174c5b0da705b126129dff02f80,http://purl.org/ccf/1.5/fe276ee5-752a-456e-bb25-4e5da071c6ed,large intestine,UBERON:0000059,spatial,https://purl.org/ccf/ASCTB-TEMP_enterocyte,Enterocyte,1363.531176,0.1526522737208592
https://entity.api.hubmapconsortium.org/entities/7113f174c5b0da705b126129dff02f80,http://purl.org/ccf/1.5/fe276ee5-752a-456e-bb25-4e5da071c6ed,large intestine,UBERON:0000059,spatial,https://purl.org/ccf/ASCTB-TEMP_stroma,Stroma,942.5785319999999,0.1055250944040532
https://entity.api.hubmapconsortium.org/entities/7113f174c5b0da705b126129dff02f80,http://purl.org/ccf/1.5/fe276ee5-752a-456e-bb25-4e5da071c6ed,large intestine,UBERON:0000059,spatial,https://purl.org/ccf/ASCTB-TEMP_endothelial,Endothelial,728.7126840000002,0.08158203498372377
https://entity.api.hubmapconsortium.org/entities/7113f174c5b0da705b126129dff02f80,http://purl.org/ccf/1.5/fe276ee5-752a-456e-bb25-4e5da071c6ed,large intestine,UBERON:0000059,spatial,https://purl.org/ccf/ASCTB-TEMP_goblet,Goblet,557.6757480000001,0.06243382801185098
https://entity.api.hubmapconsortium.org/entities/7113f174c5b0da705b126129dff02f80,http://purl.org/ccf/1.5/fe276ee5-752a-456e-bb25-4e5da071c6ed,large intestine,UBERON:0000059,spatial,https://purl.org/ccf/ASCTB-TEMP_cd66-enterocyte,CD66+ Enterocyte,536.736564,0.06008961021637944
https://entity.api.hubmapconsortium.org/entities/7113f174c5b0da705b126129dff02f80,http://purl.org/ccf/1.5/fe276ee5-752a-456e-bb25-4e5da071c6ed,large intestine,UBERON:0000059,spatial,https://purl.org/ccf/ASCTB-TEMP_plasma,Plasma,521.65764,0.05840146983911531
https://entity.api.hubmapconsortium.org/entities/7113f174c5b0da705b126129dff02f80,http://purl.org/ccf/1.5/fe276ee5-752a-456e-bb25-4e5da071c6ed,large intestine,UBERON:0000059,spatial,https://purl.org/ccf/ASCTB-TEMP_m2-macrophage,M2 Macrophage,468.058752,0.0524008794117574
https://entity.api.hubmapconsortium.org/entities/7113f174c5b0da705b126129dff02f80,http://purl.org/ccf/1.5/fe276ee5-752a-456e-bb25-4e5da071c6ed,large intestine,UBERON:0000059,spatial,https://purl.org/ccf/ASCTB-TEMP_cd4-t-cell,CD4+ T cell,366.701328,0.04105354720225229
https://entity.api.hubmapconsortium.org/entities/7113f174c5b0da705b126129dff02f80,http://purl.org/ccf/1.5/fe276ee5-752a-456e-bb25-4e5da071c6ed,large intestine,UBERON:0000059,spatial,https://purl.org/ccf/ASCTB-TEMP_cd8-t,CD8+ T,360.870552,0.04040077062506531
https://entity.api.hubmapconsortium.org/entities/7113f174c5b0da705b126129dff02f80,http://purl.org/ccf/1.5/fe276ee5-752a-456e-bb25-4e5da071c6ed,large intestine,UBERON:0000059,spatial,https://purl.org/ccf/ASCTB-TEMP_nerve,Nerve,294.429744,0.03296248055325029
https://entity.api.hubmapconsortium.org/entities/7113f174c5b0da705b126129dff02f80,http://purl.org/ccf/1.5/fe276ee5-752a-456e-bb25-4e5da071c6ed,large intestine,UBERON:0000059,spatial,https://purl.org/ccf/ASCTB-TEMP_lymphatic,Lymphatic,278.995248,0.03123453259752602
https://entity.api.hubmapconsortium.org/entities/7113f174c5b0da705b126129dff02f80,http://purl.org/ccf/1.5/fe276ee5-752a-456e-bb25-4e5da071c6ed,large intestine,UBERON:0000059,spatial,https://purl.org/ccf/ASCTB-TEMP_cycling-ta,Cycling TA,234.718092,0.02627754396663814
https://entity.api.hubmapconsortium.org/entities/7113f174c5b0da705b126129dff02f80,http://purl.org/ccf/1.5/fe276ee5-752a-456e-bb25-4e5da071c6ed,large intestine,UBERON:0000059,spatial,https://purl.org/ccf/ASCTB-TEMP_icc,ICC,147.861252,0.01655360486822704
https://entity.api.hubmapconsortium.org/entities/7113f174c5b0da705b126129dff02f80,http://purl.org/ccf/1.5/fe276ee5-752a-456e-bb25-4e5da071c6ed,large intestine,UBERON:0000059,spatial,https://purl.org/ccf/ASCTB-TEMP_m1-macrophage,M1 Macrophage,138.240648,0.01547654326449002
https://entity.api.hubmapconsortium.org/entities/7113f174c5b0da705b126129dff02f80,http://purl.org/ccf/1.5/fe276ee5-752a-456e-bb25-4e5da071c6ed,large intestine,UBERON:0000059,spatial,https://purl.org/ccf/ASCTB-TEMP_dc,DC,135.02034,0.01511601807303559
https://entity.api.hubmapconsortium.org/entities/7113f174c5b0da705b126129dff02f80,http://purl.org/ccf/1.5/fe276ee5-752a-456e-bb25-4e5da071c6ed,large intestine,UBERON:0000059,spatial,https://purl.org/ccf/ASCTB-TEMP_ta,TA,114.94728,0.01286876600907895
https://entity.api.hubmapconsortium.org/entities/7113f174c5b0da705b126129dff02f80,http://purl.org/ccf/1.5/fe276ee5-752a-456e-bb25-4e5da071c6ed,large intestine,UBERON:0000059,spatial,https://purl.org/ccf/ASCTB-TEMP_b,B,72.928044,0.008164559733260447
https://entity.api.hubmapconsortium.org/entities/7113f174c5b0da705b126129dff02f80,http://purl.org/ccf/1.5/fe276ee5-752a-456e-bb25-4e5da071c6ed,large intestine,UBERON:0000059,spatial,https://purl.org/ccf/ASCTB-TEMP_muc1-enterocyte,MUC1+ Enterocyte,71.41176,0.007994806225397449
https://entity.api.hubmapconsortium.org/entities/7113f174c5b0da705b126129dff02f80,http://purl.org/ccf/1.5/fe276ee5-752a-456e-bb25-4e5da071c6ed,large intestine,UBERON:0000059,spatial,https://purl.org/ccf/ASCTB-TEMP_neutrophil,Neutrophil,43.67916,0.004890040804037475
https://entity.api.hubmapconsortium.org/entities/7113f174c5b0da705b126129dff02f80,http://purl.org/ccf/1.5/fe276ee5-752a-456e-bb25-4e5da071c6ed,large intestine,UBERON:0000059,spatial,https://purl.org/ccf/ASCTB-TEMP_neuroendocrine,Neuroendocrine,23.733108,0.002657007747553484
https://entity.api.hubmapconsortium.org/entities/7113f174c5b0da705b126129dff02f80,http://purl.org/ccf/1.5/fe276ee5-752a-456e-bb25-4e5da071c6ed,large intestine,UBERON:0000059,spatial,https://purl.org/ccf/ASCTB-TEMP_nk,NK,15.682968,0.001755765299708465
https://entity.api.hubmapconsortium.org/entities/7113f174c5b0da705b126129dff02f80,http://purl.org/ccf/1.5/fe276ee5-752a-456e-bb25-4e5da071c6ed,large intestine,UBERON:0000059,spatial,https://purl.org/ccf/ASCTB-TEMP_cd7-immune,CD7+ Immune,10.685304,0.001196258640586148
https://entity.api.hubmapconsortium.org/entities/7113f174c5b0da705b126129dff02f80,http://purl.org/ccf/1.5/fe276ee5-752a-456e-bb25-4e5da071c6ed,large intestine,UBERON:0000059,spatial,https://purl.org/ccf/ASCTB-TEMP_paneth,Paneth,5.727708000000001,6.41237739773656E-4
https://entity.api.hubmapconsortium.org/entities/7113f174c5b0da705b126129dff02f80,http://purl.org/ccf/1.5/fe276ee5-752a-456e-bb25-4e5da071c6ed,large intestine,UBERON:0000059,spatial,https://purl.org/ccf/ASCTB-TEMP_cd57-enterocyte,CD57+ Enterocyte,2.594088,2.90417585165648E-4
https://entity.api.hubmapconsortium.org/entities/750691876232b043dd3b6e2b0098bdbf,http://purl.org/ccf/1.5/4ecffbfc-dc50-4140-95e8-4f97d5804f4f,small intestine,UBERON:0002108,spatial,https://purl.org/ccf/ASCTB-TEMP_enterocyte,Enterocyte,402.7031909999999,0.2394423240410083
https://entity.api.hubmapconsortium.org/entities/750691876232b043dd3b6e2b0098bdbf,http://purl.org/ccf/1.5/4ecffbfc-dc50-4140-95e8-4f97d5804f4f,small intestine,UBERON:0002108,spatial,https://purl.org/ccf/ASCTB-TEMP_smooth-muscle,Smooth muscle,204.652035,0.1216835624233277
https://entity.api.hubmapconsortium.org/entities/750691876232b043dd3b6e2b0098bdbf,http://purl.org/ccf/1.5/4ecffbfc-dc50-4140-95e8-4f97d5804f4f,small intestine,UBERON:0002108,spatial,https://purl.org/ccf/ASCTB-TEMP_cd8-t,CD8+ T,180.4023,0.1072649706774814
https://entity.api.hubmapconsortium.org/entities/750691876232b043dd3b6e2b0098bdbf,http://purl.org/ccf/1.5/4ecffbfc-dc50-4140-95e8-4f97d5804f4f,small intestine,UBERON:0002108,spatial,https://purl.org/ccf/ASCTB-TEMP_endothelial,Endothelial,136.562292,0.08119824551588117
https://entity.api.hubmapconsortium.org/entities/750691876232b043dd3b6e2b0098bdbf,http://purl.org/ccf/1.5/4ecffbfc-dc50-4140-95e8-4f97d5804f4f,small intestine,UBERON:0002108,spatial,https://purl.org/ccf/ASCTB-TEMP_stroma,Stroma,128.43585,0.07636636386668796
https://entity.api.hubmapconsortium.org/entities/750691876232b043dd3b6e2b0098bdbf,http://purl.org/ccf/1.5/4ecffbfc-dc50-4140-95e8-4f97d5804f4f,small intestine,UBERON:0002108,spatial,https://purl.org/ccf/ASCTB-TEMP_plasma,Plasma,94.048335,0.05591997383648073
https://entity.api.hubmapconsortium.org/entities/750691876232b043dd3b6e2b0098bdbf,http://purl.org/ccf/1.5/4ecffbfc-dc50-4140-95e8-4f97d5804f4f,small intestine,UBERON:0002108,spatial,https://purl.org/ccf/ASCTB-TEMP_goblet,Goblet,87.951132,0.05229465253509127
https://entity.api.hubmapconsortium.org/entities/750691876232b043dd3b6e2b0098bdbf,http://purl.org/ccf/1.5/4ecffbfc-dc50-4140-95e8-4f97d5804f4f,small intestine,UBERON:0002108,spatial,https://purl.org/ccf/ASCTB-TEMP_cd4-t-cell,CD4+ T cell,72.98788499999999,0.04339769140602079
https://entity.api.hubmapconsortium.org/entities/750691876232b043dd3b6e2b0098bdbf,http://purl.org/ccf/1.5/4ecffbfc-dc50-4140-95e8-4f97d5804f4f,small intestine,UBERON:0002108,spatial,https://purl.org/ccf/ASCTB-TEMP_m2-macrophage,M2 Macrophage,68.725917,0.04086357807959223
https://entity.api.hubmapconsortium.org/entities/750691876232b043dd3b6e2b0098bdbf,http://purl.org/ccf/1.5/4ecffbfc-dc50-4140-95e8-4f97d5804f4f,small intestine,UBERON:0002108,spatial,https://purl.org/ccf/ASCTB-TEMP_nerve,Nerve,52.95926699999999,0.03148892348853594
https://entity.api.hubmapconsortium.org/entities/750691876232b043dd3b6e2b0098bdbf,http://purl.org/ccf/1.5/4ecffbfc-dc50-4140-95e8-4f97d5804f4f,small intestine,UBERON:0002108,spatial,https://purl.org/ccf/ASCTB-TEMP_lymphatic,Lymphatic,35.825562,0.02130143494530997
https://entity.api.hubmapconsortium.org/entities/750691876232b043dd3b6e2b0098bdbf,http://purl.org/ccf/1.5/4ecffbfc-dc50-4140-95e8-4f97d5804f4f,small intestine,UBERON:0002108,spatial,https://purl.org/ccf/ASCTB-TEMP_ta,TA,31.52258999999999,0.01874294114891145
https://entity.api.hubmapconsortium.org/entities/750691876232b043dd3b6e2b0098bdbf,http://purl.org/ccf/1.5/4ecffbfc-dc50-4140-95e8-4f97d5804f4f,small intestine,UBERON:0002108,spatial,https://purl.org/ccf/ASCTB-TEMP_cycling-ta,Cycling TA,28.992582,0.01723862976300454
https://entity.api.hubmapconsortium.org/entities/750691876232b043dd3b6e2b0098bdbf,http://purl.org/ccf/1.5/4ecffbfc-dc50-4140-95e8-4f97d5804f4f,small intestine,UBERON:0002108,spatial,https://purl.org/ccf/ASCTB-TEMP_icc,ICC,25.631478,0.01524015900069184
https://entity.api.hubmapconsortium.org/entities/750691876232b043dd3b6e2b0098bdbf,http://purl.org/ccf/1.5/4ecffbfc-dc50-4140-95e8-4f97d5804f4f,small intestine,UBERON:0002108,spatial,https://purl.org/ccf/ASCTB-TEMP_b,B,21.618594,0.01285414793214042
https://entity.api.hubmapconsortium.org/entities/750691876232b043dd3b6e2b0098bdbf,http://purl.org/ccf/1.5/4ecffbfc-dc50-4140-95e8-4f97d5804f4f,small intestine,UBERON:0002108,spatial,https://purl.org/ccf/ASCTB-TEMP_paneth,Paneth,21.343806,0.01269076239458062
https://entity.api.hubmapconsortium.org/entities/750691876232b043dd3b6e2b0098bdbf,http://purl.org/ccf/1.5/4ecffbfc-dc50-4140-95e8-4f97d5804f4f,small intestine,UBERON:0002108,spatial,https://purl.org/ccf/ASCTB-TEMP_dc,DC,16.830153,0.01000700028792607
https://entity.api.hubmapconsortium.org/entities/750691876232b043dd3b6e2b0098bdbf,http://purl.org/ccf/1.5/4ecffbfc-dc50-4140-95e8-4f97d5804f4f,small intestine,UBERON:0002108,spatial,https://purl.org/ccf/ASCTB-TEMP_m1-macrophage,M1 Macrophage,13.73787,0.00816836715896112
https://entity.api.hubmapconsortium.org/entities/750691876232b043dd3b6e2b0098bdbf,http://purl.org/ccf/1.5/4ecffbfc-dc50-4140-95e8-4f97d5804f4f,small intestine,UBERON:0002108,spatial,https://purl.org/ccf/ASCTB-TEMP_muc1-enterocyte,MUC1+ Enterocyte,11.522889,0.006851366921069594
https://entity.api.hubmapconsortium.org/entities/750691876232b043dd3b6e2b0098bdbf,http://purl.org/ccf/1.5/4ecffbfc-dc50-4140-95e8-4f97d5804f4f,small intestine,UBERON:0002108,spatial,https://purl.org/ccf/ASCTB-TEMP_cd66-enterocyte,CD66+ Enterocyte,11.232954,0.006678975165125375
https://entity.api.hubmapconsortium.org/entities/750691876232b043dd3b6e2b0098bdbf,http://purl.org/ccf/1.5/4ecffbfc-dc50-4140-95e8-4f97d5804f4f,small intestine,UBERON:0002108,spatial,https://purl.org/ccf/ASCTB-TEMP_neuroendocrine,Neuroendocrine,11.095407,0.006597191424442603
https://entity.api.hubmapconsortium.org/entities/750691876232b043dd3b6e2b0098bdbf,http://purl.org/ccf/1.5/4ecffbfc-dc50-4140-95e8-4f97d5804f4f,small intestine,UBERON:0002108,spatial,https://purl.org/ccf/ASCTB-TEMP_neutrophil,Neutrophil,10.327959,0.006140876359631946
https://entity.api.hubmapconsortium.org/entities/750691876232b043dd3b6e2b0098bdbf,http://purl.org/ccf/1.5/4ecffbfc-dc50-4140-95e8-4f97d5804f4f,small intestine,UBERON:0002108,spatial,https://purl.org/ccf/ASCTB-TEMP_cd7-immune,CD7+ Immune,9.829790999999998,0.005844671843877659
https://entity.api.hubmapconsortium.org/entities/750691876232b043dd3b6e2b0098bdbf,http://purl.org/ccf/1.5/4ecffbfc-dc50-4140-95e8-4f97d5804f4f,small intestine,UBERON:0002108,spatial,https://purl.org/ccf/ASCTB-TEMP_nk,NK,1.876851,0.001115952332542333
https://entity.api.hubmapconsortium.org/entities/750691876232b043dd3b6e2b0098bdbf,http://purl.org/ccf/1.5/4ecffbfc-dc50-4140-95e8-4f97d5804f4f,small intestine,UBERON:0002108,spatial,https://purl.org/ccf/ASCTB-TEMP_cd57-enterocyte,CD57+ Enterocyte,1.021275,6.072374516768623E-4
https://entity.api.hubmapconsortium.org/entities/78181ed33a22ce843cada4581c78ef63,http://purl.org/ccf/1.5/a07c1de5-7229-4161-9c49-defd3ab029f7,heart,UBERON:0000948,sc_bulk,https://purl.org/ccf/ASCTB-TEMP_fibroblast,Fibroblast,221892.2543499999,0.3330088912100684
https://entity.api.hubmapconsortium.org/entities/78181ed33a22ce843cada4581c78ef63,http://purl.org/ccf/1.5/a07c1de5-7229-4161-9c49-defd3ab029f7,heart,UBERON:0000948,sc_bulk,https://purl.org/ccf/ASCTB-TEMP_ventricular-cardiomycoyte,Ventricular Cardiomycoyte,174830.664116,0.2623803421049387
https://entity.api.hubmapconsortium.org/entities/78181ed33a22ce843cada4581c78ef63,http://purl.org/ccf/1.5/a07c1de5-7229-4161-9c49-defd3ab029f7,heart,UBERON:0000948,sc_bulk,http://purl.obolibrary.org/obo/CL_0002131,regular ventricular cardiac myocyte,63268.87016,0.09495192322874964
https://entity.api.hubmapconsortium.org/entities/78181ed33a22ce843cada4581c78ef63,http://purl.org/ccf/1.5/a07c1de5-7229-4161-9c49-defd3ab029f7,heart,UBERON:0000948,sc_bulk,http://purl.obolibrary.org/obo/CL_0000669,pericyte,33626.01689000001,0.05046486472974056
https://entity.api.hubmapconsortium.org/entities/78181ed33a22ce843cada4581c78ef63,http://purl.org/ccf/1.5/a07c1de5-7229-4161-9c49-defd3ab029f7,heart,UBERON:0000948,sc_bulk,http://purl.obolibrary.org/obo/CL_0002144,capillary endothelial cell,27015.076502,0.04054337407242713
https://entity.api.hubmapconsortium.org/entities/78181ed33a22ce843cada4581c78ef63,http://purl.org/ccf/1.5/a07c1de5-7229-4161-9c49-defd3ab029f7,heart,UBERON:0000948,sc_bulk,https://purl.org/ccf/ASCTB-TEMP_b,B,26503.895258,0.03977620939707385
https://entity.api.hubmapconsortium.org/entities/78181ed33a22ce843cada4581c78ef63,http://purl.org/ccf/1.5/a07c1de5-7229-4161-9c49-defd3ab029f7,heart,UBERON:0000948,sc_bulk,http://purl.obolibrary.org/obo/CL_0000057,fibroblast,19603.185026,0.02941984130458711
https://entity.api.hubmapconsortium.org/entities/78181ed33a22ce843cada4581c78ef63,http://purl.org/ccf/1.5/a07c1de5-7229-4161-9c49-defd3ab029f7,heart,UBERON:0000948,sc_bulk,http://purl.obolibrary.org/obo/CL_0000003,native cell,14160.515378,0.02125165449692906
https://entity.api.hubmapconsortium.org/entities/78181ed33a22ce843cada4581c78ef63,http://purl.org/ccf/1.5/a07c1de5-7229-4161-9c49-defd3ab029f7,heart,UBERON:0000948,sc_bulk,http://purl.obolibrary.org/obo/CL_1000413,endothelial cell of artery,9579.661474,0.01437685355430502
https://entity.api.hubmapconsortium.org/entities/78181ed33a22ce843cada4581c78ef63,http://purl.org/ccf/1.5/a07c1de5-7229-4161-9c49-defd3ab029f7,heart,UBERON:0000948,sc_bulk,https://purl.org/ccf/ASCTB-TEMP_pericyte,Pericyte,8175.996482,0.01227027744156244
https://entity.api.hubmapconsortium.org/entities/78181ed33a22ce843cada4581c78ef63,http://purl.org/ccf/1.5/a07c1de5-7229-4161-9c49-defd3ab029f7,heart,UBERON:0000948,sc_bulk,https://purl.org/ccf/ASCTB-TEMP_monocyte-cdc,Monocyte/cDC,7547.345814,0.01132681836263967
https://entity.api.hubmapconsortium.org/entities/78181ed33a22ce843cada4581c78ef63,http://purl.org/ccf/1.5/a07c1de5-7229-4161-9c49-defd3ab029f7,heart,UBERON:0000948,sc_bulk,https://purl.org/ccf/ASCTB-TEMP_capillary-endothelial,Capillary Endothelial,7477.717731999999,0.01122232273501253
https://entity.api.hubmapconsortium.org/entities/78181ed33a22ce843cada4581c78ef63,http://purl.org/ccf/1.5/a07c1de5-7229-4161-9c49-defd3ab029f7,heart,UBERON:0000948,sc_bulk,https://purl.org/ccf/ASCTB-TEMP_macrophage,Macrophage,6670.387443999999,0.01001070692248795
https://entity.api.hubmapconsortium.org/entities/78181ed33a22ce843cada4581c78ef63,http://purl.org/ccf/1.5/a07c1de5-7229-4161-9c49-defd3ab029f7,heart,UBERON:0000948,sc_bulk,http://purl.obolibrary.org/obo/CL_0000192,smooth muscle cell,6209.648838000002,0.009319244966002891
https://entity.api.hubmapconsortium.org/entities/78181ed33a22ce843cada4581c78ef63,http://purl.org/ccf/1.5/a07c1de5-7229-4161-9c49-defd3ab029f7,heart,UBERON:0000948,sc_bulk,http://purl.obolibrary.org/obo/CL_0000235,macrophage,5263.258191999999,0.007898931757688141
https://entity.api.hubmapconsortium.org/entities/78181ed33a22ce843cada4581c78ef63,http://purl.org/ccf/1.5/a07c1de5-7229-4161-9c49-defd3ab029f7,heart,UBERON:0000948,sc_bulk,http://purl.obolibrary.org/obo/CL_0000115,endothelial cell,3438.08756,0.005159773285428923
https://entity.api.hubmapconsortium.org/entities/78181ed33a22ce843cada4581c78ef63,http://purl.org/ccf/1.5/a07c1de5-7229-4161-9c49-defd3ab029f7,heart,UBERON:0000948,sc_bulk,http://purl.obolibrary.org/obo/CL_0002543,vein endothelial cell,2778.241718,0.004169497474055186
https://entity.api.hubmapconsortium.org/entities/78181ed33a22ce843cada4581c78ef63,http://purl.org/ccf/1.5/a07c1de5-7229-4161-9c49-defd3ab029f7,heart,UBERON:0000948,sc_bulk,https://purl.org/ccf/ASCTB-TEMP_mesothelial,Mesothelial,2753.19184,0.004131903407862277
https://entity.api.hubmapconsortium.org/entities/78181ed33a22ce843cada4581c78ef63,http://purl.org/ccf/1.5/a07c1de5-7229-4161-9c49-defd3ab029f7,heart,UBERON:0000948,sc_bulk,https://purl.org/ccf/ASCTB-TEMP_arterial-endothelial,Arterial Endothelial,2629.611674,0.00394643819558721
https://entity.api.hubmapconsortium.org/entities/78181ed33a22ce843cada4581c78ef63,http://purl.org/ccf/1.5/a07c1de5-7229-4161-9c49-defd3ab029f7,heart,UBERON:0000948,sc_bulk,https://purl.org/ccf/ASCTB-TEMP_venous-endothelial,Venous Endothelial,2457.212908,0.003687707569410919
https://entity.api.hubmapconsortium.org/entities/78181ed33a22ce843cada4581c78ef63,http://purl.org/ccf/1.5/a07c1de5-7229-4161-9c49-defd3ab029f7,heart,UBERON:0000948,sc_bulk,https://purl.org/ccf/ASCTB-TEMP_smooth-muscle,Smooth Muscle,2387.685830000001,0.003583363525398751
https://entity.api.hubmapconsortium.org/entities/78181ed33a22ce843cada4581c78ef63,http://purl.org/ccf/1.5/a07c1de5-7229-4161-9c49-defd3ab029f7,heart,UBERON:0000948,sc_bulk,https://purl.org/ccf/ASCTB-TEMP_endocardial,Endocardial,1783.492306,0.002676608956191571
https://entity.api.hubmapconsortium.org/entities/78181ed33a22ce843cada4581c78ef63,http://purl.org/ccf/1.5/a07c1de5-7229-4161-9c49-defd3ab029f7,heart,UBERON:0000948,sc_bulk,https://purl.org/ccf/ASCTB-TEMP_nk,NK,1779.373292,0.002670427269998707
https://entity.api.hubmapconsortium.org/entities/78181ed33a22ce843cada4581c78ef63,http://purl.org/ccf/1.5/a07c1de5-7229-4161-9c49-defd3ab029f7,heart,UBERON:0000948,sc_bulk,http://purl.obolibrary.org/obo/CL_0000623,natural killer cell,1339.336962,0.00201003463585876
https://entity.api.hubmapconsortium.org/entities/78181ed33a22ce843cada4581c78ef63,http://purl.org/ccf/1.5/a07c1de5-7229-4161-9c49-defd3ab029f7,heart,UBERON:0000948,sc_bulk,http://purl.obolibrary.org/obo/CL_0000934,"CD4-positive, alpha-beta cytotoxic T cell",1247.835312,0.00187271184782521
https://entity.api.hubmapconsortium.org/entities/78181ed33a22ce843cada4581c78ef63,http://purl.org/ccf/1.5/a07c1de5-7229-4161-9c49-defd3ab029f7,heart,UBERON:0000948,sc_bulk,http://purl.obolibrary.org/obo/CL_0002319,neural cell,1104.24838,0.001657221112658971
https://entity.api.hubmapconsortium.org/entities/78181ed33a22ce843cada4581c78ef63,http://purl.org/ccf/1.5/a07c1de5-7229-4161-9c49-defd3ab029f7,heart,UBERON:0000948,sc_bulk,http://purl.obolibrary.org/obo/CL_0002397,"CD14-positive, CD16-positive monocyte",1005.546208,0.001509092008495198
https://entity.api.hubmapconsortium.org/entities/78181ed33a22ce843cada4581c78ef63,http://purl.org/ccf/1.5/a07c1de5-7229-4161-9c49-defd3ab029f7,heart,UBERON:0000948,sc_bulk,https://purl.org/ccf/ASCTB-TEMP_t,T,1005.08726,0.001508403233823677
https://entity.api.hubmapconsortium.org/entities/78181ed33a22ce843cada4581c78ef63,http://purl.org/ccf/1.5/a07c1de5-7229-4161-9c49-defd3ab029f7,heart,UBERON:0000948,sc_bulk,http://purl.obolibrary.org/obo/CL_1000309,epicardial adipocyte,862.3925300000001,0.001294251487256323
https://entity.api.hubmapconsortium.org/entities/78181ed33a22ce843cada4581c78ef63,http://purl.org/ccf/1.5/a07c1de5-7229-4161-9c49-defd3ab029f7,heart,UBERON:0000948,sc_bulk,http://purl.obolibrary.org/obo/CL_0000794,"CD8-positive, alpha-beta cytotoxic T cell",815.1572120000001,0.001223362213003767
https://entity.api.hubmapconsortium.org/entities/78181ed33a22ce843cada4581c78ef63,http://purl.org/ccf/1.5/a07c1de5-7229-4161-9c49-defd3ab029f7,heart,UBERON:0000948,sc_bulk,http://purl.obolibrary.org/obo/CL_0000906,"activated CD8-positive, alpha-beta T cell",811.667258,0.001218124600202371
https://entity.api.hubmapconsortium.org/entities/78181ed33a22ce843cada4581c78ef63,http://purl.org/ccf/1.5/a07c1de5-7229-4161-9c49-defd3ab029f7,heart,UBERON:0000948,sc_bulk,https://purl.org/ccf/ASCTB-TEMP_adipocyte,Adipocyte,717.082328,0.001076174522869796
https://entity.api.hubmapconsortium.org/entities/78181ed33a22ce843cada4581c78ef63,http://purl.org/ccf/1.5/a07c1de5-7229-4161-9c49-defd3ab029f7,heart,UBERON:0000948,sc_bulk,http://purl.obolibrary.org/obo/CL_0000097,mast cell,714.6325380000002,0.001072497955366404
https://entity.api.hubmapconsortium.org/entities/78181ed33a22ce843cada4581c78ef63,http://purl.org/ccf/1.5/a07c1de5-7229-4161-9c49-defd3ab029f7,heart,UBERON:0000948,sc_bulk,https://purl.org/ccf/ASCTB-TEMP_neuronal,Neuronal,577.2210259999999,8.662750956065452E-4
https://entity.api.hubmapconsortium.org/entities/78181ed33a22ce843cada4581c78ef63,http://purl.org/ccf/1.5/a07c1de5-7229-4161-9c49-defd3ab029f7,heart,UBERON:0000948,sc_bulk,https://purl.org/ccf/ASCTB-TEMP_lymphatic-endothelial,Lymphatic Endothelial,568.7677,8.535886107783864E-4
https://entity.api.hubmapconsortium.org/entities/78181ed33a22ce843cada4581c78ef63,http://purl.org/ccf/1.5/a07c1de5-7229-4161-9c49-defd3ab029f7,heart,UBERON:0000948,sc_bulk,http://purl.obolibrary.org/obo/CL_0000814,mature NK T cell,561.75501,8.430641869847717E-4
https://entity.api.hubmapconsortium.org/entities/78181ed33a22ce843cada4581c78ef63,http://purl.org/ccf/1.5/a07c1de5-7229-4161-9c49-defd3ab029f7,heart,UBERON:0000948,sc_bulk,http://purl.obolibrary.org/obo/CL_0001054,CD14-positive monocyte,544.6986240000001,8.174665012676682E-4
https://entity.api.hubmapconsortium.org/entities/78181ed33a22ce843cada4581c78ef63,http://purl.org/ccf/1.5/a07c1de5-7229-4161-9c49-defd3ab029f7,heart,UBERON:0000948,sc_bulk,https://purl.org/ccf/ASCTB-TEMP_mast,Mast,542.37819,8.139840671659022E-4
https://entity.api.hubmapconsortium.org/entities/78181ed33a22ce843cada4581c78ef63,http://purl.org/ccf/1.5/a07c1de5-7229-4161-9c49-defd3ab029f7,heart,UBERON:0000948,sc_bulk,http://purl.obolibrary.org/obo/CL_0000576,monocyte,526.232612,7.89753293345177E-4
https://entity.api.hubmapconsortium.org/entities/78181ed33a22ce843cada4581c78ef63,http://purl.org/ccf/1.5/a07c1de5-7229-4161-9c49-defd3ab029f7,heart,UBERON:0000948,sc_bulk,http://purl.obolibrary.org/obo/CL_0000896,"activated CD4-positive, alpha-beta T cell",411.9102600000001,6.181819160946798E-4
https://entity.api.hubmapconsortium.org/entities/78181ed33a22ce843cada4581c78ef63,http://purl.org/ccf/1.5/a07c1de5-7229-4161-9c49-defd3ab029f7,heart,UBERON:0000948,sc_bulk,http://purl.obolibrary.org/obo/CL_0002138,endothelial cell of lymphatic vessel,330.71279,4.963233161495356E-4
https://entity.api.hubmapconsortium.org/entities/78181ed33a22ce843cada4581c78ef63,http://purl.org/ccf/1.5/a07c1de5-7229-4161-9c49-defd3ab029f7,heart,UBERON:0000948,sc_bulk,http://purl.obolibrary.org/obo/CL_0000236,B cell,284.907476,4.275801467615276E-4
https://entity.api.hubmapconsortium.org/entities/78181ed33a22ce843cada4581c78ef63,http://purl.org/ccf/1.5/a07c1de5-7229-4161-9c49-defd3ab029f7,heart,UBERON:0000948,sc_bulk,http://purl.obolibrary.org/obo/CL_0000451,dendritic cell,272.41399,4.088303173346468E-4
https://entity.api.hubmapconsortium.org/entities/78181ed33a22ce843cada4581c78ef63,http://purl.org/ccf/1.5/a07c1de5-7229-4161-9c49-defd3ab029f7,heart,UBERON:0000948,sc_bulk,https://purl.org/ccf/ASCTB-TEMP_atrial-cardiomyocyte,Atrial Cardiomyocyte,184.1108,2.763076771084177E-4
https://entity.api.hubmapconsortium.org/entities/78181ed33a22ce843cada4581c78ef63,http://purl.org/ccf/1.5/a07c1de5-7229-4161-9c49-defd3ab029f7,heart,UBERON:0000948,sc_bulk,https://purl.org/ccf/ASCTB-TEMP_endothelial,Endothelial,35.59948,5.342657587207035E-5
https://entity.api.hubmapconsortium.org/entities/78181ed33a22ce843cada4581c78ef63,http://purl.org/ccf/1.5/a07c1de5-7229-4161-9c49-defd3ab029f7,heart,UBERON:0000948,sc_bulk,http://purl.obolibrary.org/obo/CL_0000077,mesothelial cell,30.23032,4.536871002376905E-5
https://entity.api.hubmapconsortium.org/entities/79b3df1cdcfbe5c0a218b4f456863b7b,http://purl.org/ccf/1.5/b1c840c9-4f96-4d2c-8471-f5c2ed64b4e4,skin of body,UBERON:0002097,spatial,https://purl.org/ccf/ASCTB-TEMP_t-helper,T-helper,4305.869148,0.7799656838724319
https://entity.api.hubmapconsortium.org/entities/79b3df1cdcfbe5c0a218b4f456863b7b,http://purl.org/ccf/1.5/b1c840c9-4f96-4d2c-8471-f5c2ed64b4e4,skin of body,UBERON:0002097,spatial,https://purl.org/ccf/ASCTB-TEMP_t-reg,T-reg,586.328106,0.1062075475243675
https://entity.api.hubmapconsortium.org/entities/79b3df1cdcfbe5c0a218b4f456863b7b,http://purl.org/ccf/1.5/b1c840c9-4f96-4d2c-8471-f5c2ed64b4e4,skin of body,UBERON:0002097,spatial,https://purl.org/ccf/ASCTB-TEMP_cd68-macrophage,CD68 / Macrophage,465.403176,0.08430319035910513
https://entity.api.hubmapconsortium.org/entities/79b3df1cdcfbe5c0a218b4f456863b7b,http://purl.org/ccf/1.5/b1c840c9-4f96-4d2c-8471-f5c2ed64b4e4,skin of body,UBERON:0002097,spatial,https://purl.org/ccf/ASCTB-TEMP_t-killer,T-Killer,162.98751,0.02952357824409551
https://entity.api.hubmapconsortium.org/entities/7a766b9b083a02d3f2a6cef68d1240e5,http://purl.org/ccf/1.5/19a9f5af-c334-4e5d-a5f8-4ac2128d0eb5,left kidney,UBERON:0004538,sc_bulk,https://purl.org/ccf/ASCTB-TEMP_descending-thin-limb-type-1,Descending Thin Limb Type 1,5.89282,0.2071914834069467
https://entity.api.hubmapconsortium.org/entities/7a766b9b083a02d3f2a6cef68d1240e5,http://purl.org/ccf/1.5/19a9f5af-c334-4e5d-a5f8-4ac2128d0eb5,left kidney,UBERON:0004538,sc_bulk,https://purl.org/ccf/ASCTB-TEMP_connecting-tubule,Connecting Tubule,4.60384,0.1618709614358214
https://entity.api.hubmapconsortium.org/entities/7a766b9b083a02d3f2a6cef68d1240e5,http://purl.org/ccf/1.5/19a9f5af-c334-4e5d-a5f8-4ac2128d0eb5,left kidney,UBERON:0004538,sc_bulk,https://purl.org/ccf/ASCTB-TEMP_inner-medullary-collecting-duct,Inner Medullary Collecting Duct,4.35978,0.1532898146435727
https://entity.api.hubmapconsortium.org/entities/7a766b9b083a02d3f2a6cef68d1240e5,http://purl.org/ccf/1.5/19a9f5af-c334-4e5d-a5f8-4ac2128d0eb5,left kidney,UBERON:0004538,sc_bulk,https://purl.org/ccf/ASCTB-TEMP_medullary-fibroblast,Medullary Fibroblast,3.06972,0.1079313198848721
https://entity.api.hubmapconsortium.org/entities/7a766b9b083a02d3f2a6cef68d1240e5,http://purl.org/ccf/1.5/19a9f5af-c334-4e5d-a5f8-4ac2128d0eb5,left kidney,UBERON:0004538,sc_bulk,https://purl.org/ccf/ASCTB-TEMP_ascending-thin-limb,Ascending Thin Limb,1.52372,0.05357397767059452
https://entity.api.hubmapconsortium.org/entities/7a766b9b083a02d3f2a6cef68d1240e5,http://purl.org/ccf/1.5/19a9f5af-c334-4e5d-a5f8-4ac2128d0eb5,left kidney,UBERON:0004538,sc_bulk,https://purl.org/ccf/ASCTB-TEMP_cortical-collecting-duct-principal,Cortical Collecting Duct Principal,1.45728,0.05123794803494341
https://entity.api.hubmapconsortium.org/entities/7a766b9b083a02d3f2a6cef68d1240e5,http://purl.org/ccf/1.5/19a9f5af-c334-4e5d-a5f8-4ac2128d0eb5,left kidney,UBERON:0004538,sc_bulk,https://purl.org/ccf/ASCTB-TEMP_descending-thin-limb-type-3,Descending Thin Limb Type 3,0.97084,0.03413472323111857
https://entity.api.hubmapconsortium.org/entities/7a766b9b083a02d3f2a6cef68d1240e5,http://purl.org/ccf/1.5/19a9f5af-c334-4e5d-a5f8-4ac2128d0eb5,left kidney,UBERON:0004538,sc_bulk,https://purl.org/ccf/ASCTB-TEMP_ascending-vasa-recta-endothelial,Ascending Vasa Recta Endothelial,0.8709399999999999,0.03062224038040295
https://entity.api.hubmapconsortium.org/entities/7a766b9b083a02d3f2a6cef68d1240e5,http://purl.org/ccf/1.5/19a9f5af-c334-4e5d-a5f8-4ac2128d0eb5,left kidney,UBERON:0004538,sc_bulk,https://purl.org/ccf/ASCTB-TEMP_proximal-tubule-epithelial-segment-1,Proximal Tubule Epithelial Segment 1,0.7132,0.02507610379509884
https://entity.api.hubmapconsortium.org/entities/7a766b9b083a02d3f2a6cef68d1240e5,http://purl.org/ccf/1.5/19a9f5af-c334-4e5d-a5f8-4ac2128d0eb5,left kidney,UBERON:0004538,sc_bulk,https://purl.org/ccf/ASCTB-TEMP_distal-convoluted-tubule-type-1,Distal Convoluted Tubule Type 1,0.70046,0.02462816554166424
https://entity.api.hubmapconsortium.org/entities/7a766b9b083a02d3f2a6cef68d1240e5,http://purl.org/ccf/1.5/19a9f5af-c334-4e5d-a5f8-4ac2128d0eb5,left kidney,UBERON:0004538,sc_bulk,https://purl.org/ccf/ASCTB-TEMP_descending-vasa-recta-endothelial,Descending Vasa Recta Endothelial,0.56492,0.0198625807009636
https://entity.api.hubmapconsortium.org/entities/7a766b9b083a02d3f2a6cef68d1240e5,http://purl.org/ccf/1.5/19a9f5af-c334-4e5d-a5f8-4ac2128d0eb5,left kidney,UBERON:0004538,sc_bulk,https://purl.org/ccf/ASCTB-TEMP_proximal-tubule-epithelial-segment-3,Proximal Tubule Epithelial Segment 3,0.36924,0.01298247415213446
https://entity.api.hubmapconsortium.org/entities/7a766b9b083a02d3f2a6cef68d1240e5,http://purl.org/ccf/1.5/19a9f5af-c334-4e5d-a5f8-4ac2128d0eb5,left kidney,UBERON:0004538,sc_bulk,https://purl.org/ccf/ASCTB-TEMP_t,T,0.29376,0.01032859822048266
https://entity.api.hubmapconsortium.org/entities/7a766b9b083a02d3f2a6cef68d1240e5,http://purl.org/ccf/1.5/19a9f5af-c334-4e5d-a5f8-4ac2128d0eb5,left kidney,UBERON:0004538,sc_bulk,https://purl.org/ccf/ASCTB-TEMP_cortical-collecting-duct-intercalated-type-a,Cortical Collecting Duct Intercalated Type A,0.2827,0.009939728747720753
https://entity.api.hubmapconsortium.org/entities/7a766b9b083a02d3f2a6cef68d1240e5,http://purl.org/ccf/1.5/19a9f5af-c334-4e5d-a5f8-4ac2128d0eb5,left kidney,UBERON:0004538,sc_bulk,https://purl.org/ccf/ASCTB-TEMP_medullary-thick-ascending-limb,Medullary Thick Ascending Limb,0.25718,0.009042445841311721
https://entity.api.hubmapconsortium.org/entities/7a766b9b083a02d3f2a6cef68d1240e5,http://purl.org/ccf/1.5/19a9f5af-c334-4e5d-a5f8-4ac2128d0eb5,left kidney,UBERON:0004538,sc_bulk,https://purl.org/ccf/ASCTB-TEMP_papillary-tip-epithelial,Papillary Tip Epithelial,0.21906,0.007702147079857479
https://entity.api.hubmapconsortium.org/entities/7a766b9b083a02d3f2a6cef68d1240e5,http://purl.org/ccf/1.5/19a9f5af-c334-4e5d-a5f8-4ac2128d0eb5,left kidney,UBERON:0004538,sc_bulk,https://purl.org/ccf/ASCTB-TEMP_tissue-resident-macrophage,Tissue-resident Macrophage,0.20978,0.007375862386617828
https://entity.api.hubmapconsortium.org/entities/7a766b9b083a02d3f2a6cef68d1240e5,http://purl.org/ccf/1.5/19a9f5af-c334-4e5d-a5f8-4ac2128d0eb5,left kidney,UBERON:0004538,sc_bulk,https://purl.org/ccf/ASCTB-TEMP_vascular-smooth-muscle-pericyte,Vascular Smooth Muscle / Pericyte,0.20656,0.00726264722366183
https://entity.api.hubmapconsortium.org/entities/7a766b9b083a02d3f2a6cef68d1240e5,http://purl.org/ccf/1.5/19a9f5af-c334-4e5d-a5f8-4ac2128d0eb5,left kidney,UBERON:0004538,sc_bulk,https://purl.org/ccf/ASCTB-TEMP_descending-thin-limb-type-2,Descending Thin Limb Type 2,0.2011,0.007070673686475571
https://entity.api.hubmapconsortium.org/entities/7a766b9b083a02d3f2a6cef68d1240e5,http://purl.org/ccf/1.5/19a9f5af-c334-4e5d-a5f8-4ac2128d0eb5,left kidney,UBERON:0004538,sc_bulk,https://purl.org/ccf/ASCTB-TEMP_cortical-thick-ascending-limb,Cortical Thick Ascending Limb,0.19488,0.006851978558032617
https://entity.api.hubmapconsortium.org/entities/7a766b9b083a02d3f2a6cef68d1240e5,http://purl.org/ccf/1.5/19a9f5af-c334-4e5d-a5f8-4ac2128d0eb5,left kidney,UBERON:0004538,sc_bulk,https://purl.org/ccf/ASCTB-TEMP_peritubular-capilary-endothelial,Peritubular Capilary Endothelial,0.19026,0.006689539411182706
https://entity.api.hubmapconsortium.org/entities/7a766b9b083a02d3f2a6cef68d1240e5,http://purl.org/ccf/1.5/19a9f5af-c334-4e5d-a5f8-4ac2128d0eb5,left kidney,UBERON:0004538,sc_bulk,https://purl.org/ccf/ASCTB-TEMP_connecting-tubule-principal,Connecting Tubule Principal,0.16402,0.005766941313056803
https://entity.api.hubmapconsortium.org/entities/7a766b9b083a02d3f2a6cef68d1240e5,http://purl.org/ccf/1.5/19a9f5af-c334-4e5d-a5f8-4ac2128d0eb5,left kidney,UBERON:0004538,sc_bulk,https://purl.org/ccf/ASCTB-TEMP_intercalated-type-b,Intercalated Type B,0.16354,0.005750064518578891
https://entity.api.hubmapconsortium.org/entities/7a766b9b083a02d3f2a6cef68d1240e5,http://purl.org/ccf/1.5/19a9f5af-c334-4e5d-a5f8-4ac2128d0eb5,left kidney,UBERON:0004538,sc_bulk,https://purl.org/ccf/ASCTB-TEMP_monocyte-derived,Monocyte-derived,0.1459,0.005129842321515593
https://entity.api.hubmapconsortium.org/entities/7a766b9b083a02d3f2a6cef68d1240e5,http://purl.org/ccf/1.5/19a9f5af-c334-4e5d-a5f8-4ac2128d0eb5,left kidney,UBERON:0004538,sc_bulk,https://purl.org/ccf/ASCTB-TEMP_macula-densa,Macula Densa,0.09530000000000001,0.003350746903635614
https://entity.api.hubmapconsortium.org/entities/7a766b9b083a02d3f2a6cef68d1240e5,http://purl.org/ccf/1.5/19a9f5af-c334-4e5d-a5f8-4ac2128d0eb5,left kidney,UBERON:0004538,sc_bulk,https://purl.org/ccf/ASCTB-TEMP_fibroblast,Fibroblast,0.09498000000000001,0.003339495707317006
https://entity.api.hubmapconsortium.org/entities/7a766b9b083a02d3f2a6cef68d1240e5,http://purl.org/ccf/1.5/19a9f5af-c334-4e5d-a5f8-4ac2128d0eb5,left kidney,UBERON:0004538,sc_bulk,https://purl.org/ccf/ASCTB-TEMP_podocyte,Podocyte,0.08314,0.002923201443528489
https://entity.api.hubmapconsortium.org/entities/7a766b9b083a02d3f2a6cef68d1240e5,http://purl.org/ccf/1.5/19a9f5af-c334-4e5d-a5f8-4ac2128d0eb5,left kidney,UBERON:0004538,sc_bulk,https://purl.org/ccf/ASCTB-TEMP_outer-medullary-collecting-duct-intercalated-type-a,Outer Medullary Collecting Duct Intercalated Type A,0.06956000000000001,0.002445728799757538
https://entity.api.hubmapconsortium.org/entities/7a766b9b083a02d3f2a6cef68d1240e5,http://purl.org/ccf/1.5/19a9f5af-c334-4e5d-a5f8-4ac2128d0eb5,left kidney,UBERON:0004538,sc_bulk,https://purl.org/ccf/ASCTB-TEMP_m2-macrophage,M2 Macrophage,0.06844,0.002406349612642407
https://entity.api.hubmapconsortium.org/entities/7a766b9b083a02d3f2a6cef68d1240e5,http://purl.org/ccf/1.5/19a9f5af-c334-4e5d-a5f8-4ac2128d0eb5,left kidney,UBERON:0004538,sc_bulk,https://purl.org/ccf/ASCTB-TEMP_glomerular-capillary-endothelial,Glomerular Capillary Endothelial,0.06061999999999999,0.00213139850260641
https://entity.api.hubmapconsortium.org/entities/7a766b9b083a02d3f2a6cef68d1240e5,http://purl.org/ccf/1.5/19a9f5af-c334-4e5d-a5f8-4ac2128d0eb5,left kidney,UBERON:0004538,sc_bulk,https://purl.org/ccf/ASCTB-TEMP_proximal-tubule-epithelial-segment-2,Proximal Tubule Epithelial Segment 2,0.0558,0.001961927358057369
https://entity.api.hubmapconsortium.org/entities/7a766b9b083a02d3f2a6cef68d1240e5,http://purl.org/ccf/1.5/19a9f5af-c334-4e5d-a5f8-4ac2128d0eb5,left kidney,UBERON:0004538,sc_bulk,https://purl.org/ccf/ASCTB-TEMP_afferent-efferent-arteriole-endothelial,Afferent / Efferent Arteriole Endothelial,0.04108,0.001444372327401375
https://entity.api.hubmapconsortium.org/entities/7a766b9b083a02d3f2a6cef68d1240e5,http://purl.org/ccf/1.5/19a9f5af-c334-4e5d-a5f8-4ac2128d0eb5,left kidney,UBERON:0004538,sc_bulk,https://purl.org/ccf/ASCTB-TEMP_parietal-epithelial,Parietal Epithelial,0.03539999999999999,0.001244663592746073
https://entity.api.hubmapconsortium.org/entities/7a766b9b083a02d3f2a6cef68d1240e5,http://purl.org/ccf/1.5/19a9f5af-c334-4e5d-a5f8-4ac2128d0eb5,left kidney,UBERON:0004538,sc_bulk,https://purl.org/ccf/ASCTB-TEMP_outer-medullary-collecting-duct-principal,Outer Medullary Collecting Duct Principal,0.03462,0.001217238801719464
https://entity.api.hubmapconsortium.org/entities/7a766b9b083a02d3f2a6cef68d1240e5,http://purl.org/ccf/1.5/19a9f5af-c334-4e5d-a5f8-4ac2128d0eb5,left kidney,UBERON:0004538,sc_bulk,https://purl.org/ccf/ASCTB-TEMP_b,B,0.03038,0.001068160450497901
https://entity.api.hubmapconsortium.org/entities/7a766b9b083a02d3f2a6cef68d1240e5,http://purl.org/ccf/1.5/19a9f5af-c334-4e5d-a5f8-4ac2128d0eb5,left kidney,UBERON:0004538,sc_bulk,https://purl.org/ccf/ASCTB-TEMP_cortical-vascular-smooth-muscle-pericyte,Cortical Vascular Smooth Muscle / Pericyte,0.017,5.977198044260801E-4
https://entity.api.hubmapconsortium.org/entities/7a766b9b083a02d3f2a6cef68d1240e5,http://purl.org/ccf/1.5/19a9f5af-c334-4e5d-a5f8-4ac2128d0eb5,left kidney,UBERON:0004538,sc_bulk,https://purl.org/ccf/ASCTB-TEMP_natural-killer-natural-killer-t,Natural Killer / Natural Killer T,0.0168,5.906878067269498E-4
https://entity.api.hubmapconsortium.org/entities/7a766b9b083a02d3f2a6cef68d1240e5,http://purl.org/ccf/1.5/19a9f5af-c334-4e5d-a5f8-4ac2128d0eb5,left kidney,UBERON:0004538,sc_bulk,https://purl.org/ccf/ASCTB-TEMP_mast,Mast,0.01612,5.667790145499066E-4
https://entity.api.hubmapconsortium.org/entities/7a766b9b083a02d3f2a6cef68d1240e5,http://purl.org/ccf/1.5/19a9f5af-c334-4e5d-a5f8-4ac2128d0eb5,left kidney,UBERON:0004538,sc_bulk,https://purl.org/ccf/ASCTB-TEMP_lymphatic-endothelial,Lymphatic Endothelial,0.01488,5.231806288152984E-4
https://entity.api.hubmapconsortium.org/entities/7a766b9b083a02d3f2a6cef68d1240e5,http://purl.org/ccf/1.5/19a9f5af-c334-4e5d-a5f8-4ac2128d0eb5,left kidney,UBERON:0004538,sc_bulk,https://purl.org/ccf/ASCTB-TEMP_monocyte,Monocyte,0.01452,5.105230329568637E-4
https://entity.api.hubmapconsortium.org/entities/7a766b9b083a02d3f2a6cef68d1240e5,http://purl.org/ccf/1.5/19a9f5af-c334-4e5d-a5f8-4ac2128d0eb5,left kidney,UBERON:0004538,sc_bulk,https://purl.org/ccf/ASCTB-TEMP_plasma,Plasma,0.0124,4.35983857346082E-4
https://entity.api.hubmapconsortium.org/entities/7a766b9b083a02d3f2a6cef68d1240e5,http://purl.org/ccf/1.5/19a9f5af-c334-4e5d-a5f8-4ac2128d0eb5,left kidney,UBERON:0004538,sc_bulk,https://purl.org/ccf/ASCTB-TEMP_cycling-mononuclear-phagocyte,Cycling Mononuclear Phagocyte,0.01218,4.282486598770386E-4
https://entity.api.hubmapconsortium.org/entities/7a766b9b083a02d3f2a6cef68d1240e5,http://purl.org/ccf/1.5/19a9f5af-c334-4e5d-a5f8-4ac2128d0eb5,left kidney,UBERON:0004538,sc_bulk,https://purl.org/ccf/ASCTB-TEMP_mesangial,Mesangial,0.00978,3.438646874874743E-4
https://entity.api.hubmapconsortium.org/entities/7a766b9b083a02d3f2a6cef68d1240e5,http://purl.org/ccf/1.5/19a9f5af-c334-4e5d-a5f8-4ac2128d0eb5,left kidney,UBERON:0004538,sc_bulk,https://purl.org/ccf/ASCTB-TEMP_classical-dendritic,Classical Dendritic,0.00744,2.615903144076492E-4
https://entity.api.hubmapconsortium.org/entities/7a766b9b083a02d3f2a6cef68d1240e5,http://purl.org/ccf/1.5/19a9f5af-c334-4e5d-a5f8-4ac2128d0eb5,left kidney,UBERON:0004538,sc_bulk,https://purl.org/ccf/ASCTB-TEMP_plasmacytoid-dendritic,Plasmacytoid Dendritic,0.00744,2.615903144076492E-4
https://entity.api.hubmapconsortium.org/entities/7a766b9b083a02d3f2a6cef68d1240e5,http://purl.org/ccf/1.5/19a9f5af-c334-4e5d-a5f8-4ac2128d0eb5,left kidney,UBERON:0004538,sc_bulk,https://purl.org/ccf/ASCTB-TEMP_distal-convoluted-tubule-type-2,Distal Convoluted Tubule Type 2,0.00744,2.615903144076492E-4
https://entity.api.hubmapconsortium.org/entities/7a766b9b083a02d3f2a6cef68d1240e5,http://purl.org/ccf/1.5/19a9f5af-c334-4e5d-a5f8-4ac2128d0eb5,left kidney,UBERON:0004538,sc_bulk,https://purl.org/ccf/ASCTB-TEMP_neutrophil,Neutrophil,0.005160000000000001,1.814255406375632E-4
https://entity.api.hubmapconsortium.org/entities/7a766b9b083a02d3f2a6cef68d1240e5,http://purl.org/ccf/1.5/19a9f5af-c334-4e5d-a5f8-4ac2128d0eb5,left kidney,UBERON:0004538,sc_bulk,https://purl.org/ccf/ASCTB-TEMP_schwann-neural,Schwann / Neural,0.00248,8.71967714692164E-5
https://entity.api.hubmapconsortium.org/entities/7a766b9b083a02d3f2a6cef68d1240e5,http://purl.org/ccf/1.5/19a9f5af-c334-4e5d-a5f8-4ac2128d0eb5,left kidney,UBERON:0004538,sc_bulk,https://purl.org/ccf/ASCTB-TEMP_renin-positive-juxtaglomerular-granular,Renin-positive Juxtaglomerular Granular,0.00172,6.047518021252105E-5
https://entity.api.hubmapconsortium.org/entities/7a766b9b083a02d3f2a6cef68d1240e5,http://purl.org/ccf/1.5/19a9f5af-c334-4e5d-a5f8-4ac2128d0eb5,left kidney,UBERON:0004538,sc_bulk,https://purl.org/ccf/ASCTB-TEMP_connecting-tubule-intercalated-type-a,Connecting Tubule Intercalated Type A,0.00124,4.35983857346082E-5
https://entity.api.hubmapconsortium.org/entities/7b7f0c98e666fbbcbc25391bbe12edea,http://purl.org/ccf/1.5/bc7cbfcd-cc52-4e82-a079-e353feb729a1,skin of body,UBERON:0002097,spatial,https://purl.org/ccf/ASCTB-TEMP_t-helper,T-helper,1219.456676,0.7799656838724318
https://entity.api.hubmapconsortium.org/entities/7b7f0c98e666fbbcbc25391bbe12edea,http://purl.org/ccf/1.5/bc7cbfcd-cc52-4e82-a079-e353feb729a1,skin of body,UBERON:0002097,spatial,https://purl.org/ccf/ASCTB-TEMP_t-reg,T-reg,166.052822,0.1062075475243675
https://entity.api.hubmapconsortium.org/entities/7b7f0c98e666fbbcbc25391bbe12edea,http://purl.org/ccf/1.5/bc7cbfcd-cc52-4e82-a079-e353feb729a1,skin of body,UBERON:0002097,spatial,https://purl.org/ccf/ASCTB-TEMP_cd68-macrophage,CD68 / Macrophage,131.805912,0.08430319035910513
https://entity.api.hubmapconsortium.org/entities/7b7f0c98e666fbbcbc25391bbe12edea,http://purl.org/ccf/1.5/bc7cbfcd-cc52-4e82-a079-e353feb729a1,skin of body,UBERON:0002097,spatial,https://purl.org/ccf/ASCTB-TEMP_t-killer,T-Killer,46.15937,0.02952357824409551
https://entity.api.hubmapconsortium.org/entities/80aebced466874e5980e2a93446628e1,http://purl.org/ccf/1.5/56d664e0-677a-42b9-8f69-ac6b928da7ac,heart,UBERON:0000948,sc_bulk,https://purl.org/ccf/ASCTB-TEMP_fibroblast,Fibroblast,247938.2977499999,0.3330088912100685
https://entity.api.hubmapconsortium.org/entities/80aebced466874e5980e2a93446628e1,http://purl.org/ccf/1.5/56d664e0-677a-42b9-8f69-ac6b928da7ac,heart,UBERON:0000948,sc_bulk,https://purl.org/ccf/ASCTB-TEMP_ventricular-cardiomycoyte,Ventricular Cardiomycoyte,195352.54794,0.2623803421049388
https://entity.api.hubmapconsortium.org/entities/80aebced466874e5980e2a93446628e1,http://purl.org/ccf/1.5/56d664e0-677a-42b9-8f69-ac6b928da7ac,heart,UBERON:0000948,sc_bulk,http://purl.obolibrary.org/obo/CL_0002131,regular ventricular cardiac myocyte,70695.4644,0.09495192322874965
https://entity.api.hubmapconsortium.org/entities/80aebced466874e5980e2a93446628e1,http://purl.org/ccf/1.5/56d664e0-677a-42b9-8f69-ac6b928da7ac,heart,UBERON:0000948,sc_bulk,http://purl.obolibrary.org/obo/CL_0000669,pericyte,37573.08885000001,0.05046486472974057
https://entity.api.hubmapconsortium.org/entities/80aebced466874e5980e2a93446628e1,http://purl.org/ccf/1.5/56d664e0-677a-42b9-8f69-ac6b928da7ac,heart,UBERON:0000948,sc_bulk,http://purl.obolibrary.org/obo/CL_0002144,capillary endothelial cell,30186.14643,0.04054337407242713
https://entity.api.hubmapconsortium.org/entities/80aebced466874e5980e2a93446628e1,http://purl.org/ccf/1.5/56d664e0-677a-42b9-8f69-ac6b928da7ac,heart,UBERON:0000948,sc_bulk,https://purl.org/ccf/ASCTB-TEMP_b,B,29614.96197,0.03977620939707386
https://entity.api.hubmapconsortium.org/entities/80aebced466874e5980e2a93446628e1,http://purl.org/ccf/1.5/56d664e0-677a-42b9-8f69-ac6b928da7ac,heart,UBERON:0000948,sc_bulk,http://purl.obolibrary.org/obo/CL_0000057,fibroblast,21904.23609,0.02941984130458711
https://entity.api.hubmapconsortium.org/entities/80aebced466874e5980e2a93446628e1,http://purl.org/ccf/1.5/56d664e0-677a-42b9-8f69-ac6b928da7ac,heart,UBERON:0000948,sc_bulk,http://purl.obolibrary.org/obo/CL_0000003,native cell,15822.69777,0.02125165449692906
https://entity.api.hubmapconsortium.org/entities/80aebced466874e5980e2a93446628e1,http://purl.org/ccf/1.5/56d664e0-677a-42b9-8f69-ac6b928da7ac,heart,UBERON:0000948,sc_bulk,http://purl.obolibrary.org/obo/CL_1000413,endothelial cell of artery,10704.13641,0.01437685355430502
https://entity.api.hubmapconsortium.org/entities/80aebced466874e5980e2a93446628e1,http://purl.org/ccf/1.5/56d664e0-677a-42b9-8f69-ac6b928da7ac,heart,UBERON:0000948,sc_bulk,https://purl.org/ccf/ASCTB-TEMP_pericyte,Pericyte,9135.707129999999,0.01227027744156244
https://entity.api.hubmapconsortium.org/entities/80aebced466874e5980e2a93446628e1,http://purl.org/ccf/1.5/56d664e0-677a-42b9-8f69-ac6b928da7ac,heart,UBERON:0000948,sc_bulk,https://purl.org/ccf/ASCTB-TEMP_monocyte-cdc,Monocyte/cDC,8433.26451,0.01132681836263967
https://entity.api.hubmapconsortium.org/entities/80aebced466874e5980e2a93446628e1,http://purl.org/ccf/1.5/56d664e0-677a-42b9-8f69-ac6b928da7ac,heart,UBERON:0000948,sc_bulk,https://purl.org/ccf/ASCTB-TEMP_capillary-endothelial,Capillary Endothelial,8355.46338,0.01122232273501253
https://entity.api.hubmapconsortium.org/entities/80aebced466874e5980e2a93446628e1,http://purl.org/ccf/1.5/56d664e0-677a-42b9-8f69-ac6b928da7ac,heart,UBERON:0000948,sc_bulk,https://purl.org/ccf/ASCTB-TEMP_macrophage,Macrophage,7453.367459999999,0.01001070692248795
https://entity.api.hubmapconsortium.org/entities/80aebced466874e5980e2a93446628e1,http://purl.org/ccf/1.5/56d664e0-677a-42b9-8f69-ac6b928da7ac,heart,UBERON:0000948,sc_bulk,http://purl.obolibrary.org/obo/CL_0000192,smooth muscle cell,6938.546670000002,0.009319244966002895
https://entity.api.hubmapconsortium.org/entities/80aebced466874e5980e2a93446628e1,http://purl.org/ccf/1.5/56d664e0-677a-42b9-8f69-ac6b928da7ac,heart,UBERON:0000948,sc_bulk,http://purl.obolibrary.org/obo/CL_0000235,macrophage,5881.067279999998,0.007898931757688141
https://entity.api.hubmapconsortium.org/entities/80aebced466874e5980e2a93446628e1,http://purl.org/ccf/1.5/56d664e0-677a-42b9-8f69-ac6b928da7ac,heart,UBERON:0000948,sc_bulk,http://purl.obolibrary.org/obo/CL_0000115,endothelial cell,3841.6554,0.005159773285428925
https://entity.api.hubmapconsortium.org/entities/80aebced466874e5980e2a93446628e1,http://purl.org/ccf/1.5/56d664e0-677a-42b9-8f69-ac6b928da7ac,heart,UBERON:0000948,sc_bulk,http://purl.obolibrary.org/obo/CL_0002543,vein endothelial cell,3104.35587,0.004169497474055187
https://entity.api.hubmapconsortium.org/entities/80aebced466874e5980e2a93446628e1,http://purl.org/ccf/1.5/56d664e0-677a-42b9-8f69-ac6b928da7ac,heart,UBERON:0000948,sc_bulk,https://purl.org/ccf/ASCTB-TEMP_mesothelial,Mesothelial,3076.3656,0.004131903407862279
https://entity.api.hubmapconsortium.org/entities/80aebced466874e5980e2a93446628e1,http://purl.org/ccf/1.5/56d664e0-677a-42b9-8f69-ac6b928da7ac,heart,UBERON:0000948,sc_bulk,https://purl.org/ccf/ASCTB-TEMP_arterial-endothelial,Arterial Endothelial,2938.27941,0.00394643819558721
https://entity.api.hubmapconsortium.org/entities/80aebced466874e5980e2a93446628e1,http://purl.org/ccf/1.5/56d664e0-677a-42b9-8f69-ac6b928da7ac,heart,UBERON:0000948,sc_bulk,https://purl.org/ccf/ASCTB-TEMP_venous-endothelial,Venous Endothelial,2745.64422,0.00368770756941092
https://entity.api.hubmapconsortium.org/entities/80aebced466874e5980e2a93446628e1,http://purl.org/ccf/1.5/56d664e0-677a-42b9-8f69-ac6b928da7ac,heart,UBERON:0000948,sc_bulk,https://purl.org/ccf/ASCTB-TEMP_smooth-muscle,Smooth Muscle,2667.95595,0.003583363525398751
https://entity.api.hubmapconsortium.org/entities/80aebced466874e5980e2a93446628e1,http://purl.org/ccf/1.5/56d664e0-677a-42b9-8f69-ac6b928da7ac,heart,UBERON:0000948,sc_bulk,https://purl.org/ccf/ASCTB-TEMP_endocardial,Endocardial,1992.84129,0.002676608956191572
https://entity.api.hubmapconsortium.org/entities/80aebced466874e5980e2a93446628e1,http://purl.org/ccf/1.5/56d664e0-677a-42b9-8f69-ac6b928da7ac,heart,UBERON:0000948,sc_bulk,https://purl.org/ccf/ASCTB-TEMP_nk,NK,1988.23878,0.002670427269998708
https://entity.api.hubmapconsortium.org/entities/80aebced466874e5980e2a93446628e1,http://purl.org/ccf/1.5/56d664e0-677a-42b9-8f69-ac6b928da7ac,heart,UBERON:0000948,sc_bulk,http://purl.obolibrary.org/obo/CL_0000623,natural killer cell,1496.55033,0.00201003463585876
https://entity.api.hubmapconsortium.org/entities/80aebced466874e5980e2a93446628e1,http://purl.org/ccf/1.5/56d664e0-677a-42b9-8f69-ac6b928da7ac,heart,UBERON:0000948,sc_bulk,http://purl.obolibrary.org/obo/CL_0000934,"CD4-positive, alpha-beta cytotoxic T cell",1394.30808,0.00187271184782521
https://entity.api.hubmapconsortium.org/entities/80aebced466874e5980e2a93446628e1,http://purl.org/ccf/1.5/56d664e0-677a-42b9-8f69-ac6b928da7ac,heart,UBERON:0000948,sc_bulk,http://purl.obolibrary.org/obo/CL_0002319,neural cell,1233.8667,0.001657221112658971
https://entity.api.hubmapconsortium.org/entities/80aebced466874e5980e2a93446628e1,http://purl.org/ccf/1.5/56d664e0-677a-42b9-8f69-ac6b928da7ac,heart,UBERON:0000948,sc_bulk,http://purl.obolibrary.org/obo/CL_0002397,"CD14-positive, CD16-positive monocyte",1123.57872,0.001509092008495199
https://entity.api.hubmapconsortium.org/entities/80aebced466874e5980e2a93446628e1,http://purl.org/ccf/1.5/56d664e0-677a-42b9-8f69-ac6b928da7ac,heart,UBERON:0000948,sc_bulk,https://purl.org/ccf/ASCTB-TEMP_t,T,1123.0659,0.001508403233823677
https://entity.api.hubmapconsortium.org/entities/80aebced466874e5980e2a93446628e1,http://purl.org/ccf/1.5/56d664e0-677a-42b9-8f69-ac6b928da7ac,heart,UBERON:0000948,sc_bulk,http://purl.obolibrary.org/obo/CL_1000309,epicardial adipocyte,963.62145,0.001294251487256323
https://entity.api.hubmapconsortium.org/entities/80aebced466874e5980e2a93446628e1,http://purl.org/ccf/1.5/56d664e0-677a-42b9-8f69-ac6b928da7ac,heart,UBERON:0000948,sc_bulk,http://purl.obolibrary.org/obo/CL_0000794,"CD8-positive, alpha-beta cytotoxic T cell",910.84158,0.001223362213003767
https://entity.api.hubmapconsortium.org/entities/80aebced466874e5980e2a93446628e1,http://purl.org/ccf/1.5/56d664e0-677a-42b9-8f69-ac6b928da7ac,heart,UBERON:0000948,sc_bulk,http://purl.obolibrary.org/obo/CL_0000906,"activated CD8-positive, alpha-beta T cell",906.94197,0.001218124600202371
https://entity.api.hubmapconsortium.org/entities/80aebced466874e5980e2a93446628e1,http://purl.org/ccf/1.5/56d664e0-677a-42b9-8f69-ac6b928da7ac,heart,UBERON:0000948,sc_bulk,https://purl.org/ccf/ASCTB-TEMP_adipocyte,Adipocyte,801.25452,0.001076174522869796
https://entity.api.hubmapconsortium.org/entities/80aebced466874e5980e2a93446628e1,http://purl.org/ccf/1.5/56d664e0-677a-42b9-8f69-ac6b928da7ac,heart,UBERON:0000948,sc_bulk,http://purl.obolibrary.org/obo/CL_0000097,mast cell,798.5171700000002,0.001072497955366405
https://entity.api.hubmapconsortium.org/entities/80aebced466874e5980e2a93446628e1,http://purl.org/ccf/1.5/56d664e0-677a-42b9-8f69-ac6b928da7ac,heart,UBERON:0000948,sc_bulk,https://purl.org/ccf/ASCTB-TEMP_neuronal,Neuronal,644.97609,8.662750956065455E-4
https://entity.api.hubmapconsortium.org/entities/80aebced466874e5980e2a93446628e1,http://purl.org/ccf/1.5/56d664e0-677a-42b9-8f69-ac6b928da7ac,heart,UBERON:0000948,sc_bulk,https://purl.org/ccf/ASCTB-TEMP_lymphatic-endothelial,Lymphatic Endothelial,635.5305000000001,8.535886107783867E-4
https://entity.api.hubmapconsortium.org/entities/80aebced466874e5980e2a93446628e1,http://purl.org/ccf/1.5/56d664e0-677a-42b9-8f69-ac6b928da7ac,heart,UBERON:0000948,sc_bulk,http://purl.obolibrary.org/obo/CL_0000814,mature NK T cell,627.6946499999999,8.430641869847718E-4
https://entity.api.hubmapconsortium.org/entities/80aebced466874e5980e2a93446628e1,http://purl.org/ccf/1.5/56d664e0-677a-42b9-8f69-ac6b928da7ac,heart,UBERON:0000948,sc_bulk,http://purl.obolibrary.org/obo/CL_0001054,CD14-positive monocyte,608.6361600000001,8.174665012676684E-4
https://entity.api.hubmapconsortium.org/entities/80aebced466874e5980e2a93446628e1,http://purl.org/ccf/1.5/56d664e0-677a-42b9-8f69-ac6b928da7ac,heart,UBERON:0000948,sc_bulk,https://purl.org/ccf/ASCTB-TEMP_mast,Mast,606.0433499999999,8.139840671659022E-4
https://entity.api.hubmapconsortium.org/entities/80aebced466874e5980e2a93446628e1,http://purl.org/ccf/1.5/56d664e0-677a-42b9-8f69-ac6b928da7ac,heart,UBERON:0000948,sc_bulk,http://purl.obolibrary.org/obo/CL_0000576,monocyte,588.00258,7.897532933451771E-4
https://entity.api.hubmapconsortium.org/entities/80aebced466874e5980e2a93446628e1,http://purl.org/ccf/1.5/56d664e0-677a-42b9-8f69-ac6b928da7ac,heart,UBERON:0000948,sc_bulk,http://purl.obolibrary.org/obo/CL_0000896,"activated CD4-positive, alpha-beta T cell",460.2609000000001,6.181819160946799E-4
https://entity.api.hubmapconsortium.org/entities/80aebced466874e5980e2a93446628e1,http://purl.org/ccf/1.5/56d664e0-677a-42b9-8f69-ac6b928da7ac,heart,UBERON:0000948,sc_bulk,http://purl.obolibrary.org/obo/CL_0002138,endothelial cell of lymphatic vessel,369.53235,4.963233161495357E-4
https://entity.api.hubmapconsortium.org/entities/80aebced466874e5980e2a93446628e1,http://purl.org/ccf/1.5/56d664e0-677a-42b9-8f69-ac6b928da7ac,heart,UBERON:0000948,sc_bulk,http://purl.obolibrary.org/obo/CL_0000236,B cell,318.35034,4.275801467615276E-4
https://entity.api.hubmapconsortium.org/entities/80aebced466874e5980e2a93446628e1,http://purl.org/ccf/1.5/56d664e0-677a-42b9-8f69-ac6b928da7ac,heart,UBERON:0000948,sc_bulk,http://purl.obolibrary.org/obo/CL_0000451,dendritic cell,304.39035,4.088303173346469E-4
https://entity.api.hubmapconsortium.org/entities/80aebced466874e5980e2a93446628e1,http://purl.org/ccf/1.5/56d664e0-677a-42b9-8f69-ac6b928da7ac,heart,UBERON:0000948,sc_bulk,https://purl.org/ccf/ASCTB-TEMP_atrial-cardiomyocyte,Atrial Cardiomyocyte,205.722,2.763076771084177E-4
https://entity.api.hubmapconsortium.org/entities/80aebced466874e5980e2a93446628e1,http://purl.org/ccf/1.5/56d664e0-677a-42b9-8f69-ac6b928da7ac,heart,UBERON:0000948,sc_bulk,https://purl.org/ccf/ASCTB-TEMP_endothelial,Endothelial,39.7782,5.342657587207037E-5
https://entity.api.hubmapconsortium.org/entities/80aebced466874e5980e2a93446628e1,http://purl.org/ccf/1.5/56d664e0-677a-42b9-8f69-ac6b928da7ac,heart,UBERON:0000948,sc_bulk,http://purl.obolibrary.org/obo/CL_0000077,mesothelial cell,33.7788,4.536871002376906E-5
https://entity.api.hubmapconsortium.org/entities/8124e9475115786c1fae3683a6714c32,http://purl.org/ccf/1.5/54299692-7ff8-468b-9c0a-c04a32f6fbe1,large intestine,UBERON:0000059,spatial,https://purl.org/ccf/ASCTB-TEMP_smooth-muscle,Smooth muscle,554.85196,0.2364065717217485
https://entity.api.hubmapconsortium.org/entities/8124e9475115786c1fae3683a6714c32,http://purl.org/ccf/1.5/54299692-7ff8-468b-9c0a-c04a32f6fbe1,large intestine,UBERON:0000059,spatial,https://purl.org/ccf/ASCTB-TEMP_enterocyte,Enterocyte,276.183752,0.1176740079922753
https://entity.api.hubmapconsortium.org/entities/8124e9475115786c1fae3683a6714c32,http://purl.org/ccf/1.5/54299692-7ff8-468b-9c0a-c04a32f6fbe1,large intestine,UBERON:0000059,spatial,https://purl.org/ccf/ASCTB-TEMP_stroma,Stroma,264.487704,0.1126906560178621
https://entity.api.hubmapconsortium.org/entities/8124e9475115786c1fae3683a6714c32,http://purl.org/ccf/1.5/54299692-7ff8-468b-9c0a-c04a32f6fbe1,large intestine,UBERON:0000059,spatial,https://purl.org/ccf/ASCTB-TEMP_goblet,Goblet,188.103448,0.08014550632698528
https://entity.api.hubmapconsortium.org/entities/8124e9475115786c1fae3683a6714c32,http://purl.org/ccf/1.5/54299692-7ff8-468b-9c0a-c04a32f6fbe1,large intestine,UBERON:0000059,spatial,https://purl.org/ccf/ASCTB-TEMP_endothelial,Endothelial,148.243056,0.06316213184236599
https://entity.api.hubmapconsortium.org/entities/8124e9475115786c1fae3683a6714c32,http://purl.org/ccf/1.5/54299692-7ff8-468b-9c0a-c04a32f6fbe1,large intestine,UBERON:0000059,spatial,https://purl.org/ccf/ASCTB-TEMP_m2-macrophage,M2 Macrophage,128.22784,0.05463422000651288
https://entity.api.hubmapconsortium.org/entities/8124e9475115786c1fae3683a6714c32,http://purl.org/ccf/1.5/54299692-7ff8-468b-9c0a-c04a32f6fbe1,large intestine,UBERON:0000059,spatial,https://purl.org/ccf/ASCTB-TEMP_plasma,Plasma,110.224088,0.0469633355268968
https://entity.api.hubmapconsortium.org/entities/8124e9475115786c1fae3683a6714c32,http://purl.org/ccf/1.5/54299692-7ff8-468b-9c0a-c04a32f6fbe1,large intestine,UBERON:0000059,spatial,https://purl.org/ccf/ASCTB-TEMP_cd4-t-cell,CD4+ T cell,93.67072,0.03991041824184566
https://entity.api.hubmapconsortium.org/entities/8124e9475115786c1fae3683a6714c32,http://purl.org/ccf/1.5/54299692-7ff8-468b-9c0a-c04a32f6fbe1,large intestine,UBERON:0000059,spatial,https://purl.org/ccf/ASCTB-TEMP_cd66-enterocyte,CD66+ Enterocyte,76.08525599999999,0.03241775433132036
https://entity.api.hubmapconsortium.org/entities/8124e9475115786c1fae3683a6714c32,http://purl.org/ccf/1.5/54299692-7ff8-468b-9c0a-c04a32f6fbe1,large intestine,UBERON:0000059,spatial,https://purl.org/ccf/ASCTB-TEMP_nerve,Nerve,73.261344,0.0312145660885251
https://entity.api.hubmapconsortium.org/entities/8124e9475115786c1fae3683a6714c32,http://purl.org/ccf/1.5/54299692-7ff8-468b-9c0a-c04a32f6fbe1,large intestine,UBERON:0000059,spatial,https://purl.org/ccf/ASCTB-TEMP_cd8-t,CD8+ T,69.393376,0.02956653540587342
https://entity.api.hubmapconsortium.org/entities/8124e9475115786c1fae3683a6714c32,http://purl.org/ccf/1.5/54299692-7ff8-468b-9c0a-c04a32f6fbe1,large intestine,UBERON:0000059,spatial,https://purl.org/ccf/ASCTB-TEMP_lymphatic,Lymphatic,66.263912,0.02823316018346882
https://entity.api.hubmapconsortium.org/entities/8124e9475115786c1fae3683a6714c32,http://purl.org/ccf/1.5/54299692-7ff8-468b-9c0a-c04a32f6fbe1,large intestine,UBERON:0000059,spatial,https://purl.org/ccf/ASCTB-TEMP_cycling-ta,Cycling TA,61.860136,0.02635683701649196
https://entity.api.hubmapconsortium.org/entities/8124e9475115786c1fae3683a6714c32,http://purl.org/ccf/1.5/54299692-7ff8-468b-9c0a-c04a32f6fbe1,large intestine,UBERON:0000059,spatial,https://purl.org/ccf/ASCTB-TEMP_ta,TA,54.741232,0.02332367536188369
https://entity.api.hubmapconsortium.org/entities/8124e9475115786c1fae3683a6714c32,http://purl.org/ccf/1.5/54299692-7ff8-468b-9c0a-c04a32f6fbe1,large intestine,UBERON:0000059,spatial,https://purl.org/ccf/ASCTB-TEMP_dc,DC,43.244136,0.01842509115193365
https://entity.api.hubmapconsortium.org/entities/8124e9475115786c1fae3683a6714c32,http://purl.org/ccf/1.5/54299692-7ff8-468b-9c0a-c04a32f6fbe1,large intestine,UBERON:0000059,spatial,https://purl.org/ccf/ASCTB-TEMP_b,B,41.902848,0.01785360664682076
https://entity.api.hubmapconsortium.org/entities/8124e9475115786c1fae3683a6714c32,http://purl.org/ccf/1.5/54299692-7ff8-468b-9c0a-c04a32f6fbe1,large intestine,UBERON:0000059,spatial,https://purl.org/ccf/ASCTB-TEMP_icc,ICC,29.205904,0.01244380147575671
https://entity.api.hubmapconsortium.org/entities/8124e9475115786c1fae3683a6714c32,http://purl.org/ccf/1.5/54299692-7ff8-468b-9c0a-c04a32f6fbe1,large intestine,UBERON:0000059,spatial,https://purl.org/ccf/ASCTB-TEMP_muc1-enterocyte,MUC1+ Enterocyte,17.997304,0.007668137170992621
https://entity.api.hubmapconsortium.org/entities/8124e9475115786c1fae3683a6714c32,http://purl.org/ccf/1.5/54299692-7ff8-468b-9c0a-c04a32f6fbe1,large intestine,UBERON:0000059,spatial,https://purl.org/ccf/ASCTB-TEMP_m1-macrophage,M1 Macrophage,14.588184,0.006215608514902
https://entity.api.hubmapconsortium.org/entities/8124e9475115786c1fae3683a6714c32,http://purl.org/ccf/1.5/54299692-7ff8-468b-9c0a-c04a32f6fbe1,large intestine,UBERON:0000059,spatial,https://purl.org/ccf/ASCTB-TEMP_neutrophil,Neutrophil,13.064168,0.005566268828314082
https://entity.api.hubmapconsortium.org/entities/8124e9475115786c1fae3683a6714c32,http://purl.org/ccf/1.5/54299692-7ff8-468b-9c0a-c04a32f6fbe1,large intestine,UBERON:0000059,spatial,https://purl.org/ccf/ASCTB-TEMP_neuroendocrine,Neuroendocrine,11.808576,0.0050312969410358
https://entity.api.hubmapconsortium.org/entities/8124e9475115786c1fae3683a6714c32,http://purl.org/ccf/1.5/54299692-7ff8-468b-9c0a-c04a32f6fbe1,large intestine,UBERON:0000059,spatial,https://purl.org/ccf/ASCTB-TEMP_cd7-immune,CD7+ Immune,4.490824,0.001913411833393811
https://entity.api.hubmapconsortium.org/entities/8124e9475115786c1fae3683a6714c32,http://purl.org/ccf/1.5/54299692-7ff8-468b-9c0a-c04a32f6fbe1,large intestine,UBERON:0000059,spatial,https://purl.org/ccf/ASCTB-TEMP_nk,NK,4.338984,0.001848717146453838
https://entity.api.hubmapconsortium.org/entities/8124e9475115786c1fae3683a6714c32,http://purl.org/ccf/1.5/54299692-7ff8-468b-9c0a-c04a32f6fbe1,large intestine,UBERON:0000059,spatial,https://purl.org/ccf/ASCTB-TEMP_cd57-enterocyte,CD57+ Enterocyte,0.713752,3.04109340047283E-4
https://entity.api.hubmapconsortium.org/entities/8124e9475115786c1fae3683a6714c32,http://purl.org/ccf/1.5/54299692-7ff8-468b-9c0a-c04a32f6fbe1,large intestine,UBERON:0000059,spatial,https://purl.org/ccf/ASCTB-TEMP_paneth,Paneth,0.07176,3.057488629354877E-5
https://entity.api.hubmapconsortium.org/entities/87416bd6f07aae701f3c741e7ec14dc1,http://purl.org/ccf/1.5/0838235d-f0e1-406b-8133-429be147408d,left kidney,UBERON:0004538,sc_bulk,https://purl.org/ccf/ASCTB-TEMP_descending-thin-limb-type-1,Descending Thin Limb Type 1,49.20504699999999,0.2071914834069466
https://entity.api.hubmapconsortium.org/entities/87416bd6f07aae701f3c741e7ec14dc1,http://purl.org/ccf/1.5/0838235d-f0e1-406b-8133-429be147408d,left kidney,UBERON:0004538,sc_bulk,https://purl.org/ccf/ASCTB-TEMP_connecting-tubule,Connecting Tubule,38.442064,0.1618709614358214
https://entity.api.hubmapconsortium.org/entities/87416bd6f07aae701f3c741e7ec14dc1,http://purl.org/ccf/1.5/0838235d-f0e1-406b-8133-429be147408d,left kidney,UBERON:0004538,sc_bulk,https://purl.org/ccf/ASCTB-TEMP_inner-medullary-collecting-duct,Inner Medullary Collecting Duct,36.404163,0.1532898146435726
https://entity.api.hubmapconsortium.org/entities/87416bd6f07aae701f3c741e7ec14dc1,http://purl.org/ccf/1.5/0838235d-f0e1-406b-8133-429be147408d,left kidney,UBERON:0004538,sc_bulk,https://purl.org/ccf/ASCTB-TEMP_medullary-fibroblast,Medullary Fibroblast,25.632162,0.1079313198848721
https://entity.api.hubmapconsortium.org/entities/87416bd6f07aae701f3c741e7ec14dc1,http://purl.org/ccf/1.5/0838235d-f0e1-406b-8133-429be147408d,left kidney,UBERON:0004538,sc_bulk,https://purl.org/ccf/ASCTB-TEMP_ascending-thin-limb,Ascending Thin Limb,12.723062,0.05357397767059449
https://entity.api.hubmapconsortium.org/entities/87416bd6f07aae701f3c741e7ec14dc1,http://purl.org/ccf/1.5/0838235d-f0e1-406b-8133-429be147408d,left kidney,UBERON:0004538,sc_bulk,https://purl.org/ccf/ASCTB-TEMP_cortical-collecting-duct-principal,Cortical Collecting Duct Principal,12.168288,0.05123794803494339
https://entity.api.hubmapconsortium.org/entities/87416bd6f07aae701f3c741e7ec14dc1,http://purl.org/ccf/1.5/0838235d-f0e1-406b-8133-429be147408d,left kidney,UBERON:0004538,sc_bulk,https://purl.org/ccf/ASCTB-TEMP_descending-thin-limb-type-3,Descending Thin Limb Type 3,8.106514,0.03413472323111855
https://entity.api.hubmapconsortium.org/entities/87416bd6f07aae701f3c741e7ec14dc1,http://purl.org/ccf/1.5/0838235d-f0e1-406b-8133-429be147408d,left kidney,UBERON:0004538,sc_bulk,https://purl.org/ccf/ASCTB-TEMP_ascending-vasa-recta-endothelial,Ascending Vasa Recta Endothelial,7.272349,0.03062224038040294
https://entity.api.hubmapconsortium.org/entities/87416bd6f07aae701f3c741e7ec14dc1,http://purl.org/ccf/1.5/0838235d-f0e1-406b-8133-429be147408d,left kidney,UBERON:0004538,sc_bulk,https://purl.org/ccf/ASCTB-TEMP_proximal-tubule-epithelial-segment-1,Proximal Tubule Epithelial Segment 1,5.95522,0.02507610379509883
https://entity.api.hubmapconsortium.org/entities/87416bd6f07aae701f3c741e7ec14dc1,http://purl.org/ccf/1.5/0838235d-f0e1-406b-8133-429be147408d,left kidney,UBERON:0004538,sc_bulk,https://purl.org/ccf/ASCTB-TEMP_distal-convoluted-tubule-type-1,Distal Convoluted Tubule Type 1,5.848840999999999,0.02462816554166423
https://entity.api.hubmapconsortium.org/entities/87416bd6f07aae701f3c741e7ec14dc1,http://purl.org/ccf/1.5/0838235d-f0e1-406b-8133-429be147408d,left kidney,UBERON:0004538,sc_bulk,https://purl.org/ccf/ASCTB-TEMP_descending-vasa-recta-endothelial,Descending Vasa Recta Endothelial,4.717082,0.01986258070096359
https://entity.api.hubmapconsortium.org/entities/87416bd6f07aae701f3c741e7ec14dc1,http://purl.org/ccf/1.5/0838235d-f0e1-406b-8133-429be147408d,left kidney,UBERON:0004538,sc_bulk,https://purl.org/ccf/ASCTB-TEMP_proximal-tubule-epithelial-segment-3,Proximal Tubule Epithelial Segment 3,3.083154,0.01298247415213446
https://entity.api.hubmapconsortium.org/entities/87416bd6f07aae701f3c741e7ec14dc1,http://purl.org/ccf/1.5/0838235d-f0e1-406b-8133-429be147408d,left kidney,UBERON:0004538,sc_bulk,https://purl.org/ccf/ASCTB-TEMP_t,T,2.452896,0.01032859822048266
https://entity.api.hubmapconsortium.org/entities/87416bd6f07aae701f3c741e7ec14dc1,http://purl.org/ccf/1.5/0838235d-f0e1-406b-8133-429be147408d,left kidney,UBERON:0004538,sc_bulk,https://purl.org/ccf/ASCTB-TEMP_cortical-collecting-duct-intercalated-type-a,Cortical Collecting Duct Intercalated Type A,2.360545,0.00993972874772075
https://entity.api.hubmapconsortium.org/entities/87416bd6f07aae701f3c741e7ec14dc1,http://purl.org/ccf/1.5/0838235d-f0e1-406b-8133-429be147408d,left kidney,UBERON:0004538,sc_bulk,https://purl.org/ccf/ASCTB-TEMP_medullary-thick-ascending-limb,Medullary Thick Ascending Limb,2.147453,0.009042445841311718
https://entity.api.hubmapconsortium.org/entities/87416bd6f07aae701f3c741e7ec14dc1,http://purl.org/ccf/1.5/0838235d-f0e1-406b-8133-429be147408d,left kidney,UBERON:0004538,sc_bulk,https://purl.org/ccf/ASCTB-TEMP_papillary-tip-epithelial,Papillary Tip Epithelial,1.829151,0.007702147079857475
https://entity.api.hubmapconsortium.org/entities/87416bd6f07aae701f3c741e7ec14dc1,http://purl.org/ccf/1.5/0838235d-f0e1-406b-8133-429be147408d,left kidney,UBERON:0004538,sc_bulk,https://purl.org/ccf/ASCTB-TEMP_tissue-resident-macrophage,Tissue-resident Macrophage,1.751663,0.007375862386617826
https://entity.api.hubmapconsortium.org/entities/87416bd6f07aae701f3c741e7ec14dc1,http://purl.org/ccf/1.5/0838235d-f0e1-406b-8133-429be147408d,left kidney,UBERON:0004538,sc_bulk,https://purl.org/ccf/ASCTB-TEMP_vascular-smooth-muscle-pericyte,Vascular Smooth Muscle / Pericyte,1.724776,0.007262647223661827
https://entity.api.hubmapconsortium.org/entities/87416bd6f07aae701f3c741e7ec14dc1,http://purl.org/ccf/1.5/0838235d-f0e1-406b-8133-429be147408d,left kidney,UBERON:0004538,sc_bulk,https://purl.org/ccf/ASCTB-TEMP_descending-thin-limb-type-2,Descending Thin Limb Type 2,1.679185,0.00707067368647557
https://entity.api.hubmapconsortium.org/entities/87416bd6f07aae701f3c741e7ec14dc1,http://purl.org/ccf/1.5/0838235d-f0e1-406b-8133-429be147408d,left kidney,UBERON:0004538,sc_bulk,https://purl.org/ccf/ASCTB-TEMP_cortical-thick-ascending-limb,Cortical Thick Ascending Limb,1.627248,0.006851978558032615
https://entity.api.hubmapconsortium.org/entities/87416bd6f07aae701f3c741e7ec14dc1,http://purl.org/ccf/1.5/0838235d-f0e1-406b-8133-429be147408d,left kidney,UBERON:0004538,sc_bulk,https://purl.org/ccf/ASCTB-TEMP_peritubular-capilary-endothelial,Peritubular Capilary Endothelial,1.588671,0.006689539411182705
https://entity.api.hubmapconsortium.org/entities/87416bd6f07aae701f3c741e7ec14dc1,http://purl.org/ccf/1.5/0838235d-f0e1-406b-8133-429be147408d,left kidney,UBERON:0004538,sc_bulk,https://purl.org/ccf/ASCTB-TEMP_connecting-tubule-principal,Connecting Tubule Principal,1.369567,0.0057669413130568
https://entity.api.hubmapconsortium.org/entities/87416bd6f07aae701f3c741e7ec14dc1,http://purl.org/ccf/1.5/0838235d-f0e1-406b-8133-429be147408d,left kidney,UBERON:0004538,sc_bulk,https://purl.org/ccf/ASCTB-TEMP_intercalated-type-b,Intercalated Type B,1.365559,0.005750064518578888
https://entity.api.hubmapconsortium.org/entities/87416bd6f07aae701f3c741e7ec14dc1,http://purl.org/ccf/1.5/0838235d-f0e1-406b-8133-429be147408d,left kidney,UBERON:0004538,sc_bulk,https://purl.org/ccf/ASCTB-TEMP_monocyte-derived,Monocyte-derived,1.218265,0.005129842321515591
https://entity.api.hubmapconsortium.org/entities/87416bd6f07aae701f3c741e7ec14dc1,http://purl.org/ccf/1.5/0838235d-f0e1-406b-8133-429be147408d,left kidney,UBERON:0004538,sc_bulk,https://purl.org/ccf/ASCTB-TEMP_macula-densa,Macula Densa,0.7957550000000001,0.003350746903635613
https://entity.api.hubmapconsortium.org/entities/87416bd6f07aae701f3c741e7ec14dc1,http://purl.org/ccf/1.5/0838235d-f0e1-406b-8133-429be147408d,left kidney,UBERON:0004538,sc_bulk,https://purl.org/ccf/ASCTB-TEMP_fibroblast,Fibroblast,0.7930830000000001,0.003339495707317004
https://entity.api.hubmapconsortium.org/entities/87416bd6f07aae701f3c741e7ec14dc1,http://purl.org/ccf/1.5/0838235d-f0e1-406b-8133-429be147408d,left kidney,UBERON:0004538,sc_bulk,https://purl.org/ccf/ASCTB-TEMP_podocyte,Podocyte,0.694219,0.002923201443528487
https://entity.api.hubmapconsortium.org/entities/87416bd6f07aae701f3c741e7ec14dc1,http://purl.org/ccf/1.5/0838235d-f0e1-406b-8133-429be147408d,left kidney,UBERON:0004538,sc_bulk,https://purl.org/ccf/ASCTB-TEMP_outer-medullary-collecting-duct-intercalated-type-a,Outer Medullary Collecting Duct Intercalated Type A,0.5808260000000001,0.002445728799757537
https://entity.api.hubmapconsortium.org/entities/87416bd6f07aae701f3c741e7ec14dc1,http://purl.org/ccf/1.5/0838235d-f0e1-406b-8133-429be147408d,left kidney,UBERON:0004538,sc_bulk,https://purl.org/ccf/ASCTB-TEMP_m2-macrophage,M2 Macrophage,0.571474,0.002406349612642406
https://entity.api.hubmapconsortium.org/entities/87416bd6f07aae701f3c741e7ec14dc1,http://purl.org/ccf/1.5/0838235d-f0e1-406b-8133-429be147408d,left kidney,UBERON:0004538,sc_bulk,https://purl.org/ccf/ASCTB-TEMP_glomerular-capillary-endothelial,Glomerular Capillary Endothelial,0.506177,0.00213139850260641
https://entity.api.hubmapconsortium.org/entities/87416bd6f07aae701f3c741e7ec14dc1,http://purl.org/ccf/1.5/0838235d-f0e1-406b-8133-429be147408d,left kidney,UBERON:0004538,sc_bulk,https://purl.org/ccf/ASCTB-TEMP_proximal-tubule-epithelial-segment-2,Proximal Tubule Epithelial Segment 2,0.46593,0.001961927358057368
https://entity.api.hubmapconsortium.org/entities/87416bd6f07aae701f3c741e7ec14dc1,http://purl.org/ccf/1.5/0838235d-f0e1-406b-8133-429be147408d,left kidney,UBERON:0004538,sc_bulk,https://purl.org/ccf/ASCTB-TEMP_afferent-efferent-arteriole-endothelial,Afferent / Efferent Arteriole Endothelial,0.343018,0.001444372327401374
https://entity.api.hubmapconsortium.org/entities/87416bd6f07aae701f3c741e7ec14dc1,http://purl.org/ccf/1.5/0838235d-f0e1-406b-8133-429be147408d,left kidney,UBERON:0004538,sc_bulk,https://purl.org/ccf/ASCTB-TEMP_parietal-epithelial,Parietal Epithelial,0.29559,0.001244663592746072
https://entity.api.hubmapconsortium.org/entities/87416bd6f07aae701f3c741e7ec14dc1,http://purl.org/ccf/1.5/0838235d-f0e1-406b-8133-429be147408d,left kidney,UBERON:0004538,sc_bulk,https://purl.org/ccf/ASCTB-TEMP_outer-medullary-collecting-duct-principal,Outer Medullary Collecting Duct Principal,0.289077,0.001217238801719464
https://entity.api.hubmapconsortium.org/entities/87416bd6f07aae701f3c741e7ec14dc1,http://purl.org/ccf/1.5/0838235d-f0e1-406b-8133-429be147408d,left kidney,UBERON:0004538,sc_bulk,https://purl.org/ccf/ASCTB-TEMP_b,B,0.253673,0.0010681604504979
https://entity.api.hubmapconsortium.org/entities/87416bd6f07aae701f3c741e7ec14dc1,http://purl.org/ccf/1.5/0838235d-f0e1-406b-8133-429be147408d,left kidney,UBERON:0004538,sc_bulk,https://purl.org/ccf/ASCTB-TEMP_cortical-vascular-smooth-muscle-pericyte,Cortical Vascular Smooth Muscle / Pericyte,0.14195,5.977198044260798E-4
https://entity.api.hubmapconsortium.org/entities/87416bd6f07aae701f3c741e7ec14dc1,http://purl.org/ccf/1.5/0838235d-f0e1-406b-8133-429be147408d,left kidney,UBERON:0004538,sc_bulk,https://purl.org/ccf/ASCTB-TEMP_natural-killer-natural-killer-t,Natural Killer / Natural Killer T,0.14028,5.906878067269496E-4
https://entity.api.hubmapconsortium.org/entities/87416bd6f07aae701f3c741e7ec14dc1,http://purl.org/ccf/1.5/0838235d-f0e1-406b-8133-429be147408d,left kidney,UBERON:0004538,sc_bulk,https://purl.org/ccf/ASCTB-TEMP_mast,Mast,0.134602,5.667790145499064E-4
https://entity.api.hubmapconsortium.org/entities/87416bd6f07aae701f3c741e7ec14dc1,http://purl.org/ccf/1.5/0838235d-f0e1-406b-8133-429be147408d,left kidney,UBERON:0004538,sc_bulk,https://purl.org/ccf/ASCTB-TEMP_lymphatic-endothelial,Lymphatic Endothelial,0.124248,5.231806288152983E-4
https://entity.api.hubmapconsortium.org/entities/87416bd6f07aae701f3c741e7ec14dc1,http://purl.org/ccf/1.5/0838235d-f0e1-406b-8133-429be147408d,left kidney,UBERON:0004538,sc_bulk,https://purl.org/ccf/ASCTB-TEMP_monocyte,Monocyte,0.121242,5.105230329568635E-4
https://entity.api.hubmapconsortium.org/entities/87416bd6f07aae701f3c741e7ec14dc1,http://purl.org/ccf/1.5/0838235d-f0e1-406b-8133-429be147408d,left kidney,UBERON:0004538,sc_bulk,https://purl.org/ccf/ASCTB-TEMP_plasma,Plasma,0.10354,4.359838573460819E-4
https://entity.api.hubmapconsortium.org/entities/87416bd6f07aae701f3c741e7ec14dc1,http://purl.org/ccf/1.5/0838235d-f0e1-406b-8133-429be147408d,left kidney,UBERON:0004538,sc_bulk,https://purl.org/ccf/ASCTB-TEMP_cycling-mononuclear-phagocyte,Cycling Mononuclear Phagocyte,0.101703,4.282486598770384E-4
https://entity.api.hubmapconsortium.org/entities/87416bd6f07aae701f3c741e7ec14dc1,http://purl.org/ccf/1.5/0838235d-f0e1-406b-8133-429be147408d,left kidney,UBERON:0004538,sc_bulk,https://purl.org/ccf/ASCTB-TEMP_mesangial,Mesangial,0.081663,3.438646874874742E-4
https://entity.api.hubmapconsortium.org/entities/87416bd6f07aae701f3c741e7ec14dc1,http://purl.org/ccf/1.5/0838235d-f0e1-406b-8133-429be147408d,left kidney,UBERON:0004538,sc_bulk,https://purl.org/ccf/ASCTB-TEMP_classical-dendritic,Classical Dendritic,0.06212400000000001,2.615903144076491E-4
https://entity.api.hubmapconsortium.org/entities/87416bd6f07aae701f3c741e7ec14dc1,http://purl.org/ccf/1.5/0838235d-f0e1-406b-8133-429be147408d,left kidney,UBERON:0004538,sc_bulk,https://purl.org/ccf/ASCTB-TEMP_distal-convoluted-tubule-type-2,Distal Convoluted Tubule Type 2,0.06212400000000001,2.615903144076491E-4
https://entity.api.hubmapconsortium.org/entities/87416bd6f07aae701f3c741e7ec14dc1,http://purl.org/ccf/1.5/0838235d-f0e1-406b-8133-429be147408d,left kidney,UBERON:0004538,sc_bulk,https://purl.org/ccf/ASCTB-TEMP_plasmacytoid-dendritic,Plasmacytoid Dendritic,0.06212400000000001,2.615903144076491E-4
https://entity.api.hubmapconsortium.org/entities/87416bd6f07aae701f3c741e7ec14dc1,http://purl.org/ccf/1.5/0838235d-f0e1-406b-8133-429be147408d,left kidney,UBERON:0004538,sc_bulk,https://purl.org/ccf/ASCTB-TEMP_neutrophil,Neutrophil,0.04308600000000001,1.814255406375631E-4
https://entity.api.hubmapconsortium.org/entities/87416bd6f07aae701f3c741e7ec14dc1,http://purl.org/ccf/1.5/0838235d-f0e1-406b-8133-429be147408d,left kidney,UBERON:0004538,sc_bulk,https://purl.org/ccf/ASCTB-TEMP_schwann-neural,Schwann / Neural,0.020708,8.719677146921636E-5
https://entity.api.hubmapconsortium.org/entities/87416bd6f07aae701f3c741e7ec14dc1,http://purl.org/ccf/1.5/0838235d-f0e1-406b-8133-429be147408d,left kidney,UBERON:0004538,sc_bulk,https://purl.org/ccf/ASCTB-TEMP_renin-positive-juxtaglomerular-granular,Renin-positive Juxtaglomerular Granular,0.014362,6.047518021252103E-5
https://entity.api.hubmapconsortium.org/entities/87416bd6f07aae701f3c741e7ec14dc1,http://purl.org/ccf/1.5/0838235d-f0e1-406b-8133-429be147408d,left kidney,UBERON:0004538,sc_bulk,https://purl.org/ccf/ASCTB-TEMP_connecting-tubule-intercalated-type-a,Connecting Tubule Intercalated Type A,0.010354,4.359838573460818E-5
https://entity.api.hubmapconsortium.org/entities/8cdf44a106338aada6da04c71eeb767e,http://purl.org/ccf/1.5/93286ce3-669a-4f3f-a85a-7eaaedc15c59,large intestine,UBERON:0000059,spatial,https://purl.org/ccf/ASCTB-TEMP_smooth-muscle,Smooth muscle,554.85196,0.2364065717217485
https://entity.api.hubmapconsortium.org/entities/8cdf44a106338aada6da04c71eeb767e,http://purl.org/ccf/1.5/93286ce3-669a-4f3f-a85a-7eaaedc15c59,large intestine,UBERON:0000059,spatial,https://purl.org/ccf/ASCTB-TEMP_enterocyte,Enterocyte,276.183752,0.1176740079922753
https://entity.api.hubmapconsortium.org/entities/8cdf44a106338aada6da04c71eeb767e,http://purl.org/ccf/1.5/93286ce3-669a-4f3f-a85a-7eaaedc15c59,large intestine,UBERON:0000059,spatial,https://purl.org/ccf/ASCTB-TEMP_stroma,Stroma,264.487704,0.1126906560178621
https://entity.api.hubmapconsortium.org/entities/8cdf44a106338aada6da04c71eeb767e,http://purl.org/ccf/1.5/93286ce3-669a-4f3f-a85a-7eaaedc15c59,large intestine,UBERON:0000059,spatial,https://purl.org/ccf/ASCTB-TEMP_goblet,Goblet,188.103448,0.08014550632698528
https://entity.api.hubmapconsortium.org/entities/8cdf44a106338aada6da04c71eeb767e,http://purl.org/ccf/1.5/93286ce3-669a-4f3f-a85a-7eaaedc15c59,large intestine,UBERON:0000059,spatial,https://purl.org/ccf/ASCTB-TEMP_endothelial,Endothelial,148.243056,0.06316213184236599
https://entity.api.hubmapconsortium.org/entities/8cdf44a106338aada6da04c71eeb767e,http://purl.org/ccf/1.5/93286ce3-669a-4f3f-a85a-7eaaedc15c59,large intestine,UBERON:0000059,spatial,https://purl.org/ccf/ASCTB-TEMP_m2-macrophage,M2 Macrophage,128.22784,0.05463422000651288
https://entity.api.hubmapconsortium.org/entities/8cdf44a106338aada6da04c71eeb767e,http://purl.org/ccf/1.5/93286ce3-669a-4f3f-a85a-7eaaedc15c59,large intestine,UBERON:0000059,spatial,https://purl.org/ccf/ASCTB-TEMP_plasma,Plasma,110.224088,0.0469633355268968
https://entity.api.hubmapconsortium.org/entities/8cdf44a106338aada6da04c71eeb767e,http://purl.org/ccf/1.5/93286ce3-669a-4f3f-a85a-7eaaedc15c59,large intestine,UBERON:0000059,spatial,https://purl.org/ccf/ASCTB-TEMP_cd4-t-cell,CD4+ T cell,93.67072,0.03991041824184566
https://entity.api.hubmapconsortium.org/entities/8cdf44a106338aada6da04c71eeb767e,http://purl.org/ccf/1.5/93286ce3-669a-4f3f-a85a-7eaaedc15c59,large intestine,UBERON:0000059,spatial,https://purl.org/ccf/ASCTB-TEMP_cd66-enterocyte,CD66+ Enterocyte,76.08525599999999,0.03241775433132036
https://entity.api.hubmapconsortium.org/entities/8cdf44a106338aada6da04c71eeb767e,http://purl.org/ccf/1.5/93286ce3-669a-4f3f-a85a-7eaaedc15c59,large intestine,UBERON:0000059,spatial,https://purl.org/ccf/ASCTB-TEMP_nerve,Nerve,73.261344,0.0312145660885251
https://entity.api.hubmapconsortium.org/entities/8cdf44a106338aada6da04c71eeb767e,http://purl.org/ccf/1.5/93286ce3-669a-4f3f-a85a-7eaaedc15c59,large intestine,UBERON:0000059,spatial,https://purl.org/ccf/ASCTB-TEMP_cd8-t,CD8+ T,69.393376,0.02956653540587342
https://entity.api.hubmapconsortium.org/entities/8cdf44a106338aada6da04c71eeb767e,http://purl.org/ccf/1.5/93286ce3-669a-4f3f-a85a-7eaaedc15c59,large intestine,UBERON:0000059,spatial,https://purl.org/ccf/ASCTB-TEMP_lymphatic,Lymphatic,66.263912,0.02823316018346882
https://entity.api.hubmapconsortium.org/entities/8cdf44a106338aada6da04c71eeb767e,http://purl.org/ccf/1.5/93286ce3-669a-4f3f-a85a-7eaaedc15c59,large intestine,UBERON:0000059,spatial,https://purl.org/ccf/ASCTB-TEMP_cycling-ta,Cycling TA,61.860136,0.02635683701649196
https://entity.api.hubmapconsortium.org/entities/8cdf44a106338aada6da04c71eeb767e,http://purl.org/ccf/1.5/93286ce3-669a-4f3f-a85a-7eaaedc15c59,large intestine,UBERON:0000059,spatial,https://purl.org/ccf/ASCTB-TEMP_ta,TA,54.741232,0.02332367536188369
https://entity.api.hubmapconsortium.org/entities/8cdf44a106338aada6da04c71eeb767e,http://purl.org/ccf/1.5/93286ce3-669a-4f3f-a85a-7eaaedc15c59,large intestine,UBERON:0000059,spatial,https://purl.org/ccf/ASCTB-TEMP_dc,DC,43.244136,0.01842509115193365
https://entity.api.hubmapconsortium.org/entities/8cdf44a106338aada6da04c71eeb767e,http://purl.org/ccf/1.5/93286ce3-669a-4f3f-a85a-7eaaedc15c59,large intestine,UBERON:0000059,spatial,https://purl.org/ccf/ASCTB-TEMP_b,B,41.902848,0.01785360664682076
https://entity.api.hubmapconsortium.org/entities/8cdf44a106338aada6da04c71eeb767e,http://purl.org/ccf/1.5/93286ce3-669a-4f3f-a85a-7eaaedc15c59,large intestine,UBERON:0000059,spatial,https://purl.org/ccf/ASCTB-TEMP_icc,ICC,29.205904,0.01244380147575671
https://entity.api.hubmapconsortium.org/entities/8cdf44a106338aada6da04c71eeb767e,http://purl.org/ccf/1.5/93286ce3-669a-4f3f-a85a-7eaaedc15c59,large intestine,UBERON:0000059,spatial,https://purl.org/ccf/ASCTB-TEMP_muc1-enterocyte,MUC1+ Enterocyte,17.997304,0.007668137170992621
https://entity.api.hubmapconsortium.org/entities/8cdf44a106338aada6da04c71eeb767e,http://purl.org/ccf/1.5/93286ce3-669a-4f3f-a85a-7eaaedc15c59,large intestine,UBERON:0000059,spatial,https://purl.org/ccf/ASCTB-TEMP_m1-macrophage,M1 Macrophage,14.588184,0.006215608514902
https://entity.api.hubmapconsortium.org/entities/8cdf44a106338aada6da04c71eeb767e,http://purl.org/ccf/1.5/93286ce3-669a-4f3f-a85a-7eaaedc15c59,large intestine,UBERON:0000059,spatial,https://purl.org/ccf/ASCTB-TEMP_neutrophil,Neutrophil,13.064168,0.005566268828314082
https://entity.api.hubmapconsortium.org/entities/8cdf44a106338aada6da04c71eeb767e,http://purl.org/ccf/1.5/93286ce3-669a-4f3f-a85a-7eaaedc15c59,large intestine,UBERON:0000059,spatial,https://purl.org/ccf/ASCTB-TEMP_neuroendocrine,Neuroendocrine,11.808576,0.0050312969410358
https://entity.api.hubmapconsortium.org/entities/8cdf44a106338aada6da04c71eeb767e,http://purl.org/ccf/1.5/93286ce3-669a-4f3f-a85a-7eaaedc15c59,large intestine,UBERON:0000059,spatial,https://purl.org/ccf/ASCTB-TEMP_cd7-immune,CD7+ Immune,4.490824,0.001913411833393811
https://entity.api.hubmapconsortium.org/entities/8cdf44a106338aada6da04c71eeb767e,http://purl.org/ccf/1.5/93286ce3-669a-4f3f-a85a-7eaaedc15c59,large intestine,UBERON:0000059,spatial,https://purl.org/ccf/ASCTB-TEMP_nk,NK,4.338984,0.001848717146453838
https://entity.api.hubmapconsortium.org/entities/8cdf44a106338aada6da04c71eeb767e,http://purl.org/ccf/1.5/93286ce3-669a-4f3f-a85a-7eaaedc15c59,large intestine,UBERON:0000059,spatial,https://purl.org/ccf/ASCTB-TEMP_cd57-enterocyte,CD57+ Enterocyte,0.713752,3.04109340047283E-4
https://entity.api.hubmapconsortium.org/entities/8cdf44a106338aada6da04c71eeb767e,http://purl.org/ccf/1.5/93286ce3-669a-4f3f-a85a-7eaaedc15c59,large intestine,UBERON:0000059,spatial,https://purl.org/ccf/ASCTB-TEMP_paneth,Paneth,0.07176,3.057488629354877E-5
https://entity.api.hubmapconsortium.org/entities/940f409ea5b96ff8d98a87d185cc28e2,http://purl.org/ccf/1.5/a619c5f7-b1b1-427d-b76d-846caab056d0,right kidney,UBERON:0004539,sc_bulk,https://purl.org/ccf/ASCTB-TEMP_cortical-thick-ascending-limb,Cortical Thick Ascending Limb,82517.991855,0.1923133852731773
https://entity.api.hubmapconsortium.org/entities/940f409ea5b96ff8d98a87d185cc28e2,http://purl.org/ccf/1.5/a619c5f7-b1b1-427d-b76d-846caab056d0,right kidney,UBERON:0004539,sc_bulk,https://purl.org/ccf/ASCTB-TEMP_inner-medullary-collecting-duct,Inner Medullary Collecting Duct,48056.31516400001,0.1119982738938111
https://entity.api.hubmapconsortium.org/entities/940f409ea5b96ff8d98a87d185cc28e2,http://purl.org/ccf/1.5/a619c5f7-b1b1-427d-b76d-846caab056d0,right kidney,UBERON:0004539,sc_bulk,https://purl.org/ccf/ASCTB-TEMP_connecting-tubule,Connecting Tubule,34783.88539600001,0.0810660390913726
https://entity.api.hubmapconsortium.org/entities/940f409ea5b96ff8d98a87d185cc28e2,http://purl.org/ccf/1.5/a619c5f7-b1b1-427d-b76d-846caab056d0,right kidney,UBERON:0004539,sc_bulk,https://purl.org/ccf/ASCTB-TEMP_proximal-tubule-epithelial-segment-1,Proximal Tubule Epithelial Segment 1,33757.52250000001,0.0786740356190222
https://entity.api.hubmapconsortium.org/entities/940f409ea5b96ff8d98a87d185cc28e2,http://purl.org/ccf/1.5/a619c5f7-b1b1-427d-b76d-846caab056d0,right kidney,UBERON:0004539,sc_bulk,https://purl.org/ccf/ASCTB-TEMP_distal-convoluted-tubule-type-1,Distal Convoluted Tubule Type 1,32415.83605000001,0.07554715071338793
https://entity.api.hubmapconsortium.org/entities/940f409ea5b96ff8d98a87d185cc28e2,http://purl.org/ccf/1.5/a619c5f7-b1b1-427d-b76d-846caab056d0,right kidney,UBERON:0004539,sc_bulk,https://purl.org/ccf/ASCTB-TEMP_descending-thin-limb-type-1,Descending Thin Limb Type 1,28192.19195,0.06570368170983551
https://entity.api.hubmapconsortium.org/entities/940f409ea5b96ff8d98a87d185cc28e2,http://purl.org/ccf/1.5/a619c5f7-b1b1-427d-b76d-846caab056d0,right kidney,UBERON:0004539,sc_bulk,https://purl.org/ccf/ASCTB-TEMP_descending-thin-limb-type-2,Descending Thin Limb Type 2,27612.40968199999,0.06435246256145429
https://entity.api.hubmapconsortium.org/entities/940f409ea5b96ff8d98a87d185cc28e2,http://purl.org/ccf/1.5/a619c5f7-b1b1-427d-b76d-846caab056d0,right kidney,UBERON:0004539,sc_bulk,https://purl.org/ccf/ASCTB-TEMP_ascending-thin-limb,Ascending Thin Limb,27333.288307,0.06370195258997222
https://entity.api.hubmapconsortium.org/entities/940f409ea5b96ff8d98a87d185cc28e2,http://purl.org/ccf/1.5/a619c5f7-b1b1-427d-b76d-846caab056d0,right kidney,UBERON:0004539,sc_bulk,https://purl.org/ccf/ASCTB-TEMP_fibroblast,Fibroblast,19121.89880900001,0.04456479138842621
https://entity.api.hubmapconsortium.org/entities/940f409ea5b96ff8d98a87d185cc28e2,http://purl.org/ccf/1.5/a619c5f7-b1b1-427d-b76d-846caab056d0,right kidney,UBERON:0004539,sc_bulk,https://purl.org/ccf/ASCTB-TEMP_proximal-tubule-epithelial-segment-3,Proximal Tubule Epithelial Segment 3,18249.449179,0.04253149249137524
https://entity.api.hubmapconsortium.org/entities/940f409ea5b96ff8d98a87d185cc28e2,http://purl.org/ccf/1.5/a619c5f7-b1b1-427d-b76d-846caab056d0,right kidney,UBERON:0004539,sc_bulk,https://purl.org/ccf/ASCTB-TEMP_medullary-thick-ascending-limb,Medullary Thick Ascending Limb,12892.656179,0.03004714849706321
https://entity.api.hubmapconsortium.org/entities/940f409ea5b96ff8d98a87d185cc28e2,http://purl.org/ccf/1.5/a619c5f7-b1b1-427d-b76d-846caab056d0,right kidney,UBERON:0004539,sc_bulk,https://purl.org/ccf/ASCTB-TEMP_cortical-collecting-duct-principal,Cortical Collecting Duct Principal,9991.821008000004,0.02328656914565595
https://entity.api.hubmapconsortium.org/entities/940f409ea5b96ff8d98a87d185cc28e2,http://purl.org/ccf/1.5/a619c5f7-b1b1-427d-b76d-846caab056d0,right kidney,UBERON:0004539,sc_bulk,https://purl.org/ccf/ASCTB-TEMP_cortical-collecting-duct-intercalated-type-a,Cortical Collecting Duct Intercalated Type A,5040.48246,0.01174716232789585
https://entity.api.hubmapconsortium.org/entities/940f409ea5b96ff8d98a87d185cc28e2,http://purl.org/ccf/1.5/a619c5f7-b1b1-427d-b76d-846caab056d0,right kidney,UBERON:0004539,sc_bulk,https://purl.org/ccf/ASCTB-TEMP_podocyte,Podocyte,4746.989090999999,0.01106315751780788
https://entity.api.hubmapconsortium.org/entities/940f409ea5b96ff8d98a87d185cc28e2,http://purl.org/ccf/1.5/a619c5f7-b1b1-427d-b76d-846caab056d0,right kidney,UBERON:0004539,sc_bulk,https://purl.org/ccf/ASCTB-TEMP_mesangial,Mesangial,4628.848601000001,0.01078782365353189
https://entity.api.hubmapconsortium.org/entities/940f409ea5b96ff8d98a87d185cc28e2,http://purl.org/ccf/1.5/a619c5f7-b1b1-427d-b76d-846caab056d0,right kidney,UBERON:0004539,sc_bulk,https://purl.org/ccf/ASCTB-TEMP_peritubular-capilary-endothelial,Peritubular Capilary Endothelial,4249.442209999999,0.009903593126258489
https://entity.api.hubmapconsortium.org/entities/940f409ea5b96ff8d98a87d185cc28e2,http://purl.org/ccf/1.5/a619c5f7-b1b1-427d-b76d-846caab056d0,right kidney,UBERON:0004539,sc_bulk,https://purl.org/ccf/ASCTB-TEMP_outer-medullary-collecting-duct-intercalated-type-a,Outer Medullary Collecting Duct Intercalated Type A,3087.896162,0.007196536790785813
https://entity.api.hubmapconsortium.org/entities/940f409ea5b96ff8d98a87d185cc28e2,http://purl.org/ccf/1.5/a619c5f7-b1b1-427d-b76d-846caab056d0,right kidney,UBERON:0004539,sc_bulk,https://purl.org/ccf/ASCTB-TEMP_outer-medullary-collecting-duct-principal,Outer Medullary Collecting Duct Principal,3014.415469,0.007025285400569235
https://entity.api.hubmapconsortium.org/entities/940f409ea5b96ff8d98a87d185cc28e2,http://purl.org/ccf/1.5/a619c5f7-b1b1-427d-b76d-846caab056d0,right kidney,UBERON:0004539,sc_bulk,https://purl.org/ccf/ASCTB-TEMP_parietal-epithelial,Parietal Epithelial,2963.244505,0.006906028241090316
https://entity.api.hubmapconsortium.org/entities/940f409ea5b96ff8d98a87d185cc28e2,http://purl.org/ccf/1.5/a619c5f7-b1b1-427d-b76d-846caab056d0,right kidney,UBERON:0004539,sc_bulk,https://purl.org/ccf/ASCTB-TEMP_intercalated-type-b,Intercalated Type B,2872.292878000001,0.00669405973711595
https://entity.api.hubmapconsortium.org/entities/940f409ea5b96ff8d98a87d185cc28e2,http://purl.org/ccf/1.5/a619c5f7-b1b1-427d-b76d-846caab056d0,right kidney,UBERON:0004539,sc_bulk,https://purl.org/ccf/ASCTB-TEMP_ascending-vasa-recta-endothelial,Ascending Vasa Recta Endothelial,2372.035744,0.005528178929986636
https://entity.api.hubmapconsortium.org/entities/940f409ea5b96ff8d98a87d185cc28e2,http://purl.org/ccf/1.5/a619c5f7-b1b1-427d-b76d-846caab056d0,right kidney,UBERON:0004539,sc_bulk,https://purl.org/ccf/ASCTB-TEMP_classical-dendritic,Classical Dendritic,2321.470242,0.005410332837891408
https://entity.api.hubmapconsortium.org/entities/940f409ea5b96ff8d98a87d185cc28e2,http://purl.org/ccf/1.5/a619c5f7-b1b1-427d-b76d-846caab056d0,right kidney,UBERON:0004539,sc_bulk,https://purl.org/ccf/ASCTB-TEMP_macula-densa,Macula Densa,2310.639786,0.005385091776995594
https://entity.api.hubmapconsortium.org/entities/940f409ea5b96ff8d98a87d185cc28e2,http://purl.org/ccf/1.5/a619c5f7-b1b1-427d-b76d-846caab056d0,right kidney,UBERON:0004539,sc_bulk,https://purl.org/ccf/ASCTB-TEMP_glomerular-capillary-endothelial,Glomerular Capillary Endothelial,2218.024458,0.005169245912894063
https://entity.api.hubmapconsortium.org/entities/940f409ea5b96ff8d98a87d185cc28e2,http://purl.org/ccf/1.5/a619c5f7-b1b1-427d-b76d-846caab056d0,right kidney,UBERON:0004539,sc_bulk,https://purl.org/ccf/ASCTB-TEMP_medullary-fibroblast,Medullary Fibroblast,1821.227433999999,0.004244485418408781
https://entity.api.hubmapconsortium.org/entities/940f409ea5b96ff8d98a87d185cc28e2,http://purl.org/ccf/1.5/a619c5f7-b1b1-427d-b76d-846caab056d0,right kidney,UBERON:0004539,sc_bulk,https://purl.org/ccf/ASCTB-TEMP_cortical-vascular-smooth-muscle-pericyte,Cortical Vascular Smooth Muscle / Pericyte,1395.509986,0.003252324051484085
https://entity.api.hubmapconsortium.org/entities/940f409ea5b96ff8d98a87d185cc28e2,http://purl.org/ccf/1.5/a619c5f7-b1b1-427d-b76d-846caab056d0,right kidney,UBERON:0004539,sc_bulk,https://purl.org/ccf/ASCTB-TEMP_connecting-tubule-principal,Connecting Tubule Principal,1310.05238,0.003053159710014406
https://entity.api.hubmapconsortium.org/entities/940f409ea5b96ff8d98a87d185cc28e2,http://purl.org/ccf/1.5/a619c5f7-b1b1-427d-b76d-846caab056d0,right kidney,UBERON:0004539,sc_bulk,https://purl.org/ccf/ASCTB-TEMP_vascular-smooth-muscle-pericyte,Vascular Smooth Muscle / Pericyte,1274.837941,0.002971090238589484
https://entity.api.hubmapconsortium.org/entities/940f409ea5b96ff8d98a87d185cc28e2,http://purl.org/ccf/1.5/a619c5f7-b1b1-427d-b76d-846caab056d0,right kidney,UBERON:0004539,sc_bulk,https://purl.org/ccf/ASCTB-TEMP_m2-macrophage,M2 Macrophage,1272.63136,0.002965947662377315
https://entity.api.hubmapconsortium.org/entities/940f409ea5b96ff8d98a87d185cc28e2,http://purl.org/ccf/1.5/a619c5f7-b1b1-427d-b76d-846caab056d0,right kidney,UBERON:0004539,sc_bulk,https://purl.org/ccf/ASCTB-TEMP_descending-thin-limb-type-3,Descending Thin Limb Type 3,1189.177886,0.002771454076954774
https://entity.api.hubmapconsortium.org/entities/940f409ea5b96ff8d98a87d185cc28e2,http://purl.org/ccf/1.5/a619c5f7-b1b1-427d-b76d-846caab056d0,right kidney,UBERON:0004539,sc_bulk,https://purl.org/ccf/ASCTB-TEMP_monocyte-derived,Monocyte-derived,1123.201755,0.002617692541868801
https://entity.api.hubmapconsortium.org/entities/940f409ea5b96ff8d98a87d185cc28e2,http://purl.org/ccf/1.5/a619c5f7-b1b1-427d-b76d-846caab056d0,right kidney,UBERON:0004539,sc_bulk,https://purl.org/ccf/ASCTB-TEMP_descending-vasa-recta-endothelial,Descending Vasa Recta Endothelial,1039.74338,0.002423187534356601
https://entity.api.hubmapconsortium.org/entities/940f409ea5b96ff8d98a87d185cc28e2,http://purl.org/ccf/1.5/a619c5f7-b1b1-427d-b76d-846caab056d0,right kidney,UBERON:0004539,sc_bulk,https://purl.org/ccf/ASCTB-TEMP_t,T,689.200486,0.001606225207558149
https://entity.api.hubmapconsortium.org/entities/940f409ea5b96ff8d98a87d185cc28e2,http://purl.org/ccf/1.5/a619c5f7-b1b1-427d-b76d-846caab056d0,right kidney,UBERON:0004539,sc_bulk,https://purl.org/ccf/ASCTB-TEMP_distal-convoluted-tubule-type-2,Distal Convoluted Tubule Type 2,588.742427,0.001372101364139728
https://entity.api.hubmapconsortium.org/entities/940f409ea5b96ff8d98a87d185cc28e2,http://purl.org/ccf/1.5/a619c5f7-b1b1-427d-b76d-846caab056d0,right kidney,UBERON:0004539,sc_bulk,https://purl.org/ccf/ASCTB-TEMP_afferent-efferent-arteriole-endothelial,Afferent / Efferent Arteriole Endothelial,561.6267019999999,0.001308906456560666
https://entity.api.hubmapconsortium.org/entities/940f409ea5b96ff8d98a87d185cc28e2,http://purl.org/ccf/1.5/a619c5f7-b1b1-427d-b76d-846caab056d0,right kidney,UBERON:0004539,sc_bulk,https://purl.org/ccf/ASCTB-TEMP_proximal-tubule-epithelial-segment-2,Proximal Tubule Epithelial Segment 2,444.5410579999999,0.001036030977427618
https://entity.api.hubmapconsortium.org/entities/940f409ea5b96ff8d98a87d185cc28e2,http://purl.org/ccf/1.5/a619c5f7-b1b1-427d-b76d-846caab056d0,right kidney,UBERON:0004539,sc_bulk,https://purl.org/ccf/ASCTB-TEMP_mast,Mast,305.013358,7.108528711361908E-4
https://entity.api.hubmapconsortium.org/entities/940f409ea5b96ff8d98a87d185cc28e2,http://purl.org/ccf/1.5/a619c5f7-b1b1-427d-b76d-846caab056d0,right kidney,UBERON:0004539,sc_bulk,https://purl.org/ccf/ASCTB-TEMP_b,B,233.726805,5.447150625964999E-4
https://entity.api.hubmapconsortium.org/entities/940f409ea5b96ff8d98a87d185cc28e2,http://purl.org/ccf/1.5/a619c5f7-b1b1-427d-b76d-846caab056d0,right kidney,UBERON:0004539,sc_bulk,https://purl.org/ccf/ASCTB-TEMP_schwann-neural,Schwann / Neural,201.527235,4.696719335547522E-4
https://entity.api.hubmapconsortium.org/entities/940f409ea5b96ff8d98a87d185cc28e2,http://purl.org/ccf/1.5/a619c5f7-b1b1-427d-b76d-846caab056d0,right kidney,UBERON:0004539,sc_bulk,https://purl.org/ccf/ASCTB-TEMP_plasma,Plasma,179.59903,4.185668685657199E-4
https://entity.api.hubmapconsortium.org/entities/940f409ea5b96ff8d98a87d185cc28e2,http://purl.org/ccf/1.5/a619c5f7-b1b1-427d-b76d-846caab056d0,right kidney,UBERON:0004539,sc_bulk,https://purl.org/ccf/ASCTB-TEMP_lymphatic-endothelial,Lymphatic Endothelial,179.343424,4.179711626590309E-4
https://entity.api.hubmapconsortium.org/entities/940f409ea5b96ff8d98a87d185cc28e2,http://purl.org/ccf/1.5/a619c5f7-b1b1-427d-b76d-846caab056d0,right kidney,UBERON:0004539,sc_bulk,https://purl.org/ccf/ASCTB-TEMP_tissue-resident-macrophage,Tissue-resident Macrophage,173.579094,4.045370279786853E-4
https://entity.api.hubmapconsortium.org/entities/940f409ea5b96ff8d98a87d185cc28e2,http://purl.org/ccf/1.5/a619c5f7-b1b1-427d-b76d-846caab056d0,right kidney,UBERON:0004539,sc_bulk,https://purl.org/ccf/ASCTB-TEMP_papillary-tip-epithelial,Papillary Tip Epithelial,99.29539100000001,2.314141723030396E-4
https://entity.api.hubmapconsortium.org/entities/940f409ea5b96ff8d98a87d185cc28e2,http://purl.org/ccf/1.5/a619c5f7-b1b1-427d-b76d-846caab056d0,right kidney,UBERON:0004539,sc_bulk,https://purl.org/ccf/ASCTB-TEMP_connecting-tubule-intercalated-type-a,Connecting Tubule Intercalated Type A,92.524094,2.156332375094694E-4
https://entity.api.hubmapconsortium.org/entities/940f409ea5b96ff8d98a87d185cc28e2,http://purl.org/ccf/1.5/a619c5f7-b1b1-427d-b76d-846caab056d0,right kidney,UBERON:0004539,sc_bulk,https://purl.org/ccf/ASCTB-TEMP_natural-killer-natural-killer-t,Natural Killer / Natural Killer T,30.06575,7.007012692986034E-5
https://entity.api.hubmapconsortium.org/entities/940f409ea5b96ff8d98a87d185cc28e2,http://purl.org/ccf/1.5/a619c5f7-b1b1-427d-b76d-846caab056d0,right kidney,UBERON:0004539,sc_bulk,https://purl.org/ccf/ASCTB-TEMP_non-classical-monocyte,Non-classical monocyte,28.4635,6.633598223453863E-5
https://entity.api.hubmapconsortium.org/entities/940f409ea5b96ff8d98a87d185cc28e2,http://purl.org/ccf/1.5/a619c5f7-b1b1-427d-b76d-846caab056d0,right kidney,UBERON:0004539,sc_bulk,https://purl.org/ccf/ASCTB-TEMP_neutrophil,Neutrophil,20.249047,4.719168134833516E-5
https://entity.api.hubmapconsortium.org/entities/940f409ea5b96ff8d98a87d185cc28e2,http://purl.org/ccf/1.5/a619c5f7-b1b1-427d-b76d-846caab056d0,right kidney,UBERON:0004539,sc_bulk,https://purl.org/ccf/ASCTB-TEMP_renin-positive-juxtaglomerular-granular,Renin-positive Juxtaglomerular Granular,19.40796,4.523147503886157E-5
https://entity.api.hubmapconsortium.org/entities/940f409ea5b96ff8d98a87d185cc28e2,http://purl.org/ccf/1.5/a619c5f7-b1b1-427d-b76d-846caab056d0,right kidney,UBERON:0004539,sc_bulk,https://purl.org/ccf/ASCTB-TEMP_monocyte,Monocyte,17.690348,4.12284719254767E-5
https://entity.api.hubmapconsortium.org/entities/940f409ea5b96ff8d98a87d185cc28e2,http://purl.org/ccf/1.5/a619c5f7-b1b1-427d-b76d-846caab056d0,right kidney,UBERON:0004539,sc_bulk,https://purl.org/ccf/ASCTB-TEMP_natural-killer-t,Natural Killer T,16.340311,3.808212553631268E-5
https://entity.api.hubmapconsortium.org/entities/940f409ea5b96ff8d98a87d185cc28e2,http://purl.org/ccf/1.5/a619c5f7-b1b1-427d-b76d-846caab056d0,right kidney,UBERON:0004539,sc_bulk,https://purl.org/ccf/ASCTB-TEMP_plasmacytoid-dendritic,Plasmacytoid Dendritic,14.655875,3.4156441183678E-5
https://entity.api.hubmapconsortium.org/entities/940f409ea5b96ff8d98a87d185cc28e2,http://purl.org/ccf/1.5/a619c5f7-b1b1-427d-b76d-846caab056d0,right kidney,UBERON:0004539,sc_bulk,https://purl.org/ccf/ASCTB-TEMP_cycling-mononuclear-phagocyte,Cycling Mononuclear Phagocyte,7.833683,1.825689238213878E-5
https://entity.api.hubmapconsortium.org/entities/961cdd93ab19fec76c48f5e8417df82f,http://purl.org/ccf/1.5/e8e651c3-abdd-4f68-8e0c-d0e3c04ea3a2,heart,UBERON:0000948,sc_bulk,http://purl.obolibrary.org/obo/CL_0002131,regular ventricular cardiac myocyte,15023.254077,0.290696080781106
https://entity.api.hubmapconsortium.org/entities/961cdd93ab19fec76c48f5e8417df82f,http://purl.org/ccf/1.5/e8e651c3-abdd-4f68-8e0c-d0e3c04ea3a2,heart,UBERON:0000948,sc_bulk,http://purl.obolibrary.org/obo/CL_0000669,pericyte,6383.554117999999,0.1235201211432384
https://entity.api.hubmapconsortium.org/entities/961cdd93ab19fec76c48f5e8417df82f,http://purl.org/ccf/1.5/e8e651c3-abdd-4f68-8e0c-d0e3c04ea3a2,heart,UBERON:0000948,sc_bulk,https://purl.org/ccf/ASCTB-TEMP_fibroblast,Fibroblast,6166.674512000001,0.119323556860799
https://entity.api.hubmapconsortium.org/entities/961cdd93ab19fec76c48f5e8417df82f,http://purl.org/ccf/1.5/e8e651c3-abdd-4f68-8e0c-d0e3c04ea3a2,heart,UBERON:0000948,sc_bulk,http://purl.obolibrary.org/obo/CL_0002144,capillary endothelial cell,4455.260085999999,0.08620813035728926
https://entity.api.hubmapconsortium.org/entities/961cdd93ab19fec76c48f5e8417df82f,http://purl.org/ccf/1.5/e8e651c3-abdd-4f68-8e0c-d0e3c04ea3a2,heart,UBERON:0000948,sc_bulk,http://purl.obolibrary.org/obo/CL_0000057,fibroblast,4342.362284999999,0.0840235871077845
https://entity.api.hubmapconsortium.org/entities/961cdd93ab19fec76c48f5e8417df82f,http://purl.org/ccf/1.5/e8e651c3-abdd-4f68-8e0c-d0e3c04ea3a2,heart,UBERON:0000948,sc_bulk,https://purl.org/ccf/ASCTB-TEMP_ventricular-cardiomycoyte,Ventricular Cardiomycoyte,3500.515092,0.06773406165827923
https://entity.api.hubmapconsortium.org/entities/961cdd93ab19fec76c48f5e8417df82f,http://purl.org/ccf/1.5/e8e651c3-abdd-4f68-8e0c-d0e3c04ea3a2,heart,UBERON:0000948,sc_bulk,http://purl.obolibrary.org/obo/CL_0000003,native cell,3298.378437,0.06382276966457846
https://entity.api.hubmapconsortium.org/entities/961cdd93ab19fec76c48f5e8417df82f,http://purl.org/ccf/1.5/e8e651c3-abdd-4f68-8e0c-d0e3c04ea3a2,heart,UBERON:0000948,sc_bulk,http://purl.obolibrary.org/obo/CL_1000413,endothelial cell of artery,1533.403264,0.02967095655955042
https://entity.api.hubmapconsortium.org/entities/961cdd93ab19fec76c48f5e8417df82f,http://purl.org/ccf/1.5/e8e651c3-abdd-4f68-8e0c-d0e3c04ea3a2,heart,UBERON:0000948,sc_bulk,http://purl.obolibrary.org/obo/CL_0000192,smooth muscle cell,1091.442972,0.02111913921779588
https://entity.api.hubmapconsortium.org/entities/961cdd93ab19fec76c48f5e8417df82f,http://purl.org/ccf/1.5/e8e651c3-abdd-4f68-8e0c-d0e3c04ea3a2,heart,UBERON:0000948,sc_bulk,http://purl.obolibrary.org/obo/CL_0000235,macrophage,956.428066,0.01850663570690092
https://entity.api.hubmapconsortium.org/entities/961cdd93ab19fec76c48f5e8417df82f,http://purl.org/ccf/1.5/e8e651c3-abdd-4f68-8e0c-d0e3c04ea3a2,heart,UBERON:0000948,sc_bulk,http://purl.obolibrary.org/obo/CL_0000115,endothelial cell,714.4806219999999,0.0138250152426978
https://entity.api.hubmapconsortium.org/entities/961cdd93ab19fec76c48f5e8417df82f,http://purl.org/ccf/1.5/e8e651c3-abdd-4f68-8e0c-d0e3c04ea3a2,heart,UBERON:0000948,sc_bulk,http://purl.obolibrary.org/obo/CL_0002543,vein endothelial cell,479.5713019999999,0.00927958065755691
https://entity.api.hubmapconsortium.org/entities/961cdd93ab19fec76c48f5e8417df82f,http://purl.org/ccf/1.5/e8e651c3-abdd-4f68-8e0c-d0e3c04ea3a2,heart,UBERON:0000948,sc_bulk,https://purl.org/ccf/ASCTB-TEMP_b,B,458.386315,0.008869656638384064
https://entity.api.hubmapconsortium.org/entities/961cdd93ab19fec76c48f5e8417df82f,http://purl.org/ccf/1.5/e8e651c3-abdd-4f68-8e0c-d0e3c04ea3a2,heart,UBERON:0000948,sc_bulk,http://purl.obolibrary.org/obo/CL_0000623,natural killer cell,244.402898,0.004729132864025411
https://entity.api.hubmapconsortium.org/entities/961cdd93ab19fec76c48f5e8417df82f,http://purl.org/ccf/1.5/e8e651c3-abdd-4f68-8e0c-d0e3c04ea3a2,heart,UBERON:0000948,sc_bulk,http://purl.obolibrary.org/obo/CL_0000934,"CD4-positive, alpha-beta cytotoxic T cell",236.657163,0.004579254895129428
https://entity.api.hubmapconsortium.org/entities/961cdd93ab19fec76c48f5e8417df82f,http://purl.org/ccf/1.5/e8e651c3-abdd-4f68-8e0c-d0e3c04ea3a2,heart,UBERON:0000948,sc_bulk,https://purl.org/ccf/ASCTB-TEMP_monocyte-cdc,Monocyte/cDC,220.613922,0.00426882233119731
https://entity.api.hubmapconsortium.org/entities/961cdd93ab19fec76c48f5e8417df82f,http://purl.org/ccf/1.5/e8e651c3-abdd-4f68-8e0c-d0e3c04ea3a2,heart,UBERON:0000948,sc_bulk,http://purl.obolibrary.org/obo/CL_0002397,"CD14-positive, CD16-positive monocyte",215.640678,0.004172591346075287
https://entity.api.hubmapconsortium.org/entities/961cdd93ab19fec76c48f5e8417df82f,http://purl.org/ccf/1.5/e8e651c3-abdd-4f68-8e0c-d0e3c04ea3a2,heart,UBERON:0000948,sc_bulk,http://purl.obolibrary.org/obo/CL_0002319,neural cell,214.03163,0.004141456683438864
https://entity.api.hubmapconsortium.org/entities/961cdd93ab19fec76c48f5e8417df82f,http://purl.org/ccf/1.5/e8e651c3-abdd-4f68-8e0c-d0e3c04ea3a2,heart,UBERON:0000948,sc_bulk,http://purl.obolibrary.org/obo/CL_0000906,"activated CD8-positive, alpha-beta T cell",199.756199,0.003865230785781025
https://entity.api.hubmapconsortium.org/entities/961cdd93ab19fec76c48f5e8417df82f,http://purl.org/ccf/1.5/e8e651c3-abdd-4f68-8e0c-d0e3c04ea3a2,heart,UBERON:0000948,sc_bulk,https://purl.org/ccf/ASCTB-TEMP_capillary-endothelial,Capillary Endothelial,169.572913,0.003281192008274884
https://entity.api.hubmapconsortium.org/entities/961cdd93ab19fec76c48f5e8417df82f,http://purl.org/ccf/1.5/e8e651c3-abdd-4f68-8e0c-d0e3c04ea3a2,heart,UBERON:0000948,sc_bulk,https://purl.org/ccf/ASCTB-TEMP_pericyte,Pericyte,162.76027,0.003149369128244335
https://entity.api.hubmapconsortium.org/entities/961cdd93ab19fec76c48f5e8417df82f,http://purl.org/ccf/1.5/e8e651c3-abdd-4f68-8e0c-d0e3c04ea3a2,heart,UBERON:0000948,sc_bulk,http://purl.obolibrary.org/obo/CL_1000309,epicardial adipocyte,160.691981,0.003109348271035831
https://entity.api.hubmapconsortium.org/entities/961cdd93ab19fec76c48f5e8417df82f,http://purl.org/ccf/1.5/e8e651c3-abdd-4f68-8e0c-d0e3c04ea3a2,heart,UBERON:0000948,sc_bulk,https://purl.org/ccf/ASCTB-TEMP_macrophage,Macrophage,159.635191,0.003088899657863604
https://entity.api.hubmapconsortium.org/entities/961cdd93ab19fec76c48f5e8417df82f,http://purl.org/ccf/1.5/e8e651c3-abdd-4f68-8e0c-d0e3c04ea3a2,heart,UBERON:0000948,sc_bulk,http://purl.obolibrary.org/obo/CL_0000794,"CD8-positive, alpha-beta cytotoxic T cell",156.959126,0.00303711849225006
https://entity.api.hubmapconsortium.org/entities/961cdd93ab19fec76c48f5e8417df82f,http://purl.org/ccf/1.5/e8e651c3-abdd-4f68-8e0c-d0e3c04ea3a2,heart,UBERON:0000948,sc_bulk,http://purl.obolibrary.org/obo/CL_0000576,monocyte,129.616511,0.002508045963883828
https://entity.api.hubmapconsortium.org/entities/961cdd93ab19fec76c48f5e8417df82f,http://purl.org/ccf/1.5/e8e651c3-abdd-4f68-8e0c-d0e3c04ea3a2,heart,UBERON:0000948,sc_bulk,http://purl.obolibrary.org/obo/CL_0001054,CD14-positive monocyte,121.072096,0.002342713743558144
https://entity.api.hubmapconsortium.org/entities/961cdd93ab19fec76c48f5e8417df82f,http://purl.org/ccf/1.5/e8e651c3-abdd-4f68-8e0c-d0e3c04ea3a2,heart,UBERON:0000948,sc_bulk,http://purl.obolibrary.org/obo/CL_0000097,mast cell,107.470186,0.002079520303051085
https://entity.api.hubmapconsortium.org/entities/961cdd93ab19fec76c48f5e8417df82f,http://purl.org/ccf/1.5/e8e651c3-abdd-4f68-8e0c-d0e3c04ea3a2,heart,UBERON:0000948,sc_bulk,https://purl.org/ccf/ASCTB-TEMP_mesothelial,Mesothelial,104.4615,0.002021303007116513
https://entity.api.hubmapconsortium.org/entities/961cdd93ab19fec76c48f5e8417df82f,http://purl.org/ccf/1.5/e8e651c3-abdd-4f68-8e0c-d0e3c04ea3a2,heart,UBERON:0000948,sc_bulk,http://purl.obolibrary.org/obo/CL_0000814,mature NK T cell,94.16339799999997,0.001822037396913781
https://entity.api.hubmapconsortium.org/entities/961cdd93ab19fec76c48f5e8417df82f,http://purl.org/ccf/1.5/e8e651c3-abdd-4f68-8e0c-d0e3c04ea3a2,heart,UBERON:0000948,sc_bulk,http://purl.obolibrary.org/obo/CL_0000451,dendritic cell,70.61451299999999,0.001366372562838635
https://entity.api.hubmapconsortium.org/entities/961cdd93ab19fec76c48f5e8417df82f,http://purl.org/ccf/1.5/e8e651c3-abdd-4f68-8e0c-d0e3c04ea3a2,heart,UBERON:0000948,sc_bulk,http://purl.obolibrary.org/obo/CL_0002138,endothelial cell of lymphatic vessel,65.33543299999998,0.001264223730217922
https://entity.api.hubmapconsortium.org/entities/961cdd93ab19fec76c48f5e8417df82f,http://purl.org/ccf/1.5/e8e651c3-abdd-4f68-8e0c-d0e3c04ea3a2,heart,UBERON:0000948,sc_bulk,http://purl.obolibrary.org/obo/CL_0000236,B cell,56.94003999999999,0.001101775047049243
https://entity.api.hubmapconsortium.org/entities/961cdd93ab19fec76c48f5e8417df82f,http://purl.org/ccf/1.5/e8e651c3-abdd-4f68-8e0c-d0e3c04ea3a2,heart,UBERON:0000948,sc_bulk,https://purl.org/ccf/ASCTB-TEMP_nk,NK,56.152074,0.001086528108748476
https://entity.api.hubmapconsortium.org/entities/961cdd93ab19fec76c48f5e8417df82f,http://purl.org/ccf/1.5/e8e651c3-abdd-4f68-8e0c-d0e3c04ea3a2,heart,UBERON:0000948,sc_bulk,http://purl.obolibrary.org/obo/CL_0000896,"activated CD4-positive, alpha-beta T cell",55.24235799999999,0.001068925339437084
https://entity.api.hubmapconsortium.org/entities/961cdd93ab19fec76c48f5e8417df82f,http://purl.org/ccf/1.5/e8e651c3-abdd-4f68-8e0c-d0e3c04ea3a2,heart,UBERON:0000948,sc_bulk,https://purl.org/ccf/ASCTB-TEMP_smooth-muscle,Smooth Muscle,52.711419,0.001019952324388205
https://entity.api.hubmapconsortium.org/entities/961cdd93ab19fec76c48f5e8417df82f,http://purl.org/ccf/1.5/e8e651c3-abdd-4f68-8e0c-d0e3c04ea3a2,heart,UBERON:0000948,sc_bulk,https://purl.org/ccf/ASCTB-TEMP_venous-endothelial,Venous Endothelial,43.610363,8.438492446819422E-4
https://entity.api.hubmapconsortium.org/entities/961cdd93ab19fec76c48f5e8417df82f,http://purl.org/ccf/1.5/e8e651c3-abdd-4f68-8e0c-d0e3c04ea3a2,heart,UBERON:0000948,sc_bulk,https://purl.org/ccf/ASCTB-TEMP_arterial-endothelial,Arterial Endothelial,39.753323,7.692165182653325E-4
https://entity.api.hubmapconsortium.org/entities/961cdd93ab19fec76c48f5e8417df82f,http://purl.org/ccf/1.5/e8e651c3-abdd-4f68-8e0c-d0e3c04ea3a2,heart,UBERON:0000948,sc_bulk,https://purl.org/ccf/ASCTB-TEMP_t,T,32.896363,6.365361157469152E-4
https://entity.api.hubmapconsortium.org/entities/961cdd93ab19fec76c48f5e8417df82f,http://purl.org/ccf/1.5/e8e651c3-abdd-4f68-8e0c-d0e3c04ea3a2,heart,UBERON:0000948,sc_bulk,https://purl.org/ccf/ASCTB-TEMP_endocardial,Endocardial,32.009049,6.193668193414781E-4
https://entity.api.hubmapconsortium.org/entities/961cdd93ab19fec76c48f5e8417df82f,http://purl.org/ccf/1.5/e8e651c3-abdd-4f68-8e0c-d0e3c04ea3a2,heart,UBERON:0000948,sc_bulk,https://purl.org/ccf/ASCTB-TEMP_lymphatic-endothelial,Lymphatic Endothelial,23.121786,4.474005788898732E-4
https://entity.api.hubmapconsortium.org/entities/961cdd93ab19fec76c48f5e8417df82f,http://purl.org/ccf/1.5/e8e651c3-abdd-4f68-8e0c-d0e3c04ea3a2,heart,UBERON:0000948,sc_bulk,https://purl.org/ccf/ASCTB-TEMP_mast,Mast,21.434818,4.14758184406649E-4
https://entity.api.hubmapconsortium.org/entities/961cdd93ab19fec76c48f5e8417df82f,http://purl.org/ccf/1.5/e8e651c3-abdd-4f68-8e0c-d0e3c04ea3a2,heart,UBERON:0000948,sc_bulk,https://purl.org/ccf/ASCTB-TEMP_adipocyte,Adipocyte,10.440793,2.020266441471838E-4
https://entity.api.hubmapconsortium.org/entities/961cdd93ab19fec76c48f5e8417df82f,http://purl.org/ccf/1.5/e8e651c3-abdd-4f68-8e0c-d0e3c04ea3a2,heart,UBERON:0000948,sc_bulk,http://purl.obolibrary.org/obo/CL_0000077,mesothelial cell,7.55337,1.46155755899194E-4
https://entity.api.hubmapconsortium.org/entities/961cdd93ab19fec76c48f5e8417df82f,http://purl.org/ccf/1.5/e8e651c3-abdd-4f68-8e0c-d0e3c04ea3a2,heart,UBERON:0000948,sc_bulk,https://purl.org/ccf/ASCTB-TEMP_neuronal,Neuronal,6.810695000000001,1.317851867343797E-4
https://entity.api.hubmapconsortium.org/entities/961cdd93ab19fec76c48f5e8417df82f,http://purl.org/ccf/1.5/e8e651c3-abdd-4f68-8e0c-d0e3c04ea3a2,heart,UBERON:0000948,sc_bulk,https://purl.org/ccf/ASCTB-TEMP_atrial-cardiomyocyte,Atrial Cardiomyocyte,4.357188999999999,8.431048020825845E-5
https://entity.api.hubmapconsortium.org/entities/961cdd93ab19fec76c48f5e8417df82f,http://purl.org/ccf/1.5/e8e651c3-abdd-4f68-8e0c-d0e3c04ea3a2,heart,UBERON:0000948,sc_bulk,https://purl.org/ccf/ASCTB-TEMP_endothelial,Endothelial,0.076946,1.488885198715194E-6
https://entity.api.hubmapconsortium.org/entities/9d5baa31d4a9a6a43d7e3ba07bc3b36c,http://purl.org/ccf/1.5/e88dfa31-cb6b-4eaa-b16c-e5c97de2701e,left kidney,UBERON:0004538,sc_bulk,https://purl.org/ccf/ASCTB-TEMP_cortical-thick-ascending-limb,Cortical Thick Ascending Limb,218880.615,0.1923133852731772
https://entity.api.hubmapconsortium.org/entities/9d5baa31d4a9a6a43d7e3ba07bc3b36c,http://purl.org/ccf/1.5/e88dfa31-cb6b-4eaa-b16c-e5c97de2701e,left kidney,UBERON:0004538,sc_bulk,https://purl.org/ccf/ASCTB-TEMP_inner-medullary-collecting-duct,Inner Medullary Collecting Duct,127470.332,0.1119982738938111
https://entity.api.hubmapconsortium.org/entities/9d5baa31d4a9a6a43d7e3ba07bc3b36c,http://purl.org/ccf/1.5/e88dfa31-cb6b-4eaa-b16c-e5c97de2701e,left kidney,UBERON:0004538,sc_bulk,https://purl.org/ccf/ASCTB-TEMP_connecting-tubule,Connecting Tubule,92264.948,0.08106603909137255
https://entity.api.hubmapconsortium.org/entities/9d5baa31d4a9a6a43d7e3ba07bc3b36c,http://purl.org/ccf/1.5/e88dfa31-cb6b-4eaa-b16c-e5c97de2701e,left kidney,UBERON:0004538,sc_bulk,https://purl.org/ccf/ASCTB-TEMP_proximal-tubule-epithelial-segment-1,Proximal Tubule Epithelial Segment 1,89542.50000000001,0.07867403561902217
https://entity.api.hubmapconsortium.org/entities/9d5baa31d4a9a6a43d7e3ba07bc3b36c,http://purl.org/ccf/1.5/e88dfa31-cb6b-4eaa-b16c-e5c97de2701e,left kidney,UBERON:0004538,sc_bulk,https://purl.org/ccf/ASCTB-TEMP_distal-convoluted-tubule-type-1,Distal Convoluted Tubule Type 1,85983.65000000002,0.0755471507133879
https://entity.api.hubmapconsortium.org/entities/9d5baa31d4a9a6a43d7e3ba07bc3b36c,http://purl.org/ccf/1.5/e88dfa31-cb6b-4eaa-b16c-e5c97de2701e,left kidney,UBERON:0004538,sc_bulk,https://purl.org/ccf/ASCTB-TEMP_descending-thin-limb-type-1,Descending Thin Limb Type 1,74780.35,0.06570368170983548
https://entity.api.hubmapconsortium.org/entities/9d5baa31d4a9a6a43d7e3ba07bc3b36c,http://purl.org/ccf/1.5/e88dfa31-cb6b-4eaa-b16c-e5c97de2701e,left kidney,UBERON:0004538,sc_bulk,https://purl.org/ccf/ASCTB-TEMP_descending-thin-limb-type-2,Descending Thin Limb Type 2,73242.46599999999,0.06435246256145426
https://entity.api.hubmapconsortium.org/entities/9d5baa31d4a9a6a43d7e3ba07bc3b36c,http://purl.org/ccf/1.5/e88dfa31-cb6b-4eaa-b16c-e5c97de2701e,left kidney,UBERON:0004538,sc_bulk,https://purl.org/ccf/ASCTB-TEMP_ascending-thin-limb,Ascending Thin Limb,72502.091,0.0637019525899722
https://entity.api.hubmapconsortium.org/entities/9d5baa31d4a9a6a43d7e3ba07bc3b36c,http://purl.org/ccf/1.5/e88dfa31-cb6b-4eaa-b16c-e5c97de2701e,left kidney,UBERON:0004538,sc_bulk,https://purl.org/ccf/ASCTB-TEMP_fibroblast,Fibroblast,50721.21700000001,0.0445647913884262
https://entity.api.hubmapconsortium.org/entities/9d5baa31d4a9a6a43d7e3ba07bc3b36c,http://purl.org/ccf/1.5/e88dfa31-cb6b-4eaa-b16c-e5c97de2701e,left kidney,UBERON:0004538,sc_bulk,https://purl.org/ccf/ASCTB-TEMP_proximal-tubule-epithelial-segment-3,Proximal Tubule Epithelial Segment 3,48407.02699999999,0.04253149249137522
https://entity.api.hubmapconsortium.org/entities/9d5baa31d4a9a6a43d7e3ba07bc3b36c,http://purl.org/ccf/1.5/e88dfa31-cb6b-4eaa-b16c-e5c97de2701e,left kidney,UBERON:0004538,sc_bulk,https://purl.org/ccf/ASCTB-TEMP_medullary-thick-ascending-limb,Medullary Thick Ascending Limb,34198.027,0.0300471484970632
https://entity.api.hubmapconsortium.org/entities/9d5baa31d4a9a6a43d7e3ba07bc3b36c,http://purl.org/ccf/1.5/e88dfa31-cb6b-4eaa-b16c-e5c97de2701e,left kidney,UBERON:0004538,sc_bulk,https://purl.org/ccf/ASCTB-TEMP_cortical-collecting-duct-principal,Cortical Collecting Duct Principal,26503.50400000001,0.02328656914565594
https://entity.api.hubmapconsortium.org/entities/9d5baa31d4a9a6a43d7e3ba07bc3b36c,http://purl.org/ccf/1.5/e88dfa31-cb6b-4eaa-b16c-e5c97de2701e,left kidney,UBERON:0004538,sc_bulk,https://purl.org/ccf/ASCTB-TEMP_cortical-collecting-duct-intercalated-type-a,Cortical Collecting Duct Intercalated Type A,13369.98,0.01174716232789585
https://entity.api.hubmapconsortium.org/entities/9d5baa31d4a9a6a43d7e3ba07bc3b36c,http://purl.org/ccf/1.5/e88dfa31-cb6b-4eaa-b16c-e5c97de2701e,left kidney,UBERON:0004538,sc_bulk,https://purl.org/ccf/ASCTB-TEMP_podocyte,Podocyte,12591.483,0.01106315751780788
https://entity.api.hubmapconsortium.org/entities/9d5baa31d4a9a6a43d7e3ba07bc3b36c,http://purl.org/ccf/1.5/e88dfa31-cb6b-4eaa-b16c-e5c97de2701e,left kidney,UBERON:0004538,sc_bulk,https://purl.org/ccf/ASCTB-TEMP_mesangial,Mesangial,12278.113,0.01078782365353189
https://entity.api.hubmapconsortium.org/entities/9d5baa31d4a9a6a43d7e3ba07bc3b36c,http://purl.org/ccf/1.5/e88dfa31-cb6b-4eaa-b16c-e5c97de2701e,left kidney,UBERON:0004538,sc_bulk,https://purl.org/ccf/ASCTB-TEMP_peritubular-capilary-endothelial,Peritubular Capilary Endothelial,11271.73,0.009903593126258485
https://entity.api.hubmapconsortium.org/entities/9d5baa31d4a9a6a43d7e3ba07bc3b36c,http://purl.org/ccf/1.5/e88dfa31-cb6b-4eaa-b16c-e5c97de2701e,left kidney,UBERON:0004538,sc_bulk,https://purl.org/ccf/ASCTB-TEMP_outer-medullary-collecting-duct-intercalated-type-a,Outer Medullary Collecting Duct Intercalated Type A,8190.706,0.007196536790785811
https://entity.api.hubmapconsortium.org/entities/9d5baa31d4a9a6a43d7e3ba07bc3b36c,http://purl.org/ccf/1.5/e88dfa31-cb6b-4eaa-b16c-e5c97de2701e,left kidney,UBERON:0004538,sc_bulk,https://purl.org/ccf/ASCTB-TEMP_outer-medullary-collecting-duct-principal,Outer Medullary Collecting Duct Principal,7995.797,0.007025285400569231
https://entity.api.hubmapconsortium.org/entities/9d5baa31d4a9a6a43d7e3ba07bc3b36c,http://purl.org/ccf/1.5/e88dfa31-cb6b-4eaa-b16c-e5c97de2701e,left kidney,UBERON:0004538,sc_bulk,https://purl.org/ccf/ASCTB-TEMP_parietal-epithelial,Parietal Epithelial,7860.065000000001,0.006906028241090313
https://entity.api.hubmapconsortium.org/entities/9d5baa31d4a9a6a43d7e3ba07bc3b36c,http://purl.org/ccf/1.5/e88dfa31-cb6b-4eaa-b16c-e5c97de2701e,left kidney,UBERON:0004538,sc_bulk,https://purl.org/ccf/ASCTB-TEMP_intercalated-type-b,Intercalated Type B,7618.814000000001,0.006694059737115948
https://entity.api.hubmapconsortium.org/entities/9d5baa31d4a9a6a43d7e3ba07bc3b36c,http://purl.org/ccf/1.5/e88dfa31-cb6b-4eaa-b16c-e5c97de2701e,left kidney,UBERON:0004538,sc_bulk,https://purl.org/ccf/ASCTB-TEMP_ascending-vasa-recta-endothelial,Ascending Vasa Recta Endothelial,6291.872,0.005528178929986634
https://entity.api.hubmapconsortium.org/entities/9d5baa31d4a9a6a43d7e3ba07bc3b36c,http://purl.org/ccf/1.5/e88dfa31-cb6b-4eaa-b16c-e5c97de2701e,left kidney,UBERON:0004538,sc_bulk,https://purl.org/ccf/ASCTB-TEMP_classical-dendritic,Classical Dendritic,6157.746,0.005410332837891406
https://entity.api.hubmapconsortium.org/entities/9d5baa31d4a9a6a43d7e3ba07bc3b36c,http://purl.org/ccf/1.5/e88dfa31-cb6b-4eaa-b16c-e5c97de2701e,left kidney,UBERON:0004538,sc_bulk,https://purl.org/ccf/ASCTB-TEMP_macula-densa,Macula Densa,6129.017999999999,0.005385091776995593
https://entity.api.hubmapconsortium.org/entities/9d5baa31d4a9a6a43d7e3ba07bc3b36c,http://purl.org/ccf/1.5/e88dfa31-cb6b-4eaa-b16c-e5c97de2701e,left kidney,UBERON:0004538,sc_bulk,https://purl.org/ccf/ASCTB-TEMP_glomerular-capillary-endothelial,Glomerular Capillary Endothelial,5883.353999999999,0.00516924591289406
https://entity.api.hubmapconsortium.org/entities/9d5baa31d4a9a6a43d7e3ba07bc3b36c,http://purl.org/ccf/1.5/e88dfa31-cb6b-4eaa-b16c-e5c97de2701e,left kidney,UBERON:0004538,sc_bulk,https://purl.org/ccf/ASCTB-TEMP_medullary-fibroblast,Medullary Fibroblast,4830.841999999999,0.004244485418408779
https://entity.api.hubmapconsortium.org/entities/9d5baa31d4a9a6a43d7e3ba07bc3b36c,http://purl.org/ccf/1.5/e88dfa31-cb6b-4eaa-b16c-e5c97de2701e,left kidney,UBERON:0004538,sc_bulk,https://purl.org/ccf/ASCTB-TEMP_cortical-vascular-smooth-muscle-pericyte,Cortical Vascular Smooth Muscle / Pericyte,3701.618,0.003252324051484084
https://entity.api.hubmapconsortium.org/entities/9d5baa31d4a9a6a43d7e3ba07bc3b36c,http://purl.org/ccf/1.5/e88dfa31-cb6b-4eaa-b16c-e5c97de2701e,left kidney,UBERON:0004538,sc_bulk,https://purl.org/ccf/ASCTB-TEMP_connecting-tubule-principal,Connecting Tubule Principal,3474.940000000001,0.003053159710014405
https://entity.api.hubmapconsortium.org/entities/9d5baa31d4a9a6a43d7e3ba07bc3b36c,http://purl.org/ccf/1.5/e88dfa31-cb6b-4eaa-b16c-e5c97de2701e,left kidney,UBERON:0004538,sc_bulk,https://purl.org/ccf/ASCTB-TEMP_vascular-smooth-muscle-pericyte,Vascular Smooth Muscle / Pericyte,3381.532999999999,0.002971090238589483
https://entity.api.hubmapconsortium.org/entities/9d5baa31d4a9a6a43d7e3ba07bc3b36c,http://purl.org/ccf/1.5/e88dfa31-cb6b-4eaa-b16c-e5c97de2701e,left kidney,UBERON:0004538,sc_bulk,https://purl.org/ccf/ASCTB-TEMP_m2-macrophage,M2 Macrophage,3375.679999999999,0.002965947662377314
https://entity.api.hubmapconsortium.org/entities/9d5baa31d4a9a6a43d7e3ba07bc3b36c,http://purl.org/ccf/1.5/e88dfa31-cb6b-4eaa-b16c-e5c97de2701e,left kidney,UBERON:0004538,sc_bulk,https://purl.org/ccf/ASCTB-TEMP_descending-thin-limb-type-3,Descending Thin Limb Type 3,3154.318,0.002771454076954773
https://entity.api.hubmapconsortium.org/entities/9d5baa31d4a9a6a43d7e3ba07bc3b36c,http://purl.org/ccf/1.5/e88dfa31-cb6b-4eaa-b16c-e5c97de2701e,left kidney,UBERON:0004538,sc_bulk,https://purl.org/ccf/ASCTB-TEMP_monocyte-derived,Monocyte-derived,2979.315,0.002617692541868799
https://entity.api.hubmapconsortium.org/entities/9d5baa31d4a9a6a43d7e3ba07bc3b36c,http://purl.org/ccf/1.5/e88dfa31-cb6b-4eaa-b16c-e5c97de2701e,left kidney,UBERON:0004538,sc_bulk,https://purl.org/ccf/ASCTB-TEMP_descending-vasa-recta-endothelial,Descending Vasa Recta Endothelial,2757.939999999999,0.0024231875343566
https://entity.api.hubmapconsortium.org/entities/9d5baa31d4a9a6a43d7e3ba07bc3b36c,http://purl.org/ccf/1.5/e88dfa31-cb6b-4eaa-b16c-e5c97de2701e,left kidney,UBERON:0004538,sc_bulk,https://purl.org/ccf/ASCTB-TEMP_t,T,1828.118,0.001606225207558149
https://entity.api.hubmapconsortium.org/entities/9d5baa31d4a9a6a43d7e3ba07bc3b36c,http://purl.org/ccf/1.5/e88dfa31-cb6b-4eaa-b16c-e5c97de2701e,left kidney,UBERON:0004538,sc_bulk,https://purl.org/ccf/ASCTB-TEMP_distal-convoluted-tubule-type-2,Distal Convoluted Tubule Type 2,1561.651,0.001372101364139728
https://entity.api.hubmapconsortium.org/entities/9d5baa31d4a9a6a43d7e3ba07bc3b36c,http://purl.org/ccf/1.5/e88dfa31-cb6b-4eaa-b16c-e5c97de2701e,left kidney,UBERON:0004538,sc_bulk,https://purl.org/ccf/ASCTB-TEMP_afferent-efferent-arteriole-endothelial,Afferent / Efferent Arteriole Endothelial,1489.726,0.001308906456560665
https://entity.api.hubmapconsortium.org/entities/9d5baa31d4a9a6a43d7e3ba07bc3b36c,http://purl.org/ccf/1.5/e88dfa31-cb6b-4eaa-b16c-e5c97de2701e,left kidney,UBERON:0004538,sc_bulk,https://purl.org/ccf/ASCTB-TEMP_proximal-tubule-epithelial-segment-2,Proximal Tubule Epithelial Segment 2,1179.154,0.001036030977427617
https://entity.api.hubmapconsortium.org/entities/9d5baa31d4a9a6a43d7e3ba07bc3b36c,http://purl.org/ccf/1.5/e88dfa31-cb6b-4eaa-b16c-e5c97de2701e,left kidney,UBERON:0004538,sc_bulk,https://purl.org/ccf/ASCTB-TEMP_mast,Mast,809.054,7.108528711361906E-4
https://entity.api.hubmapconsortium.org/entities/9d5baa31d4a9a6a43d7e3ba07bc3b36c,http://purl.org/ccf/1.5/e88dfa31-cb6b-4eaa-b16c-e5c97de2701e,left kidney,UBERON:0004538,sc_bulk,https://purl.org/ccf/ASCTB-TEMP_b,B,619.965,5.447150625964997E-4
https://entity.api.hubmapconsortium.org/entities/9d5baa31d4a9a6a43d7e3ba07bc3b36c,http://purl.org/ccf/1.5/e88dfa31-cb6b-4eaa-b16c-e5c97de2701e,left kidney,UBERON:0004538,sc_bulk,https://purl.org/ccf/ASCTB-TEMP_schwann-neural,Schwann / Neural,534.555,4.69671933554752E-4
https://entity.api.hubmapconsortium.org/entities/9d5baa31d4a9a6a43d7e3ba07bc3b36c,http://purl.org/ccf/1.5/e88dfa31-cb6b-4eaa-b16c-e5c97de2701e,left kidney,UBERON:0004538,sc_bulk,https://purl.org/ccf/ASCTB-TEMP_plasma,Plasma,476.39,4.185668685657198E-4
https://entity.api.hubmapconsortium.org/entities/9d5baa31d4a9a6a43d7e3ba07bc3b36c,http://purl.org/ccf/1.5/e88dfa31-cb6b-4eaa-b16c-e5c97de2701e,left kidney,UBERON:0004538,sc_bulk,https://purl.org/ccf/ASCTB-TEMP_lymphatic-endothelial,Lymphatic Endothelial,475.712,4.179711626590308E-4
https://entity.api.hubmapconsortium.org/entities/9d5baa31d4a9a6a43d7e3ba07bc3b36c,http://purl.org/ccf/1.5/e88dfa31-cb6b-4eaa-b16c-e5c97de2701e,left kidney,UBERON:0004538,sc_bulk,https://purl.org/ccf/ASCTB-TEMP_tissue-resident-macrophage,Tissue-resident Macrophage,460.422,4.045370279786851E-4
https://entity.api.hubmapconsortium.org/entities/9d5baa31d4a9a6a43d7e3ba07bc3b36c,http://purl.org/ccf/1.5/e88dfa31-cb6b-4eaa-b16c-e5c97de2701e,left kidney,UBERON:0004538,sc_bulk,https://purl.org/ccf/ASCTB-TEMP_papillary-tip-epithelial,Papillary Tip Epithelial,263.383,2.314141723030395E-4
https://entity.api.hubmapconsortium.org/entities/9d5baa31d4a9a6a43d7e3ba07bc3b36c,http://purl.org/ccf/1.5/e88dfa31-cb6b-4eaa-b16c-e5c97de2701e,left kidney,UBERON:0004538,sc_bulk,https://purl.org/ccf/ASCTB-TEMP_connecting-tubule-intercalated-type-a,Connecting Tubule Intercalated Type A,245.422,2.156332375094693E-4
https://entity.api.hubmapconsortium.org/entities/9d5baa31d4a9a6a43d7e3ba07bc3b36c,http://purl.org/ccf/1.5/e88dfa31-cb6b-4eaa-b16c-e5c97de2701e,left kidney,UBERON:0004538,sc_bulk,https://purl.org/ccf/ASCTB-TEMP_natural-killer-natural-killer-t,Natural Killer / Natural Killer T,79.75000000000001,7.007012692986032E-5
https://entity.api.hubmapconsortium.org/entities/9d5baa31d4a9a6a43d7e3ba07bc3b36c,http://purl.org/ccf/1.5/e88dfa31-cb6b-4eaa-b16c-e5c97de2701e,left kidney,UBERON:0004538,sc_bulk,https://purl.org/ccf/ASCTB-TEMP_non-classical-monocyte,Non-classical monocyte,75.5,6.63359822345386E-5
https://entity.api.hubmapconsortium.org/entities/9d5baa31d4a9a6a43d7e3ba07bc3b36c,http://purl.org/ccf/1.5/e88dfa31-cb6b-4eaa-b16c-e5c97de2701e,left kidney,UBERON:0004538,sc_bulk,https://purl.org/ccf/ASCTB-TEMP_neutrophil,Neutrophil,53.711,4.719168134833514E-5
https://entity.api.hubmapconsortium.org/entities/9d5baa31d4a9a6a43d7e3ba07bc3b36c,http://purl.org/ccf/1.5/e88dfa31-cb6b-4eaa-b16c-e5c97de2701e,left kidney,UBERON:0004538,sc_bulk,https://purl.org/ccf/ASCTB-TEMP_renin-positive-juxtaglomerular-granular,Renin-positive Juxtaglomerular Granular,51.48,4.523147503886155E-5
https://entity.api.hubmapconsortium.org/entities/9d5baa31d4a9a6a43d7e3ba07bc3b36c,http://purl.org/ccf/1.5/e88dfa31-cb6b-4eaa-b16c-e5c97de2701e,left kidney,UBERON:0004538,sc_bulk,https://purl.org/ccf/ASCTB-TEMP_monocyte,Monocyte,46.924,4.122847192547668E-5
https://entity.api.hubmapconsortium.org/entities/9d5baa31d4a9a6a43d7e3ba07bc3b36c,http://purl.org/ccf/1.5/e88dfa31-cb6b-4eaa-b16c-e5c97de2701e,left kidney,UBERON:0004538,sc_bulk,https://purl.org/ccf/ASCTB-TEMP_natural-killer-t,Natural Killer T,43.343,3.808212553631267E-5
https://entity.api.hubmapconsortium.org/entities/9d5baa31d4a9a6a43d7e3ba07bc3b36c,http://purl.org/ccf/1.5/e88dfa31-cb6b-4eaa-b16c-e5c97de2701e,left kidney,UBERON:0004538,sc_bulk,https://purl.org/ccf/ASCTB-TEMP_plasmacytoid-dendritic,Plasmacytoid Dendritic,38.875,3.415644118367799E-5
https://entity.api.hubmapconsortium.org/entities/9d5baa31d4a9a6a43d7e3ba07bc3b36c,http://purl.org/ccf/1.5/e88dfa31-cb6b-4eaa-b16c-e5c97de2701e,left kidney,UBERON:0004538,sc_bulk,https://purl.org/ccf/ASCTB-TEMP_cycling-mononuclear-phagocyte,Cycling Mononuclear Phagocyte,20.779,1.825689238213877E-5
https://entity.api.hubmapconsortium.org/entities/9f87133a040070ff261384ec21c61c26,http://purl.org/ccf/1.5/e4d28a22-b26e-4486-a146-cb21d74a9a41,small intestine,UBERON:0002108,spatial,https://purl.org/ccf/ASCTB-TEMP_enterocyte,Enterocyte,13.984412,0.2288309016293707
https://entity.api.hubmapconsortium.org/entities/9f87133a040070ff261384ec21c61c26,http://purl.org/ccf/1.5/e4d28a22-b26e-4486-a146-cb21d74a9a41,small intestine,UBERON:0002108,spatial,https://purl.org/ccf/ASCTB-TEMP_cycling-ta,Cycling TA,6.887087999999999,0.1126953751534794
https://entity.api.hubmapconsortium.org/entities/9f87133a040070ff261384ec21c61c26,http://purl.org/ccf/1.5/e4d28a22-b26e-4486-a146-cb21d74a9a41,small intestine,UBERON:0002108,spatial,https://purl.org/ccf/ASCTB-TEMP_endothelial,Endothelial,5.055128,0.08271849385529242
https://entity.api.hubmapconsortium.org/entities/9f87133a040070ff261384ec21c61c26,http://purl.org/ccf/1.5/e4d28a22-b26e-4486-a146-cb21d74a9a41,small intestine,UBERON:0002108,spatial,https://purl.org/ccf/ASCTB-TEMP_smooth-muscle,Smooth muscle,4.910463999999999,0.08035131577491897
https://entity.api.hubmapconsortium.org/entities/9f87133a040070ff261384ec21c61c26,http://purl.org/ccf/1.5/e4d28a22-b26e-4486-a146-cb21d74a9a41,small intestine,UBERON:0002108,spatial,https://purl.org/ccf/ASCTB-TEMP_stroma,Stroma,3.987724,0.06525225932767718
https://entity.api.hubmapconsortium.org/entities/9f87133a040070ff261384ec21c61c26,http://purl.org/ccf/1.5/e4d28a22-b26e-4486-a146-cb21d74a9a41,small intestine,UBERON:0002108,spatial,https://purl.org/ccf/ASCTB-TEMP_goblet,Goblet,3.839004,0.06281871176841476
https://entity.api.hubmapconsortium.org/entities/9f87133a040070ff261384ec21c61c26,http://purl.org/ccf/1.5/e4d28a22-b26e-4486-a146-cb21d74a9a41,small intestine,UBERON:0002108,spatial,https://purl.org/ccf/ASCTB-TEMP_cd4-t-cell,CD4+ T cell,3.354312,0.05488755904118226
https://entity.api.hubmapconsortium.org/entities/9f87133a040070ff261384ec21c61c26,http://purl.org/ccf/1.5/e4d28a22-b26e-4486-a146-cb21d74a9a41,small intestine,UBERON:0002108,spatial,https://purl.org/ccf/ASCTB-TEMP_m2-macrophage,M2 Macrophage,3.102164,0.05076158977025098
https://entity.api.hubmapconsortium.org/entities/9f87133a040070ff261384ec21c61c26,http://purl.org/ccf/1.5/e4d28a22-b26e-4486-a146-cb21d74a9a41,small intestine,UBERON:0002108,spatial,https://purl.org/ccf/ASCTB-TEMP_plasma,Plasma,2.877056,0.04707808369191287
https://entity.api.hubmapconsortium.org/entities/9f87133a040070ff261384ec21c61c26,http://purl.org/ccf/1.5/e4d28a22-b26e-4486-a146-cb21d74a9a41,small intestine,UBERON:0002108,spatial,https://purl.org/ccf/ASCTB-TEMP_cd8-t,CD8+ T,2.579616,0.04221098857338806
https://entity.api.hubmapconsortium.org/entities/9f87133a040070ff261384ec21c61c26,http://purl.org/ccf/1.5/e4d28a22-b26e-4486-a146-cb21d74a9a41,small intestine,UBERON:0002108,spatial,https://purl.org/ccf/ASCTB-TEMP_ta,TA,1.948232,0.03187947302633762
https://entity.api.hubmapconsortium.org/entities/9f87133a040070ff261384ec21c61c26,http://purl.org/ccf/1.5/e4d28a22-b26e-4486-a146-cb21d74a9a41,small intestine,UBERON:0002108,spatial,https://purl.org/ccf/ASCTB-TEMP_lymphatic,Lymphatic,1.891448,0.03095030032189197
https://entity.api.hubmapconsortium.org/entities/9f87133a040070ff261384ec21c61c26,http://purl.org/ccf/1.5/e4d28a22-b26e-4486-a146-cb21d74a9a41,small intestine,UBERON:0002108,spatial,https://purl.org/ccf/ASCTB-TEMP_nerve,Nerve,1.8421,0.03014280499540944
https://entity.api.hubmapconsortium.org/entities/9f87133a040070ff261384ec21c61c26,http://purl.org/ccf/1.5/e4d28a22-b26e-4486-a146-cb21d74a9a41,small intestine,UBERON:0002108,spatial,https://purl.org/ccf/ASCTB-TEMP_paneth,Paneth,0.813228,0.01330708051723947
https://entity.api.hubmapconsortium.org/entities/9f87133a040070ff261384ec21c61c26,http://purl.org/ccf/1.5/e4d28a22-b26e-4486-a146-cb21d74a9a41,small intestine,UBERON:0002108,spatial,https://purl.org/ccf/ASCTB-TEMP_dc,DC,0.798356,0.01306372576131323
https://entity.api.hubmapconsortium.org/entities/9f87133a040070ff261384ec21c61c26,http://purl.org/ccf/1.5/e4d28a22-b26e-4486-a146-cb21d74a9a41,small intestine,UBERON:0002108,spatial,https://purl.org/ccf/ASCTB-TEMP_icc,ICC,0.688168,0.01126068825149608
https://entity.api.hubmapconsortium.org/entities/9f87133a040070ff261384ec21c61c26,http://purl.org/ccf/1.5/e4d28a22-b26e-4486-a146-cb21d74a9a41,small intestine,UBERON:0002108,spatial,https://purl.org/ccf/ASCTB-TEMP_muc1-enterocyte,MUC1+ Enterocyte,0.6685639999999999,0.01093990243686603
https://entity.api.hubmapconsortium.org/entities/9f87133a040070ff261384ec21c61c26,http://purl.org/ccf/1.5/e4d28a22-b26e-4486-a146-cb21d74a9a41,small intestine,UBERON:0002108,spatial,https://purl.org/ccf/ASCTB-TEMP_cd66-enterocyte,CD66+ Enterocyte,0.6138079999999999,0.01004391447186487
https://entity.api.hubmapconsortium.org/entities/9f87133a040070ff261384ec21c61c26,http://purl.org/ccf/1.5/e4d28a22-b26e-4486-a146-cb21d74a9a41,small intestine,UBERON:0002108,spatial,https://purl.org/ccf/ASCTB-TEMP_neuroendocrine,Neuroendocrine,0.425204,0.006957733703527538
https://entity.api.hubmapconsortium.org/entities/9f87133a040070ff261384ec21c61c26,http://purl.org/ccf/1.5/e4d28a22-b26e-4486-a146-cb21d74a9a41,small intestine,UBERON:0002108,spatial,https://purl.org/ccf/ASCTB-TEMP_neutrophil,Neutrophil,0.213616,0.003495459221486012
https://entity.api.hubmapconsortium.org/entities/9f87133a040070ff261384ec21c61c26,http://purl.org/ccf/1.5/e4d28a22-b26e-4486-a146-cb21d74a9a41,small intestine,UBERON:0002108,spatial,https://purl.org/ccf/ASCTB-TEMP_nk,NK,0.163592,0.002676902315188655
https://entity.api.hubmapconsortium.org/entities/9f87133a040070ff261384ec21c61c26,http://purl.org/ccf/1.5/e4d28a22-b26e-4486-a146-cb21d74a9a41,small intestine,UBERON:0002108,spatial,https://purl.org/ccf/ASCTB-TEMP_b,B,0.146692,0.002400362819817926
https://entity.api.hubmapconsortium.org/entities/9f87133a040070ff261384ec21c61c26,http://purl.org/ccf/1.5/e4d28a22-b26e-4486-a146-cb21d74a9a41,small intestine,UBERON:0002108,spatial,https://purl.org/ccf/ASCTB-TEMP_cd57-enterocyte,CD57+ Enterocyte,0.131144,0.002145946484076856
https://entity.api.hubmapconsortium.org/entities/9f87133a040070ff261384ec21c61c26,http://purl.org/ccf/1.5/e4d28a22-b26e-4486-a146-cb21d74a9a41,small intestine,UBERON:0002108,spatial,https://purl.org/ccf/ASCTB-TEMP_m1-macrophage,M1 Macrophage,0.125736,0.002057453845558223
https://entity.api.hubmapconsortium.org/entities/9f87133a040070ff261384ec21c61c26,http://purl.org/ccf/1.5/e4d28a22-b26e-4486-a146-cb21d74a9a41,small intestine,UBERON:0002108,spatial,https://purl.org/ccf/ASCTB-TEMP_cd7-immune,CD7+ Immune,0.06557199999999999,0.001072973242038428
https://entity.api.hubmapconsortium.org/entities/a0eede0505104ad98934f52ed2f9bceb,http://purl.org/ccf/1.5/050814f8-c2ee-4686-99a0-b58ab08d13cf,skin of body,UBERON:0002097,spatial,https://purl.org/ccf/ASCTB-TEMP_t-helper,T-helper,4349.035755999999,0.7799656838724318
https://entity.api.hubmapconsortium.org/entities/a0eede0505104ad98934f52ed2f9bceb,http://purl.org/ccf/1.5/050814f8-c2ee-4686-99a0-b58ab08d13cf,skin of body,UBERON:0002097,spatial,https://purl.org/ccf/ASCTB-TEMP_t-reg,T-reg,592.206082,0.1062075475243675
https://entity.api.hubmapconsortium.org/entities/a0eede0505104ad98934f52ed2f9bceb,http://purl.org/ccf/1.5/050814f8-c2ee-4686-99a0-b58ab08d13cf,skin of body,UBERON:0002097,spatial,https://purl.org/ccf/ASCTB-TEMP_cd68-macrophage,CD68 / Macrophage,470.068872,0.08430319035910512
https://entity.api.hubmapconsortium.org/entities/a0eede0505104ad98934f52ed2f9bceb,http://purl.org/ccf/1.5/050814f8-c2ee-4686-99a0-b58ab08d13cf,skin of body,UBERON:0002097,spatial,https://purl.org/ccf/ASCTB-TEMP_t-killer,T-Killer,164.62147,0.02952357824409551
https://entity.api.hubmapconsortium.org/entities/a1b167178431608b253c4a07ae18e5d9,http://purl.org/ccf/1.5/8ae7c9f9-b138-4b44-8aaf-944b7544ff8a,left kidney,UBERON:0004538,sc_bulk,https://purl.org/ccf/ASCTB-TEMP_inner-medullary-collecting-duct,Inner Medullary Collecting Duct,21.262179,0.2886076777194522
https://entity.api.hubmapconsortium.org/entities/a1b167178431608b253c4a07ae18e5d9,http://purl.org/ccf/1.5/8ae7c9f9-b138-4b44-8aaf-944b7544ff8a,left kidney,UBERON:0004538,sc_bulk,https://purl.org/ccf/ASCTB-TEMP_descending-thin-limb-type-1,Descending Thin Limb Type 1,10.824966,0.1469354716020417
https://entity.api.hubmapconsortium.org/entities/a1b167178431608b253c4a07ae18e5d9,http://purl.org/ccf/1.5/8ae7c9f9-b138-4b44-8aaf-944b7544ff8a,left kidney,UBERON:0004538,sc_bulk,https://purl.org/ccf/ASCTB-TEMP_medullary-thick-ascending-limb,Medullary Thick Ascending Limb,9.172116000000003,0.1245000852703494
https://entity.api.hubmapconsortium.org/entities/a1b167178431608b253c4a07ae18e5d9,http://purl.org/ccf/1.5/8ae7c9f9-b138-4b44-8aaf-944b7544ff8a,left kidney,UBERON:0004538,sc_bulk,https://purl.org/ccf/ASCTB-TEMP_connecting-tubule,Connecting Tubule,8.611074000000002,0.1168846367914763
https://entity.api.hubmapconsortium.org/entities/a1b167178431608b253c4a07ae18e5d9,http://purl.org/ccf/1.5/8ae7c9f9-b138-4b44-8aaf-944b7544ff8a,left kidney,UBERON:0004538,sc_bulk,https://purl.org/ccf/ASCTB-TEMP_fibroblast,Fibroblast,3.958833,0.05373624211371431
https://entity.api.hubmapconsortium.org/entities/a1b167178431608b253c4a07ae18e5d9,http://purl.org/ccf/1.5/8ae7c9f9-b138-4b44-8aaf-944b7544ff8a,left kidney,UBERON:0004538,sc_bulk,https://purl.org/ccf/ASCTB-TEMP_cortical-thick-ascending-limb,Cortical Thick Ascending Limb,2.864682000000001,0.03888450094530367
https://entity.api.hubmapconsortium.org/entities/a1b167178431608b253c4a07ae18e5d9,http://purl.org/ccf/1.5/8ae7c9f9-b138-4b44-8aaf-944b7544ff8a,left kidney,UBERON:0004538,sc_bulk,https://purl.org/ccf/ASCTB-TEMP_medullary-fibroblast,Medullary Fibroblast,2.493380999999999,0.03384455093148286
https://entity.api.hubmapconsortium.org/entities/a1b167178431608b253c4a07ae18e5d9,http://purl.org/ccf/1.5/8ae7c9f9-b138-4b44-8aaf-944b7544ff8a,left kidney,UBERON:0004538,sc_bulk,https://purl.org/ccf/ASCTB-TEMP_descending-thin-limb-type-2,Descending Thin Limb Type 2,2.131326,0.02893010388648732
https://entity.api.hubmapconsortium.org/entities/a1b167178431608b253c4a07ae18e5d9,http://purl.org/ccf/1.5/8ae7c9f9-b138-4b44-8aaf-944b7544ff8a,left kidney,UBERON:0004538,sc_bulk,https://purl.org/ccf/ASCTB-TEMP_proximal-tubule-epithelial-segment-3,Proximal Tubule Epithelial Segment 3,1.358541,0.0184405071134366
https://entity.api.hubmapconsortium.org/entities/a1b167178431608b253c4a07ae18e5d9,http://purl.org/ccf/1.5/8ae7c9f9-b138-4b44-8aaf-944b7544ff8a,left kidney,UBERON:0004538,sc_bulk,https://purl.org/ccf/ASCTB-TEMP_outer-medullary-collecting-duct-principal,Outer Medullary Collecting Duct Principal,1.307316,0.01774519134682684
https://entity.api.hubmapconsortium.org/entities/a1b167178431608b253c4a07ae18e5d9,http://purl.org/ccf/1.5/8ae7c9f9-b138-4b44-8aaf-944b7544ff8a,left kidney,UBERON:0004538,sc_bulk,https://purl.org/ccf/ASCTB-TEMP_distal-convoluted-tubule-type-1,Distal Convoluted Tubule Type 1,1.182666,0.01605322238034745
https://entity.api.hubmapconsortium.org/entities/a1b167178431608b253c4a07ae18e5d9,http://purl.org/ccf/1.5/8ae7c9f9-b138-4b44-8aaf-944b7544ff8a,left kidney,UBERON:0004538,sc_bulk,https://purl.org/ccf/ASCTB-TEMP_papillary-tip-epithelial,Papillary Tip Epithelial,1.073553,0.01457214889587521
https://entity.api.hubmapconsortium.org/entities/a1b167178431608b253c4a07ae18e5d9,http://purl.org/ccf/1.5/8ae7c9f9-b138-4b44-8aaf-944b7544ff8a,left kidney,UBERON:0004538,sc_bulk,https://purl.org/ccf/ASCTB-TEMP_proximal-tubule-epithelial-segment-1,Proximal Tubule Epithelial Segment 1,1.059099,0.01437595379405817
https://entity.api.hubmapconsortium.org/entities/a1b167178431608b253c4a07ae18e5d9,http://purl.org/ccf/1.5/8ae7c9f9-b138-4b44-8aaf-944b7544ff8a,left kidney,UBERON:0004538,sc_bulk,https://purl.org/ccf/ASCTB-TEMP_descending-vasa-recta-endothelial,Descending Vasa Recta Endothelial,0.9161880000000001,0.01243611442808517
https://entity.api.hubmapconsortium.org/entities/a1b167178431608b253c4a07ae18e5d9,http://purl.org/ccf/1.5/8ae7c9f9-b138-4b44-8aaf-944b7544ff8a,left kidney,UBERON:0004538,sc_bulk,https://purl.org/ccf/ASCTB-TEMP_ascending-vasa-recta-endothelial,Ascending Vasa Recta Endothelial,0.7457729999999999,0.01012294241506804
https://entity.api.hubmapconsortium.org/entities/a1b167178431608b253c4a07ae18e5d9,http://purl.org/ccf/1.5/8ae7c9f9-b138-4b44-8aaf-944b7544ff8a,left kidney,UBERON:0004538,sc_bulk,https://purl.org/ccf/ASCTB-TEMP_cortical-collecting-duct-principal,Cortical Collecting Duct Principal,0.678612,0.009211315236907415
https://entity.api.hubmapconsortium.org/entities/a1b167178431608b253c4a07ae18e5d9,http://purl.org/ccf/1.5/8ae7c9f9-b138-4b44-8aaf-944b7544ff8a,left kidney,UBERON:0004538,sc_bulk,https://purl.org/ccf/ASCTB-TEMP_vascular-smooth-muscle-pericyte,Vascular Smooth Muscle / Pericyte,0.6512100000000002,0.008839367113205307
https://entity.api.hubmapconsortium.org/entities/a1b167178431608b253c4a07ae18e5d9,http://purl.org/ccf/1.5/8ae7c9f9-b138-4b44-8aaf-944b7544ff8a,left kidney,UBERON:0004538,sc_bulk,https://purl.org/ccf/ASCTB-TEMP_mesangial,Mesangial,0.496497,0.006739330252307388
https://entity.api.hubmapconsortium.org/entities/a1b167178431608b253c4a07ae18e5d9,http://purl.org/ccf/1.5/8ae7c9f9-b138-4b44-8aaf-944b7544ff8a,left kidney,UBERON:0004538,sc_bulk,https://purl.org/ccf/ASCTB-TEMP_peritubular-capilary-endothelial,Peritubular Capilary Endothelial,0.433632,0.005886015939610021
https://entity.api.hubmapconsortium.org/entities/a1b167178431608b253c4a07ae18e5d9,http://purl.org/ccf/1.5/8ae7c9f9-b138-4b44-8aaf-944b7544ff8a,left kidney,UBERON:0004538,sc_bulk,https://purl.org/ccf/ASCTB-TEMP_m2-macrophage,M2 Macrophage,0.415842,0.005644538780254481
https://entity.api.hubmapconsortium.org/entities/a1b167178431608b253c4a07ae18e5d9,http://purl.org/ccf/1.5/8ae7c9f9-b138-4b44-8aaf-944b7544ff8a,left kidney,UBERON:0004538,sc_bulk,https://purl.org/ccf/ASCTB-TEMP_cortical-vascular-smooth-muscle-pericyte,Cortical Vascular Smooth Muscle / Pericyte,0.3347610000000001,0.004543964887184966
https://entity.api.hubmapconsortium.org/entities/a1b167178431608b253c4a07ae18e5d9,http://purl.org/ccf/1.5/8ae7c9f9-b138-4b44-8aaf-944b7544ff8a,left kidney,UBERON:0004538,sc_bulk,https://purl.org/ccf/ASCTB-TEMP_cortical-collecting-duct-intercalated-type-a,Cortical Collecting Duct Intercalated Type A,0.316875,0.004301184647036948
https://entity.api.hubmapconsortium.org/entities/a1b167178431608b253c4a07ae18e5d9,http://purl.org/ccf/1.5/8ae7c9f9-b138-4b44-8aaf-944b7544ff8a,left kidney,UBERON:0004538,sc_bulk,https://purl.org/ccf/ASCTB-TEMP_outer-medullary-collecting-duct-intercalated-type-a,Outer Medullary Collecting Duct Intercalated Type A,0.254391,0.003453041936234718
https://entity.api.hubmapconsortium.org/entities/a1b167178431608b253c4a07ae18e5d9,http://purl.org/ccf/1.5/8ae7c9f9-b138-4b44-8aaf-944b7544ff8a,left kidney,UBERON:0004538,sc_bulk,https://purl.org/ccf/ASCTB-TEMP_ascending-thin-limb,Ascending Thin Limb,0.186018,0.002524963363069093
https://entity.api.hubmapconsortium.org/entities/a1b167178431608b253c4a07ae18e5d9,http://purl.org/ccf/1.5/8ae7c9f9-b138-4b44-8aaf-944b7544ff8a,left kidney,UBERON:0004538,sc_bulk,https://purl.org/ccf/ASCTB-TEMP_macula-densa,Macula Densa,0.140784,0.001910967982164733
https://entity.api.hubmapconsortium.org/entities/a1b167178431608b253c4a07ae18e5d9,http://purl.org/ccf/1.5/8ae7c9f9-b138-4b44-8aaf-944b7544ff8a,left kidney,UBERON:0004538,sc_bulk,https://purl.org/ccf/ASCTB-TEMP_connecting-tubule-principal,Connecting Tubule Principal,0.115317,0.001565285080685948
https://entity.api.hubmapconsortium.org/entities/a1b167178431608b253c4a07ae18e5d9,http://purl.org/ccf/1.5/8ae7c9f9-b138-4b44-8aaf-944b7544ff8a,left kidney,UBERON:0004538,sc_bulk,https://purl.org/ccf/ASCTB-TEMP_afferent-efferent-arteriole-endothelial,Afferent / Efferent Arteriole Endothelial,0.094794,0.001286710840019631
https://entity.api.hubmapconsortium.org/entities/a1b167178431608b253c4a07ae18e5d9,http://purl.org/ccf/1.5/8ae7c9f9-b138-4b44-8aaf-944b7544ff8a,left kidney,UBERON:0004538,sc_bulk,https://purl.org/ccf/ASCTB-TEMP_glomerular-capillary-endothelial,Glomerular Capillary Endothelial,0.076623,0.001040062078768953
https://entity.api.hubmapconsortium.org/entities/a1b167178431608b253c4a07ae18e5d9,http://purl.org/ccf/1.5/8ae7c9f9-b138-4b44-8aaf-944b7544ff8a,left kidney,UBERON:0004538,sc_bulk,https://purl.org/ccf/ASCTB-TEMP_descending-thin-limb-type-3,Descending Thin Limb Type 3,0.076242,0.001034890476873818
https://entity.api.hubmapconsortium.org/entities/a1b167178431608b253c4a07ae18e5d9,http://purl.org/ccf/1.5/8ae7c9f9-b138-4b44-8aaf-944b7544ff8a,left kidney,UBERON:0004538,sc_bulk,https://purl.org/ccf/ASCTB-TEMP_tissue-resident-macrophage,Tissue-resident Macrophage,0.071892,9.758446284647898E-4
https://entity.api.hubmapconsortium.org/entities/a1b167178431608b253c4a07ae18e5d9,http://purl.org/ccf/1.5/8ae7c9f9-b138-4b44-8aaf-944b7544ff8a,left kidney,UBERON:0004538,sc_bulk,https://purl.org/ccf/ASCTB-TEMP_podocyte,Podocyte,0.06884100000000001,9.344310920289407E-4
https://entity.api.hubmapconsortium.org/entities/a1b167178431608b253c4a07ae18e5d9,http://purl.org/ccf/1.5/8ae7c9f9-b138-4b44-8aaf-944b7544ff8a,left kidney,UBERON:0004538,sc_bulk,https://purl.org/ccf/ASCTB-TEMP_parietal-epithelial,Parietal Epithelial,0.05598600000000001,7.599404296615719E-4
https://entity.api.hubmapconsortium.org/entities/a1b167178431608b253c4a07ae18e5d9,http://purl.org/ccf/1.5/8ae7c9f9-b138-4b44-8aaf-944b7544ff8a,left kidney,UBERON:0004538,sc_bulk,https://purl.org/ccf/ASCTB-TEMP_monocyte-derived,Monocyte-derived,0.043596,5.917615648827544E-4
https://entity.api.hubmapconsortium.org/entities/a1b167178431608b253c4a07ae18e5d9,http://purl.org/ccf/1.5/8ae7c9f9-b138-4b44-8aaf-944b7544ff8a,left kidney,UBERON:0004538,sc_bulk,https://purl.org/ccf/ASCTB-TEMP_t,T,0.040704,5.52506256009442E-4
https://entity.api.hubmapconsortium.org/entities/a1b167178431608b253c4a07ae18e5d9,http://purl.org/ccf/1.5/8ae7c9f9-b138-4b44-8aaf-944b7544ff8a,left kidney,UBERON:0004538,sc_bulk,https://purl.org/ccf/ASCTB-TEMP_intercalated-type-b,Intercalated Type B,0.035193,4.777012742664184E-4
https://entity.api.hubmapconsortium.org/entities/a1b167178431608b253c4a07ae18e5d9,http://purl.org/ccf/1.5/8ae7c9f9-b138-4b44-8aaf-944b7544ff8a,left kidney,UBERON:0004538,sc_bulk,https://purl.org/ccf/ASCTB-TEMP_lymphatic-endothelial,Lymphatic Endothelial,0.033093,4.491963819310256E-4
https://entity.api.hubmapconsortium.org/entities/a1b167178431608b253c4a07ae18e5d9,http://purl.org/ccf/1.5/8ae7c9f9-b138-4b44-8aaf-944b7544ff8a,left kidney,UBERON:0004538,sc_bulk,https://purl.org/ccf/ASCTB-TEMP_monocyte,Monocyte,0.015372,2.086558118950752E-4
https://entity.api.hubmapconsortium.org/entities/a1b167178431608b253c4a07ae18e5d9,http://purl.org/ccf/1.5/8ae7c9f9-b138-4b44-8aaf-944b7544ff8a,left kidney,UBERON:0004538,sc_bulk,https://purl.org/ccf/ASCTB-TEMP_proximal-tubule-epithelial-segment-2,Proximal Tubule Epithelial Segment 2,0.014046,1.906570084490129E-4
https://entity.api.hubmapconsortium.org/entities/a1b167178431608b253c4a07ae18e5d9,http://purl.org/ccf/1.5/8ae7c9f9-b138-4b44-8aaf-944b7544ff8a,left kidney,UBERON:0004538,sc_bulk,https://purl.org/ccf/ASCTB-TEMP_schwann-neural,Schwann / Neural,0.013758,1.867477660715876E-4
https://entity.api.hubmapconsortium.org/entities/a1b167178431608b253c4a07ae18e5d9,http://purl.org/ccf/1.5/8ae7c9f9-b138-4b44-8aaf-944b7544ff8a,left kidney,UBERON:0004538,sc_bulk,https://purl.org/ccf/ASCTB-TEMP_natural-killer-natural-killer-t,Natural Killer / Natural Killer T,0.012888,1.74938596389782E-4
https://entity.api.hubmapconsortium.org/entities/a1b167178431608b253c4a07ae18e5d9,http://purl.org/ccf/1.5/8ae7c9f9-b138-4b44-8aaf-944b7544ff8a,left kidney,UBERON:0004538,sc_bulk,https://purl.org/ccf/ASCTB-TEMP_distal-convoluted-tubule-type-2,Distal Convoluted Tubule Type 2,0.008565,1.162592394536377E-4
https://entity.api.hubmapconsortium.org/entities/a1b167178431608b253c4a07ae18e5d9,http://purl.org/ccf/1.5/8ae7c9f9-b138-4b44-8aaf-944b7544ff8a,left kidney,UBERON:0004538,sc_bulk,https://purl.org/ccf/ASCTB-TEMP_b,B,0.007092,9.626509354409794E-5
https://entity.api.hubmapconsortium.org/entities/a1b167178431608b253c4a07ae18e5d9,http://purl.org/ccf/1.5/8ae7c9f9-b138-4b44-8aaf-944b7544ff8a,left kidney,UBERON:0004538,sc_bulk,https://purl.org/ccf/ASCTB-TEMP_plasma,Plasma,0.004281,5.810925908943645E-5
https://entity.api.hubmapconsortium.org/entities/a1b167178431608b253c4a07ae18e5d9,http://purl.org/ccf/1.5/8ae7c9f9-b138-4b44-8aaf-944b7544ff8a,left kidney,UBERON:0004538,sc_bulk,https://purl.org/ccf/ASCTB-TEMP_mast,Mast,0.003132,4.251301085450011E-5
https://entity.api.hubmapconsortium.org/entities/a1b167178431608b253c4a07ae18e5d9,http://purl.org/ccf/1.5/8ae7c9f9-b138-4b44-8aaf-944b7544ff8a,left kidney,UBERON:0004538,sc_bulk,https://purl.org/ccf/ASCTB-TEMP_classical-dendritic,Classical Dendritic,0.002844,3.860376847707481E-5
https://entity.api.hubmapconsortium.org/entities/a1b167178431608b253c4a07ae18e5d9,http://purl.org/ccf/1.5/8ae7c9f9-b138-4b44-8aaf-944b7544ff8a,left kidney,UBERON:0004538,sc_bulk,https://purl.org/ccf/ASCTB-TEMP_cycling-mononuclear-phagocyte,Cycling Mononuclear Phagocyte,0.002646,3.591616434259492E-5
https://entity.api.hubmapconsortium.org/entities/a1b167178431608b253c4a07ae18e5d9,http://purl.org/ccf/1.5/8ae7c9f9-b138-4b44-8aaf-944b7544ff8a,left kidney,UBERON:0004538,sc_bulk,https://purl.org/ccf/ASCTB-TEMP_renin-positive-juxtaglomerular-granular,Renin-positive Juxtaglomerular Granular,0.002514,3.412442825294166E-5
https://entity.api.hubmapconsortium.org/entities/a1b167178431608b253c4a07ae18e5d9,http://purl.org/ccf/1.5/8ae7c9f9-b138-4b44-8aaf-944b7544ff8a,left kidney,UBERON:0004538,sc_bulk,https://purl.org/ccf/ASCTB-TEMP_non-classical-monocyte,Non-classical monocyte,8.79E-4,1.193133350610013E-5
https://entity.api.hubmapconsortium.org/entities/a1b167178431608b253c4a07ae18e5d9,http://purl.org/ccf/1.5/8ae7c9f9-b138-4b44-8aaf-944b7544ff8a,left kidney,UBERON:0004538,sc_bulk,https://purl.org/ccf/ASCTB-TEMP_connecting-tubule-intercalated-type-a,Connecting Tubule Intercalated Type A,8.79E-4,1.193133350610013E-5
https://entity.api.hubmapconsortium.org/entities/a1b167178431608b253c4a07ae18e5d9,http://purl.org/ccf/1.5/8ae7c9f9-b138-4b44-8aaf-944b7544ff8a,left kidney,UBERON:0004538,sc_bulk,https://purl.org/ccf/ASCTB-TEMP_neutrophil,Neutrophil,3.6E-5,4.886552971781622E-7
https://entity.api.hubmapconsortium.org/entities/a1b167178431608b253c4a07ae18e5d9,http://purl.org/ccf/1.5/8ae7c9f9-b138-4b44-8aaf-944b7544ff8a,left kidney,UBERON:0004538,sc_bulk,https://purl.org/ccf/ASCTB-TEMP_plasmacytoid-dendritic,Plasmacytoid Dendritic,1.8E-5,2.443276485890811E-7
https://entity.api.hubmapconsortium.org/entities/a1b167178431608b253c4a07ae18e5d9,http://purl.org/ccf/1.5/8ae7c9f9-b138-4b44-8aaf-944b7544ff8a,left kidney,UBERON:0004538,sc_bulk,https://purl.org/ccf/ASCTB-TEMP_natural-killer-t,Natural Killer T,1.8E-5,2.443276485890811E-7
https://entity.api.hubmapconsortium.org/entities/a21b7026f56f3bf5230c724575bb288c,http://purl.org/ccf/1.5/1aa69c76-086c-4b61-9765-37d56081d7cc,heart,UBERON:0000948,sc_bulk,https://purl.org/ccf/ASCTB-TEMP_muscle,Muscle,1832.677569,0.1886987746624205
https://entity.api.hubmapconsortium.org/entities/a21b7026f56f3bf5230c724575bb288c,http://purl.org/ccf/1.5/1aa69c76-086c-4b61-9765-37d56081d7cc,heart,UBERON:0000948,sc_bulk,https://purl.org/ccf/ASCTB-TEMP_fibroblast,Fibroblast,1384.399431,0.1425425184941805
https://entity.api.hubmapconsortium.org/entities/a21b7026f56f3bf5230c724575bb288c,http://purl.org/ccf/1.5/1aa69c76-086c-4b61-9765-37d56081d7cc,heart,UBERON:0000948,sc_bulk,https://purl.org/ccf/ASCTB-TEMP_endothelial-cell,Endothelial cell,1147.994208,0.118201425080658
https://entity.api.hubmapconsortium.org/entities/a21b7026f56f3bf5230c724575bb288c,http://purl.org/ccf/1.5/1aa69c76-086c-4b61-9765-37d56081d7cc,heart,UBERON:0000948,sc_bulk,http://purl.obolibrary.org/obo/CL_0000057,fibroblast,1097.339643,0.1129858571552135
https://entity.api.hubmapconsortium.org/entities/a21b7026f56f3bf5230c724575bb288c,http://purl.org/ccf/1.5/1aa69c76-086c-4b61-9765-37d56081d7cc,heart,UBERON:0000948,sc_bulk,http://purl.obolibrary.org/obo/CL_0002129,regular atrial cardiac myocyte,911.2354199999999,0.09382392740083571
https://entity.api.hubmapconsortium.org/entities/a21b7026f56f3bf5230c724575bb288c,http://purl.org/ccf/1.5/1aa69c76-086c-4b61-9765-37d56081d7cc,heart,UBERON:0000948,sc_bulk,https://purl.org/ccf/ASCTB-TEMP_immune-myeloid-,Immune (myeloid),841.561974,0.08665011018983436
https://entity.api.hubmapconsortium.org/entities/a21b7026f56f3bf5230c724575bb288c,http://purl.org/ccf/1.5/1aa69c76-086c-4b61-9765-37d56081d7cc,heart,UBERON:0000948,sc_bulk,http://purl.obolibrary.org/obo/CL_0000115,endothelial cell,371.4383789999999,0.0382445707665535
https://entity.api.hubmapconsortium.org/entities/a21b7026f56f3bf5230c724575bb288c,http://purl.org/ccf/1.5/1aa69c76-086c-4b61-9765-37d56081d7cc,heart,UBERON:0000948,sc_bulk,http://purl.obolibrary.org/obo/CL_0000669,pericyte,289.657215,0.0298241013406703
https://entity.api.hubmapconsortium.org/entities/a21b7026f56f3bf5230c724575bb288c,http://purl.org/ccf/1.5/1aa69c76-086c-4b61-9765-37d56081d7cc,heart,UBERON:0000948,sc_bulk,http://purl.obolibrary.org/obo/CL_0000003,native cell,266.570028,0.02744696530158007
https://entity.api.hubmapconsortium.org/entities/a21b7026f56f3bf5230c724575bb288c,http://purl.org/ccf/1.5/1aa69c76-086c-4b61-9765-37d56081d7cc,heart,UBERON:0000948,sc_bulk,http://purl.obolibrary.org/obo/CL_0002543,vein endothelial cell,178.582887,0.01838750717670704
https://entity.api.hubmapconsortium.org/entities/a21b7026f56f3bf5230c724575bb288c,http://purl.org/ccf/1.5/1aa69c76-086c-4b61-9765-37d56081d7cc,heart,UBERON:0000948,sc_bulk,http://purl.obolibrary.org/obo/CL_0000235,macrophage,168.657795,0.01736558562842633
https://entity.api.hubmapconsortium.org/entities/a21b7026f56f3bf5230c724575bb288c,http://purl.org/ccf/1.5/1aa69c76-086c-4b61-9765-37d56081d7cc,heart,UBERON:0000948,sc_bulk,http://purl.obolibrary.org/obo/CL_0000192,smooth muscle cell,168.351858,0.01733408530452844
https://entity.api.hubmapconsortium.org/entities/a21b7026f56f3bf5230c724575bb288c,http://purl.org/ccf/1.5/1aa69c76-086c-4b61-9765-37d56081d7cc,heart,UBERON:0000948,sc_bulk,http://purl.obolibrary.org/obo/CL_0002144,capillary endothelial cell,160.409403,0.01651630286878379
https://entity.api.hubmapconsortium.org/entities/a21b7026f56f3bf5230c724575bb288c,http://purl.org/ccf/1.5/1aa69c76-086c-4b61-9765-37d56081d7cc,heart,UBERON:0000948,sc_bulk,http://purl.obolibrary.org/obo/CL_1000413,endothelial cell of artery,147.459204,0.01518290591763984
https://entity.api.hubmapconsortium.org/entities/a21b7026f56f3bf5230c724575bb288c,http://purl.org/ccf/1.5/1aa69c76-086c-4b61-9765-37d56081d7cc,heart,UBERON:0000948,sc_bulk,https://purl.org/ccf/ASCTB-TEMP_immune-lymphocyte-,Immune (lymphocyte),97.194654,0.01000749527563947
https://entity.api.hubmapconsortium.org/entities/a21b7026f56f3bf5230c724575bb288c,http://purl.org/ccf/1.5/1aa69c76-086c-4b61-9765-37d56081d7cc,heart,UBERON:0000948,sc_bulk,http://purl.obolibrary.org/obo/CL_0002319,neural cell,88.382259,0.009100140830717335
https://entity.api.hubmapconsortium.org/entities/a21b7026f56f3bf5230c724575bb288c,http://purl.org/ccf/1.5/1aa69c76-086c-4b61-9765-37d56081d7cc,heart,UBERON:0000948,sc_bulk,http://purl.obolibrary.org/obo/CL_1000309,epicardial adipocyte,73.68343199999998,0.007586699137103795
https://entity.api.hubmapconsortium.org/entities/a21b7026f56f3bf5230c724575bb288c,http://purl.org/ccf/1.5/1aa69c76-086c-4b61-9765-37d56081d7cc,heart,UBERON:0000948,sc_bulk,http://purl.obolibrary.org/obo/CL_0000906,"activated CD8-positive, alpha-beta T cell",64.992051,0.006691804709100764
https://entity.api.hubmapconsortium.org/entities/a21b7026f56f3bf5230c724575bb288c,http://purl.org/ccf/1.5/1aa69c76-086c-4b61-9765-37d56081d7cc,heart,UBERON:0000948,sc_bulk,http://purl.obolibrary.org/obo/CL_0000794,"CD8-positive, alpha-beta cytotoxic T cell",58.90320000000001,0.006064875705201304
https://entity.api.hubmapconsortium.org/entities/a21b7026f56f3bf5230c724575bb288c,http://purl.org/ccf/1.5/1aa69c76-086c-4b61-9765-37d56081d7cc,heart,UBERON:0000948,sc_bulk,https://purl.org/ccf/ASCTB-TEMP_glia,Glia,44.057115,0.004536271822324763
https://entity.api.hubmapconsortium.org/entities/a21b7026f56f3bf5230c724575bb288c,http://purl.org/ccf/1.5/1aa69c76-086c-4b61-9765-37d56081d7cc,heart,UBERON:0000948,sc_bulk,http://purl.obolibrary.org/obo/CL_0000236,B cell,42.088086,0.004333533836189258
https://entity.api.hubmapconsortium.org/entities/a21b7026f56f3bf5230c724575bb288c,http://purl.org/ccf/1.5/1aa69c76-086c-4b61-9765-37d56081d7cc,heart,UBERON:0000948,sc_bulk,http://purl.obolibrary.org/obo/CL_0002397,"CD14-positive, CD16-positive monocyte",41.839011,0.004307888219036489
https://entity.api.hubmapconsortium.org/entities/a21b7026f56f3bf5230c724575bb288c,http://purl.org/ccf/1.5/1aa69c76-086c-4b61-9765-37d56081d7cc,heart,UBERON:0000948,sc_bulk,http://purl.obolibrary.org/obo/CL_0000623,natural killer cell,39.510342,0.004068120463743816
https://entity.api.hubmapconsortium.org/entities/a21b7026f56f3bf5230c724575bb288c,http://purl.org/ccf/1.5/1aa69c76-086c-4b61-9765-37d56081d7cc,heart,UBERON:0000948,sc_bulk,http://purl.obolibrary.org/obo/CL_0001054,CD14-positive monocyte,37.55856599999999,0.003867158905723283
https://entity.api.hubmapconsortium.org/entities/a21b7026f56f3bf5230c724575bb288c,http://purl.org/ccf/1.5/1aa69c76-086c-4b61-9765-37d56081d7cc,heart,UBERON:0000948,sc_bulk,http://purl.obolibrary.org/obo/CL_0000934,"CD4-positive, alpha-beta cytotoxic T cell",34.788852,0.003581979642984486
https://entity.api.hubmapconsortium.org/entities/a21b7026f56f3bf5230c724575bb288c,http://purl.org/ccf/1.5/1aa69c76-086c-4b61-9765-37d56081d7cc,heart,UBERON:0000948,sc_bulk,https://purl.org/ccf/ASCTB-TEMP_adipocyte,Adipocyte,29.308716,0.003017726025394965
https://entity.api.hubmapconsortium.org/entities/a21b7026f56f3bf5230c724575bb288c,http://purl.org/ccf/1.5/1aa69c76-086c-4b61-9765-37d56081d7cc,heart,UBERON:0000948,sc_bulk,http://purl.obolibrary.org/obo/CL_0000576,monocyte,24.368283,0.002509042081655495
https://entity.api.hubmapconsortium.org/entities/a21b7026f56f3bf5230c724575bb288c,http://purl.org/ccf/1.5/1aa69c76-086c-4b61-9765-37d56081d7cc,heart,UBERON:0000948,sc_bulk,http://purl.obolibrary.org/obo/CL_0000077,mesothelial cell,23.637582,0.002433806597969272
https://entity.api.hubmapconsortium.org/entities/a21b7026f56f3bf5230c724575bb288c,http://purl.org/ccf/1.5/1aa69c76-086c-4b61-9765-37d56081d7cc,heart,UBERON:0000948,sc_bulk,http://purl.obolibrary.org/obo/CL_0000814,mature NK T cell,14.649012,0.001508312570182985
https://entity.api.hubmapconsortium.org/entities/a21b7026f56f3bf5230c724575bb288c,http://purl.org/ccf/1.5/1aa69c76-086c-4b61-9765-37d56081d7cc,heart,UBERON:0000948,sc_bulk,http://purl.obolibrary.org/obo/CL_0000896,"activated CD4-positive, alpha-beta T cell",13.772025,0.00141801497769094
https://entity.api.hubmapconsortium.org/entities/a21b7026f56f3bf5230c724575bb288c,http://purl.org/ccf/1.5/1aa69c76-086c-4b61-9765-37d56081d7cc,heart,UBERON:0000948,sc_bulk,http://purl.obolibrary.org/obo/CL_0000451,dendritic cell,9.875763000000001,0.001016842465078739
https://entity.api.hubmapconsortium.org/entities/a21b7026f56f3bf5230c724575bb288c,http://purl.org/ccf/1.5/1aa69c76-086c-4b61-9765-37d56081d7cc,heart,UBERON:0000948,sc_bulk,http://purl.obolibrary.org/obo/CL_0000097,mast cell,5.160104999999999,5.313021270624986E-4
https://entity.api.hubmapconsortium.org/entities/a21b7026f56f3bf5230c724575bb288c,http://purl.org/ccf/1.5/1aa69c76-086c-4b61-9765-37d56081d7cc,heart,UBERON:0000948,sc_bulk,http://purl.obolibrary.org/obo/CL_0002138,endothelial cell of lymphatic vessel,2.081781,2.143473191685626E-4
https://entity.api.hubmapconsortium.org/entities/a5454ec311332fa221916cd5d1c6815d,http://purl.org/ccf/1.5/ead9ee7d-709b-4e1c-8451-a174767baec5,heart,UBERON:0000948,sc_bulk,https://purl.org/ccf/ASCTB-TEMP_fibroblast,Fibroblast,236167.4896749999,0.3330088912100683
https://entity.api.hubmapconsortium.org/entities/a5454ec311332fa221916cd5d1c6815d,http://purl.org/ccf/1.5/ead9ee7d-709b-4e1c-8451-a174767baec5,heart,UBERON:0000948,sc_bulk,https://purl.org/ccf/ASCTB-TEMP_ventricular-cardiomycoyte,Ventricular Cardiomycoyte,186078.235058,0.2623803421049386
https://entity.api.hubmapconsortium.org/entities/a5454ec311332fa221916cd5d1c6815d,http://purl.org/ccf/1.5/ead9ee7d-709b-4e1c-8451-a174767baec5,heart,UBERON:0000948,sc_bulk,http://purl.obolibrary.org/obo/CL_0002131,regular ventricular cardiac myocyte,67339.21508,0.09495192322874961
https://entity.api.hubmapconsortium.org/entities/a5454ec311332fa221916cd5d1c6815d,http://purl.org/ccf/1.5/ead9ee7d-709b-4e1c-8451-a174767baec5,heart,UBERON:0000948,sc_bulk,http://purl.obolibrary.org/obo/CL_0000669,pericyte,35789.315945,0.05046486472974055
https://entity.api.hubmapconsortium.org/entities/a5454ec311332fa221916cd5d1c6815d,http://purl.org/ccf/1.5/ead9ee7d-709b-4e1c-8451-a174767baec5,heart,UBERON:0000948,sc_bulk,http://purl.obolibrary.org/obo/CL_0002144,capillary endothelial cell,28753.066751,0.04054337407242712
https://entity.api.hubmapconsortium.org/entities/a5454ec311332fa221916cd5d1c6815d,http://purl.org/ccf/1.5/ead9ee7d-709b-4e1c-8451-a174767baec5,heart,UBERON:0000948,sc_bulk,https://purl.org/ccf/ASCTB-TEMP_b,B,28208.99912899999,0.03977620939707384
https://entity.api.hubmapconsortium.org/entities/a5454ec311332fa221916cd5d1c6815d,http://purl.org/ccf/1.5/ead9ee7d-709b-4e1c-8451-a174767baec5,heart,UBERON:0000948,sc_bulk,http://purl.obolibrary.org/obo/CL_0000057,fibroblast,20864.338013,0.0294198413045871
https://entity.api.hubmapconsortium.org/entities/a5454ec311332fa221916cd5d1c6815d,http://purl.org/ccf/1.5/ead9ee7d-709b-4e1c-8451-a174767baec5,heart,UBERON:0000948,sc_bulk,http://purl.obolibrary.org/obo/CL_0000003,native cell,15071.519189,0.02125165449692905
https://entity.api.hubmapconsortium.org/entities/a5454ec311332fa221916cd5d1c6815d,http://purl.org/ccf/1.5/ead9ee7d-709b-4e1c-8451-a174767baec5,heart,UBERON:0000948,sc_bulk,http://purl.obolibrary.org/obo/CL_1000413,endothelial cell of artery,10195.960237,0.01437685355430501
https://entity.api.hubmapconsortium.org/entities/a5454ec311332fa221916cd5d1c6815d,http://purl.org/ccf/1.5/ead9ee7d-709b-4e1c-8451-a174767baec5,heart,UBERON:0000948,sc_bulk,https://purl.org/ccf/ASCTB-TEMP_pericyte,Pericyte,8701.991740999998,0.01227027744156244
https://entity.api.hubmapconsortium.org/entities/a5454ec311332fa221916cd5d1c6815d,http://purl.org/ccf/1.5/ead9ee7d-709b-4e1c-8451-a174767baec5,heart,UBERON:0000948,sc_bulk,https://purl.org/ccf/ASCTB-TEMP_monocyte-cdc,Monocyte/cDC,8032.897407,0.01132681836263967
https://entity.api.hubmapconsortium.org/entities/a5454ec311332fa221916cd5d1c6815d,http://purl.org/ccf/1.5/ead9ee7d-709b-4e1c-8451-a174767baec5,heart,UBERON:0000948,sc_bulk,https://purl.org/ccf/ASCTB-TEMP_capillary-endothelial,Capillary Endothelial,7958.789865999999,0.01122232273501253
https://entity.api.hubmapconsortium.org/entities/a5454ec311332fa221916cd5d1c6815d,http://purl.org/ccf/1.5/ead9ee7d-709b-4e1c-8451-a174767baec5,heart,UBERON:0000948,sc_bulk,https://purl.org/ccf/ASCTB-TEMP_macrophage,Macrophage,7099.520721999998,0.01001070692248795
https://entity.api.hubmapconsortium.org/entities/a5454ec311332fa221916cd5d1c6815d,http://purl.org/ccf/1.5/ead9ee7d-709b-4e1c-8451-a174767baec5,heart,UBERON:0000948,sc_bulk,http://purl.obolibrary.org/obo/CL_0000192,smooth muscle cell,6609.140919000002,0.00931924496600289
https://entity.api.hubmapconsortium.org/entities/a5454ec311332fa221916cd5d1c6815d,http://purl.org/ccf/1.5/ead9ee7d-709b-4e1c-8451-a174767baec5,heart,UBERON:0000948,sc_bulk,http://purl.obolibrary.org/obo/CL_0000235,macrophage,5601.865095999999,0.007898931757688138
https://entity.api.hubmapconsortium.org/entities/a5454ec311332fa221916cd5d1c6815d,http://purl.org/ccf/1.5/ead9ee7d-709b-4e1c-8451-a174767baec5,heart,UBERON:0000948,sc_bulk,http://purl.obolibrary.org/obo/CL_0000115,endothelial cell,3659.27378,0.005159773285428922
https://entity.api.hubmapconsortium.org/entities/a5454ec311332fa221916cd5d1c6815d,http://purl.org/ccf/1.5/ead9ee7d-709b-4e1c-8451-a174767baec5,heart,UBERON:0000948,sc_bulk,http://purl.obolibrary.org/obo/CL_0002543,vein endothelial cell,2956.977359,0.004169497474055184
https://entity.api.hubmapconsortium.org/entities/a5454ec311332fa221916cd5d1c6815d,http://purl.org/ccf/1.5/ead9ee7d-709b-4e1c-8451-a174767baec5,heart,UBERON:0000948,sc_bulk,https://purl.org/ccf/ASCTB-TEMP_mesothelial,Mesothelial,2930.31592,0.004131903407862277
https://entity.api.hubmapconsortium.org/entities/a5454ec311332fa221916cd5d1c6815d,http://purl.org/ccf/1.5/ead9ee7d-709b-4e1c-8451-a174767baec5,heart,UBERON:0000948,sc_bulk,https://purl.org/ccf/ASCTB-TEMP_arterial-endothelial,Arterial Endothelial,2798.785337,0.003946438195587209
https://entity.api.hubmapconsortium.org/entities/a5454ec311332fa221916cd5d1c6815d,http://purl.org/ccf/1.5/ead9ee7d-709b-4e1c-8451-a174767baec5,heart,UBERON:0000948,sc_bulk,https://purl.org/ccf/ASCTB-TEMP_venous-endothelial,Venous Endothelial,2615.295454,0.003687707569410919
https://entity.api.hubmapconsortium.org/entities/a5454ec311332fa221916cd5d1c6815d,http://purl.org/ccf/1.5/ead9ee7d-709b-4e1c-8451-a174767baec5,heart,UBERON:0000948,sc_bulk,https://purl.org/ccf/ASCTB-TEMP_smooth-muscle,Smooth Muscle,2541.295415000001,0.00358336352539875
https://entity.api.hubmapconsortium.org/entities/a5454ec311332fa221916cd5d1c6815d,http://purl.org/ccf/1.5/ead9ee7d-709b-4e1c-8451-a174767baec5,heart,UBERON:0000948,sc_bulk,https://purl.org/ccf/ASCTB-TEMP_endocardial,Endocardial,1898.231653,0.00267660895619157
https://entity.api.hubmapconsortium.org/entities/a5454ec311332fa221916cd5d1c6815d,http://purl.org/ccf/1.5/ead9ee7d-709b-4e1c-8451-a174767baec5,heart,UBERON:0000948,sc_bulk,https://purl.org/ccf/ASCTB-TEMP_nk,NK,1893.847645999999,0.002670427269998707
https://entity.api.hubmapconsortium.org/entities/a5454ec311332fa221916cd5d1c6815d,http://purl.org/ccf/1.5/ead9ee7d-709b-4e1c-8451-a174767baec5,heart,UBERON:0000948,sc_bulk,http://purl.obolibrary.org/obo/CL_0000623,natural killer cell,1425.501981,0.00201003463585876
https://entity.api.hubmapconsortium.org/entities/a5454ec311332fa221916cd5d1c6815d,http://purl.org/ccf/1.5/ead9ee7d-709b-4e1c-8451-a174767baec5,heart,UBERON:0000948,sc_bulk,http://purl.obolibrary.org/obo/CL_0000934,"CD4-positive, alpha-beta cytotoxic T cell",1328.113656,0.001872711847825209
https://entity.api.hubmapconsortium.org/entities/a5454ec311332fa221916cd5d1c6815d,http://purl.org/ccf/1.5/ead9ee7d-709b-4e1c-8451-a174767baec5,heart,UBERON:0000948,sc_bulk,http://purl.obolibrary.org/obo/CL_0002319,neural cell,1175.28919,0.00165722111265897
https://entity.api.hubmapconsortium.org/entities/a5454ec311332fa221916cd5d1c6815d,http://purl.org/ccf/1.5/ead9ee7d-709b-4e1c-8451-a174767baec5,heart,UBERON:0000948,sc_bulk,http://purl.obolibrary.org/obo/CL_0002397,"CD14-positive, CD16-positive monocyte",1070.237104,0.001509092008495198
https://entity.api.hubmapconsortium.org/entities/a5454ec311332fa221916cd5d1c6815d,http://purl.org/ccf/1.5/ead9ee7d-709b-4e1c-8451-a174767baec5,heart,UBERON:0000948,sc_bulk,https://purl.org/ccf/ASCTB-TEMP_t,T,1069.74863,0.001508403233823677
https://entity.api.hubmapconsortium.org/entities/a5454ec311332fa221916cd5d1c6815d,http://purl.org/ccf/1.5/ead9ee7d-709b-4e1c-8451-a174767baec5,heart,UBERON:0000948,sc_bulk,http://purl.obolibrary.org/obo/CL_1000309,epicardial adipocyte,917.8737649999999,0.001294251487256322
https://entity.api.hubmapconsortium.org/entities/a5454ec311332fa221916cd5d1c6815d,http://purl.org/ccf/1.5/ead9ee7d-709b-4e1c-8451-a174767baec5,heart,UBERON:0000948,sc_bulk,http://purl.obolibrary.org/obo/CL_0000794,"CD8-positive, alpha-beta cytotoxic T cell",867.599606,0.001223362213003767
https://entity.api.hubmapconsortium.org/entities/a5454ec311332fa221916cd5d1c6815d,http://purl.org/ccf/1.5/ead9ee7d-709b-4e1c-8451-a174767baec5,heart,UBERON:0000948,sc_bulk,http://purl.obolibrary.org/obo/CL_0000906,"activated CD8-positive, alpha-beta T cell",863.8851289999999,0.001218124600202371
https://entity.api.hubmapconsortium.org/entities/a5454ec311332fa221916cd5d1c6815d,http://purl.org/ccf/1.5/ead9ee7d-709b-4e1c-8451-a174767baec5,heart,UBERON:0000948,sc_bulk,https://purl.org/ccf/ASCTB-TEMP_adipocyte,Adipocyte,763.215164,0.001076174522869796
https://entity.api.hubmapconsortium.org/entities/a5454ec311332fa221916cd5d1c6815d,http://purl.org/ccf/1.5/ead9ee7d-709b-4e1c-8451-a174767baec5,heart,UBERON:0000948,sc_bulk,http://purl.obolibrary.org/obo/CL_0000097,mast cell,760.6077690000002,0.001072497955366404
https://entity.api.hubmapconsortium.org/entities/a5454ec311332fa221916cd5d1c6815d,http://purl.org/ccf/1.5/ead9ee7d-709b-4e1c-8451-a174767baec5,heart,UBERON:0000948,sc_bulk,https://purl.org/ccf/ASCTB-TEMP_neuronal,Neuronal,614.356013,8.66275095606545E-4
https://entity.api.hubmapconsortium.org/entities/a5454ec311332fa221916cd5d1c6815d,http://purl.org/ccf/1.5/ead9ee7d-709b-4e1c-8451-a174767baec5,heart,UBERON:0000948,sc_bulk,https://purl.org/ccf/ASCTB-TEMP_lymphatic-endothelial,Lymphatic Endothelial,605.35885,8.535886107783862E-4
https://entity.api.hubmapconsortium.org/entities/a5454ec311332fa221916cd5d1c6815d,http://purl.org/ccf/1.5/ead9ee7d-709b-4e1c-8451-a174767baec5,heart,UBERON:0000948,sc_bulk,http://purl.obolibrary.org/obo/CL_0000814,mature NK T cell,597.895005,8.430641869847716E-4
https://entity.api.hubmapconsortium.org/entities/a5454ec311332fa221916cd5d1c6815d,http://purl.org/ccf/1.5/ead9ee7d-709b-4e1c-8451-a174767baec5,heart,UBERON:0000948,sc_bulk,http://purl.obolibrary.org/obo/CL_0001054,CD14-positive monocyte,579.7413120000001,8.174665012676681E-4
https://entity.api.hubmapconsortium.org/entities/a5454ec311332fa221916cd5d1c6815d,http://purl.org/ccf/1.5/ead9ee7d-709b-4e1c-8451-a174767baec5,heart,UBERON:0000948,sc_bulk,https://purl.org/ccf/ASCTB-TEMP_mast,Mast,577.2715949999999,8.13984067165902E-4
https://entity.api.hubmapconsortium.org/entities/a5454ec311332fa221916cd5d1c6815d,http://purl.org/ccf/1.5/ead9ee7d-709b-4e1c-8451-a174767baec5,heart,UBERON:0000948,sc_bulk,http://purl.obolibrary.org/obo/CL_0000576,monocyte,560.087306,7.897532933451768E-4
https://entity.api.hubmapconsortium.org/entities/a5454ec311332fa221916cd5d1c6815d,http://purl.org/ccf/1.5/ead9ee7d-709b-4e1c-8451-a174767baec5,heart,UBERON:0000948,sc_bulk,http://purl.obolibrary.org/obo/CL_0000896,"activated CD4-positive, alpha-beta T cell",438.4101300000001,6.181819160946797E-4
https://entity.api.hubmapconsortium.org/entities/a5454ec311332fa221916cd5d1c6815d,http://purl.org/ccf/1.5/ead9ee7d-709b-4e1c-8451-a174767baec5,heart,UBERON:0000948,sc_bulk,http://purl.obolibrary.org/obo/CL_0002138,endothelial cell of lymphatic vessel,351.988895,4.963233161495355E-4
https://entity.api.hubmapconsortium.org/entities/a5454ec311332fa221916cd5d1c6815d,http://purl.org/ccf/1.5/ead9ee7d-709b-4e1c-8451-a174767baec5,heart,UBERON:0000948,sc_bulk,http://purl.obolibrary.org/obo/CL_0000236,B cell,303.236738,4.275801467615275E-4
https://entity.api.hubmapconsortium.org/entities/a5454ec311332fa221916cd5d1c6815d,http://purl.org/ccf/1.5/ead9ee7d-709b-4e1c-8451-a174767baec5,heart,UBERON:0000948,sc_bulk,http://purl.obolibrary.org/obo/CL_0000451,dendritic cell,289.939495,4.088303173346468E-4
https://entity.api.hubmapconsortium.org/entities/a5454ec311332fa221916cd5d1c6815d,http://purl.org/ccf/1.5/ead9ee7d-709b-4e1c-8451-a174767baec5,heart,UBERON:0000948,sc_bulk,https://purl.org/ccf/ASCTB-TEMP_atrial-cardiomyocyte,Atrial Cardiomyocyte,195.9554,2.763076771084176E-4
https://entity.api.hubmapconsortium.org/entities/a5454ec311332fa221916cd5d1c6815d,http://purl.org/ccf/1.5/ead9ee7d-709b-4e1c-8451-a174767baec5,heart,UBERON:0000948,sc_bulk,https://purl.org/ccf/ASCTB-TEMP_endothelial,Endothelial,37.88974,5.342657587207034E-5
https://entity.api.hubmapconsortium.org/entities/a5454ec311332fa221916cd5d1c6815d,http://purl.org/ccf/1.5/ead9ee7d-709b-4e1c-8451-a174767baec5,heart,UBERON:0000948,sc_bulk,http://purl.obolibrary.org/obo/CL_0000077,mesothelial cell,32.17516,4.536871002376904E-5
https://entity.api.hubmapconsortium.org/entities/a596becf59c13e14a6489fb97fcdd2c9,http://purl.org/ccf/1.5/3c6f0725-dbe0-4245-82c4-1f11f2b72ba0,large intestine,UBERON:0000059,spatial,https://purl.org/ccf/ASCTB-TEMP_enterocyte,Enterocyte,6790.645509999998,0.1570085941751816
https://entity.api.hubmapconsortium.org/entities/a596becf59c13e14a6489fb97fcdd2c9,http://purl.org/ccf/1.5/3c6f0725-dbe0-4245-82c4-1f11f2b72ba0,large intestine,UBERON:0000059,spatial,https://purl.org/ccf/ASCTB-TEMP_smooth-muscle,Smooth muscle,6465.80404,0.1494978350788053
https://entity.api.hubmapconsortium.org/entities/a596becf59c13e14a6489fb97fcdd2c9,http://purl.org/ccf/1.5/3c6f0725-dbe0-4245-82c4-1f11f2b72ba0,large intestine,UBERON:0000059,spatial,https://purl.org/ccf/ASCTB-TEMP_goblet,Goblet,4032.74725,0.09324238401988531
https://entity.api.hubmapconsortium.org/entities/a596becf59c13e14a6489fb97fcdd2c9,http://purl.org/ccf/1.5/3c6f0725-dbe0-4245-82c4-1f11f2b72ba0,large intestine,UBERON:0000059,spatial,https://purl.org/ccf/ASCTB-TEMP_stroma,Stroma,3353.85203,0.07754543975626836
https://entity.api.hubmapconsortium.org/entities/a596becf59c13e14a6489fb97fcdd2c9,http://purl.org/ccf/1.5/3c6f0725-dbe0-4245-82c4-1f11f2b72ba0,large intestine,UBERON:0000059,spatial,https://purl.org/ccf/ASCTB-TEMP_endothelial,Endothelial,2719.99323,0.06288979634990717
https://entity.api.hubmapconsortium.org/entities/a596becf59c13e14a6489fb97fcdd2c9,http://purl.org/ccf/1.5/3c6f0725-dbe0-4245-82c4-1f11f2b72ba0,large intestine,UBERON:0000059,spatial,https://purl.org/ccf/ASCTB-TEMP_cycling-ta,Cycling TA,2657.01799,0.06143372654245161
https://entity.api.hubmapconsortium.org/entities/a596becf59c13e14a6489fb97fcdd2c9,http://purl.org/ccf/1.5/3c6f0725-dbe0-4245-82c4-1f11f2b72ba0,large intestine,UBERON:0000059,spatial,https://purl.org/ccf/ASCTB-TEMP_plasma,Plasma,2316.539429999999,0.05356141750000974
https://entity.api.hubmapconsortium.org/entities/a596becf59c13e14a6489fb97fcdd2c9,http://purl.org/ccf/1.5/3c6f0725-dbe0-4245-82c4-1f11f2b72ba0,large intestine,UBERON:0000059,spatial,https://purl.org/ccf/ASCTB-TEMP_cd4-t-cell,CD4+ T cell,2290.32314,0.05295526263132645
https://entity.api.hubmapconsortium.org/entities/a596becf59c13e14a6489fb97fcdd2c9,http://purl.org/ccf/1.5/3c6f0725-dbe0-4245-82c4-1f11f2b72ba0,large intestine,UBERON:0000059,spatial,https://purl.org/ccf/ASCTB-TEMP_m2-macrophage,M2 Macrophage,1733.36248,0.0400776046666006
https://entity.api.hubmapconsortium.org/entities/a596becf59c13e14a6489fb97fcdd2c9,http://purl.org/ccf/1.5/3c6f0725-dbe0-4245-82c4-1f11f2b72ba0,large intestine,UBERON:0000059,spatial,https://purl.org/ccf/ASCTB-TEMP_cd8-t,CD8+ T,1667.75317,0.03856063172010619
https://entity.api.hubmapconsortium.org/entities/a596becf59c13e14a6489fb97fcdd2c9,http://purl.org/ccf/1.5/3c6f0725-dbe0-4245-82c4-1f11f2b72ba0,large intestine,UBERON:0000059,spatial,https://purl.org/ccf/ASCTB-TEMP_ta,TA,1452.45485,0.03358265333768311
https://entity.api.hubmapconsortium.org/entities/a596becf59c13e14a6489fb97fcdd2c9,http://purl.org/ccf/1.5/3c6f0725-dbe0-4245-82c4-1f11f2b72ba0,large intestine,UBERON:0000059,spatial,https://purl.org/ccf/ASCTB-TEMP_nerve,Nerve,1435.78536,0.03319723295509017
https://entity.api.hubmapconsortium.org/entities/a596becf59c13e14a6489fb97fcdd2c9,http://purl.org/ccf/1.5/3c6f0725-dbe0-4245-82c4-1f11f2b72ba0,large intestine,UBERON:0000059,spatial,https://purl.org/ccf/ASCTB-TEMP_b,B,1435.74012,0.03319618694719739
https://entity.api.hubmapconsortium.org/entities/a596becf59c13e14a6489fb97fcdd2c9,http://purl.org/ccf/1.5/3c6f0725-dbe0-4245-82c4-1f11f2b72ba0,large intestine,UBERON:0000059,spatial,https://purl.org/ccf/ASCTB-TEMP_cd66-enterocyte,CD66+ Enterocyte,1431.94373,0.03310840945152884
https://entity.api.hubmapconsortium.org/entities/a596becf59c13e14a6489fb97fcdd2c9,http://purl.org/ccf/1.5/3c6f0725-dbe0-4245-82c4-1f11f2b72ba0,large intestine,UBERON:0000059,spatial,https://purl.org/ccf/ASCTB-TEMP_lymphatic,Lymphatic,969.9632899999999,0.02242681823696523
https://entity.api.hubmapconsortium.org/entities/a596becf59c13e14a6489fb97fcdd2c9,http://purl.org/ccf/1.5/3c6f0725-dbe0-4245-82c4-1f11f2b72ba0,large intestine,UBERON:0000059,spatial,https://purl.org/ccf/ASCTB-TEMP_dc,DC,761.3367099999998,0.01760309919801099
https://entity.api.hubmapconsortium.org/entities/a596becf59c13e14a6489fb97fcdd2c9,http://purl.org/ccf/1.5/3c6f0725-dbe0-4245-82c4-1f11f2b72ba0,large intestine,UBERON:0000059,spatial,https://purl.org/ccf/ASCTB-TEMP_icc,ICC,562.8418599999999,0.01301363899078637
https://entity.api.hubmapconsortium.org/entities/a596becf59c13e14a6489fb97fcdd2c9,http://purl.org/ccf/1.5/3c6f0725-dbe0-4245-82c4-1f11f2b72ba0,large intestine,UBERON:0000059,spatial,https://purl.org/ccf/ASCTB-TEMP_m1-macrophage,M1 Macrophage,324.67762,0.007506970670354407
https://entity.api.hubmapconsortium.org/entities/a596becf59c13e14a6489fb97fcdd2c9,http://purl.org/ccf/1.5/3c6f0725-dbe0-4245-82c4-1f11f2b72ba0,large intestine,UBERON:0000059,spatial,https://purl.org/ccf/ASCTB-TEMP_muc1-enterocyte,MUC1+ Enterocyte,288.00451,0.006659040464506893
https://entity.api.hubmapconsortium.org/entities/a596becf59c13e14a6489fb97fcdd2c9,http://purl.org/ccf/1.5/3c6f0725-dbe0-4245-82c4-1f11f2b72ba0,large intestine,UBERON:0000059,spatial,https://purl.org/ccf/ASCTB-TEMP_neuroendocrine,Neuroendocrine,269.25195,0.006225456782594781
https://entity.api.hubmapconsortium.org/entities/a596becf59c13e14a6489fb97fcdd2c9,http://purl.org/ccf/1.5/3c6f0725-dbe0-4245-82c4-1f11f2b72ba0,large intestine,UBERON:0000059,spatial,https://purl.org/ccf/ASCTB-TEMP_neutrophil,Neutrophil,142.19715,0.003287783846813914
https://entity.api.hubmapconsortium.org/entities/a596becf59c13e14a6489fb97fcdd2c9,http://purl.org/ccf/1.5/3c6f0725-dbe0-4245-82c4-1f11f2b72ba0,large intestine,UBERON:0000059,spatial,https://purl.org/ccf/ASCTB-TEMP_cd7-immune,CD7+ Immune,71.57576999999999,0.001654925295122075
https://entity.api.hubmapconsortium.org/entities/a596becf59c13e14a6489fb97fcdd2c9,http://purl.org/ccf/1.5/3c6f0725-dbe0-4245-82c4-1f11f2b72ba0,large intestine,UBERON:0000059,spatial,https://purl.org/ccf/ASCTB-TEMP_nk,NK,70.76724999999999,0.001636231256628153
https://entity.api.hubmapconsortium.org/entities/a596becf59c13e14a6489fb97fcdd2c9,http://purl.org/ccf/1.5/3c6f0725-dbe0-4245-82c4-1f11f2b72ba0,large intestine,UBERON:0000059,spatial,https://purl.org/ccf/ASCTB-TEMP_cd57-enterocyte,CD57+ Enterocyte,4.90042,1.133041113595022E-4
https://entity.api.hubmapconsortium.org/entities/a596becf59c13e14a6489fb97fcdd2c9,http://purl.org/ccf/1.5/3c6f0725-dbe0-4245-82c4-1f11f2b72ba0,large intestine,UBERON:0000059,spatial,https://purl.org/ccf/ASCTB-TEMP_paneth,Paneth,0.6728,1.555601481560215E-5
https://entity.api.hubmapconsortium.org/entities/a84a10c41fa408714f1510569a138b08,http://purl.org/ccf/1.5/18a43fde-687e-4074-afe7-5af1accd9909,right kidney,UBERON:0004539,sc_bulk,https://purl.org/ccf/ASCTB-TEMP_inner-medullary-collecting-duct,Inner Medullary Collecting Duct,3331.07471,0.2886076777194523
https://entity.api.hubmapconsortium.org/entities/a84a10c41fa408714f1510569a138b08,http://purl.org/ccf/1.5/18a43fde-687e-4074-afe7-5af1accd9909,right kidney,UBERON:0004539,sc_bulk,https://purl.org/ccf/ASCTB-TEMP_descending-thin-limb-type-1,Descending Thin Limb Type 1,1695.91134,0.1469354716020417
https://entity.api.hubmapconsortium.org/entities/a84a10c41fa408714f1510569a138b08,http://purl.org/ccf/1.5/18a43fde-687e-4074-afe7-5af1accd9909,right kidney,UBERON:0004539,sc_bulk,https://purl.org/ccf/ASCTB-TEMP_medullary-thick-ascending-limb,Medullary Thick Ascending Limb,1436.96484,0.1245000852703494
https://entity.api.hubmapconsortium.org/entities/a84a10c41fa408714f1510569a138b08,http://purl.org/ccf/1.5/18a43fde-687e-4074-afe7-5af1accd9909,right kidney,UBERON:0004539,sc_bulk,https://purl.org/ccf/ASCTB-TEMP_connecting-tubule,Connecting Tubule,1349.06826,0.1168846367914763
https://entity.api.hubmapconsortium.org/entities/a84a10c41fa408714f1510569a138b08,http://purl.org/ccf/1.5/18a43fde-687e-4074-afe7-5af1accd9909,right kidney,UBERON:0004539,sc_bulk,https://purl.org/ccf/ASCTB-TEMP_fibroblast,Fibroblast,620.21717,0.05373624211371432
https://entity.api.hubmapconsortium.org/entities/a84a10c41fa408714f1510569a138b08,http://purl.org/ccf/1.5/18a43fde-687e-4074-afe7-5af1accd9909,right kidney,UBERON:0004539,sc_bulk,https://purl.org/ccf/ASCTB-TEMP_cortical-thick-ascending-limb,Cortical Thick Ascending Limb,448.80018,0.03888450094530367
https://entity.api.hubmapconsortium.org/entities/a84a10c41fa408714f1510569a138b08,http://purl.org/ccf/1.5/18a43fde-687e-4074-afe7-5af1accd9909,right kidney,UBERON:0004539,sc_bulk,https://purl.org/ccf/ASCTB-TEMP_medullary-fibroblast,Medullary Fibroblast,390.6296899999999,0.03384455093148286
https://entity.api.hubmapconsortium.org/entities/a84a10c41fa408714f1510569a138b08,http://purl.org/ccf/1.5/18a43fde-687e-4074-afe7-5af1accd9909,right kidney,UBERON:0004539,sc_bulk,https://purl.org/ccf/ASCTB-TEMP_descending-thin-limb-type-2,Descending Thin Limb Type 2,333.9077399999999,0.02893010388648732
https://entity.api.hubmapconsortium.org/entities/a84a10c41fa408714f1510569a138b08,http://purl.org/ccf/1.5/18a43fde-687e-4074-afe7-5af1accd9909,right kidney,UBERON:0004539,sc_bulk,https://purl.org/ccf/ASCTB-TEMP_proximal-tubule-epithelial-segment-3,Proximal Tubule Epithelial Segment 3,212.83809,0.0184405071134366
https://entity.api.hubmapconsortium.org/entities/a84a10c41fa408714f1510569a138b08,http://purl.org/ccf/1.5/18a43fde-687e-4074-afe7-5af1accd9909,right kidney,UBERON:0004539,sc_bulk,https://purl.org/ccf/ASCTB-TEMP_outer-medullary-collecting-duct-principal,Outer Medullary Collecting Duct Principal,204.81284,0.01774519134682684
https://entity.api.hubmapconsortium.org/entities/a84a10c41fa408714f1510569a138b08,http://purl.org/ccf/1.5/18a43fde-687e-4074-afe7-5af1accd9909,right kidney,UBERON:0004539,sc_bulk,https://purl.org/ccf/ASCTB-TEMP_distal-convoluted-tubule-type-1,Distal Convoluted Tubule Type 1,185.28434,0.01605322238034745
https://entity.api.hubmapconsortium.org/entities/a84a10c41fa408714f1510569a138b08,http://purl.org/ccf/1.5/18a43fde-687e-4074-afe7-5af1accd9909,right kidney,UBERON:0004539,sc_bulk,https://purl.org/ccf/ASCTB-TEMP_papillary-tip-epithelial,Papillary Tip Epithelial,168.18997,0.01457214889587521
https://entity.api.hubmapconsortium.org/entities/a84a10c41fa408714f1510569a138b08,http://purl.org/ccf/1.5/18a43fde-687e-4074-afe7-5af1accd9909,right kidney,UBERON:0004539,sc_bulk,https://purl.org/ccf/ASCTB-TEMP_proximal-tubule-epithelial-segment-1,Proximal Tubule Epithelial Segment 1,165.92551,0.01437595379405818
https://entity.api.hubmapconsortium.org/entities/a84a10c41fa408714f1510569a138b08,http://purl.org/ccf/1.5/18a43fde-687e-4074-afe7-5af1accd9909,right kidney,UBERON:0004539,sc_bulk,https://purl.org/ccf/ASCTB-TEMP_descending-vasa-recta-endothelial,Descending Vasa Recta Endothelial,143.53612,0.01243611442808517
https://entity.api.hubmapconsortium.org/entities/a84a10c41fa408714f1510569a138b08,http://purl.org/ccf/1.5/18a43fde-687e-4074-afe7-5af1accd9909,right kidney,UBERON:0004539,sc_bulk,https://purl.org/ccf/ASCTB-TEMP_ascending-vasa-recta-endothelial,Ascending Vasa Recta Endothelial,116.83777,0.01012294241506804
https://entity.api.hubmapconsortium.org/entities/a84a10c41fa408714f1510569a138b08,http://purl.org/ccf/1.5/18a43fde-687e-4074-afe7-5af1accd9909,right kidney,UBERON:0004539,sc_bulk,https://purl.org/ccf/ASCTB-TEMP_cortical-collecting-duct-principal,Cortical Collecting Duct Principal,106.31588,0.009211315236907417
https://entity.api.hubmapconsortium.org/entities/a84a10c41fa408714f1510569a138b08,http://purl.org/ccf/1.5/18a43fde-687e-4074-afe7-5af1accd9909,right kidney,UBERON:0004539,sc_bulk,https://purl.org/ccf/ASCTB-TEMP_vascular-smooth-muscle-pericyte,Vascular Smooth Muscle / Pericyte,102.0229,0.008839367113205309
https://entity.api.hubmapconsortium.org/entities/a84a10c41fa408714f1510569a138b08,http://purl.org/ccf/1.5/18a43fde-687e-4074-afe7-5af1accd9909,right kidney,UBERON:0004539,sc_bulk,https://purl.org/ccf/ASCTB-TEMP_mesangial,Mesangial,77.78452999999999,0.006739330252307388
https://entity.api.hubmapconsortium.org/entities/a84a10c41fa408714f1510569a138b08,http://purl.org/ccf/1.5/18a43fde-687e-4074-afe7-5af1accd9909,right kidney,UBERON:0004539,sc_bulk,https://purl.org/ccf/ASCTB-TEMP_peritubular-capilary-endothelial,Peritubular Capilary Endothelial,67.93567999999999,0.005886015939610022
https://entity.api.hubmapconsortium.org/entities/a84a10c41fa408714f1510569a138b08,http://purl.org/ccf/1.5/18a43fde-687e-4074-afe7-5af1accd9909,right kidney,UBERON:0004539,sc_bulk,https://purl.org/ccf/ASCTB-TEMP_m2-macrophage,M2 Macrophage,65.14858,0.005644538780254481
https://entity.api.hubmapconsortium.org/entities/a84a10c41fa408714f1510569a138b08,http://purl.org/ccf/1.5/18a43fde-687e-4074-afe7-5af1accd9909,right kidney,UBERON:0004539,sc_bulk,https://purl.org/ccf/ASCTB-TEMP_cortical-vascular-smooth-muscle-pericyte,Cortical Vascular Smooth Muscle / Pericyte,52.44589000000001,0.004543964887184966
https://entity.api.hubmapconsortium.org/entities/a84a10c41fa408714f1510569a138b08,http://purl.org/ccf/1.5/18a43fde-687e-4074-afe7-5af1accd9909,right kidney,UBERON:0004539,sc_bulk,https://purl.org/ccf/ASCTB-TEMP_cortical-collecting-duct-intercalated-type-a,Cortical Collecting Duct Intercalated Type A,49.64375,0.004301184647036949
https://entity.api.hubmapconsortium.org/entities/a84a10c41fa408714f1510569a138b08,http://purl.org/ccf/1.5/18a43fde-687e-4074-afe7-5af1accd9909,right kidney,UBERON:0004539,sc_bulk,https://purl.org/ccf/ASCTB-TEMP_outer-medullary-collecting-duct-intercalated-type-a,Outer Medullary Collecting Duct Intercalated Type A,39.85458999999999,0.003453041936234717
https://entity.api.hubmapconsortium.org/entities/a84a10c41fa408714f1510569a138b08,http://purl.org/ccf/1.5/18a43fde-687e-4074-afe7-5af1accd9909,right kidney,UBERON:0004539,sc_bulk,https://purl.org/ccf/ASCTB-TEMP_ascending-thin-limb,Ascending Thin Limb,29.14282,0.002524963363069094
https://entity.api.hubmapconsortium.org/entities/a84a10c41fa408714f1510569a138b08,http://purl.org/ccf/1.5/18a43fde-687e-4074-afe7-5af1accd9909,right kidney,UBERON:0004539,sc_bulk,https://purl.org/ccf/ASCTB-TEMP_macula-densa,Macula Densa,22.05616,0.001910967982164733
https://entity.api.hubmapconsortium.org/entities/a84a10c41fa408714f1510569a138b08,http://purl.org/ccf/1.5/18a43fde-687e-4074-afe7-5af1accd9909,right kidney,UBERON:0004539,sc_bulk,https://purl.org/ccf/ASCTB-TEMP_connecting-tubule-principal,Connecting Tubule Principal,18.06633,0.001565285080685948
https://entity.api.hubmapconsortium.org/entities/a84a10c41fa408714f1510569a138b08,http://purl.org/ccf/1.5/18a43fde-687e-4074-afe7-5af1accd9909,right kidney,UBERON:0004539,sc_bulk,https://purl.org/ccf/ASCTB-TEMP_afferent-efferent-arteriole-endothelial,Afferent / Efferent Arteriole Endothelial,14.85106,0.001286710840019631
https://entity.api.hubmapconsortium.org/entities/a84a10c41fa408714f1510569a138b08,http://purl.org/ccf/1.5/18a43fde-687e-4074-afe7-5af1accd9909,right kidney,UBERON:0004539,sc_bulk,https://purl.org/ccf/ASCTB-TEMP_glomerular-capillary-endothelial,Glomerular Capillary Endothelial,12.00427,0.001040062078768953
https://entity.api.hubmapconsortium.org/entities/a84a10c41fa408714f1510569a138b08,http://purl.org/ccf/1.5/18a43fde-687e-4074-afe7-5af1accd9909,right kidney,UBERON:0004539,sc_bulk,https://purl.org/ccf/ASCTB-TEMP_descending-thin-limb-type-3,Descending Thin Limb Type 3,11.94458,0.001034890476873818
https://entity.api.hubmapconsortium.org/entities/a84a10c41fa408714f1510569a138b08,http://purl.org/ccf/1.5/18a43fde-687e-4074-afe7-5af1accd9909,right kidney,UBERON:0004539,sc_bulk,https://purl.org/ccf/ASCTB-TEMP_tissue-resident-macrophage,Tissue-resident Macrophage,11.26308,9.758446284647899E-4
https://entity.api.hubmapconsortium.org/entities/a84a10c41fa408714f1510569a138b08,http://purl.org/ccf/1.5/18a43fde-687e-4074-afe7-5af1accd9909,right kidney,UBERON:0004539,sc_bulk,https://purl.org/ccf/ASCTB-TEMP_podocyte,Podocyte,10.78509,9.344310920289408E-4
https://entity.api.hubmapconsortium.org/entities/a84a10c41fa408714f1510569a138b08,http://purl.org/ccf/1.5/18a43fde-687e-4074-afe7-5af1accd9909,right kidney,UBERON:0004539,sc_bulk,https://purl.org/ccf/ASCTB-TEMP_parietal-epithelial,Parietal Epithelial,8.77114,7.59940429661572E-4
https://entity.api.hubmapconsortium.org/entities/a84a10c41fa408714f1510569a138b08,http://purl.org/ccf/1.5/18a43fde-687e-4074-afe7-5af1accd9909,right kidney,UBERON:0004539,sc_bulk,https://purl.org/ccf/ASCTB-TEMP_monocyte-derived,Monocyte-derived,6.830039999999999,5.917615648827544E-4
https://entity.api.hubmapconsortium.org/entities/a84a10c41fa408714f1510569a138b08,http://purl.org/ccf/1.5/18a43fde-687e-4074-afe7-5af1accd9909,right kidney,UBERON:0004539,sc_bulk,https://purl.org/ccf/ASCTB-TEMP_t,T,6.37696,5.525062560094421E-4
https://entity.api.hubmapconsortium.org/entities/a84a10c41fa408714f1510569a138b08,http://purl.org/ccf/1.5/18a43fde-687e-4074-afe7-5af1accd9909,right kidney,UBERON:0004539,sc_bulk,https://purl.org/ccf/ASCTB-TEMP_intercalated-type-b,Intercalated Type B,5.51357,4.777012742664184E-4
https://entity.api.hubmapconsortium.org/entities/a84a10c41fa408714f1510569a138b08,http://purl.org/ccf/1.5/18a43fde-687e-4074-afe7-5af1accd9909,right kidney,UBERON:0004539,sc_bulk,https://purl.org/ccf/ASCTB-TEMP_lymphatic-endothelial,Lymphatic Endothelial,5.18457,4.491963819310256E-4
https://entity.api.hubmapconsortium.org/entities/a84a10c41fa408714f1510569a138b08,http://purl.org/ccf/1.5/18a43fde-687e-4074-afe7-5af1accd9909,right kidney,UBERON:0004539,sc_bulk,https://purl.org/ccf/ASCTB-TEMP_monocyte,Monocyte,2.40828,2.086558118950752E-4
https://entity.api.hubmapconsortium.org/entities/a84a10c41fa408714f1510569a138b08,http://purl.org/ccf/1.5/18a43fde-687e-4074-afe7-5af1accd9909,right kidney,UBERON:0004539,sc_bulk,https://purl.org/ccf/ASCTB-TEMP_proximal-tubule-epithelial-segment-2,Proximal Tubule Epithelial Segment 2,2.20054,1.906570084490129E-4
https://entity.api.hubmapconsortium.org/entities/a84a10c41fa408714f1510569a138b08,http://purl.org/ccf/1.5/18a43fde-687e-4074-afe7-5af1accd9909,right kidney,UBERON:0004539,sc_bulk,https://purl.org/ccf/ASCTB-TEMP_schwann-neural,Schwann / Neural,2.15542,1.867477660715877E-4
https://entity.api.hubmapconsortium.org/entities/a84a10c41fa408714f1510569a138b08,http://purl.org/ccf/1.5/18a43fde-687e-4074-afe7-5af1accd9909,right kidney,UBERON:0004539,sc_bulk,https://purl.org/ccf/ASCTB-TEMP_natural-killer-natural-killer-t,Natural Killer / Natural Killer T,2.01912,1.74938596389782E-4
https://entity.api.hubmapconsortium.org/entities/a84a10c41fa408714f1510569a138b08,http://purl.org/ccf/1.5/18a43fde-687e-4074-afe7-5af1accd9909,right kidney,UBERON:0004539,sc_bulk,https://purl.org/ccf/ASCTB-TEMP_distal-convoluted-tubule-type-2,Distal Convoluted Tubule Type 2,1.34185,1.162592394536378E-4
https://entity.api.hubmapconsortium.org/entities/a84a10c41fa408714f1510569a138b08,http://purl.org/ccf/1.5/18a43fde-687e-4074-afe7-5af1accd9909,right kidney,UBERON:0004539,sc_bulk,https://purl.org/ccf/ASCTB-TEMP_b,B,1.11108,9.626509354409795E-5
https://entity.api.hubmapconsortium.org/entities/a84a10c41fa408714f1510569a138b08,http://purl.org/ccf/1.5/18a43fde-687e-4074-afe7-5af1accd9909,right kidney,UBERON:0004539,sc_bulk,https://purl.org/ccf/ASCTB-TEMP_plasma,Plasma,0.67069,5.810925908943646E-5
https://entity.api.hubmapconsortium.org/entities/a84a10c41fa408714f1510569a138b08,http://purl.org/ccf/1.5/18a43fde-687e-4074-afe7-5af1accd9909,right kidney,UBERON:0004539,sc_bulk,https://purl.org/ccf/ASCTB-TEMP_mast,Mast,0.49068,4.251301085450012E-5
https://entity.api.hubmapconsortium.org/entities/a84a10c41fa408714f1510569a138b08,http://purl.org/ccf/1.5/18a43fde-687e-4074-afe7-5af1accd9909,right kidney,UBERON:0004539,sc_bulk,https://purl.org/ccf/ASCTB-TEMP_classical-dendritic,Classical Dendritic,0.44556,3.860376847707482E-5
https://entity.api.hubmapconsortium.org/entities/a84a10c41fa408714f1510569a138b08,http://purl.org/ccf/1.5/18a43fde-687e-4074-afe7-5af1accd9909,right kidney,UBERON:0004539,sc_bulk,https://purl.org/ccf/ASCTB-TEMP_cycling-mononuclear-phagocyte,Cycling Mononuclear Phagocyte,0.41454,3.591616434259492E-5
https://entity.api.hubmapconsortium.org/entities/a84a10c41fa408714f1510569a138b08,http://purl.org/ccf/1.5/18a43fde-687e-4074-afe7-5af1accd9909,right kidney,UBERON:0004539,sc_bulk,https://purl.org/ccf/ASCTB-TEMP_renin-positive-juxtaglomerular-granular,Renin-positive Juxtaglomerular Granular,0.39386,3.412442825294166E-5
https://entity.api.hubmapconsortium.org/entities/a84a10c41fa408714f1510569a138b08,http://purl.org/ccf/1.5/18a43fde-687e-4074-afe7-5af1accd9909,right kidney,UBERON:0004539,sc_bulk,https://purl.org/ccf/ASCTB-TEMP_non-classical-monocyte,Non-classical monocyte,0.13771,1.193133350610013E-5
https://entity.api.hubmapconsortium.org/entities/a84a10c41fa408714f1510569a138b08,http://purl.org/ccf/1.5/18a43fde-687e-4074-afe7-5af1accd9909,right kidney,UBERON:0004539,sc_bulk,https://purl.org/ccf/ASCTB-TEMP_connecting-tubule-intercalated-type-a,Connecting Tubule Intercalated Type A,0.13771,1.193133350610013E-5
https://entity.api.hubmapconsortium.org/entities/a84a10c41fa408714f1510569a138b08,http://purl.org/ccf/1.5/18a43fde-687e-4074-afe7-5af1accd9909,right kidney,UBERON:0004539,sc_bulk,https://purl.org/ccf/ASCTB-TEMP_neutrophil,Neutrophil,0.00564,4.886552971781623E-7
https://entity.api.hubmapconsortium.org/entities/a84a10c41fa408714f1510569a138b08,http://purl.org/ccf/1.5/18a43fde-687e-4074-afe7-5af1accd9909,right kidney,UBERON:0004539,sc_bulk,https://purl.org/ccf/ASCTB-TEMP_natural-killer-t,Natural Killer T,0.00282,2.443276485890811E-7
https://entity.api.hubmapconsortium.org/entities/a84a10c41fa408714f1510569a138b08,http://purl.org/ccf/1.5/18a43fde-687e-4074-afe7-5af1accd9909,right kidney,UBERON:0004539,sc_bulk,https://purl.org/ccf/ASCTB-TEMP_plasmacytoid-dendritic,Plasmacytoid Dendritic,0.00282,2.443276485890811E-7
https://entity.api.hubmapconsortium.org/entities/a96d7a2687372052a139c4f3cf6b6864,http://purl.org/ccf/1.5/5f2d29d1-9989-435c-9311-59799db1e8d7,right kidney,UBERON:0004539,sc_bulk,https://purl.org/ccf/ASCTB-TEMP_inner-medullary-collecting-duct,Inner Medullary Collecting Duct,2962.530274,0.2886076777194524
https://entity.api.hubmapconsortium.org/entities/a96d7a2687372052a139c4f3cf6b6864,http://purl.org/ccf/1.5/5f2d29d1-9989-435c-9311-59799db1e8d7,right kidney,UBERON:0004539,sc_bulk,https://purl.org/ccf/ASCTB-TEMP_descending-thin-limb-type-1,Descending Thin Limb Type 1,1508.278596,0.1469354716020418
https://entity.api.hubmapconsortium.org/entities/a96d7a2687372052a139c4f3cf6b6864,http://purl.org/ccf/1.5/5f2d29d1-9989-435c-9311-59799db1e8d7,right kidney,UBERON:0004539,sc_bulk,https://purl.org/ccf/ASCTB-TEMP_medullary-thick-ascending-limb,Medullary Thick Ascending Limb,1277.981496,0.1245000852703494
https://entity.api.hubmapconsortium.org/entities/a96d7a2687372052a139c4f3cf6b6864,http://purl.org/ccf/1.5/5f2d29d1-9989-435c-9311-59799db1e8d7,right kidney,UBERON:0004539,sc_bulk,https://purl.org/ccf/ASCTB-TEMP_connecting-tubule,Connecting Tubule,1199.809644,0.1168846367914763
https://entity.api.hubmapconsortium.org/entities/a96d7a2687372052a139c4f3cf6b6864,http://purl.org/ccf/1.5/5f2d29d1-9989-435c-9311-59799db1e8d7,right kidney,UBERON:0004539,sc_bulk,https://purl.org/ccf/ASCTB-TEMP_fibroblast,Fibroblast,551.597398,0.05373624211371434
https://entity.api.hubmapconsortium.org/entities/a96d7a2687372052a139c4f3cf6b6864,http://purl.org/ccf/1.5/5f2d29d1-9989-435c-9311-59799db1e8d7,right kidney,UBERON:0004539,sc_bulk,https://purl.org/ccf/ASCTB-TEMP_cortical-thick-ascending-limb,Cortical Thick Ascending Limb,399.1456920000001,0.03888450094530369
https://entity.api.hubmapconsortium.org/entities/a96d7a2687372052a139c4f3cf6b6864,http://purl.org/ccf/1.5/5f2d29d1-9989-435c-9311-59799db1e8d7,right kidney,UBERON:0004539,sc_bulk,https://purl.org/ccf/ASCTB-TEMP_medullary-fibroblast,Medullary Fibroblast,347.4110859999999,0.03384455093148287
https://entity.api.hubmapconsortium.org/entities/a96d7a2687372052a139c4f3cf6b6864,http://purl.org/ccf/1.5/5f2d29d1-9989-435c-9311-59799db1e8d7,right kidney,UBERON:0004539,sc_bulk,https://purl.org/ccf/ASCTB-TEMP_descending-thin-limb-type-2,Descending Thin Limb Type 2,296.964756,0.02893010388648734
https://entity.api.hubmapconsortium.org/entities/a96d7a2687372052a139c4f3cf6b6864,http://purl.org/ccf/1.5/5f2d29d1-9989-435c-9311-59799db1e8d7,right kidney,UBERON:0004539,sc_bulk,https://purl.org/ccf/ASCTB-TEMP_proximal-tubule-epithelial-segment-3,Proximal Tubule Epithelial Segment 3,189.290046,0.01844050711343661
https://entity.api.hubmapconsortium.org/entities/a96d7a2687372052a139c4f3cf6b6864,http://purl.org/ccf/1.5/5f2d29d1-9989-435c-9311-59799db1e8d7,right kidney,UBERON:0004539,sc_bulk,https://purl.org/ccf/ASCTB-TEMP_outer-medullary-collecting-duct-principal,Outer Medullary Collecting Duct Principal,182.152696,0.01774519134682685
https://entity.api.hubmapconsortium.org/entities/a96d7a2687372052a139c4f3cf6b6864,http://purl.org/ccf/1.5/5f2d29d1-9989-435c-9311-59799db1e8d7,right kidney,UBERON:0004539,sc_bulk,https://purl.org/ccf/ASCTB-TEMP_distal-convoluted-tubule-type-1,Distal Convoluted Tubule Type 1,164.784796,0.01605322238034746
https://entity.api.hubmapconsortium.org/entities/a96d7a2687372052a139c4f3cf6b6864,http://purl.org/ccf/1.5/5f2d29d1-9989-435c-9311-59799db1e8d7,right kidney,UBERON:0004539,sc_bulk,https://purl.org/ccf/ASCTB-TEMP_papillary-tip-epithelial,Papillary Tip Epithelial,149.581718,0.01457214889587522
https://entity.api.hubmapconsortium.org/entities/a96d7a2687372052a139c4f3cf6b6864,http://purl.org/ccf/1.5/5f2d29d1-9989-435c-9311-59799db1e8d7,right kidney,UBERON:0004539,sc_bulk,https://purl.org/ccf/ASCTB-TEMP_proximal-tubule-epithelial-segment-1,Proximal Tubule Epithelial Segment 1,147.567794,0.01437595379405818
https://entity.api.hubmapconsortium.org/entities/a96d7a2687372052a139c4f3cf6b6864,http://purl.org/ccf/1.5/5f2d29d1-9989-435c-9311-59799db1e8d7,right kidney,UBERON:0004539,sc_bulk,https://purl.org/ccf/ASCTB-TEMP_descending-vasa-recta-endothelial,Descending Vasa Recta Endothelial,127.655528,0.01243611442808517
https://entity.api.hubmapconsortium.org/entities/a96d7a2687372052a139c4f3cf6b6864,http://purl.org/ccf/1.5/5f2d29d1-9989-435c-9311-59799db1e8d7,right kidney,UBERON:0004539,sc_bulk,https://purl.org/ccf/ASCTB-TEMP_ascending-vasa-recta-endothelial,Ascending Vasa Recta Endothelial,103.911038,0.01012294241506805
https://entity.api.hubmapconsortium.org/entities/a96d7a2687372052a139c4f3cf6b6864,http://purl.org/ccf/1.5/5f2d29d1-9989-435c-9311-59799db1e8d7,right kidney,UBERON:0004539,sc_bulk,https://purl.org/ccf/ASCTB-TEMP_cortical-collecting-duct-principal,Cortical Collecting Duct Principal,94.55327199999999,0.00921131523690742
https://entity.api.hubmapconsortium.org/entities/a96d7a2687372052a139c4f3cf6b6864,http://purl.org/ccf/1.5/5f2d29d1-9989-435c-9311-59799db1e8d7,right kidney,UBERON:0004539,sc_bulk,https://purl.org/ccf/ASCTB-TEMP_vascular-smooth-muscle-pericyte,Vascular Smooth Muscle / Pericyte,90.73526000000001,0.00883936711320531
https://entity.api.hubmapconsortium.org/entities/a96d7a2687372052a139c4f3cf6b6864,http://purl.org/ccf/1.5/5f2d29d1-9989-435c-9311-59799db1e8d7,right kidney,UBERON:0004539,sc_bulk,https://purl.org/ccf/ASCTB-TEMP_mesangial,Mesangial,69.17858199999999,0.006739330252307391
https://entity.api.hubmapconsortium.org/entities/a96d7a2687372052a139c4f3cf6b6864,http://purl.org/ccf/1.5/5f2d29d1-9989-435c-9311-59799db1e8d7,right kidney,UBERON:0004539,sc_bulk,https://purl.org/ccf/ASCTB-TEMP_peritubular-capilary-endothelial,Peritubular Capilary Endothelial,60.41939199999999,0.005886015939610025
https://entity.api.hubmapconsortium.org/entities/a96d7a2687372052a139c4f3cf6b6864,http://purl.org/ccf/1.5/5f2d29d1-9989-435c-9311-59799db1e8d7,right kidney,UBERON:0004539,sc_bulk,https://purl.org/ccf/ASCTB-TEMP_m2-macrophage,M2 Macrophage,57.940652,0.005644538780254484
https://entity.api.hubmapconsortium.org/entities/a96d7a2687372052a139c4f3cf6b6864,http://purl.org/ccf/1.5/5f2d29d1-9989-435c-9311-59799db1e8d7,right kidney,UBERON:0004539,sc_bulk,https://purl.org/ccf/ASCTB-TEMP_cortical-vascular-smooth-muscle-pericyte,Cortical Vascular Smooth Muscle / Pericyte,46.64336600000001,0.004543964887184968
https://entity.api.hubmapconsortium.org/entities/a96d7a2687372052a139c4f3cf6b6864,http://purl.org/ccf/1.5/5f2d29d1-9989-435c-9311-59799db1e8d7,right kidney,UBERON:0004539,sc_bulk,https://purl.org/ccf/ASCTB-TEMP_cortical-collecting-duct-intercalated-type-a,Cortical Collecting Duct Intercalated Type A,44.15125,0.00430118464703695
https://entity.api.hubmapconsortium.org/entities/a96d7a2687372052a139c4f3cf6b6864,http://purl.org/ccf/1.5/5f2d29d1-9989-435c-9311-59799db1e8d7,right kidney,UBERON:0004539,sc_bulk,https://purl.org/ccf/ASCTB-TEMP_outer-medullary-collecting-duct-intercalated-type-a,Outer Medullary Collecting Duct Intercalated Type A,35.44514599999999,0.00345304193623472
https://entity.api.hubmapconsortium.org/entities/a96d7a2687372052a139c4f3cf6b6864,http://purl.org/ccf/1.5/5f2d29d1-9989-435c-9311-59799db1e8d7,right kidney,UBERON:0004539,sc_bulk,https://purl.org/ccf/ASCTB-TEMP_ascending-thin-limb,Ascending Thin Limb,25.918508,0.002524963363069095
https://entity.api.hubmapconsortium.org/entities/a96d7a2687372052a139c4f3cf6b6864,http://purl.org/ccf/1.5/5f2d29d1-9989-435c-9311-59799db1e8d7,right kidney,UBERON:0004539,sc_bulk,https://purl.org/ccf/ASCTB-TEMP_macula-densa,Macula Densa,19.615904,0.001910967982164734
https://entity.api.hubmapconsortium.org/entities/a96d7a2687372052a139c4f3cf6b6864,http://purl.org/ccf/1.5/5f2d29d1-9989-435c-9311-59799db1e8d7,right kidney,UBERON:0004539,sc_bulk,https://purl.org/ccf/ASCTB-TEMP_connecting-tubule-principal,Connecting Tubule Principal,16.067502,0.001565285080685949
https://entity.api.hubmapconsortium.org/entities/a96d7a2687372052a139c4f3cf6b6864,http://purl.org/ccf/1.5/5f2d29d1-9989-435c-9311-59799db1e8d7,right kidney,UBERON:0004539,sc_bulk,https://purl.org/ccf/ASCTB-TEMP_afferent-efferent-arteriole-endothelial,Afferent / Efferent Arteriole Endothelial,13.207964,0.001286710840019631
https://entity.api.hubmapconsortium.org/entities/a96d7a2687372052a139c4f3cf6b6864,http://purl.org/ccf/1.5/5f2d29d1-9989-435c-9311-59799db1e8d7,right kidney,UBERON:0004539,sc_bulk,https://purl.org/ccf/ASCTB-TEMP_glomerular-capillary-endothelial,Glomerular Capillary Endothelial,10.676138,0.001040062078768954
https://entity.api.hubmapconsortium.org/entities/a96d7a2687372052a139c4f3cf6b6864,http://purl.org/ccf/1.5/5f2d29d1-9989-435c-9311-59799db1e8d7,right kidney,UBERON:0004539,sc_bulk,https://purl.org/ccf/ASCTB-TEMP_descending-thin-limb-type-3,Descending Thin Limb Type 3,10.623052,0.001034890476873818
https://entity.api.hubmapconsortium.org/entities/a96d7a2687372052a139c4f3cf6b6864,http://purl.org/ccf/1.5/5f2d29d1-9989-435c-9311-59799db1e8d7,right kidney,UBERON:0004539,sc_bulk,https://purl.org/ccf/ASCTB-TEMP_tissue-resident-macrophage,Tissue-resident Macrophage,10.016952,9.758446284647903E-4
https://entity.api.hubmapconsortium.org/entities/a96d7a2687372052a139c4f3cf6b6864,http://purl.org/ccf/1.5/5f2d29d1-9989-435c-9311-59799db1e8d7,right kidney,UBERON:0004539,sc_bulk,https://purl.org/ccf/ASCTB-TEMP_podocyte,Podocyte,9.591846,9.344310920289411E-4
https://entity.api.hubmapconsortium.org/entities/a96d7a2687372052a139c4f3cf6b6864,http://purl.org/ccf/1.5/5f2d29d1-9989-435c-9311-59799db1e8d7,right kidney,UBERON:0004539,sc_bulk,https://purl.org/ccf/ASCTB-TEMP_parietal-epithelial,Parietal Epithelial,7.800716,7.599404296615723E-4
https://entity.api.hubmapconsortium.org/entities/a96d7a2687372052a139c4f3cf6b6864,http://purl.org/ccf/1.5/5f2d29d1-9989-435c-9311-59799db1e8d7,right kidney,UBERON:0004539,sc_bulk,https://purl.org/ccf/ASCTB-TEMP_monocyte-derived,Monocyte-derived,6.074376,5.917615648827547E-4
https://entity.api.hubmapconsortium.org/entities/a96d7a2687372052a139c4f3cf6b6864,http://purl.org/ccf/1.5/5f2d29d1-9989-435c-9311-59799db1e8d7,right kidney,UBERON:0004539,sc_bulk,https://purl.org/ccf/ASCTB-TEMP_t,T,5.671424,5.525062560094423E-4
https://entity.api.hubmapconsortium.org/entities/a96d7a2687372052a139c4f3cf6b6864,http://purl.org/ccf/1.5/5f2d29d1-9989-435c-9311-59799db1e8d7,right kidney,UBERON:0004539,sc_bulk,https://purl.org/ccf/ASCTB-TEMP_intercalated-type-b,Intercalated Type B,4.903557999999999,4.777012742664186E-4
https://entity.api.hubmapconsortium.org/entities/a96d7a2687372052a139c4f3cf6b6864,http://purl.org/ccf/1.5/5f2d29d1-9989-435c-9311-59799db1e8d7,right kidney,UBERON:0004539,sc_bulk,https://purl.org/ccf/ASCTB-TEMP_lymphatic-endothelial,Lymphatic Endothelial,4.610958,4.491963819310258E-4
https://entity.api.hubmapconsortium.org/entities/a96d7a2687372052a139c4f3cf6b6864,http://purl.org/ccf/1.5/5f2d29d1-9989-435c-9311-59799db1e8d7,right kidney,UBERON:0004539,sc_bulk,https://purl.org/ccf/ASCTB-TEMP_monocyte,Monocyte,2.141832,2.086558118950754E-4
https://entity.api.hubmapconsortium.org/entities/a96d7a2687372052a139c4f3cf6b6864,http://purl.org/ccf/1.5/5f2d29d1-9989-435c-9311-59799db1e8d7,right kidney,UBERON:0004539,sc_bulk,https://purl.org/ccf/ASCTB-TEMP_proximal-tubule-epithelial-segment-2,Proximal Tubule Epithelial Segment 2,1.957076,1.90657008449013E-4
https://entity.api.hubmapconsortium.org/entities/a96d7a2687372052a139c4f3cf6b6864,http://purl.org/ccf/1.5/5f2d29d1-9989-435c-9311-59799db1e8d7,right kidney,UBERON:0004539,sc_bulk,https://purl.org/ccf/ASCTB-TEMP_schwann-neural,Schwann / Neural,1.916948,1.867477660715877E-4
https://entity.api.hubmapconsortium.org/entities/a96d7a2687372052a139c4f3cf6b6864,http://purl.org/ccf/1.5/5f2d29d1-9989-435c-9311-59799db1e8d7,right kidney,UBERON:0004539,sc_bulk,https://purl.org/ccf/ASCTB-TEMP_natural-killer-natural-killer-t,Natural Killer / Natural Killer T,1.795728,1.749385963897821E-4
https://entity.api.hubmapconsortium.org/entities/a96d7a2687372052a139c4f3cf6b6864,http://purl.org/ccf/1.5/5f2d29d1-9989-435c-9311-59799db1e8d7,right kidney,UBERON:0004539,sc_bulk,https://purl.org/ccf/ASCTB-TEMP_distal-convoluted-tubule-type-2,Distal Convoluted Tubule Type 2,1.19339,1.162592394536378E-4
https://entity.api.hubmapconsortium.org/entities/a96d7a2687372052a139c4f3cf6b6864,http://purl.org/ccf/1.5/5f2d29d1-9989-435c-9311-59799db1e8d7,right kidney,UBERON:0004539,sc_bulk,https://purl.org/ccf/ASCTB-TEMP_b,B,0.9881519999999999,9.626509354409799E-5
https://entity.api.hubmapconsortium.org/entities/a96d7a2687372052a139c4f3cf6b6864,http://purl.org/ccf/1.5/5f2d29d1-9989-435c-9311-59799db1e8d7,right kidney,UBERON:0004539,sc_bulk,https://purl.org/ccf/ASCTB-TEMP_plasma,Plasma,0.596486,5.810925908943648E-5
https://entity.api.hubmapconsortium.org/entities/a96d7a2687372052a139c4f3cf6b6864,http://purl.org/ccf/1.5/5f2d29d1-9989-435c-9311-59799db1e8d7,right kidney,UBERON:0004539,sc_bulk,https://purl.org/ccf/ASCTB-TEMP_mast,Mast,0.436392,4.251301085450013E-5
https://entity.api.hubmapconsortium.org/entities/a96d7a2687372052a139c4f3cf6b6864,http://purl.org/ccf/1.5/5f2d29d1-9989-435c-9311-59799db1e8d7,right kidney,UBERON:0004539,sc_bulk,https://purl.org/ccf/ASCTB-TEMP_classical-dendritic,Classical Dendritic,0.396264,3.860376847707483E-5
https://entity.api.hubmapconsortium.org/entities/a96d7a2687372052a139c4f3cf6b6864,http://purl.org/ccf/1.5/5f2d29d1-9989-435c-9311-59799db1e8d7,right kidney,UBERON:0004539,sc_bulk,https://purl.org/ccf/ASCTB-TEMP_cycling-mononuclear-phagocyte,Cycling Mononuclear Phagocyte,0.368676,3.591616434259494E-5
https://entity.api.hubmapconsortium.org/entities/a96d7a2687372052a139c4f3cf6b6864,http://purl.org/ccf/1.5/5f2d29d1-9989-435c-9311-59799db1e8d7,right kidney,UBERON:0004539,sc_bulk,https://purl.org/ccf/ASCTB-TEMP_renin-positive-juxtaglomerular-granular,Renin-positive Juxtaglomerular Granular,0.350284,3.412442825294168E-5
https://entity.api.hubmapconsortium.org/entities/a96d7a2687372052a139c4f3cf6b6864,http://purl.org/ccf/1.5/5f2d29d1-9989-435c-9311-59799db1e8d7,right kidney,UBERON:0004539,sc_bulk,https://purl.org/ccf/ASCTB-TEMP_non-classical-monocyte,Non-classical monocyte,0.122474,1.193133350610013E-5
https://entity.api.hubmapconsortium.org/entities/a96d7a2687372052a139c4f3cf6b6864,http://purl.org/ccf/1.5/5f2d29d1-9989-435c-9311-59799db1e8d7,right kidney,UBERON:0004539,sc_bulk,https://purl.org/ccf/ASCTB-TEMP_connecting-tubule-intercalated-type-a,Connecting Tubule Intercalated Type A,0.122474,1.193133350610013E-5
https://entity.api.hubmapconsortium.org/entities/a96d7a2687372052a139c4f3cf6b6864,http://purl.org/ccf/1.5/5f2d29d1-9989-435c-9311-59799db1e8d7,right kidney,UBERON:0004539,sc_bulk,https://purl.org/ccf/ASCTB-TEMP_neutrophil,Neutrophil,0.005016,4.886552971781624E-7
https://entity.api.hubmapconsortium.org/entities/a96d7a2687372052a139c4f3cf6b6864,http://purl.org/ccf/1.5/5f2d29d1-9989-435c-9311-59799db1e8d7,right kidney,UBERON:0004539,sc_bulk,https://purl.org/ccf/ASCTB-TEMP_natural-killer-t,Natural Killer T,0.002508,2.443276485890812E-7
https://entity.api.hubmapconsortium.org/entities/a96d7a2687372052a139c4f3cf6b6864,http://purl.org/ccf/1.5/5f2d29d1-9989-435c-9311-59799db1e8d7,right kidney,UBERON:0004539,sc_bulk,https://purl.org/ccf/ASCTB-TEMP_plasmacytoid-dendritic,Plasmacytoid Dendritic,0.002508,2.443276485890812E-7
https://entity.api.hubmapconsortium.org/entities/abe01e040eecba80c655fbca3aba165a,http://purl.org/ccf/1.5/3baf4809-eff0-4a0e-8ccb-0d7e6d83f371,large intestine,UBERON:0000059,spatial,https://purl.org/ccf/ASCTB-TEMP_smooth-muscle,Smooth muscle,6360.070944,0.1673809084772142
https://entity.api.hubmapconsortium.org/entities/abe01e040eecba80c655fbca3aba165a,http://purl.org/ccf/1.5/3baf4809-eff0-4a0e-8ccb-0d7e6d83f371,large intestine,UBERON:0000059,spatial,https://purl.org/ccf/ASCTB-TEMP_enterocyte,Enterocyte,5800.418336000001,0.1526522737208592
https://entity.api.hubmapconsortium.org/entities/abe01e040eecba80c655fbca3aba165a,http://purl.org/ccf/1.5/3baf4809-eff0-4a0e-8ccb-0d7e6d83f371,large intestine,UBERON:0000059,spatial,https://purl.org/ccf/ASCTB-TEMP_stroma,Stroma,4009.699152,0.1055250944040532
https://entity.api.hubmapconsortium.org/entities/abe01e040eecba80c655fbca3aba165a,http://purl.org/ccf/1.5/3baf4809-eff0-4a0e-8ccb-0d7e6d83f371,large intestine,UBERON:0000059,spatial,https://purl.org/ccf/ASCTB-TEMP_endothelial,Endothelial,3099.920624000001,0.08158203498372377
https://entity.api.hubmapconsortium.org/entities/abe01e040eecba80c655fbca3aba165a,http://purl.org/ccf/1.5/3baf4809-eff0-4a0e-8ccb-0d7e6d83f371,large intestine,UBERON:0000059,spatial,https://purl.org/ccf/ASCTB-TEMP_goblet,Goblet,2372.334928,0.06243382801185098
https://entity.api.hubmapconsortium.org/entities/abe01e040eecba80c655fbca3aba165a,http://purl.org/ccf/1.5/3baf4809-eff0-4a0e-8ccb-0d7e6d83f371,large intestine,UBERON:0000059,spatial,https://purl.org/ccf/ASCTB-TEMP_cd66-enterocyte,CD66+ Enterocyte,2283.260304,0.06008961021637944
https://entity.api.hubmapconsortium.org/entities/abe01e040eecba80c655fbca3aba165a,http://purl.org/ccf/1.5/3baf4809-eff0-4a0e-8ccb-0d7e6d83f371,large intestine,UBERON:0000059,spatial,https://purl.org/ccf/ASCTB-TEMP_plasma,Plasma,2219.11504,0.05840146983911531
https://entity.api.hubmapconsortium.org/entities/abe01e040eecba80c655fbca3aba165a,http://purl.org/ccf/1.5/3baf4809-eff0-4a0e-8ccb-0d7e6d83f371,large intestine,UBERON:0000059,spatial,https://purl.org/ccf/ASCTB-TEMP_m2-macrophage,M2 Macrophage,1991.107072,0.0524008794117574
https://entity.api.hubmapconsortium.org/entities/abe01e040eecba80c655fbca3aba165a,http://purl.org/ccf/1.5/3baf4809-eff0-4a0e-8ccb-0d7e6d83f371,large intestine,UBERON:0000059,spatial,https://purl.org/ccf/ASCTB-TEMP_cd4-t-cell,CD4+ T cell,1559.935808,0.04105354720225229
https://entity.api.hubmapconsortium.org/entities/abe01e040eecba80c655fbca3aba165a,http://purl.org/ccf/1.5/3baf4809-eff0-4a0e-8ccb-0d7e6d83f371,large intestine,UBERON:0000059,spatial,https://purl.org/ccf/ASCTB-TEMP_cd8-t,CD8+ T,1535.131872,0.04040077062506531
https://entity.api.hubmapconsortium.org/entities/abe01e040eecba80c655fbca3aba165a,http://purl.org/ccf/1.5/3baf4809-eff0-4a0e-8ccb-0d7e6d83f371,large intestine,UBERON:0000059,spatial,https://purl.org/ccf/ASCTB-TEMP_nerve,Nerve,1252.494784,0.03296248055325029
https://entity.api.hubmapconsortium.org/entities/abe01e040eecba80c655fbca3aba165a,http://purl.org/ccf/1.5/3baf4809-eff0-4a0e-8ccb-0d7e6d83f371,large intestine,UBERON:0000059,spatial,https://purl.org/ccf/ASCTB-TEMP_lymphatic,Lymphatic,1186.836928,0.03123453259752603
https://entity.api.hubmapconsortium.org/entities/abe01e040eecba80c655fbca3aba165a,http://purl.org/ccf/1.5/3baf4809-eff0-4a0e-8ccb-0d7e6d83f371,large intestine,UBERON:0000059,spatial,https://purl.org/ccf/ASCTB-TEMP_cycling-ta,Cycling TA,998.4833120000001,0.02627754396663814
https://entity.api.hubmapconsortium.org/entities/abe01e040eecba80c655fbca3aba165a,http://purl.org/ccf/1.5/3baf4809-eff0-4a0e-8ccb-0d7e6d83f371,large intestine,UBERON:0000059,spatial,https://purl.org/ccf/ASCTB-TEMP_icc,ICC,628.997072,0.01655360486822704
https://entity.api.hubmapconsortium.org/entities/abe01e040eecba80c655fbca3aba165a,http://purl.org/ccf/1.5/3baf4809-eff0-4a0e-8ccb-0d7e6d83f371,large intestine,UBERON:0000059,spatial,https://purl.org/ccf/ASCTB-TEMP_m1-macrophage,M1 Macrophage,588.0713280000001,0.01547654326449002
https://entity.api.hubmapconsortium.org/entities/abe01e040eecba80c655fbca3aba165a,http://purl.org/ccf/1.5/3baf4809-eff0-4a0e-8ccb-0d7e6d83f371,large intestine,UBERON:0000059,spatial,https://purl.org/ccf/ASCTB-TEMP_dc,DC,574.37224,0.01511601807303559
https://entity.api.hubmapconsortium.org/entities/abe01e040eecba80c655fbca3aba165a,http://purl.org/ccf/1.5/3baf4809-eff0-4a0e-8ccb-0d7e6d83f371,large intestine,UBERON:0000059,spatial,https://purl.org/ccf/ASCTB-TEMP_ta,TA,488.9820800000001,0.01286876600907895
https://entity.api.hubmapconsortium.org/entities/abe01e040eecba80c655fbca3aba165a,http://purl.org/ccf/1.5/3baf4809-eff0-4a0e-8ccb-0d7e6d83f371,large intestine,UBERON:0000059,spatial,https://purl.org/ccf/ASCTB-TEMP_b,B,310.233584,0.008164559733260447
https://entity.api.hubmapconsortium.org/entities/abe01e040eecba80c655fbca3aba165a,http://purl.org/ccf/1.5/3baf4809-eff0-4a0e-8ccb-0d7e6d83f371,large intestine,UBERON:0000059,spatial,https://purl.org/ccf/ASCTB-TEMP_muc1-enterocyte,MUC1+ Enterocyte,303.78336,0.007994806225397449
https://entity.api.hubmapconsortium.org/entities/abe01e040eecba80c655fbca3aba165a,http://purl.org/ccf/1.5/3baf4809-eff0-4a0e-8ccb-0d7e6d83f371,large intestine,UBERON:0000059,spatial,https://purl.org/ccf/ASCTB-TEMP_neutrophil,Neutrophil,185.80976,0.004890040804037475
https://entity.api.hubmapconsortium.org/entities/abe01e040eecba80c655fbca3aba165a,http://purl.org/ccf/1.5/3baf4809-eff0-4a0e-8ccb-0d7e6d83f371,large intestine,UBERON:0000059,spatial,https://purl.org/ccf/ASCTB-TEMP_neuroendocrine,Neuroendocrine,100.959888,0.002657007747553484
https://entity.api.hubmapconsortium.org/entities/abe01e040eecba80c655fbca3aba165a,http://purl.org/ccf/1.5/3baf4809-eff0-4a0e-8ccb-0d7e6d83f371,large intestine,UBERON:0000059,spatial,https://purl.org/ccf/ASCTB-TEMP_nk,NK,66.714848,0.001755765299708465
https://entity.api.hubmapconsortium.org/entities/abe01e040eecba80c655fbca3aba165a,http://purl.org/ccf/1.5/3baf4809-eff0-4a0e-8ccb-0d7e6d83f371,large intestine,UBERON:0000059,spatial,https://purl.org/ccf/ASCTB-TEMP_cd7-immune,CD7+ Immune,45.454944,0.001196258640586148
https://entity.api.hubmapconsortium.org/entities/abe01e040eecba80c655fbca3aba165a,http://purl.org/ccf/1.5/3baf4809-eff0-4a0e-8ccb-0d7e6d83f371,large intestine,UBERON:0000059,spatial,https://purl.org/ccf/ASCTB-TEMP_paneth,Paneth,24.365488,6.41237739773656E-4
https://entity.api.hubmapconsortium.org/entities/abe01e040eecba80c655fbca3aba165a,http://purl.org/ccf/1.5/3baf4809-eff0-4a0e-8ccb-0d7e6d83f371,large intestine,UBERON:0000059,spatial,https://purl.org/ccf/ASCTB-TEMP_cd57-enterocyte,CD57+ Enterocyte,11.035168,2.90417585165648E-4
https://entity.api.hubmapconsortium.org/entities/b40570529f88ddc2742b183843091cd5,http://purl.org/ccf/1.5/c207b7e4-7788-4125-a961-9f5f20f6bfbf,right kidney,UBERON:0004539,sc_bulk,https://purl.org/ccf/ASCTB-TEMP_cortical-thick-ascending-limb,Cortical Thick Ascending Limb,203777.852565,0.1923133852731773
https://entity.api.hubmapconsortium.org/entities/b40570529f88ddc2742b183843091cd5,http://purl.org/ccf/1.5/c207b7e4-7788-4125-a961-9f5f20f6bfbf,right kidney,UBERON:0004539,sc_bulk,https://purl.org/ccf/ASCTB-TEMP_inner-medullary-collecting-duct,Inner Medullary Collecting Duct,118674.879092,0.1119982738938112
https://entity.api.hubmapconsortium.org/entities/b40570529f88ddc2742b183843091cd5,http://purl.org/ccf/1.5/c207b7e4-7788-4125-a961-9f5f20f6bfbf,right kidney,UBERON:0004539,sc_bulk,https://purl.org/ccf/ASCTB-TEMP_connecting-tubule,Connecting Tubule,85898.66658800001,0.0810660390913726
https://entity.api.hubmapconsortium.org/entities/b40570529f88ddc2742b183843091cd5,http://purl.org/ccf/1.5/c207b7e4-7788-4125-a961-9f5f20f6bfbf,right kidney,UBERON:0004539,sc_bulk,https://purl.org/ccf/ASCTB-TEMP_proximal-tubule-epithelial-segment-1,Proximal Tubule Epithelial Segment 1,83364.06750000002,0.0786740356190222
https://entity.api.hubmapconsortium.org/entities/b40570529f88ddc2742b183843091cd5,http://purl.org/ccf/1.5/c207b7e4-7788-4125-a961-9f5f20f6bfbf,right kidney,UBERON:0004539,sc_bulk,https://purl.org/ccf/ASCTB-TEMP_distal-convoluted-tubule-type-1,Distal Convoluted Tubule Type 1,80050.77815000003,0.07554715071338794
https://entity.api.hubmapconsortium.org/entities/b40570529f88ddc2742b183843091cd5,http://purl.org/ccf/1.5/c207b7e4-7788-4125-a961-9f5f20f6bfbf,right kidney,UBERON:0004539,sc_bulk,https://purl.org/ccf/ASCTB-TEMP_descending-thin-limb-type-1,Descending Thin Limb Type 1,69620.50585000002,0.06570368170983552
https://entity.api.hubmapconsortium.org/entities/b40570529f88ddc2742b183843091cd5,http://purl.org/ccf/1.5/c207b7e4-7788-4125-a961-9f5f20f6bfbf,right kidney,UBERON:0004539,sc_bulk,https://purl.org/ccf/ASCTB-TEMP_descending-thin-limb-type-2,Descending Thin Limb Type 2,68188.735846,0.0643524625614543
https://entity.api.hubmapconsortium.org/entities/b40570529f88ddc2742b183843091cd5,http://purl.org/ccf/1.5/c207b7e4-7788-4125-a961-9f5f20f6bfbf,right kidney,UBERON:0004539,sc_bulk,https://purl.org/ccf/ASCTB-TEMP_ascending-thin-limb,Ascending Thin Limb,67499.446721,0.06370195258997222
https://entity.api.hubmapconsortium.org/entities/b40570529f88ddc2742b183843091cd5,http://purl.org/ccf/1.5/c207b7e4-7788-4125-a961-9f5f20f6bfbf,right kidney,UBERON:0004539,sc_bulk,https://purl.org/ccf/ASCTB-TEMP_fibroblast,Fibroblast,47221.45302700001,0.04456479138842621
https://entity.api.hubmapconsortium.org/entities/b40570529f88ddc2742b183843091cd5,http://purl.org/ccf/1.5/c207b7e4-7788-4125-a961-9f5f20f6bfbf,right kidney,UBERON:0004539,sc_bulk,https://purl.org/ccf/ASCTB-TEMP_proximal-tubule-epithelial-segment-3,Proximal Tubule Epithelial Segment 3,45066.94213699999,0.04253149249137524
https://entity.api.hubmapconsortium.org/entities/b40570529f88ddc2742b183843091cd5,http://purl.org/ccf/1.5/c207b7e4-7788-4125-a961-9f5f20f6bfbf,right kidney,UBERON:0004539,sc_bulk,https://purl.org/ccf/ASCTB-TEMP_medullary-thick-ascending-limb,Medullary Thick Ascending Limb,31838.363137,0.03004714849706321
https://entity.api.hubmapconsortium.org/entities/b40570529f88ddc2742b183843091cd5,http://purl.org/ccf/1.5/c207b7e4-7788-4125-a961-9f5f20f6bfbf,right kidney,UBERON:0004539,sc_bulk,https://purl.org/ccf/ASCTB-TEMP_cortical-collecting-duct-principal,Cortical Collecting Duct Principal,24674.76222400001,0.02328656914565595
https://entity.api.hubmapconsortium.org/entities/b40570529f88ddc2742b183843091cd5,http://purl.org/ccf/1.5/c207b7e4-7788-4125-a961-9f5f20f6bfbf,right kidney,UBERON:0004539,sc_bulk,https://purl.org/ccf/ASCTB-TEMP_cortical-collecting-duct-intercalated-type-a,Cortical Collecting Duct Intercalated Type A,12447.45138,0.01174716232789585
https://entity.api.hubmapconsortium.org/entities/b40570529f88ddc2742b183843091cd5,http://purl.org/ccf/1.5/c207b7e4-7788-4125-a961-9f5f20f6bfbf,right kidney,UBERON:0004539,sc_bulk,https://purl.org/ccf/ASCTB-TEMP_podocyte,Podocyte,11722.670673,0.01106315751780788
https://entity.api.hubmapconsortium.org/entities/b40570529f88ddc2742b183843091cd5,http://purl.org/ccf/1.5/c207b7e4-7788-4125-a961-9f5f20f6bfbf,right kidney,UBERON:0004539,sc_bulk,https://purl.org/ccf/ASCTB-TEMP_mesangial,Mesangial,11430.923203,0.01078782365353189
https://entity.api.hubmapconsortium.org/entities/b40570529f88ddc2742b183843091cd5,http://purl.org/ccf/1.5/c207b7e4-7788-4125-a961-9f5f20f6bfbf,right kidney,UBERON:0004539,sc_bulk,https://purl.org/ccf/ASCTB-TEMP_peritubular-capilary-endothelial,Peritubular Capilary Endothelial,10493.98063,0.009903593126258489
https://entity.api.hubmapconsortium.org/entities/b40570529f88ddc2742b183843091cd5,http://purl.org/ccf/1.5/c207b7e4-7788-4125-a961-9f5f20f6bfbf,right kidney,UBERON:0004539,sc_bulk,https://purl.org/ccf/ASCTB-TEMP_outer-medullary-collecting-duct-intercalated-type-a,Outer Medullary Collecting Duct Intercalated Type A,7625.547286000001,0.007196536790785814
https://entity.api.hubmapconsortium.org/entities/b40570529f88ddc2742b183843091cd5,http://purl.org/ccf/1.5/c207b7e4-7788-4125-a961-9f5f20f6bfbf,right kidney,UBERON:0004539,sc_bulk,https://purl.org/ccf/ASCTB-TEMP_outer-medullary-collecting-duct-principal,Outer Medullary Collecting Duct Principal,7444.087007,0.007025285400569235
https://entity.api.hubmapconsortium.org/entities/b40570529f88ddc2742b183843091cd5,http://purl.org/ccf/1.5/c207b7e4-7788-4125-a961-9f5f20f6bfbf,right kidney,UBERON:0004539,sc_bulk,https://purl.org/ccf/ASCTB-TEMP_parietal-epithelial,Parietal Epithelial,7317.720515000001,0.006906028241090317
https://entity.api.hubmapconsortium.org/entities/b40570529f88ddc2742b183843091cd5,http://purl.org/ccf/1.5/c207b7e4-7788-4125-a961-9f5f20f6bfbf,right kidney,UBERON:0004539,sc_bulk,https://purl.org/ccf/ASCTB-TEMP_intercalated-type-b,Intercalated Type B,7093.115834000001,0.00669405973711595
https://entity.api.hubmapconsortium.org/entities/b40570529f88ddc2742b183843091cd5,http://purl.org/ccf/1.5/c207b7e4-7788-4125-a961-9f5f20f6bfbf,right kidney,UBERON:0004539,sc_bulk,https://purl.org/ccf/ASCTB-TEMP_ascending-vasa-recta-endothelial,Ascending Vasa Recta Endothelial,5857.732832000001,0.005528178929986636
https://entity.api.hubmapconsortium.org/entities/b40570529f88ddc2742b183843091cd5,http://purl.org/ccf/1.5/c207b7e4-7788-4125-a961-9f5f20f6bfbf,right kidney,UBERON:0004539,sc_bulk,https://purl.org/ccf/ASCTB-TEMP_classical-dendritic,Classical Dendritic,5732.861526000001,0.005410332837891409
https://entity.api.hubmapconsortium.org/entities/b40570529f88ddc2742b183843091cd5,http://purl.org/ccf/1.5/c207b7e4-7788-4125-a961-9f5f20f6bfbf,right kidney,UBERON:0004539,sc_bulk,https://purl.org/ccf/ASCTB-TEMP_macula-densa,Macula Densa,5706.115758,0.005385091776995595
https://entity.api.hubmapconsortium.org/entities/b40570529f88ddc2742b183843091cd5,http://purl.org/ccf/1.5/c207b7e4-7788-4125-a961-9f5f20f6bfbf,right kidney,UBERON:0004539,sc_bulk,https://purl.org/ccf/ASCTB-TEMP_glomerular-capillary-endothelial,Glomerular Capillary Endothelial,5477.402574,0.005169245912894063
https://entity.api.hubmapconsortium.org/entities/b40570529f88ddc2742b183843091cd5,http://purl.org/ccf/1.5/c207b7e4-7788-4125-a961-9f5f20f6bfbf,right kidney,UBERON:0004539,sc_bulk,https://purl.org/ccf/ASCTB-TEMP_medullary-fibroblast,Medullary Fibroblast,4497.513901999999,0.004244485418408781
https://entity.api.hubmapconsortium.org/entities/b40570529f88ddc2742b183843091cd5,http://purl.org/ccf/1.5/c207b7e4-7788-4125-a961-9f5f20f6bfbf,right kidney,UBERON:0004539,sc_bulk,https://purl.org/ccf/ASCTB-TEMP_cortical-vascular-smooth-muscle-pericyte,Cortical Vascular Smooth Muscle / Pericyte,3446.206358,0.003252324051484085
https://entity.api.hubmapconsortium.org/entities/b40570529f88ddc2742b183843091cd5,http://purl.org/ccf/1.5/c207b7e4-7788-4125-a961-9f5f20f6bfbf,right kidney,UBERON:0004539,sc_bulk,https://purl.org/ccf/ASCTB-TEMP_connecting-tubule-principal,Connecting Tubule Principal,3235.16914,0.003053159710014406
https://entity.api.hubmapconsortium.org/entities/b40570529f88ddc2742b183843091cd5,http://purl.org/ccf/1.5/c207b7e4-7788-4125-a961-9f5f20f6bfbf,right kidney,UBERON:0004539,sc_bulk,https://purl.org/ccf/ASCTB-TEMP_vascular-smooth-muscle-pericyte,Vascular Smooth Muscle / Pericyte,3148.207222999999,0.002971090238589484
https://entity.api.hubmapconsortium.org/entities/b40570529f88ddc2742b183843091cd5,http://purl.org/ccf/1.5/c207b7e4-7788-4125-a961-9f5f20f6bfbf,right kidney,UBERON:0004539,sc_bulk,https://purl.org/ccf/ASCTB-TEMP_m2-macrophage,M2 Macrophage,3142.75808,0.002965947662377315
https://entity.api.hubmapconsortium.org/entities/b40570529f88ddc2742b183843091cd5,http://purl.org/ccf/1.5/c207b7e4-7788-4125-a961-9f5f20f6bfbf,right kidney,UBERON:0004539,sc_bulk,https://purl.org/ccf/ASCTB-TEMP_descending-thin-limb-type-3,Descending Thin Limb Type 3,2936.670058,0.002771454076954774
https://entity.api.hubmapconsortium.org/entities/b40570529f88ddc2742b183843091cd5,http://purl.org/ccf/1.5/c207b7e4-7788-4125-a961-9f5f20f6bfbf,right kidney,UBERON:0004539,sc_bulk,https://purl.org/ccf/ASCTB-TEMP_monocyte-derived,Monocyte-derived,2773.742265,0.002617692541868801
https://entity.api.hubmapconsortium.org/entities/b40570529f88ddc2742b183843091cd5,http://purl.org/ccf/1.5/c207b7e4-7788-4125-a961-9f5f20f6bfbf,right kidney,UBERON:0004539,sc_bulk,https://purl.org/ccf/ASCTB-TEMP_descending-vasa-recta-endothelial,Descending Vasa Recta Endothelial,2567.642139999999,0.002423187534356602
https://entity.api.hubmapconsortium.org/entities/b40570529f88ddc2742b183843091cd5,http://purl.org/ccf/1.5/c207b7e4-7788-4125-a961-9f5f20f6bfbf,right kidney,UBERON:0004539,sc_bulk,https://purl.org/ccf/ASCTB-TEMP_t,T,1701.977858,0.001606225207558149
https://entity.api.hubmapconsortium.org/entities/b40570529f88ddc2742b183843091cd5,http://purl.org/ccf/1.5/c207b7e4-7788-4125-a961-9f5f20f6bfbf,right kidney,UBERON:0004539,sc_bulk,https://purl.org/ccf/ASCTB-TEMP_distal-convoluted-tubule-type-2,Distal Convoluted Tubule Type 2,1453.897081,0.001372101364139728
https://entity.api.hubmapconsortium.org/entities/b40570529f88ddc2742b183843091cd5,http://purl.org/ccf/1.5/c207b7e4-7788-4125-a961-9f5f20f6bfbf,right kidney,UBERON:0004539,sc_bulk,https://purl.org/ccf/ASCTB-TEMP_afferent-efferent-arteriole-endothelial,Afferent / Efferent Arteriole Endothelial,1386.934906,0.001308906456560666
https://entity.api.hubmapconsortium.org/entities/b40570529f88ddc2742b183843091cd5,http://purl.org/ccf/1.5/c207b7e4-7788-4125-a961-9f5f20f6bfbf,right kidney,UBERON:0004539,sc_bulk,https://purl.org/ccf/ASCTB-TEMP_proximal-tubule-epithelial-segment-2,Proximal Tubule Epithelial Segment 2,1097.792374,0.001036030977427618
https://entity.api.hubmapconsortium.org/entities/b40570529f88ddc2742b183843091cd5,http://purl.org/ccf/1.5/c207b7e4-7788-4125-a961-9f5f20f6bfbf,right kidney,UBERON:0004539,sc_bulk,https://purl.org/ccf/ASCTB-TEMP_mast,Mast,753.229274,7.10852871136191E-4
https://entity.api.hubmapconsortium.org/entities/b40570529f88ddc2742b183843091cd5,http://purl.org/ccf/1.5/c207b7e4-7788-4125-a961-9f5f20f6bfbf,right kidney,UBERON:0004539,sc_bulk,https://purl.org/ccf/ASCTB-TEMP_b,B,577.1874150000001,5.447150625964999E-4
https://entity.api.hubmapconsortium.org/entities/b40570529f88ddc2742b183843091cd5,http://purl.org/ccf/1.5/c207b7e4-7788-4125-a961-9f5f20f6bfbf,right kidney,UBERON:0004539,sc_bulk,https://purl.org/ccf/ASCTB-TEMP_schwann-neural,Schwann / Neural,497.670705,4.696719335547522E-4
https://entity.api.hubmapconsortium.org/entities/b40570529f88ddc2742b183843091cd5,http://purl.org/ccf/1.5/c207b7e4-7788-4125-a961-9f5f20f6bfbf,right kidney,UBERON:0004539,sc_bulk,https://purl.org/ccf/ASCTB-TEMP_plasma,Plasma,443.51909,4.185668685657199E-4
https://entity.api.hubmapconsortium.org/entities/b40570529f88ddc2742b183843091cd5,http://purl.org/ccf/1.5/c207b7e4-7788-4125-a961-9f5f20f6bfbf,right kidney,UBERON:0004539,sc_bulk,https://purl.org/ccf/ASCTB-TEMP_lymphatic-endothelial,Lymphatic Endothelial,442.887872,4.17971162659031E-4
https://entity.api.hubmapconsortium.org/entities/b40570529f88ddc2742b183843091cd5,http://purl.org/ccf/1.5/c207b7e4-7788-4125-a961-9f5f20f6bfbf,right kidney,UBERON:0004539,sc_bulk,https://purl.org/ccf/ASCTB-TEMP_tissue-resident-macrophage,Tissue-resident Macrophage,428.652882,4.045370279786853E-4
https://entity.api.hubmapconsortium.org/entities/b40570529f88ddc2742b183843091cd5,http://purl.org/ccf/1.5/c207b7e4-7788-4125-a961-9f5f20f6bfbf,right kidney,UBERON:0004539,sc_bulk,https://purl.org/ccf/ASCTB-TEMP_papillary-tip-epithelial,Papillary Tip Epithelial,245.2095730000001,2.314141723030396E-4
https://entity.api.hubmapconsortium.org/entities/b40570529f88ddc2742b183843091cd5,http://purl.org/ccf/1.5/c207b7e4-7788-4125-a961-9f5f20f6bfbf,right kidney,UBERON:0004539,sc_bulk,https://purl.org/ccf/ASCTB-TEMP_connecting-tubule-intercalated-type-a,Connecting Tubule Intercalated Type A,228.487882,2.156332375094694E-4
https://entity.api.hubmapconsortium.org/entities/b40570529f88ddc2742b183843091cd5,http://purl.org/ccf/1.5/c207b7e4-7788-4125-a961-9f5f20f6bfbf,right kidney,UBERON:0004539,sc_bulk,https://purl.org/ccf/ASCTB-TEMP_natural-killer-natural-killer-t,Natural Killer / Natural Killer T,74.24725000000002,7.007012692986035E-5
https://entity.api.hubmapconsortium.org/entities/b40570529f88ddc2742b183843091cd5,http://purl.org/ccf/1.5/c207b7e4-7788-4125-a961-9f5f20f6bfbf,right kidney,UBERON:0004539,sc_bulk,https://purl.org/ccf/ASCTB-TEMP_non-classical-monocyte,Non-classical monocyte,70.29050000000001,6.633598223453864E-5
https://entity.api.hubmapconsortium.org/entities/b40570529f88ddc2742b183843091cd5,http://purl.org/ccf/1.5/c207b7e4-7788-4125-a961-9f5f20f6bfbf,right kidney,UBERON:0004539,sc_bulk,https://purl.org/ccf/ASCTB-TEMP_neutrophil,Neutrophil,50.004941,4.719168134833516E-5
https://entity.api.hubmapconsortium.org/entities/b40570529f88ddc2742b183843091cd5,http://purl.org/ccf/1.5/c207b7e4-7788-4125-a961-9f5f20f6bfbf,right kidney,UBERON:0004539,sc_bulk,https://purl.org/ccf/ASCTB-TEMP_renin-positive-juxtaglomerular-granular,Renin-positive Juxtaglomerular Granular,47.92788000000001,4.523147503886158E-5
https://entity.api.hubmapconsortium.org/entities/b40570529f88ddc2742b183843091cd5,http://purl.org/ccf/1.5/c207b7e4-7788-4125-a961-9f5f20f6bfbf,right kidney,UBERON:0004539,sc_bulk,https://purl.org/ccf/ASCTB-TEMP_monocyte,Monocyte,43.686244,4.12284719254767E-5
https://entity.api.hubmapconsortium.org/entities/b40570529f88ddc2742b183843091cd5,http://purl.org/ccf/1.5/c207b7e4-7788-4125-a961-9f5f20f6bfbf,right kidney,UBERON:0004539,sc_bulk,https://purl.org/ccf/ASCTB-TEMP_natural-killer-t,Natural Killer T,40.35233300000001,3.808212553631269E-5
https://entity.api.hubmapconsortium.org/entities/b40570529f88ddc2742b183843091cd5,http://purl.org/ccf/1.5/c207b7e4-7788-4125-a961-9f5f20f6bfbf,right kidney,UBERON:0004539,sc_bulk,https://purl.org/ccf/ASCTB-TEMP_plasmacytoid-dendritic,Plasmacytoid Dendritic,36.192625,3.4156441183678E-5
https://entity.api.hubmapconsortium.org/entities/b40570529f88ddc2742b183843091cd5,http://purl.org/ccf/1.5/c207b7e4-7788-4125-a961-9f5f20f6bfbf,right kidney,UBERON:0004539,sc_bulk,https://purl.org/ccf/ASCTB-TEMP_cycling-mononuclear-phagocyte,Cycling Mononuclear Phagocyte,19.345249,1.825689238213878E-5
https://entity.api.hubmapconsortium.org/entities/b40a2e7df7f1b804c0f0f2efeb449688,http://purl.org/ccf/1.5/61628a43-1357-4a2c-89f4-28f601ddf5bd,small intestine,UBERON:0002108,spatial,https://purl.org/ccf/ASCTB-TEMP_enterocyte,Enterocyte,7627.852245000002,0.1766987947792169
https://entity.api.hubmapconsortium.org/entities/b40a2e7df7f1b804c0f0f2efeb449688,http://purl.org/ccf/1.5/61628a43-1357-4a2c-89f4-28f601ddf5bd,small intestine,UBERON:0002108,spatial,https://purl.org/ccf/ASCTB-TEMP_smooth-muscle,Smooth muscle,5922.524313,0.1371949632144073
https://entity.api.hubmapconsortium.org/entities/b40a2e7df7f1b804c0f0f2efeb449688,http://purl.org/ccf/1.5/61628a43-1357-4a2c-89f4-28f601ddf5bd,small intestine,UBERON:0002108,spatial,https://purl.org/ccf/ASCTB-TEMP_cd8-t,CD8+ T,4176.163554000001,0.09674060837720004
https://entity.api.hubmapconsortium.org/entities/b40a2e7df7f1b804c0f0f2efeb449688,http://purl.org/ccf/1.5/61628a43-1357-4a2c-89f4-28f601ddf5bd,small intestine,UBERON:0002108,spatial,https://purl.org/ccf/ASCTB-TEMP_stroma,Stroma,3610.462377,0.08363617046066767
https://entity.api.hubmapconsortium.org/entities/b40a2e7df7f1b804c0f0f2efeb449688,http://purl.org/ccf/1.5/61628a43-1357-4a2c-89f4-28f601ddf5bd,small intestine,UBERON:0002108,spatial,https://purl.org/ccf/ASCTB-TEMP_endothelial,Endothelial,3267.122271,0.07568271502118457
https://entity.api.hubmapconsortium.org/entities/b40a2e7df7f1b804c0f0f2efeb449688,http://purl.org/ccf/1.5/61628a43-1357-4a2c-89f4-28f601ddf5bd,small intestine,UBERON:0002108,spatial,https://purl.org/ccf/ASCTB-TEMP_goblet,Goblet,3075.569262,0.07124539967480788
https://entity.api.hubmapconsortium.org/entities/b40a2e7df7f1b804c0f0f2efeb449688,http://purl.org/ccf/1.5/61628a43-1357-4a2c-89f4-28f601ddf5bd,small intestine,UBERON:0002108,spatial,https://purl.org/ccf/ASCTB-TEMP_cd4-t-cell,CD4+ T cell,2431.813839,0.05633283926814193
https://entity.api.hubmapconsortium.org/entities/b40a2e7df7f1b804c0f0f2efeb449688,http://purl.org/ccf/1.5/61628a43-1357-4a2c-89f4-28f601ddf5bd,small intestine,UBERON:0002108,spatial,https://purl.org/ccf/ASCTB-TEMP_m2-macrophage,M2 Macrophage,1937.310615,0.04487769817616379
https://entity.api.hubmapconsortium.org/entities/b40a2e7df7f1b804c0f0f2efeb449688,http://purl.org/ccf/1.5/61628a43-1357-4a2c-89f4-28f601ddf5bd,small intestine,UBERON:0002108,spatial,https://purl.org/ccf/ASCTB-TEMP_plasma,Plasma,1798.639359,0.04166538584777781
https://entity.api.hubmapconsortium.org/entities/b40a2e7df7f1b804c0f0f2efeb449688,http://purl.org/ccf/1.5/61628a43-1357-4a2c-89f4-28f601ddf5bd,small intestine,UBERON:0002108,spatial,https://purl.org/ccf/ASCTB-TEMP_b,B,1504.278267,0.03484652668327465
https://entity.api.hubmapconsortium.org/entities/b40a2e7df7f1b804c0f0f2efeb449688,http://purl.org/ccf/1.5/61628a43-1357-4a2c-89f4-28f601ddf5bd,small intestine,UBERON:0002108,spatial,https://purl.org/ccf/ASCTB-TEMP_nerve,Nerve,1267.53711,0.02936243027278666
https://entity.api.hubmapconsortium.org/entities/b40a2e7df7f1b804c0f0f2efeb449688,http://purl.org/ccf/1.5/61628a43-1357-4a2c-89f4-28f601ddf5bd,small intestine,UBERON:0002108,spatial,https://purl.org/ccf/ASCTB-TEMP_lymphatic,Lymphatic,1087.32279,0.02518777505882005
https://entity.api.hubmapconsortium.org/entities/b40a2e7df7f1b804c0f0f2efeb449688,http://purl.org/ccf/1.5/61628a43-1357-4a2c-89f4-28f601ddf5bd,small intestine,UBERON:0002108,spatial,https://purl.org/ccf/ASCTB-TEMP_ta,TA,840.8022239999999,0.01947713915484805
https://entity.api.hubmapconsortium.org/entities/b40a2e7df7f1b804c0f0f2efeb449688,http://purl.org/ccf/1.5/61628a43-1357-4a2c-89f4-28f601ddf5bd,small intestine,UBERON:0002108,spatial,https://purl.org/ccf/ASCTB-TEMP_paneth,Paneth,792.348933,0.01835472122542385
https://entity.api.hubmapconsortium.org/entities/b40a2e7df7f1b804c0f0f2efeb449688,http://purl.org/ccf/1.5/61628a43-1357-4a2c-89f4-28f601ddf5bd,small intestine,UBERON:0002108,spatial,https://purl.org/ccf/ASCTB-TEMP_icc,ICC,788.7649919999999,0.01827169942126201
https://entity.api.hubmapconsortium.org/entities/b40a2e7df7f1b804c0f0f2efeb449688,http://purl.org/ccf/1.5/61628a43-1357-4a2c-89f4-28f601ddf5bd,small intestine,UBERON:0002108,spatial,https://purl.org/ccf/ASCTB-TEMP_cycling-ta,Cycling TA,776.944635,0.01799788147504666
https://entity.api.hubmapconsortium.org/entities/b40a2e7df7f1b804c0f0f2efeb449688,http://purl.org/ccf/1.5/61628a43-1357-4a2c-89f4-28f601ddf5bd,small intestine,UBERON:0002108,spatial,https://purl.org/ccf/ASCTB-TEMP_dc,DC,616.8906840000001,0.01429024014522278
https://entity.api.hubmapconsortium.org/entities/b40a2e7df7f1b804c0f0f2efeb449688,http://purl.org/ccf/1.5/61628a43-1357-4a2c-89f4-28f601ddf5bd,small intestine,UBERON:0002108,spatial,https://purl.org/ccf/ASCTB-TEMP_m1-macrophage,M1 Macrophage,443.058732,0.01026343214921673
https://entity.api.hubmapconsortium.org/entities/b40a2e7df7f1b804c0f0f2efeb449688,http://purl.org/ccf/1.5/61628a43-1357-4a2c-89f4-28f601ddf5bd,small intestine,UBERON:0002108,spatial,https://purl.org/ccf/ASCTB-TEMP_cd66-enterocyte,CD66+ Enterocyte,402.5991540000001,0.009326188159657037
https://entity.api.hubmapconsortium.org/entities/b40a2e7df7f1b804c0f0f2efeb449688,http://purl.org/ccf/1.5/61628a43-1357-4a2c-89f4-28f601ddf5bd,small intestine,UBERON:0002108,spatial,https://purl.org/ccf/ASCTB-TEMP_neuroendocrine,Neuroendocrine,242.434398,0.005615980037854677
https://entity.api.hubmapconsortium.org/entities/b40a2e7df7f1b804c0f0f2efeb449688,http://purl.org/ccf/1.5/61628a43-1357-4a2c-89f4-28f601ddf5bd,small intestine,UBERON:0002108,spatial,https://purl.org/ccf/ASCTB-TEMP_neutrophil,Neutrophil,225.693765,0.005228184157712904
https://entity.api.hubmapconsortium.org/entities/b40a2e7df7f1b804c0f0f2efeb449688,http://purl.org/ccf/1.5/61628a43-1357-4a2c-89f4-28f601ddf5bd,small intestine,UBERON:0002108,spatial,https://purl.org/ccf/ASCTB-TEMP_muc1-enterocyte,MUC1+ Enterocyte,122.809587,0.002844877602926534
https://entity.api.hubmapconsortium.org/entities/b40a2e7df7f1b804c0f0f2efeb449688,http://purl.org/ccf/1.5/61628a43-1357-4a2c-89f4-28f601ddf5bd,small intestine,UBERON:0002108,spatial,https://purl.org/ccf/ASCTB-TEMP_nk,NK,108.873255,0.002522043207483544
https://entity.api.hubmapconsortium.org/entities/b40a2e7df7f1b804c0f0f2efeb449688,http://purl.org/ccf/1.5/61628a43-1357-4a2c-89f4-28f601ddf5bd,small intestine,UBERON:0002108,spatial,https://purl.org/ccf/ASCTB-TEMP_cd7-immune,CD7+ Immune,91.94705700000002,0.002129948723907926
https://entity.api.hubmapconsortium.org/entities/b40a2e7df7f1b804c0f0f2efeb449688,http://purl.org/ccf/1.5/61628a43-1357-4a2c-89f4-28f601ddf5bd,small intestine,UBERON:0002108,spatial,https://purl.org/ccf/ASCTB-TEMP_cd57-enterocyte,CD57+ Enterocyte,8.908188,2.063577049881205E-4
https://entity.api.hubmapconsortium.org/entities/b612b60ac6a76b2cd66946eb109b2aa5,http://purl.org/ccf/1.5/5c22f6e2-5d79-4cb3-bfdc-c3965970b1ab,heart,UBERON:0000948,sc_bulk,http://purl.obolibrary.org/obo/CL_0000669,pericyte,941.2707039999999,0.1796743913592813
https://entity.api.hubmapconsortium.org/entities/b612b60ac6a76b2cd66946eb109b2aa5,http://purl.org/ccf/1.5/5c22f6e2-5d79-4cb3-bfdc-c3965970b1ab,heart,UBERON:0000948,sc_bulk,http://purl.obolibrary.org/obo/CL_0002129,regular atrial cardiac myocyte,862.656256,0.1646680780464154
https://entity.api.hubmapconsortium.org/entities/b612b60ac6a76b2cd66946eb109b2aa5,http://purl.org/ccf/1.5/5c22f6e2-5d79-4cb3-bfdc-c3965970b1ab,heart,UBERON:0000948,sc_bulk,http://purl.obolibrary.org/obo/CL_0000057,fibroblast,824.8878879999999,0.157458665808049
https://entity.api.hubmapconsortium.org/entities/b612b60ac6a76b2cd66946eb109b2aa5,http://purl.org/ccf/1.5/5c22f6e2-5d79-4cb3-bfdc-c3965970b1ab,heart,UBERON:0000948,sc_bulk,http://purl.obolibrary.org/obo/CL_0002144,capillary endothelial cell,648.9213279999999,0.1238693015229087
https://entity.api.hubmapconsortium.org/entities/b612b60ac6a76b2cd66946eb109b2aa5,http://purl.org/ccf/1.5/5c22f6e2-5d79-4cb3-bfdc-c3965970b1ab,heart,UBERON:0000948,sc_bulk,http://purl.obolibrary.org/obo/CL_0000235,macrophage,287.922448,0.05496005600007956
https://entity.api.hubmapconsortium.org/entities/b612b60ac6a76b2cd66946eb109b2aa5,http://purl.org/ccf/1.5/5c22f6e2-5d79-4cb3-bfdc-c3965970b1ab,heart,UBERON:0000948,sc_bulk,http://purl.obolibrary.org/obo/CL_0000003,native cell,264.869968,0.05055968499552102
https://entity.api.hubmapconsortium.org/entities/b612b60ac6a76b2cd66946eb109b2aa5,http://purl.org/ccf/1.5/5c22f6e2-5d79-4cb3-bfdc-c3965970b1ab,heart,UBERON:0000948,sc_bulk,http://purl.obolibrary.org/obo/CL_0000192,smooth muscle cell,241.2435519999999,0.04604975825843945
https://entity.api.hubmapconsortium.org/entities/b612b60ac6a76b2cd66946eb109b2aa5,http://purl.org/ccf/1.5/5c22f6e2-5d79-4cb3-bfdc-c3965970b1ab,heart,UBERON:0000948,sc_bulk,http://purl.obolibrary.org/obo/CL_0000115,endothelial cell,181.917296,0.03472527010309057
https://entity.api.hubmapconsortium.org/entities/b612b60ac6a76b2cd66946eb109b2aa5,http://purl.org/ccf/1.5/5c22f6e2-5d79-4cb3-bfdc-c3965970b1ab,heart,UBERON:0000948,sc_bulk,http://purl.obolibrary.org/obo/CL_1000413,endothelial cell of artery,163.060128,0.03112572093114511
https://entity.api.hubmapconsortium.org/entities/b612b60ac6a76b2cd66946eb109b2aa5,http://purl.org/ccf/1.5/5c22f6e2-5d79-4cb3-bfdc-c3965970b1ab,heart,UBERON:0000948,sc_bulk,http://purl.obolibrary.org/obo/CL_0002543,vein endothelial cell,143.27104,0.02734828227630809
https://entity.api.hubmapconsortium.org/entities/b612b60ac6a76b2cd66946eb109b2aa5,http://purl.org/ccf/1.5/5c22f6e2-5d79-4cb3-bfdc-c3965970b1ab,heart,UBERON:0000948,sc_bulk,http://purl.obolibrary.org/obo/CL_1000309,epicardial adipocyte,108.4292,0.02069750012699192
https://entity.api.hubmapconsortium.org/entities/b612b60ac6a76b2cd66946eb109b2aa5,http://purl.org/ccf/1.5/5c22f6e2-5d79-4cb3-bfdc-c3965970b1ab,heart,UBERON:0000948,sc_bulk,http://purl.obolibrary.org/obo/CL_0000794,"CD8-positive, alpha-beta cytotoxic T cell",77.59910399999998,0.01481249944567017
https://entity.api.hubmapconsortium.org/entities/b612b60ac6a76b2cd66946eb109b2aa5,http://purl.org/ccf/1.5/5c22f6e2-5d79-4cb3-bfdc-c3965970b1ab,heart,UBERON:0000948,sc_bulk,http://purl.obolibrary.org/obo/CL_0002319,neural cell,72.231104,0.01378782914761676
https://entity.api.hubmapconsortium.org/entities/b612b60ac6a76b2cd66946eb109b2aa5,http://purl.org/ccf/1.5/5c22f6e2-5d79-4cb3-bfdc-c3965970b1ab,heart,UBERON:0000948,sc_bulk,http://purl.obolibrary.org/obo/CL_0002397,"CD14-positive, CD16-positive monocyte",66.10771199999999,0.01261896590139138
https://entity.api.hubmapconsortium.org/entities/b612b60ac6a76b2cd66946eb109b2aa5,http://purl.org/ccf/1.5/5c22f6e2-5d79-4cb3-bfdc-c3965970b1ab,heart,UBERON:0000948,sc_bulk,http://purl.obolibrary.org/obo/CL_0000906,"activated CD8-positive, alpha-beta T cell",64.373056,0.01228784621425648
https://entity.api.hubmapconsortium.org/entities/b612b60ac6a76b2cd66946eb109b2aa5,http://purl.org/ccf/1.5/5c22f6e2-5d79-4cb3-bfdc-c3965970b1ab,heart,UBERON:0000948,sc_bulk,http://purl.obolibrary.org/obo/CL_0000623,natural killer cell,51.16460799999999,0.009766552557590503
https://entity.api.hubmapconsortium.org/entities/b612b60ac6a76b2cd66946eb109b2aa5,http://purl.org/ccf/1.5/5c22f6e2-5d79-4cb3-bfdc-c3965970b1ab,heart,UBERON:0000948,sc_bulk,http://purl.obolibrary.org/obo/CL_0000934,"CD4-positive, alpha-beta cytotoxic T cell",41.031584,0.00783231099234044
https://entity.api.hubmapconsortium.org/entities/b612b60ac6a76b2cd66946eb109b2aa5,http://purl.org/ccf/1.5/5c22f6e2-5d79-4cb3-bfdc-c3965970b1ab,heart,UBERON:0000948,sc_bulk,http://purl.obolibrary.org/obo/CL_0000077,mesothelial cell,38.46479999999999,0.007342350611133522
https://entity.api.hubmapconsortium.org/entities/b612b60ac6a76b2cd66946eb109b2aa5,http://purl.org/ccf/1.5/5c22f6e2-5d79-4cb3-bfdc-c3965970b1ab,heart,UBERON:0000948,sc_bulk,http://purl.obolibrary.org/obo/CL_0000576,monocyte,30.577184,0.005836723592197079
https://entity.api.hubmapconsortium.org/entities/b612b60ac6a76b2cd66946eb109b2aa5,http://purl.org/ccf/1.5/5c22f6e2-5d79-4cb3-bfdc-c3965970b1ab,heart,UBERON:0000948,sc_bulk,http://purl.obolibrary.org/obo/CL_0000814,mature NK T cell,25.75795199999999,0.004916804834777458
https://entity.api.hubmapconsortium.org/entities/b612b60ac6a76b2cd66946eb109b2aa5,http://purl.org/ccf/1.5/5c22f6e2-5d79-4cb3-bfdc-c3965970b1ab,heart,UBERON:0000948,sc_bulk,http://purl.obolibrary.org/obo/CL_0001054,CD14-positive monocyte,23.944096,0.004570567061277837
https://entity.api.hubmapconsortium.org/entities/b612b60ac6a76b2cd66946eb109b2aa5,http://purl.org/ccf/1.5/5c22f6e2-5d79-4cb3-bfdc-c3965970b1ab,heart,UBERON:0000948,sc_bulk,http://purl.obolibrary.org/obo/CL_0000097,mast cell,19.07664,0.003641443069049474
https://entity.api.hubmapconsortium.org/entities/b612b60ac6a76b2cd66946eb109b2aa5,http://purl.org/ccf/1.5/5c22f6e2-5d79-4cb3-bfdc-c3965970b1ab,heart,UBERON:0000948,sc_bulk,http://purl.obolibrary.org/obo/CL_0000236,B cell,19.019968,0.003630625238361828
https://entity.api.hubmapconsortium.org/entities/b612b60ac6a76b2cd66946eb109b2aa5,http://purl.org/ccf/1.5/5c22f6e2-5d79-4cb3-bfdc-c3965970b1ab,heart,UBERON:0000948,sc_bulk,http://purl.obolibrary.org/obo/CL_0000896,"activated CD4-positive, alpha-beta T cell",16.453888,0.003140799240144822
https://entity.api.hubmapconsortium.org/entities/b612b60ac6a76b2cd66946eb109b2aa5,http://purl.org/ccf/1.5/5c22f6e2-5d79-4cb3-bfdc-c3965970b1ab,heart,UBERON:0000948,sc_bulk,http://purl.obolibrary.org/obo/CL_0000451,dendritic cell,14.863728,0.002837261661688672
https://entity.api.hubmapconsortium.org/entities/b612b60ac6a76b2cd66946eb109b2aa5,http://purl.org/ccf/1.5/5c22f6e2-5d79-4cb3-bfdc-c3965970b1ab,heart,UBERON:0000948,sc_bulk,http://purl.obolibrary.org/obo/CL_0002138,endothelial cell of lymphatic vessel,9.643039999999997,0.001840711004273648
https://entity.api.hubmapconsortium.org/entities/b75c8960ab33efccd30b648e5bb24d9d,http://purl.org/ccf/1.5/38ed99d5-8763-449a-b188-d20f8a7db31a,left kidney,UBERON:0004538,sc_bulk,https://purl.org/ccf/ASCTB-TEMP_descending-thin-limb-type-1,Descending Thin Limb Type 1,53.32154800000001,0.2173191521460361
https://entity.api.hubmapconsortium.org/entities/b75c8960ab33efccd30b648e5bb24d9d,http://purl.org/ccf/1.5/38ed99d5-8763-449a-b188-d20f8a7db31a,left kidney,UBERON:0004538,sc_bulk,https://purl.org/ccf/ASCTB-TEMP_medullary-thick-ascending-limb,Medullary Thick Ascending Limb,51.859416,0.2113600362072867
https://entity.api.hubmapconsortium.org/entities/b75c8960ab33efccd30b648e5bb24d9d,http://purl.org/ccf/1.5/38ed99d5-8763-449a-b188-d20f8a7db31a,left kidney,UBERON:0004538,sc_bulk,https://purl.org/ccf/ASCTB-TEMP_connecting-tubule,Connecting Tubule,36.016568,0.1467903748962812
https://entity.api.hubmapconsortium.org/entities/b75c8960ab33efccd30b648e5bb24d9d,http://purl.org/ccf/1.5/38ed99d5-8763-449a-b188-d20f8a7db31a,left kidney,UBERON:0004538,sc_bulk,https://purl.org/ccf/ASCTB-TEMP_inner-medullary-collecting-duct,Inner Medullary Collecting Duct,33.29589199999999,0.1357018933393679
https://entity.api.hubmapconsortium.org/entities/b75c8960ab33efccd30b648e5bb24d9d,http://purl.org/ccf/1.5/38ed99d5-8763-449a-b188-d20f8a7db31a,left kidney,UBERON:0004538,sc_bulk,https://purl.org/ccf/ASCTB-TEMP_cortical-thick-ascending-limb,Cortical Thick Ascending Limb,17.249456,0.07030248170777705
https://entity.api.hubmapconsortium.org/entities/b75c8960ab33efccd30b648e5bb24d9d,http://purl.org/ccf/1.5/38ed99d5-8763-449a-b188-d20f8a7db31a,left kidney,UBERON:0004538,sc_bulk,https://purl.org/ccf/ASCTB-TEMP_outer-medullary-collecting-duct-principal,Outer Medullary Collecting Duct Principal,9.309524,0.03794221920494834
https://entity.api.hubmapconsortium.org/entities/b75c8960ab33efccd30b648e5bb24d9d,http://purl.org/ccf/1.5/38ed99d5-8763-449a-b188-d20f8a7db31a,left kidney,UBERON:0004538,sc_bulk,https://purl.org/ccf/ASCTB-TEMP_descending-thin-limb-type-2,Descending Thin Limb Type 2,7.12558,0.0290412612204873
https://entity.api.hubmapconsortium.org/entities/b75c8960ab33efccd30b648e5bb24d9d,http://purl.org/ccf/1.5/38ed99d5-8763-449a-b188-d20f8a7db31a,left kidney,UBERON:0004538,sc_bulk,https://purl.org/ccf/ASCTB-TEMP_descending-vasa-recta-endothelial,Descending Vasa Recta Endothelial,6.422276000000001,0.02617485102210154
https://entity.api.hubmapconsortium.org/entities/b75c8960ab33efccd30b648e5bb24d9d,http://purl.org/ccf/1.5/38ed99d5-8763-449a-b188-d20f8a7db31a,left kidney,UBERON:0004538,sc_bulk,https://purl.org/ccf/ASCTB-TEMP_ascending-vasa-recta-endothelial,Ascending Vasa Recta Endothelial,5.237764,0.02134721279324131
https://entity.api.hubmapconsortium.org/entities/b75c8960ab33efccd30b648e5bb24d9d,http://purl.org/ccf/1.5/38ed99d5-8763-449a-b188-d20f8a7db31a,left kidney,UBERON:0004538,sc_bulk,https://purl.org/ccf/ASCTB-TEMP_medullary-fibroblast,Medullary Fibroblast,4.201316,0.01712302934298861
https://entity.api.hubmapconsortium.org/entities/b75c8960ab33efccd30b648e5bb24d9d,http://purl.org/ccf/1.5/38ed99d5-8763-449a-b188-d20f8a7db31a,left kidney,UBERON:0004538,sc_bulk,https://purl.org/ccf/ASCTB-TEMP_proximal-tubule-epithelial-segment-3,Proximal Tubule Epithelial Segment 3,3.60906,0.0147092102285585
https://entity.api.hubmapconsortium.org/entities/b75c8960ab33efccd30b648e5bb24d9d,http://purl.org/ccf/1.5/38ed99d5-8763-449a-b188-d20f8a7db31a,left kidney,UBERON:0004538,sc_bulk,https://purl.org/ccf/ASCTB-TEMP_peritubular-capilary-endothelial,Peritubular Capilary Endothelial,2.40604,0.009806140152372335
https://entity.api.hubmapconsortium.org/entities/b75c8960ab33efccd30b648e5bb24d9d,http://purl.org/ccf/1.5/38ed99d5-8763-449a-b188-d20f8a7db31a,left kidney,UBERON:0004538,sc_bulk,https://purl.org/ccf/ASCTB-TEMP_vascular-smooth-muscle-pericyte,Vascular Smooth Muscle / Pericyte,2.276484,0.009278117221090749
https://entity.api.hubmapconsortium.org/entities/b75c8960ab33efccd30b648e5bb24d9d,http://purl.org/ccf/1.5/38ed99d5-8763-449a-b188-d20f8a7db31a,left kidney,UBERON:0004538,sc_bulk,https://purl.org/ccf/ASCTB-TEMP_distal-convoluted-tubule-type-1,Distal Convoluted Tubule Type 1,1.887816,0.007694048427245984
https://entity.api.hubmapconsortium.org/entities/b75c8960ab33efccd30b648e5bb24d9d,http://purl.org/ccf/1.5/38ed99d5-8763-449a-b188-d20f8a7db31a,left kidney,UBERON:0004538,sc_bulk,https://purl.org/ccf/ASCTB-TEMP_outer-medullary-collecting-duct-intercalated-type-a,Outer Medullary Collecting Duct Intercalated Type A,1.684228,0.006864298106660634
https://entity.api.hubmapconsortium.org/entities/b75c8960ab33efccd30b648e5bb24d9d,http://purl.org/ccf/1.5/38ed99d5-8763-449a-b188-d20f8a7db31a,left kidney,UBERON:0004538,sc_bulk,https://purl.org/ccf/ASCTB-TEMP_cortical-collecting-duct-intercalated-type-a,Cortical Collecting Duct Intercalated Type A,1.499148,0.006109979633401223
https://entity.api.hubmapconsortium.org/entities/b75c8960ab33efccd30b648e5bb24d9d,http://purl.org/ccf/1.5/38ed99d5-8763-449a-b188-d20f8a7db31a,left kidney,UBERON:0004538,sc_bulk,https://purl.org/ccf/ASCTB-TEMP_cortical-collecting-duct-principal,Cortical Collecting Duct Principal,1.443624,0.005883684091423401
https://entity.api.hubmapconsortium.org/entities/b75c8960ab33efccd30b648e5bb24d9d,http://purl.org/ccf/1.5/38ed99d5-8763-449a-b188-d20f8a7db31a,left kidney,UBERON:0004538,sc_bulk,https://purl.org/ccf/ASCTB-TEMP_fibroblast,Fibroblast,1.3881,0.005657388549445578
https://entity.api.hubmapconsortium.org/entities/b75c8960ab33efccd30b648e5bb24d9d,http://purl.org/ccf/1.5/38ed99d5-8763-449a-b188-d20f8a7db31a,left kidney,UBERON:0004538,sc_bulk,https://purl.org/ccf/ASCTB-TEMP_proximal-tubule-epithelial-segment-1,Proximal Tubule Epithelial Segment 1,0.703304,0.002866410198385759
https://entity.api.hubmapconsortium.org/entities/b75c8960ab33efccd30b648e5bb24d9d,http://purl.org/ccf/1.5/38ed99d5-8763-449a-b188-d20f8a7db31a,left kidney,UBERON:0004538,sc_bulk,https://purl.org/ccf/ASCTB-TEMP_macula-densa,Macula Densa,0.6107640000000001,0.002489250961756054
https://entity.api.hubmapconsortium.org/entities/b75c8960ab33efccd30b648e5bb24d9d,http://purl.org/ccf/1.5/38ed99d5-8763-449a-b188-d20f8a7db31a,left kidney,UBERON:0004538,sc_bulk,https://purl.org/ccf/ASCTB-TEMP_afferent-efferent-arteriole-endothelial,Afferent / Efferent Arteriole Endothelial,0.6107640000000001,0.002489250961756054
https://entity.api.hubmapconsortium.org/entities/b75c8960ab33efccd30b648e5bb24d9d,http://purl.org/ccf/1.5/38ed99d5-8763-449a-b188-d20f8a7db31a,left kidney,UBERON:0004538,sc_bulk,https://purl.org/ccf/ASCTB-TEMP_tissue-resident-macrophage,Tissue-resident Macrophage,0.5182240000000001,0.002112091725126349
https://entity.api.hubmapconsortium.org/entities/b75c8960ab33efccd30b648e5bb24d9d,http://purl.org/ccf/1.5/38ed99d5-8763-449a-b188-d20f8a7db31a,left kidney,UBERON:0004538,sc_bulk,https://purl.org/ccf/ASCTB-TEMP_connecting-tubule-principal,Connecting Tubule Principal,0.481208,0.001961228030474467
https://entity.api.hubmapconsortium.org/entities/b75c8960ab33efccd30b648e5bb24d9d,http://purl.org/ccf/1.5/38ed99d5-8763-449a-b188-d20f8a7db31a,left kidney,UBERON:0004538,sc_bulk,https://purl.org/ccf/ASCTB-TEMP_glomerular-capillary-endothelial,Glomerular Capillary Endothelial,0.37016,0.001508636946518821
https://entity.api.hubmapconsortium.org/entities/b75c8960ab33efccd30b648e5bb24d9d,http://purl.org/ccf/1.5/38ed99d5-8763-449a-b188-d20f8a7db31a,left kidney,UBERON:0004538,sc_bulk,https://purl.org/ccf/ASCTB-TEMP_monocyte-derived,Monocyte-derived,0.296128,0.001206909557215057
https://entity.api.hubmapconsortium.org/entities/b75c8960ab33efccd30b648e5bb24d9d,http://purl.org/ccf/1.5/38ed99d5-8763-449a-b188-d20f8a7db31a,left kidney,UBERON:0004538,sc_bulk,https://purl.org/ccf/ASCTB-TEMP_lymphatic-endothelial,Lymphatic Endothelial,0.203588,8.297503205853514E-4
https://entity.api.hubmapconsortium.org/entities/b75c8960ab33efccd30b648e5bb24d9d,http://purl.org/ccf/1.5/38ed99d5-8763-449a-b188-d20f8a7db31a,left kidney,UBERON:0004538,sc_bulk,https://purl.org/ccf/ASCTB-TEMP_cortical-vascular-smooth-muscle-pericyte,Cortical Vascular Smooth Muscle / Pericyte,0.18508,7.543184732594104E-4
https://entity.api.hubmapconsortium.org/entities/b75c8960ab33efccd30b648e5bb24d9d,http://purl.org/ccf/1.5/38ed99d5-8763-449a-b188-d20f8a7db31a,left kidney,UBERON:0004538,sc_bulk,https://purl.org/ccf/ASCTB-TEMP_podocyte,Podocyte,0.18508,7.543184732594103E-4
https://entity.api.hubmapconsortium.org/entities/b75c8960ab33efccd30b648e5bb24d9d,http://purl.org/ccf/1.5/38ed99d5-8763-449a-b188-d20f8a7db31a,left kidney,UBERON:0004538,sc_bulk,https://purl.org/ccf/ASCTB-TEMP_t,T,0.148064,6.034547786075283E-4
https://entity.api.hubmapconsortium.org/entities/b75c8960ab33efccd30b648e5bb24d9d,http://purl.org/ccf/1.5/38ed99d5-8763-449a-b188-d20f8a7db31a,left kidney,UBERON:0004538,sc_bulk,https://purl.org/ccf/ASCTB-TEMP_parietal-epithelial,Parietal Epithelial,0.148064,6.034547786075283E-4
https://entity.api.hubmapconsortium.org/entities/b75c8960ab33efccd30b648e5bb24d9d,http://purl.org/ccf/1.5/38ed99d5-8763-449a-b188-d20f8a7db31a,left kidney,UBERON:0004538,sc_bulk,https://purl.org/ccf/ASCTB-TEMP_monocyte,Monocyte,0.111048,4.525910839556462E-4
https://entity.api.hubmapconsortium.org/entities/b75c8960ab33efccd30b648e5bb24d9d,http://purl.org/ccf/1.5/38ed99d5-8763-449a-b188-d20f8a7db31a,left kidney,UBERON:0004538,sc_bulk,https://purl.org/ccf/ASCTB-TEMP_natural-killer-natural-killer-t,Natural Killer / Natural Killer T,0.09254000000000001,3.771592366297052E-4
https://entity.api.hubmapconsortium.org/entities/b75c8960ab33efccd30b648e5bb24d9d,http://purl.org/ccf/1.5/38ed99d5-8763-449a-b188-d20f8a7db31a,left kidney,UBERON:0004538,sc_bulk,https://purl.org/ccf/ASCTB-TEMP_descending-thin-limb-type-3,Descending Thin Limb Type 3,0.074032,3.017273893037641E-4
https://entity.api.hubmapconsortium.org/entities/b75c8960ab33efccd30b648e5bb24d9d,http://purl.org/ccf/1.5/38ed99d5-8763-449a-b188-d20f8a7db31a,left kidney,UBERON:0004538,sc_bulk,https://purl.org/ccf/ASCTB-TEMP_schwann-neural,Schwann / Neural,0.074032,3.017273893037641E-4
https://entity.api.hubmapconsortium.org/entities/b75c8960ab33efccd30b648e5bb24d9d,http://purl.org/ccf/1.5/38ed99d5-8763-449a-b188-d20f8a7db31a,left kidney,UBERON:0004538,sc_bulk,https://purl.org/ccf/ASCTB-TEMP_intercalated-type-b,Intercalated Type B,0.055524,2.262955419778231E-4
https://entity.api.hubmapconsortium.org/entities/b75c8960ab33efccd30b648e5bb24d9d,http://purl.org/ccf/1.5/38ed99d5-8763-449a-b188-d20f8a7db31a,left kidney,UBERON:0004538,sc_bulk,https://purl.org/ccf/ASCTB-TEMP_distal-convoluted-tubule-type-2,Distal Convoluted Tubule Type 2,0.055524,2.262955419778231E-4
https://entity.api.hubmapconsortium.org/entities/b75c8960ab33efccd30b648e5bb24d9d,http://purl.org/ccf/1.5/38ed99d5-8763-449a-b188-d20f8a7db31a,left kidney,UBERON:0004538,sc_bulk,https://purl.org/ccf/ASCTB-TEMP_b,B,0.037016,1.508636946518821E-4
https://entity.api.hubmapconsortium.org/entities/b75c8960ab33efccd30b648e5bb24d9d,http://purl.org/ccf/1.5/38ed99d5-8763-449a-b188-d20f8a7db31a,left kidney,UBERON:0004538,sc_bulk,https://purl.org/ccf/ASCTB-TEMP_mesangial,Mesangial,0.037016,1.508636946518821E-4
https://entity.api.hubmapconsortium.org/entities/b75c8960ab33efccd30b648e5bb24d9d,http://purl.org/ccf/1.5/38ed99d5-8763-449a-b188-d20f8a7db31a,left kidney,UBERON:0004538,sc_bulk,https://purl.org/ccf/ASCTB-TEMP_proximal-tubule-epithelial-segment-2,Proximal Tubule Epithelial Segment 2,0.037016,1.508636946518821E-4
https://entity.api.hubmapconsortium.org/entities/b75c8960ab33efccd30b648e5bb24d9d,http://purl.org/ccf/1.5/38ed99d5-8763-449a-b188-d20f8a7db31a,left kidney,UBERON:0004538,sc_bulk,https://purl.org/ccf/ASCTB-TEMP_ascending-thin-limb,Ascending Thin Limb,0.018508,7.543184732594104E-5
https://entity.api.hubmapconsortium.org/entities/b75c8960ab33efccd30b648e5bb24d9d,http://purl.org/ccf/1.5/38ed99d5-8763-449a-b188-d20f8a7db31a,left kidney,UBERON:0004538,sc_bulk,https://purl.org/ccf/ASCTB-TEMP_mast,Mast,0.018508,7.543184732594104E-5
https://entity.api.hubmapconsortium.org/entities/b75c8960ab33efccd30b648e5bb24d9d,http://purl.org/ccf/1.5/38ed99d5-8763-449a-b188-d20f8a7db31a,left kidney,UBERON:0004538,sc_bulk,https://purl.org/ccf/ASCTB-TEMP_cycling-mononuclear-phagocyte,Cycling Mononuclear Phagocyte,0.018508,7.543184732594104E-5
https://entity.api.hubmapconsortium.org/entities/b75c8960ab33efccd30b648e5bb24d9d,http://purl.org/ccf/1.5/38ed99d5-8763-449a-b188-d20f8a7db31a,left kidney,UBERON:0004538,sc_bulk,https://purl.org/ccf/ASCTB-TEMP_plasma,Plasma,0.018508,7.543184732594104E-5
https://entity.api.hubmapconsortium.org/entities/b75c8960ab33efccd30b648e5bb24d9d,http://purl.org/ccf/1.5/38ed99d5-8763-449a-b188-d20f8a7db31a,left kidney,UBERON:0004538,sc_bulk,https://purl.org/ccf/ASCTB-TEMP_m2-macrophage,M2 Macrophage,0.018508,7.543184732594104E-5
https://entity.api.hubmapconsortium.org/entities/b9d2f84102c7e3640c50fc9608018a67,http://purl.org/ccf/1.5/1c7f8f09-2f17-48ca-8922-c03adf82b66f,right kidney,UBERON:0004539,sc_bulk,https://purl.org/ccf/ASCTB-TEMP_descending-thin-limb-type-2,Descending Thin Limb Type 2,6187.245668999999,0.1548052267949791
https://entity.api.hubmapconsortium.org/entities/b9d2f84102c7e3640c50fc9608018a67,http://purl.org/ccf/1.5/1c7f8f09-2f17-48ca-8922-c03adf82b66f,right kidney,UBERON:0004539,sc_bulk,https://purl.org/ccf/ASCTB-TEMP_inner-medullary-collecting-duct,Inner Medullary Collecting Duct,5844.384810000001,0.1462268292533159
https://entity.api.hubmapconsortium.org/entities/b9d2f84102c7e3640c50fc9608018a67,http://purl.org/ccf/1.5/1c7f8f09-2f17-48ca-8922-c03adf82b66f,right kidney,UBERON:0004539,sc_bulk,https://purl.org/ccf/ASCTB-TEMP_descending-thin-limb-type-1,Descending Thin Limb Type 1,5453.160965999999,0.1364383871680977
https://entity.api.hubmapconsortium.org/entities/b9d2f84102c7e3640c50fc9608018a67,http://purl.org/ccf/1.5/1c7f8f09-2f17-48ca-8922-c03adf82b66f,right kidney,UBERON:0004539,sc_bulk,https://purl.org/ccf/ASCTB-TEMP_vascular-smooth-muscle-pericyte,Vascular Smooth Muscle / Pericyte,3468.683889,0.08678666160083505
https://entity.api.hubmapconsortium.org/entities/b9d2f84102c7e3640c50fc9608018a67,http://purl.org/ccf/1.5/1c7f8f09-2f17-48ca-8922-c03adf82b66f,right kidney,UBERON:0004539,sc_bulk,https://purl.org/ccf/ASCTB-TEMP_cortical-collecting-duct-principal,Cortical Collecting Duct Principal,3198.529323,0.08002737950721027
https://entity.api.hubmapconsortium.org/entities/b9d2f84102c7e3640c50fc9608018a67,http://purl.org/ccf/1.5/1c7f8f09-2f17-48ca-8922-c03adf82b66f,right kidney,UBERON:0004539,sc_bulk,https://purl.org/ccf/ASCTB-TEMP_distal-convoluted-tubule-type-1,Distal Convoluted Tubule Type 1,2734.460883,0.06841636162529009
https://entity.api.hubmapconsortium.org/entities/b9d2f84102c7e3640c50fc9608018a67,http://purl.org/ccf/1.5/1c7f8f09-2f17-48ca-8922-c03adf82b66f,right kidney,UBERON:0004539,sc_bulk,https://purl.org/ccf/ASCTB-TEMP_medullary-thick-ascending-limb,Medullary Thick Ascending Limb,2621.28339,0.06558465452826386
https://entity.api.hubmapconsortium.org/entities/b9d2f84102c7e3640c50fc9608018a67,http://purl.org/ccf/1.5/1c7f8f09-2f17-48ca-8922-c03adf82b66f,right kidney,UBERON:0004539,sc_bulk,https://purl.org/ccf/ASCTB-TEMP_connecting-tubule,Connecting Tubule,2161.54323,0.0540819304498998
https://entity.api.hubmapconsortium.org/entities/b9d2f84102c7e3640c50fc9608018a67,http://purl.org/ccf/1.5/1c7f8f09-2f17-48ca-8922-c03adf82b66f,right kidney,UBERON:0004539,sc_bulk,https://purl.org/ccf/ASCTB-TEMP_cortical-thick-ascending-limb,Cortical Thick Ascending Limb,1983.708837,0.04963250416022705
https://entity.api.hubmapconsortium.org/entities/b9d2f84102c7e3640c50fc9608018a67,http://purl.org/ccf/1.5/1c7f8f09-2f17-48ca-8922-c03adf82b66f,right kidney,UBERON:0004539,sc_bulk,https://purl.org/ccf/ASCTB-TEMP_mesangial,Mesangial,1688.166315,0.04223801401172701
https://entity.api.hubmapconsortium.org/entities/b9d2f84102c7e3640c50fc9608018a67,http://purl.org/ccf/1.5/1c7f8f09-2f17-48ca-8922-c03adf82b66f,right kidney,UBERON:0004539,sc_bulk,https://purl.org/ccf/ASCTB-TEMP_ascending-thin-limb,Ascending Thin Limb,1183.687758,0.02961593278083725
https://entity.api.hubmapconsortium.org/entities/b9d2f84102c7e3640c50fc9608018a67,http://purl.org/ccf/1.5/1c7f8f09-2f17-48ca-8922-c03adf82b66f,right kidney,UBERON:0004539,sc_bulk,https://purl.org/ccf/ASCTB-TEMP_medullary-fibroblast,Medullary Fibroblast,485.3014650000001,0.01214226933474955
https://entity.api.hubmapconsortium.org/entities/b9d2f84102c7e3640c50fc9608018a67,http://purl.org/ccf/1.5/1c7f8f09-2f17-48ca-8922-c03adf82b66f,right kidney,UBERON:0004539,sc_bulk,https://purl.org/ccf/ASCTB-TEMP_fibroblast,Fibroblast,348.4591110000001,0.008718466114478737
https://entity.api.hubmapconsortium.org/entities/b9d2f84102c7e3640c50fc9608018a67,http://purl.org/ccf/1.5/1c7f8f09-2f17-48ca-8922-c03adf82b66f,right kidney,UBERON:0004539,sc_bulk,https://purl.org/ccf/ASCTB-TEMP_ascending-vasa-recta-endothelial,Ascending Vasa Recta Endothelial,273.5048249999999,0.006843105757992178
https://entity.api.hubmapconsortium.org/entities/b9d2f84102c7e3640c50fc9608018a67,http://purl.org/ccf/1.5/1c7f8f09-2f17-48ca-8922-c03adf82b66f,right kidney,UBERON:0004539,sc_bulk,https://purl.org/ccf/ASCTB-TEMP_peritubular-capilary-endothelial,Peritubular Capilary Endothelial,238.794831,0.00597465979985863
https://entity.api.hubmapconsortium.org/entities/b9d2f84102c7e3640c50fc9608018a67,http://purl.org/ccf/1.5/1c7f8f09-2f17-48ca-8922-c03adf82b66f,right kidney,UBERON:0004539,sc_bulk,https://purl.org/ccf/ASCTB-TEMP_cortical-collecting-duct-intercalated-type-a,Cortical Collecting Duct Intercalated Type A,182.655198,0.004570043095806453
https://entity.api.hubmapconsortium.org/entities/b9d2f84102c7e3640c50fc9608018a67,http://purl.org/ccf/1.5/1c7f8f09-2f17-48ca-8922-c03adf82b66f,right kidney,UBERON:0004539,sc_bulk,https://purl.org/ccf/ASCTB-TEMP_t,T,159.439797,0.003989192486471872
https://entity.api.hubmapconsortium.org/entities/b9d2f84102c7e3640c50fc9608018a67,http://purl.org/ccf/1.5/1c7f8f09-2f17-48ca-8922-c03adf82b66f,right kidney,UBERON:0004539,sc_bulk,https://purl.org/ccf/ASCTB-TEMP_descending-vasa-recta-endothelial,Descending Vasa Recta Endothelial,155.8899540000001,0.00390037521945193
https://entity.api.hubmapconsortium.org/entities/b9d2f84102c7e3640c50fc9608018a67,http://purl.org/ccf/1.5/1c7f8f09-2f17-48ca-8922-c03adf82b66f,right kidney,UBERON:0004539,sc_bulk,https://purl.org/ccf/ASCTB-TEMP_outer-medullary-collecting-duct-intercalated-type-a,Outer Medullary Collecting Duct Intercalated Type A,154.714923,0.003870975879232174
https://entity.api.hubmapconsortium.org/entities/b9d2f84102c7e3640c50fc9608018a67,http://purl.org/ccf/1.5/1c7f8f09-2f17-48ca-8922-c03adf82b66f,right kidney,UBERON:0004539,sc_bulk,https://purl.org/ccf/ASCTB-TEMP_descending-thin-limb-type-3,Descending Thin Limb Type 3,145.609299,0.003643152666151703
https://entity.api.hubmapconsortium.org/entities/b9d2f84102c7e3640c50fc9608018a67,http://purl.org/ccf/1.5/1c7f8f09-2f17-48ca-8922-c03adf82b66f,right kidney,UBERON:0004539,sc_bulk,https://purl.org/ccf/ASCTB-TEMP_proximal-tubule-epithelial-segment-1,Proximal Tubule Epithelial Segment 1,145.338237,0.003636370680009511
https://entity.api.hubmapconsortium.org/entities/b9d2f84102c7e3640c50fc9608018a67,http://purl.org/ccf/1.5/1c7f8f09-2f17-48ca-8922-c03adf82b66f,right kidney,UBERON:0004539,sc_bulk,https://purl.org/ccf/ASCTB-TEMP_outer-medullary-collecting-duct-principal,Outer Medullary Collecting Duct Principal,128.804544,0.003222696772175618
https://entity.api.hubmapconsortium.org/entities/b9d2f84102c7e3640c50fc9608018a67,http://purl.org/ccf/1.5/1c7f8f09-2f17-48ca-8922-c03adf82b66f,right kidney,UBERON:0004539,sc_bulk,https://purl.org/ccf/ASCTB-TEMP_parietal-epithelial,Parietal Epithelial,126.488142,0.003164740266786638
https://entity.api.hubmapconsortium.org/entities/b9d2f84102c7e3640c50fc9608018a67,http://purl.org/ccf/1.5/1c7f8f09-2f17-48ca-8922-c03adf82b66f,right kidney,UBERON:0004539,sc_bulk,https://purl.org/ccf/ASCTB-TEMP_connecting-tubule-principal,Connecting Tubule Principal,108.479547,0.002714164229826963
https://entity.api.hubmapconsortium.org/entities/b9d2f84102c7e3640c50fc9608018a67,http://purl.org/ccf/1.5/1c7f8f09-2f17-48ca-8922-c03adf82b66f,right kidney,UBERON:0004539,sc_bulk,https://purl.org/ccf/ASCTB-TEMP_proximal-tubule-epithelial-segment-3,Proximal Tubule Epithelial Segment 3,107.181855,0.002681695904643668
https://entity.api.hubmapconsortium.org/entities/b9d2f84102c7e3640c50fc9608018a67,http://purl.org/ccf/1.5/1c7f8f09-2f17-48ca-8922-c03adf82b66f,right kidney,UBERON:0004539,sc_bulk,https://purl.org/ccf/ASCTB-TEMP_papillary-tip-epithelial,Papillary Tip Epithelial,102.999105,0.002577043269688355
https://entity.api.hubmapconsortium.org/entities/b9d2f84102c7e3640c50fc9608018a67,http://purl.org/ccf/1.5/1c7f8f09-2f17-48ca-8922-c03adf82b66f,right kidney,UBERON:0004539,sc_bulk,https://purl.org/ccf/ASCTB-TEMP_glomerular-capillary-endothelial,Glomerular Capillary Endothelial,95.31393299999999,0.002384759843740164
https://entity.api.hubmapconsortium.org/entities/b9d2f84102c7e3640c50fc9608018a67,http://purl.org/ccf/1.5/1c7f8f09-2f17-48ca-8922-c03adf82b66f,right kidney,UBERON:0004539,sc_bulk,https://purl.org/ccf/ASCTB-TEMP_intercalated-type-b,Intercalated Type B,93.10187699999999,0.00232941408100782
https://entity.api.hubmapconsortium.org/entities/b9d2f84102c7e3640c50fc9608018a67,http://purl.org/ccf/1.5/1c7f8f09-2f17-48ca-8922-c03adf82b66f,right kidney,UBERON:0004539,sc_bulk,https://purl.org/ccf/ASCTB-TEMP_macula-densa,Macula Densa,74.111994,0.001854286164339814
https://entity.api.hubmapconsortium.org/entities/b9d2f84102c7e3640c50fc9608018a67,http://purl.org/ccf/1.5/1c7f8f09-2f17-48ca-8922-c03adf82b66f,right kidney,UBERON:0004539,sc_bulk,https://purl.org/ccf/ASCTB-TEMP_m2-macrophage,M2 Macrophage,48.713643,0.001218818025993053
https://entity.api.hubmapconsortium.org/entities/b9d2f84102c7e3640c50fc9608018a67,http://purl.org/ccf/1.5/1c7f8f09-2f17-48ca-8922-c03adf82b66f,right kidney,UBERON:0004539,sc_bulk,https://purl.org/ccf/ASCTB-TEMP_b,B,48.11657400000001,0.001203879326787953
https://entity.api.hubmapconsortium.org/entities/b9d2f84102c7e3640c50fc9608018a67,http://purl.org/ccf/1.5/1c7f8f09-2f17-48ca-8922-c03adf82b66f,right kidney,UBERON:0004539,sc_bulk,https://purl.org/ccf/ASCTB-TEMP_monocyte-derived,Monocyte-derived,36.650691,9.170023037673731E-4
https://entity.api.hubmapconsortium.org/entities/b9d2f84102c7e3640c50fc9608018a67,http://purl.org/ccf/1.5/1c7f8f09-2f17-48ca-8922-c03adf82b66f,right kidney,UBERON:0004539,sc_bulk,https://purl.org/ccf/ASCTB-TEMP_lymphatic-endothelial,Lymphatic Endothelial,35.46477000000002,8.873304951489191E-4
https://entity.api.hubmapconsortium.org/entities/b9d2f84102c7e3640c50fc9608018a67,http://purl.org/ccf/1.5/1c7f8f09-2f17-48ca-8922-c03adf82b66f,right kidney,UBERON:0004539,sc_bulk,https://purl.org/ccf/ASCTB-TEMP_afferent-efferent-arteriole-endothelial,Afferent / Efferent Arteriole Endothelial,33.307758,8.333619363227327E-4
https://entity.api.hubmapconsortium.org/entities/b9d2f84102c7e3640c50fc9608018a67,http://purl.org/ccf/1.5/1c7f8f09-2f17-48ca-8922-c03adf82b66f,right kidney,UBERON:0004539,sc_bulk,https://purl.org/ccf/ASCTB-TEMP_tissue-resident-macrophage,Tissue-resident Macrophage,31.092435,7.779344330707791E-4
https://entity.api.hubmapconsortium.org/entities/b9d2f84102c7e3640c50fc9608018a67,http://purl.org/ccf/1.5/1c7f8f09-2f17-48ca-8922-c03adf82b66f,right kidney,UBERON:0004539,sc_bulk,https://purl.org/ccf/ASCTB-TEMP_classical-dendritic,Classical Dendritic,27.055908,6.76940305614377E-4
https://entity.api.hubmapconsortium.org/entities/b9d2f84102c7e3640c50fc9608018a67,http://purl.org/ccf/1.5/1c7f8f09-2f17-48ca-8922-c03adf82b66f,right kidney,UBERON:0004539,sc_bulk,https://purl.org/ccf/ASCTB-TEMP_podocyte,Podocyte,22.42884600000001,5.61170959992095E-4
https://entity.api.hubmapconsortium.org/entities/b9d2f84102c7e3640c50fc9608018a67,http://purl.org/ccf/1.5/1c7f8f09-2f17-48ca-8922-c03adf82b66f,right kidney,UBERON:0004539,sc_bulk,https://purl.org/ccf/ASCTB-TEMP_cortical-vascular-smooth-muscle-pericyte,Cortical Vascular Smooth Muscle / Pericyte,13.706946,3.429485424876431E-4
https://entity.api.hubmapconsortium.org/entities/b9d2f84102c7e3640c50fc9608018a67,http://purl.org/ccf/1.5/1c7f8f09-2f17-48ca-8922-c03adf82b66f,right kidney,UBERON:0004539,sc_bulk,https://purl.org/ccf/ASCTB-TEMP_mast,Mast,5.973363,1.49453870657958E-4
https://entity.api.hubmapconsortium.org/entities/b9d2f84102c7e3640c50fc9608018a67,http://purl.org/ccf/1.5/1c7f8f09-2f17-48ca-8922-c03adf82b66f,right kidney,UBERON:0004539,sc_bulk,https://purl.org/ccf/ASCTB-TEMP_proximal-tubule-epithelial-segment-2,Proximal Tubule Epithelial Segment 2,2.834964,7.093095513799636E-5
https://entity.api.hubmapconsortium.org/entities/b9d2f84102c7e3640c50fc9608018a67,http://purl.org/ccf/1.5/1c7f8f09-2f17-48ca-8922-c03adf82b66f,right kidney,UBERON:0004539,sc_bulk,https://purl.org/ccf/ASCTB-TEMP_natural-killer-natural-killer-t,Natural Killer / Natural Killer T,2.64231,6.611074146644513E-5
https://entity.api.hubmapconsortium.org/entities/b9d2f84102c7e3640c50fc9608018a67,http://purl.org/ccf/1.5/1c7f8f09-2f17-48ca-8922-c03adf82b66f,right kidney,UBERON:0004539,sc_bulk,https://purl.org/ccf/ASCTB-TEMP_plasma,Plasma,1.71171,4.282707830478968E-5
https://entity.api.hubmapconsortium.org/entities/b9d2f84102c7e3640c50fc9608018a67,http://purl.org/ccf/1.5/1c7f8f09-2f17-48ca-8922-c03adf82b66f,right kidney,UBERON:0004539,sc_bulk,https://purl.org/ccf/ASCTB-TEMP_monocyte,Monocyte,1.620432,4.054329772659325E-5
https://entity.api.hubmapconsortium.org/entities/b9d2f84102c7e3640c50fc9608018a67,http://purl.org/ccf/1.5/1c7f8f09-2f17-48ca-8922-c03adf82b66f,right kidney,UBERON:0004539,sc_bulk,https://purl.org/ccf/ASCTB-TEMP_cycling-mononuclear-phagocyte,Cycling Mononuclear Phagocyte,1.554498,3.889362542173554E-5
https://entity.api.hubmapconsortium.org/entities/b9d2f84102c7e3640c50fc9608018a67,http://purl.org/ccf/1.5/1c7f8f09-2f17-48ca-8922-c03adf82b66f,right kidney,UBERON:0004539,sc_bulk,https://purl.org/ccf/ASCTB-TEMP_renin-positive-juxtaglomerular-granular,Renin-positive Juxtaglomerular Granular,1.192158,2.982785870134628E-5
https://entity.api.hubmapconsortium.org/entities/b9d2f84102c7e3640c50fc9608018a67,http://purl.org/ccf/1.5/1c7f8f09-2f17-48ca-8922-c03adf82b66f,right kidney,UBERON:0004539,sc_bulk,https://purl.org/ccf/ASCTB-TEMP_neutrophil,Neutrophil,1.189089,2.975107215262168E-5
https://entity.api.hubmapconsortium.org/entities/b9d2f84102c7e3640c50fc9608018a67,http://purl.org/ccf/1.5/1c7f8f09-2f17-48ca-8922-c03adf82b66f,right kidney,UBERON:0004539,sc_bulk,https://purl.org/ccf/ASCTB-TEMP_schwann-neural,Schwann / Neural,0.582219,1.456715138869104E-5
https://entity.api.hubmapconsortium.org/entities/b9d2f84102c7e3640c50fc9608018a67,http://purl.org/ccf/1.5/1c7f8f09-2f17-48ca-8922-c03adf82b66f,right kidney,UBERON:0004539,sc_bulk,https://purl.org/ccf/ASCTB-TEMP_connecting-tubule-intercalated-type-a,Connecting Tubule Intercalated Type A,0.314127,7.859474809780085E-6
https://entity.api.hubmapconsortium.org/entities/b9d2f84102c7e3640c50fc9608018a67,http://purl.org/ccf/1.5/1c7f8f09-2f17-48ca-8922-c03adf82b66f,right kidney,UBERON:0004539,sc_bulk,https://purl.org/ccf/ASCTB-TEMP_non-classical-monocyte,Non-classical monocyte,0.303435,7.591960381965318E-6
https://entity.api.hubmapconsortium.org/entities/b9d2f84102c7e3640c50fc9608018a67,http://purl.org/ccf/1.5/1c7f8f09-2f17-48ca-8922-c03adf82b66f,right kidney,UBERON:0004539,sc_bulk,https://purl.org/ccf/ASCTB-TEMP_distal-convoluted-tubule-type-2,Distal Convoluted Tubule Type 2,0.218988,5.479091799317221E-6
https://entity.api.hubmapconsortium.org/entities/b9d2f84102c7e3640c50fc9608018a67,http://purl.org/ccf/1.5/1c7f8f09-2f17-48ca-8922-c03adf82b66f,right kidney,UBERON:0004539,sc_bulk,https://purl.org/ccf/ASCTB-TEMP_natural-killer-t,Natural Killer T,0.159093,3.980515606465993E-6
https://entity.api.hubmapconsortium.org/entities/b9d2f84102c7e3640c50fc9608018a67,http://purl.org/ccf/1.5/1c7f8f09-2f17-48ca-8922-c03adf82b66f,right kidney,UBERON:0004539,sc_bulk,https://purl.org/ccf/ASCTB-TEMP_plasmacytoid-dendritic,Plasmacytoid Dendritic,0.060093,1.503530163736688E-6
https://entity.api.hubmapconsortium.org/entities/ba36c8ce9a4fbd647d8d04bc7afc1894,http://purl.org/ccf/1.5/59867860-9efb-4b03-9405-802bd852e351,skin of body,UBERON:0002097,spatial,https://purl.org/ccf/ASCTB-TEMP_t-helper,T-helper,3674.557506,0.7799656838724318
https://entity.api.hubmapconsortium.org/entities/ba36c8ce9a4fbd647d8d04bc7afc1894,http://purl.org/ccf/1.5/59867860-9efb-4b03-9405-802bd852e351,skin of body,UBERON:0002097,spatial,https://purl.org/ccf/ASCTB-TEMP_t-reg,T-reg,500.362707,0.1062075475243675
https://entity.api.hubmapconsortium.org/entities/ba36c8ce9a4fbd647d8d04bc7afc1894,http://purl.org/ccf/1.5/59867860-9efb-4b03-9405-802bd852e351,skin of body,UBERON:0002097,spatial,https://purl.org/ccf/ASCTB-TEMP_cd68-macrophage,CD68 / Macrophage,397.167372,0.08430319035910512
https://entity.api.hubmapconsortium.org/entities/ba36c8ce9a4fbd647d8d04bc7afc1894,http://purl.org/ccf/1.5/59867860-9efb-4b03-9405-802bd852e351,skin of body,UBERON:0002097,spatial,https://purl.org/ccf/ASCTB-TEMP_t-killer,T-Killer,139.090845,0.0295235782440955
https://entity.api.hubmapconsortium.org/entities/bb913eb294e5694b7cb57e5916e99706,http://purl.org/ccf/1.5/37283102-d963-4639-8834-4813fbb3c247,left kidney,UBERON:0004538,sc_bulk,https://purl.org/ccf/ASCTB-TEMP_descending-thin-limb-type-2,Descending Thin Limb Type 2,62497.43099999999,0.1548052267949792
https://entity.api.hubmapconsortium.org/entities/bb913eb294e5694b7cb57e5916e99706,http://purl.org/ccf/1.5/37283102-d963-4639-8834-4813fbb3c247,left kidney,UBERON:0004538,sc_bulk,https://purl.org/ccf/ASCTB-TEMP_inner-medullary-collecting-duct,Inner Medullary Collecting Duct,59034.19000000001,0.146226829253316
https://entity.api.hubmapconsortium.org/entities/bb913eb294e5694b7cb57e5916e99706,http://purl.org/ccf/1.5/37283102-d963-4639-8834-4813fbb3c247,left kidney,UBERON:0004538,sc_bulk,https://purl.org/ccf/ASCTB-TEMP_descending-thin-limb-type-1,Descending Thin Limb Type 1,55082.43399999999,0.1364383871680978
https://entity.api.hubmapconsortium.org/entities/bb913eb294e5694b7cb57e5916e99706,http://purl.org/ccf/1.5/37283102-d963-4639-8834-4813fbb3c247,left kidney,UBERON:0004538,sc_bulk,https://purl.org/ccf/ASCTB-TEMP_vascular-smooth-muscle-pericyte,Vascular Smooth Muscle / Pericyte,35037.211,0.0867866616008351
https://entity.api.hubmapconsortium.org/entities/bb913eb294e5694b7cb57e5916e99706,http://purl.org/ccf/1.5/37283102-d963-4639-8834-4813fbb3c247,left kidney,UBERON:0004538,sc_bulk,https://purl.org/ccf/ASCTB-TEMP_cortical-collecting-duct-principal,Cortical Collecting Duct Principal,32308.377,0.08002737950721033
https://entity.api.hubmapconsortium.org/entities/bb913eb294e5694b7cb57e5916e99706,http://purl.org/ccf/1.5/37283102-d963-4639-8834-4813fbb3c247,left kidney,UBERON:0004538,sc_bulk,https://purl.org/ccf/ASCTB-TEMP_distal-convoluted-tubule-type-1,Distal Convoluted Tubule Type 1,27620.817,0.06841636162529013
https://entity.api.hubmapconsortium.org/entities/bb913eb294e5694b7cb57e5916e99706,http://purl.org/ccf/1.5/37283102-d963-4639-8834-4813fbb3c247,left kidney,UBERON:0004538,sc_bulk,https://purl.org/ccf/ASCTB-TEMP_medullary-thick-ascending-limb,Medullary Thick Ascending Limb,26477.61,0.06558465452826391
https://entity.api.hubmapconsortium.org/entities/bb913eb294e5694b7cb57e5916e99706,http://purl.org/ccf/1.5/37283102-d963-4639-8834-4813fbb3c247,left kidney,UBERON:0004538,sc_bulk,https://purl.org/ccf/ASCTB-TEMP_connecting-tubule,Connecting Tubule,21833.77,0.05408193044989983
https://entity.api.hubmapconsortium.org/entities/bb913eb294e5694b7cb57e5916e99706,http://purl.org/ccf/1.5/37283102-d963-4639-8834-4813fbb3c247,left kidney,UBERON:0004538,sc_bulk,https://purl.org/ccf/ASCTB-TEMP_cortical-thick-ascending-limb,Cortical Thick Ascending Limb,20037.463,0.04963250416022708
https://entity.api.hubmapconsortium.org/entities/bb913eb294e5694b7cb57e5916e99706,http://purl.org/ccf/1.5/37283102-d963-4639-8834-4813fbb3c247,left kidney,UBERON:0004538,sc_bulk,https://purl.org/ccf/ASCTB-TEMP_mesangial,Mesangial,17052.185,0.04223801401172704
https://entity.api.hubmapconsortium.org/entities/bb913eb294e5694b7cb57e5916e99706,http://purl.org/ccf/1.5/37283102-d963-4639-8834-4813fbb3c247,left kidney,UBERON:0004538,sc_bulk,https://purl.org/ccf/ASCTB-TEMP_ascending-thin-limb,Ascending Thin Limb,11956.442,0.02961593278083727
https://entity.api.hubmapconsortium.org/entities/bb913eb294e5694b7cb57e5916e99706,http://purl.org/ccf/1.5/37283102-d963-4639-8834-4813fbb3c247,left kidney,UBERON:0004538,sc_bulk,https://purl.org/ccf/ASCTB-TEMP_medullary-fibroblast,Medullary Fibroblast,4902.035000000001,0.01214226933474956
https://entity.api.hubmapconsortium.org/entities/bb913eb294e5694b7cb57e5916e99706,http://purl.org/ccf/1.5/37283102-d963-4639-8834-4813fbb3c247,left kidney,UBERON:0004538,sc_bulk,https://purl.org/ccf/ASCTB-TEMP_fibroblast,Fibroblast,3519.789,0.008718466114478742
https://entity.api.hubmapconsortium.org/entities/bb913eb294e5694b7cb57e5916e99706,http://purl.org/ccf/1.5/37283102-d963-4639-8834-4813fbb3c247,left kidney,UBERON:0004538,sc_bulk,https://purl.org/ccf/ASCTB-TEMP_ascending-vasa-recta-endothelial,Ascending Vasa Recta Endothelial,2762.674999999999,0.006843105757992183
https://entity.api.hubmapconsortium.org/entities/bb913eb294e5694b7cb57e5916e99706,http://purl.org/ccf/1.5/37283102-d963-4639-8834-4813fbb3c247,left kidney,UBERON:0004538,sc_bulk,https://purl.org/ccf/ASCTB-TEMP_peritubular-capilary-endothelial,Peritubular Capilary Endothelial,2412.069,0.005974659799858634
https://entity.api.hubmapconsortium.org/entities/bb913eb294e5694b7cb57e5916e99706,http://purl.org/ccf/1.5/37283102-d963-4639-8834-4813fbb3c247,left kidney,UBERON:0004538,sc_bulk,https://purl.org/ccf/ASCTB-TEMP_cortical-collecting-duct-intercalated-type-a,Cortical Collecting Duct Intercalated Type A,1845.002,0.004570043095806457
https://entity.api.hubmapconsortium.org/entities/bb913eb294e5694b7cb57e5916e99706,http://purl.org/ccf/1.5/37283102-d963-4639-8834-4813fbb3c247,left kidney,UBERON:0004538,sc_bulk,https://purl.org/ccf/ASCTB-TEMP_t,T,1610.503,0.003989192486471875
https://entity.api.hubmapconsortium.org/entities/bb913eb294e5694b7cb57e5916e99706,http://purl.org/ccf/1.5/37283102-d963-4639-8834-4813fbb3c247,left kidney,UBERON:0004538,sc_bulk,https://purl.org/ccf/ASCTB-TEMP_descending-vasa-recta-endothelial,Descending Vasa Recta Endothelial,1574.646000000001,0.003900375219451933
https://entity.api.hubmapconsortium.org/entities/bb913eb294e5694b7cb57e5916e99706,http://purl.org/ccf/1.5/37283102-d963-4639-8834-4813fbb3c247,left kidney,UBERON:0004538,sc_bulk,https://purl.org/ccf/ASCTB-TEMP_outer-medullary-collecting-duct-intercalated-type-a,Outer Medullary Collecting Duct Intercalated Type A,1562.777,0.003870975879232177
https://entity.api.hubmapconsortium.org/entities/bb913eb294e5694b7cb57e5916e99706,http://purl.org/ccf/1.5/37283102-d963-4639-8834-4813fbb3c247,left kidney,UBERON:0004538,sc_bulk,https://purl.org/ccf/ASCTB-TEMP_descending-thin-limb-type-3,Descending Thin Limb Type 3,1470.801,0.003643152666151706
https://entity.api.hubmapconsortium.org/entities/bb913eb294e5694b7cb57e5916e99706,http://purl.org/ccf/1.5/37283102-d963-4639-8834-4813fbb3c247,left kidney,UBERON:0004538,sc_bulk,https://purl.org/ccf/ASCTB-TEMP_proximal-tubule-epithelial-segment-1,Proximal Tubule Epithelial Segment 1,1468.063,0.003636370680009513
https://entity.api.hubmapconsortium.org/entities/bb913eb294e5694b7cb57e5916e99706,http://purl.org/ccf/1.5/37283102-d963-4639-8834-4813fbb3c247,left kidney,UBERON:0004538,sc_bulk,https://purl.org/ccf/ASCTB-TEMP_outer-medullary-collecting-duct-principal,Outer Medullary Collecting Duct Principal,1301.056,0.00322269677217562
https://entity.api.hubmapconsortium.org/entities/bb913eb294e5694b7cb57e5916e99706,http://purl.org/ccf/1.5/37283102-d963-4639-8834-4813fbb3c247,left kidney,UBERON:0004538,sc_bulk,https://purl.org/ccf/ASCTB-TEMP_parietal-epithelial,Parietal Epithelial,1277.658,0.00316474026678664
https://entity.api.hubmapconsortium.org/entities/bb913eb294e5694b7cb57e5916e99706,http://purl.org/ccf/1.5/37283102-d963-4639-8834-4813fbb3c247,left kidney,UBERON:0004538,sc_bulk,https://purl.org/ccf/ASCTB-TEMP_connecting-tubule-principal,Connecting Tubule Principal,1095.753,0.002714164229826965
https://entity.api.hubmapconsortium.org/entities/bb913eb294e5694b7cb57e5916e99706,http://purl.org/ccf/1.5/37283102-d963-4639-8834-4813fbb3c247,left kidney,UBERON:0004538,sc_bulk,https://purl.org/ccf/ASCTB-TEMP_proximal-tubule-epithelial-segment-3,Proximal Tubule Epithelial Segment 3,1082.645,0.00268169590464367
https://entity.api.hubmapconsortium.org/entities/bb913eb294e5694b7cb57e5916e99706,http://purl.org/ccf/1.5/37283102-d963-4639-8834-4813fbb3c247,left kidney,UBERON:0004538,sc_bulk,https://purl.org/ccf/ASCTB-TEMP_papillary-tip-epithelial,Papillary Tip Epithelial,1040.395,0.002577043269688356
https://entity.api.hubmapconsortium.org/entities/bb913eb294e5694b7cb57e5916e99706,http://purl.org/ccf/1.5/37283102-d963-4639-8834-4813fbb3c247,left kidney,UBERON:0004538,sc_bulk,https://purl.org/ccf/ASCTB-TEMP_glomerular-capillary-endothelial,Glomerular Capillary Endothelial,962.7669999999999,0.002384759843740166
https://entity.api.hubmapconsortium.org/entities/bb913eb294e5694b7cb57e5916e99706,http://purl.org/ccf/1.5/37283102-d963-4639-8834-4813fbb3c247,left kidney,UBERON:0004538,sc_bulk,https://purl.org/ccf/ASCTB-TEMP_intercalated-type-b,Intercalated Type B,940.4229999999999,0.002329414081007822
https://entity.api.hubmapconsortium.org/entities/bb913eb294e5694b7cb57e5916e99706,http://purl.org/ccf/1.5/37283102-d963-4639-8834-4813fbb3c247,left kidney,UBERON:0004538,sc_bulk,https://purl.org/ccf/ASCTB-TEMP_macula-densa,Macula Densa,748.6059999999999,0.001854286164339815
https://entity.api.hubmapconsortium.org/entities/bb913eb294e5694b7cb57e5916e99706,http://purl.org/ccf/1.5/37283102-d963-4639-8834-4813fbb3c247,left kidney,UBERON:0004538,sc_bulk,https://purl.org/ccf/ASCTB-TEMP_m2-macrophage,M2 Macrophage,492.057,0.001218818025993054
https://entity.api.hubmapconsortium.org/entities/bb913eb294e5694b7cb57e5916e99706,http://purl.org/ccf/1.5/37283102-d963-4639-8834-4813fbb3c247,left kidney,UBERON:0004538,sc_bulk,https://purl.org/ccf/ASCTB-TEMP_b,B,486.0260000000001,0.001203879326787954
https://entity.api.hubmapconsortium.org/entities/bb913eb294e5694b7cb57e5916e99706,http://purl.org/ccf/1.5/37283102-d963-4639-8834-4813fbb3c247,left kidney,UBERON:0004538,sc_bulk,https://purl.org/ccf/ASCTB-TEMP_monocyte-derived,Monocyte-derived,370.209,9.170023037673738E-4
https://entity.api.hubmapconsortium.org/entities/bb913eb294e5694b7cb57e5916e99706,http://purl.org/ccf/1.5/37283102-d963-4639-8834-4813fbb3c247,left kidney,UBERON:0004538,sc_bulk,https://purl.org/ccf/ASCTB-TEMP_lymphatic-endothelial,Lymphatic Endothelial,358.2300000000001,8.873304951489197E-4
https://entity.api.hubmapconsortium.org/entities/bb913eb294e5694b7cb57e5916e99706,http://purl.org/ccf/1.5/37283102-d963-4639-8834-4813fbb3c247,left kidney,UBERON:0004538,sc_bulk,https://purl.org/ccf/ASCTB-TEMP_afferent-efferent-arteriole-endothelial,Afferent / Efferent Arteriole Endothelial,336.442,8.333619363227332E-4
https://entity.api.hubmapconsortium.org/entities/bb913eb294e5694b7cb57e5916e99706,http://purl.org/ccf/1.5/37283102-d963-4639-8834-4813fbb3c247,left kidney,UBERON:0004538,sc_bulk,https://purl.org/ccf/ASCTB-TEMP_tissue-resident-macrophage,Tissue-resident Macrophage,314.065,7.779344330707795E-4
https://entity.api.hubmapconsortium.org/entities/bb913eb294e5694b7cb57e5916e99706,http://purl.org/ccf/1.5/37283102-d963-4639-8834-4813fbb3c247,left kidney,UBERON:0004538,sc_bulk,https://purl.org/ccf/ASCTB-TEMP_classical-dendritic,Classical Dendritic,273.292,6.769403056143775E-4
https://entity.api.hubmapconsortium.org/entities/bb913eb294e5694b7cb57e5916e99706,http://purl.org/ccf/1.5/37283102-d963-4639-8834-4813fbb3c247,left kidney,UBERON:0004538,sc_bulk,https://purl.org/ccf/ASCTB-TEMP_podocyte,Podocyte,226.5540000000001,5.611709599920954E-4
https://entity.api.hubmapconsortium.org/entities/bb913eb294e5694b7cb57e5916e99706,http://purl.org/ccf/1.5/37283102-d963-4639-8834-4813fbb3c247,left kidney,UBERON:0004538,sc_bulk,https://purl.org/ccf/ASCTB-TEMP_cortical-vascular-smooth-muscle-pericyte,Cortical Vascular Smooth Muscle / Pericyte,138.454,3.429485424876433E-4
https://entity.api.hubmapconsortium.org/entities/bb913eb294e5694b7cb57e5916e99706,http://purl.org/ccf/1.5/37283102-d963-4639-8834-4813fbb3c247,left kidney,UBERON:0004538,sc_bulk,https://purl.org/ccf/ASCTB-TEMP_mast,Mast,60.337,1.494538706579581E-4
https://entity.api.hubmapconsortium.org/entities/bb913eb294e5694b7cb57e5916e99706,http://purl.org/ccf/1.5/37283102-d963-4639-8834-4813fbb3c247,left kidney,UBERON:0004538,sc_bulk,https://purl.org/ccf/ASCTB-TEMP_proximal-tubule-epithelial-segment-2,Proximal Tubule Epithelial Segment 2,28.636,7.093095513799642E-5
https://entity.api.hubmapconsortium.org/entities/bb913eb294e5694b7cb57e5916e99706,http://purl.org/ccf/1.5/37283102-d963-4639-8834-4813fbb3c247,left kidney,UBERON:0004538,sc_bulk,https://purl.org/ccf/ASCTB-TEMP_natural-killer-natural-killer-t,Natural Killer / Natural Killer T,26.69,6.611074146644518E-5
https://entity.api.hubmapconsortium.org/entities/bb913eb294e5694b7cb57e5916e99706,http://purl.org/ccf/1.5/37283102-d963-4639-8834-4813fbb3c247,left kidney,UBERON:0004538,sc_bulk,https://purl.org/ccf/ASCTB-TEMP_plasma,Plasma,17.29,4.28270783047897E-5
https://entity.api.hubmapconsortium.org/entities/bb913eb294e5694b7cb57e5916e99706,http://purl.org/ccf/1.5/37283102-d963-4639-8834-4813fbb3c247,left kidney,UBERON:0004538,sc_bulk,https://purl.org/ccf/ASCTB-TEMP_monocyte,Monocyte,16.368,4.054329772659328E-5
https://entity.api.hubmapconsortium.org/entities/bb913eb294e5694b7cb57e5916e99706,http://purl.org/ccf/1.5/37283102-d963-4639-8834-4813fbb3c247,left kidney,UBERON:0004538,sc_bulk,https://purl.org/ccf/ASCTB-TEMP_cycling-mononuclear-phagocyte,Cycling Mononuclear Phagocyte,15.702,3.889362542173557E-5
https://entity.api.hubmapconsortium.org/entities/bb913eb294e5694b7cb57e5916e99706,http://purl.org/ccf/1.5/37283102-d963-4639-8834-4813fbb3c247,left kidney,UBERON:0004538,sc_bulk,https://purl.org/ccf/ASCTB-TEMP_renin-positive-juxtaglomerular-granular,Renin-positive Juxtaglomerular Granular,12.042,2.98278587013463E-5
https://entity.api.hubmapconsortium.org/entities/bb913eb294e5694b7cb57e5916e99706,http://purl.org/ccf/1.5/37283102-d963-4639-8834-4813fbb3c247,left kidney,UBERON:0004538,sc_bulk,https://purl.org/ccf/ASCTB-TEMP_neutrophil,Neutrophil,12.011,2.975107215262169E-5
https://entity.api.hubmapconsortium.org/entities/bb913eb294e5694b7cb57e5916e99706,http://purl.org/ccf/1.5/37283102-d963-4639-8834-4813fbb3c247,left kidney,UBERON:0004538,sc_bulk,https://purl.org/ccf/ASCTB-TEMP_schwann-neural,Schwann / Neural,5.881,1.456715138869105E-5
https://entity.api.hubmapconsortium.org/entities/bb913eb294e5694b7cb57e5916e99706,http://purl.org/ccf/1.5/37283102-d963-4639-8834-4813fbb3c247,left kidney,UBERON:0004538,sc_bulk,https://purl.org/ccf/ASCTB-TEMP_connecting-tubule-intercalated-type-a,Connecting Tubule Intercalated Type A,3.173,7.859474809780088E-6
https://entity.api.hubmapconsortium.org/entities/bb913eb294e5694b7cb57e5916e99706,http://purl.org/ccf/1.5/37283102-d963-4639-8834-4813fbb3c247,left kidney,UBERON:0004538,sc_bulk,https://purl.org/ccf/ASCTB-TEMP_non-classical-monocyte,Non-classical monocyte,3.065,7.591960381965323E-6
https://entity.api.hubmapconsortium.org/entities/bb913eb294e5694b7cb57e5916e99706,http://purl.org/ccf/1.5/37283102-d963-4639-8834-4813fbb3c247,left kidney,UBERON:0004538,sc_bulk,https://purl.org/ccf/ASCTB-TEMP_distal-convoluted-tubule-type-2,Distal Convoluted Tubule Type 2,2.212,5.479091799317225E-6
https://entity.api.hubmapconsortium.org/entities/bb913eb294e5694b7cb57e5916e99706,http://purl.org/ccf/1.5/37283102-d963-4639-8834-4813fbb3c247,left kidney,UBERON:0004538,sc_bulk,https://purl.org/ccf/ASCTB-TEMP_natural-killer-t,Natural Killer T,1.607,3.980515606465995E-6
https://entity.api.hubmapconsortium.org/entities/bb913eb294e5694b7cb57e5916e99706,http://purl.org/ccf/1.5/37283102-d963-4639-8834-4813fbb3c247,left kidney,UBERON:0004538,sc_bulk,https://purl.org/ccf/ASCTB-TEMP_plasmacytoid-dendritic,Plasmacytoid Dendritic,0.607,1.503530163736689E-6
https://entity.api.hubmapconsortium.org/entities/bbddf229fe06be8c7fd22c46af7e835b,http://purl.org/ccf/1.5/ba54628b-f2ab-4ce0-a767-32123813092f,right kidney,UBERON:0004539,sc_bulk,https://purl.org/ccf/ASCTB-TEMP_inner-medullary-collecting-duct,Inner Medullary Collecting Duct,928.4484830000001,0.2886076777194523
https://entity.api.hubmapconsortium.org/entities/bbddf229fe06be8c7fd22c46af7e835b,http://purl.org/ccf/1.5/ba54628b-f2ab-4ce0-a767-32123813092f,right kidney,UBERON:0004539,sc_bulk,https://purl.org/ccf/ASCTB-TEMP_descending-thin-limb-type-1,Descending Thin Limb Type 1,472.690182,0.1469354716020417
https://entity.api.hubmapconsortium.org/entities/bbddf229fe06be8c7fd22c46af7e835b,http://purl.org/ccf/1.5/ba54628b-f2ab-4ce0-a767-32123813092f,right kidney,UBERON:0004539,sc_bulk,https://purl.org/ccf/ASCTB-TEMP_medullary-thick-ascending-limb,Medullary Thick Ascending Limb,400.5157320000001,0.1245000852703494
https://entity.api.hubmapconsortium.org/entities/bbddf229fe06be8c7fd22c46af7e835b,http://purl.org/ccf/1.5/ba54628b-f2ab-4ce0-a767-32123813092f,right kidney,UBERON:0004539,sc_bulk,https://purl.org/ccf/ASCTB-TEMP_connecting-tubule,Connecting Tubule,376.0168980000001,0.1168846367914763
https://entity.api.hubmapconsortium.org/entities/bbddf229fe06be8c7fd22c46af7e835b,http://purl.org/ccf/1.5/ba54628b-f2ab-4ce0-a767-32123813092f,right kidney,UBERON:0004539,sc_bulk,https://purl.org/ccf/ASCTB-TEMP_fibroblast,Fibroblast,172.869041,0.05373624211371432
https://entity.api.hubmapconsortium.org/entities/bbddf229fe06be8c7fd22c46af7e835b,http://purl.org/ccf/1.5/ba54628b-f2ab-4ce0-a767-32123813092f,right kidney,UBERON:0004539,sc_bulk,https://purl.org/ccf/ASCTB-TEMP_cortical-thick-ascending-limb,Cortical Thick Ascending Limb,125.091114,0.03888450094530368
https://entity.api.hubmapconsortium.org/entities/bbddf229fe06be8c7fd22c46af7e835b,http://purl.org/ccf/1.5/ba54628b-f2ab-4ce0-a767-32123813092f,right kidney,UBERON:0004539,sc_bulk,https://purl.org/ccf/ASCTB-TEMP_medullary-fibroblast,Medullary Fibroblast,108.877637,0.03384455093148286
https://entity.api.hubmapconsortium.org/entities/bbddf229fe06be8c7fd22c46af7e835b,http://purl.org/ccf/1.5/ba54628b-f2ab-4ce0-a767-32123813092f,right kidney,UBERON:0004539,sc_bulk,https://purl.org/ccf/ASCTB-TEMP_descending-thin-limb-type-2,Descending Thin Limb Type 2,93.06790199999999,0.02893010388648732
https://entity.api.hubmapconsortium.org/entities/bbddf229fe06be8c7fd22c46af7e835b,http://purl.org/ccf/1.5/ba54628b-f2ab-4ce0-a767-32123813092f,right kidney,UBERON:0004539,sc_bulk,https://purl.org/ccf/ASCTB-TEMP_proximal-tubule-epithelial-segment-3,Proximal Tubule Epithelial Segment 3,59.322957,0.0184405071134366
https://entity.api.hubmapconsortium.org/entities/bbddf229fe06be8c7fd22c46af7e835b,http://purl.org/ccf/1.5/ba54628b-f2ab-4ce0-a767-32123813092f,right kidney,UBERON:0004539,sc_bulk,https://purl.org/ccf/ASCTB-TEMP_outer-medullary-collecting-duct-principal,Outer Medullary Collecting Duct Principal,57.08613199999999,0.01774519134682684
https://entity.api.hubmapconsortium.org/entities/bbddf229fe06be8c7fd22c46af7e835b,http://purl.org/ccf/1.5/ba54628b-f2ab-4ce0-a767-32123813092f,right kidney,UBERON:0004539,sc_bulk,https://purl.org/ccf/ASCTB-TEMP_distal-convoluted-tubule-type-1,Distal Convoluted Tubule Type 1,51.64308199999999,0.01605322238034745
https://entity.api.hubmapconsortium.org/entities/bbddf229fe06be8c7fd22c46af7e835b,http://purl.org/ccf/1.5/ba54628b-f2ab-4ce0-a767-32123813092f,right kidney,UBERON:0004539,sc_bulk,https://purl.org/ccf/ASCTB-TEMP_papillary-tip-epithelial,Papillary Tip Epithelial,46.878481,0.01457214889587521
https://entity.api.hubmapconsortium.org/entities/bbddf229fe06be8c7fd22c46af7e835b,http://purl.org/ccf/1.5/ba54628b-f2ab-4ce0-a767-32123813092f,right kidney,UBERON:0004539,sc_bulk,https://purl.org/ccf/ASCTB-TEMP_proximal-tubule-epithelial-segment-1,Proximal Tubule Epithelial Segment 1,46.24732299999999,0.01437595379405818
https://entity.api.hubmapconsortium.org/entities/bbddf229fe06be8c7fd22c46af7e835b,http://purl.org/ccf/1.5/ba54628b-f2ab-4ce0-a767-32123813092f,right kidney,UBERON:0004539,sc_bulk,https://purl.org/ccf/ASCTB-TEMP_descending-vasa-recta-endothelial,Descending Vasa Recta Endothelial,40.00687600000001,0.01243611442808517
https://entity.api.hubmapconsortium.org/entities/bbddf229fe06be8c7fd22c46af7e835b,http://purl.org/ccf/1.5/ba54628b-f2ab-4ce0-a767-32123813092f,right kidney,UBERON:0004539,sc_bulk,https://purl.org/ccf/ASCTB-TEMP_ascending-vasa-recta-endothelial,Ascending Vasa Recta Endothelial,32.56542099999999,0.01012294241506804
https://entity.api.hubmapconsortium.org/entities/bbddf229fe06be8c7fd22c46af7e835b,http://purl.org/ccf/1.5/ba54628b-f2ab-4ce0-a767-32123813092f,right kidney,UBERON:0004539,sc_bulk,https://purl.org/ccf/ASCTB-TEMP_cortical-collecting-duct-principal,Cortical Collecting Duct Principal,29.632724,0.009211315236907418
https://entity.api.hubmapconsortium.org/entities/bbddf229fe06be8c7fd22c46af7e835b,http://purl.org/ccf/1.5/ba54628b-f2ab-4ce0-a767-32123813092f,right kidney,UBERON:0004539,sc_bulk,https://purl.org/ccf/ASCTB-TEMP_vascular-smooth-muscle-pericyte,Vascular Smooth Muscle / Pericyte,28.43617000000001,0.008839367113205309
https://entity.api.hubmapconsortium.org/entities/bbddf229fe06be8c7fd22c46af7e835b,http://purl.org/ccf/1.5/ba54628b-f2ab-4ce0-a767-32123813092f,right kidney,UBERON:0004539,sc_bulk,https://purl.org/ccf/ASCTB-TEMP_mesangial,Mesangial,21.680369,0.006739330252307388
https://entity.api.hubmapconsortium.org/entities/bbddf229fe06be8c7fd22c46af7e835b,http://purl.org/ccf/1.5/ba54628b-f2ab-4ce0-a767-32123813092f,right kidney,UBERON:0004539,sc_bulk,https://purl.org/ccf/ASCTB-TEMP_peritubular-capilary-endothelial,Peritubular Capilary Endothelial,18.935264,0.005886015939610023
https://entity.api.hubmapconsortium.org/entities/bbddf229fe06be8c7fd22c46af7e835b,http://purl.org/ccf/1.5/ba54628b-f2ab-4ce0-a767-32123813092f,right kidney,UBERON:0004539,sc_bulk,https://purl.org/ccf/ASCTB-TEMP_m2-macrophage,M2 Macrophage,18.158434,0.005644538780254482
https://entity.api.hubmapconsortium.org/entities/bbddf229fe06be8c7fd22c46af7e835b,http://purl.org/ccf/1.5/ba54628b-f2ab-4ce0-a767-32123813092f,right kidney,UBERON:0004539,sc_bulk,https://purl.org/ccf/ASCTB-TEMP_cortical-vascular-smooth-muscle-pericyte,Cortical Vascular Smooth Muscle / Pericyte,14.617897,0.004543964887184966
https://entity.api.hubmapconsortium.org/entities/bbddf229fe06be8c7fd22c46af7e835b,http://purl.org/ccf/1.5/ba54628b-f2ab-4ce0-a767-32123813092f,right kidney,UBERON:0004539,sc_bulk,https://purl.org/ccf/ASCTB-TEMP_cortical-collecting-duct-intercalated-type-a,Cortical Collecting Duct Intercalated Type A,13.836875,0.004301184647036949
https://entity.api.hubmapconsortium.org/entities/bbddf229fe06be8c7fd22c46af7e835b,http://purl.org/ccf/1.5/ba54628b-f2ab-4ce0-a767-32123813092f,right kidney,UBERON:0004539,sc_bulk,https://purl.org/ccf/ASCTB-TEMP_outer-medullary-collecting-duct-intercalated-type-a,Outer Medullary Collecting Duct Intercalated Type A,11.108407,0.003453041936234718
https://entity.api.hubmapconsortium.org/entities/bbddf229fe06be8c7fd22c46af7e835b,http://purl.org/ccf/1.5/ba54628b-f2ab-4ce0-a767-32123813092f,right kidney,UBERON:0004539,sc_bulk,https://purl.org/ccf/ASCTB-TEMP_ascending-thin-limb,Ascending Thin Limb,8.122786,0.002524963363069094
https://entity.api.hubmapconsortium.org/entities/bbddf229fe06be8c7fd22c46af7e835b,http://purl.org/ccf/1.5/ba54628b-f2ab-4ce0-a767-32123813092f,right kidney,UBERON:0004539,sc_bulk,https://purl.org/ccf/ASCTB-TEMP_macula-densa,Macula Densa,6.147568,0.001910967982164733
https://entity.api.hubmapconsortium.org/entities/bbddf229fe06be8c7fd22c46af7e835b,http://purl.org/ccf/1.5/ba54628b-f2ab-4ce0-a767-32123813092f,right kidney,UBERON:0004539,sc_bulk,https://purl.org/ccf/ASCTB-TEMP_connecting-tubule-principal,Connecting Tubule Principal,5.035509,0.001565285080685948
https://entity.api.hubmapconsortium.org/entities/bbddf229fe06be8c7fd22c46af7e835b,http://purl.org/ccf/1.5/ba54628b-f2ab-4ce0-a767-32123813092f,right kidney,UBERON:0004539,sc_bulk,https://purl.org/ccf/ASCTB-TEMP_afferent-efferent-arteriole-endothelial,Afferent / Efferent Arteriole Endothelial,4.139338,0.001286710840019631
https://entity.api.hubmapconsortium.org/entities/bbddf229fe06be8c7fd22c46af7e835b,http://purl.org/ccf/1.5/ba54628b-f2ab-4ce0-a767-32123813092f,right kidney,UBERON:0004539,sc_bulk,https://purl.org/ccf/ASCTB-TEMP_glomerular-capillary-endothelial,Glomerular Capillary Endothelial,3.345871,0.001040062078768954
https://entity.api.hubmapconsortium.org/entities/bbddf229fe06be8c7fd22c46af7e835b,http://purl.org/ccf/1.5/ba54628b-f2ab-4ce0-a767-32123813092f,right kidney,UBERON:0004539,sc_bulk,https://purl.org/ccf/ASCTB-TEMP_descending-thin-limb-type-3,Descending Thin Limb Type 3,3.329234,0.001034890476873818
https://entity.api.hubmapconsortium.org/entities/bbddf229fe06be8c7fd22c46af7e835b,http://purl.org/ccf/1.5/ba54628b-f2ab-4ce0-a767-32123813092f,right kidney,UBERON:0004539,sc_bulk,https://purl.org/ccf/ASCTB-TEMP_tissue-resident-macrophage,Tissue-resident Macrophage,3.139284,9.7584462846479E-4
https://entity.api.hubmapconsortium.org/entities/bbddf229fe06be8c7fd22c46af7e835b,http://purl.org/ccf/1.5/ba54628b-f2ab-4ce0-a767-32123813092f,right kidney,UBERON:0004539,sc_bulk,https://purl.org/ccf/ASCTB-TEMP_podocyte,Podocyte,3.006057000000001,9.344310920289409E-4
https://entity.api.hubmapconsortium.org/entities/bbddf229fe06be8c7fd22c46af7e835b,http://purl.org/ccf/1.5/ba54628b-f2ab-4ce0-a767-32123813092f,right kidney,UBERON:0004539,sc_bulk,https://purl.org/ccf/ASCTB-TEMP_parietal-epithelial,Parietal Epithelial,2.444722000000001,7.599404296615721E-4
https://entity.api.hubmapconsortium.org/entities/bbddf229fe06be8c7fd22c46af7e835b,http://purl.org/ccf/1.5/ba54628b-f2ab-4ce0-a767-32123813092f,right kidney,UBERON:0004539,sc_bulk,https://purl.org/ccf/ASCTB-TEMP_monocyte-derived,Monocyte-derived,1.903692,5.917615648827545E-4
https://entity.api.hubmapconsortium.org/entities/bbddf229fe06be8c7fd22c46af7e835b,http://purl.org/ccf/1.5/ba54628b-f2ab-4ce0-a767-32123813092f,right kidney,UBERON:0004539,sc_bulk,https://purl.org/ccf/ASCTB-TEMP_t,T,1.777408,5.525062560094421E-4
https://entity.api.hubmapconsortium.org/entities/bbddf229fe06be8c7fd22c46af7e835b,http://purl.org/ccf/1.5/ba54628b-f2ab-4ce0-a767-32123813092f,right kidney,UBERON:0004539,sc_bulk,https://purl.org/ccf/ASCTB-TEMP_intercalated-type-b,Intercalated Type B,1.536761,4.777012742664184E-4
https://entity.api.hubmapconsortium.org/entities/bbddf229fe06be8c7fd22c46af7e835b,http://purl.org/ccf/1.5/ba54628b-f2ab-4ce0-a767-32123813092f,right kidney,UBERON:0004539,sc_bulk,https://purl.org/ccf/ASCTB-TEMP_lymphatic-endothelial,Lymphatic Endothelial,1.445061,4.491963819310257E-4
https://entity.api.hubmapconsortium.org/entities/bbddf229fe06be8c7fd22c46af7e835b,http://purl.org/ccf/1.5/ba54628b-f2ab-4ce0-a767-32123813092f,right kidney,UBERON:0004539,sc_bulk,https://purl.org/ccf/ASCTB-TEMP_monocyte,Monocyte,0.671244,2.086558118950753E-4
https://entity.api.hubmapconsortium.org/entities/bbddf229fe06be8c7fd22c46af7e835b,http://purl.org/ccf/1.5/ba54628b-f2ab-4ce0-a767-32123813092f,right kidney,UBERON:0004539,sc_bulk,https://purl.org/ccf/ASCTB-TEMP_proximal-tubule-epithelial-segment-2,Proximal Tubule Epithelial Segment 2,0.6133419999999999,1.906570084490129E-4
https://entity.api.hubmapconsortium.org/entities/bbddf229fe06be8c7fd22c46af7e835b,http://purl.org/ccf/1.5/ba54628b-f2ab-4ce0-a767-32123813092f,right kidney,UBERON:0004539,sc_bulk,https://purl.org/ccf/ASCTB-TEMP_schwann-neural,Schwann / Neural,0.600766,1.867477660715877E-4
https://entity.api.hubmapconsortium.org/entities/bbddf229fe06be8c7fd22c46af7e835b,http://purl.org/ccf/1.5/ba54628b-f2ab-4ce0-a767-32123813092f,right kidney,UBERON:0004539,sc_bulk,https://purl.org/ccf/ASCTB-TEMP_natural-killer-natural-killer-t,Natural Killer / Natural Killer T,0.5627759999999999,1.749385963897821E-4
https://entity.api.hubmapconsortium.org/entities/bbddf229fe06be8c7fd22c46af7e835b,http://purl.org/ccf/1.5/ba54628b-f2ab-4ce0-a767-32123813092f,right kidney,UBERON:0004539,sc_bulk,https://purl.org/ccf/ASCTB-TEMP_distal-convoluted-tubule-type-2,Distal Convoluted Tubule Type 2,0.374005,1.162592394536378E-4
https://entity.api.hubmapconsortium.org/entities/bbddf229fe06be8c7fd22c46af7e835b,http://purl.org/ccf/1.5/ba54628b-f2ab-4ce0-a767-32123813092f,right kidney,UBERON:0004539,sc_bulk,https://purl.org/ccf/ASCTB-TEMP_b,B,0.309684,9.626509354409796E-5
https://entity.api.hubmapconsortium.org/entities/bbddf229fe06be8c7fd22c46af7e835b,http://purl.org/ccf/1.5/ba54628b-f2ab-4ce0-a767-32123813092f,right kidney,UBERON:0004539,sc_bulk,https://purl.org/ccf/ASCTB-TEMP_plasma,Plasma,0.186937,5.810925908943646E-5
https://entity.api.hubmapconsortium.org/entities/bbddf229fe06be8c7fd22c46af7e835b,http://purl.org/ccf/1.5/ba54628b-f2ab-4ce0-a767-32123813092f,right kidney,UBERON:0004539,sc_bulk,https://purl.org/ccf/ASCTB-TEMP_mast,Mast,0.136764,4.251301085450012E-5
https://entity.api.hubmapconsortium.org/entities/bbddf229fe06be8c7fd22c46af7e835b,http://purl.org/ccf/1.5/ba54628b-f2ab-4ce0-a767-32123813092f,right kidney,UBERON:0004539,sc_bulk,https://purl.org/ccf/ASCTB-TEMP_classical-dendritic,Classical Dendritic,0.124188,3.860376847707482E-5
https://entity.api.hubmapconsortium.org/entities/bbddf229fe06be8c7fd22c46af7e835b,http://purl.org/ccf/1.5/ba54628b-f2ab-4ce0-a767-32123813092f,right kidney,UBERON:0004539,sc_bulk,https://purl.org/ccf/ASCTB-TEMP_cycling-mononuclear-phagocyte,Cycling Mononuclear Phagocyte,0.115542,3.591616434259493E-5
https://entity.api.hubmapconsortium.org/entities/bbddf229fe06be8c7fd22c46af7e835b,http://purl.org/ccf/1.5/ba54628b-f2ab-4ce0-a767-32123813092f,right kidney,UBERON:0004539,sc_bulk,https://purl.org/ccf/ASCTB-TEMP_renin-positive-juxtaglomerular-granular,Renin-positive Juxtaglomerular Granular,0.109778,3.412442825294167E-5
https://entity.api.hubmapconsortium.org/entities/bbddf229fe06be8c7fd22c46af7e835b,http://purl.org/ccf/1.5/ba54628b-f2ab-4ce0-a767-32123813092f,right kidney,UBERON:0004539,sc_bulk,https://purl.org/ccf/ASCTB-TEMP_connecting-tubule-intercalated-type-a,Connecting Tubule Intercalated Type A,0.038383,1.193133350610013E-5
https://entity.api.hubmapconsortium.org/entities/bbddf229fe06be8c7fd22c46af7e835b,http://purl.org/ccf/1.5/ba54628b-f2ab-4ce0-a767-32123813092f,right kidney,UBERON:0004539,sc_bulk,https://purl.org/ccf/ASCTB-TEMP_non-classical-monocyte,Non-classical monocyte,0.038383,1.193133350610013E-5
https://entity.api.hubmapconsortium.org/entities/bbddf229fe06be8c7fd22c46af7e835b,http://purl.org/ccf/1.5/ba54628b-f2ab-4ce0-a767-32123813092f,right kidney,UBERON:0004539,sc_bulk,https://purl.org/ccf/ASCTB-TEMP_neutrophil,Neutrophil,0.001572,4.886552971781623E-7
https://entity.api.hubmapconsortium.org/entities/bbddf229fe06be8c7fd22c46af7e835b,http://purl.org/ccf/1.5/ba54628b-f2ab-4ce0-a767-32123813092f,right kidney,UBERON:0004539,sc_bulk,https://purl.org/ccf/ASCTB-TEMP_natural-killer-t,Natural Killer T,7.86E-4,2.443276485890811E-7
https://entity.api.hubmapconsortium.org/entities/bbddf229fe06be8c7fd22c46af7e835b,http://purl.org/ccf/1.5/ba54628b-f2ab-4ce0-a767-32123813092f,right kidney,UBERON:0004539,sc_bulk,https://purl.org/ccf/ASCTB-TEMP_plasmacytoid-dendritic,Plasmacytoid Dendritic,7.86E-4,2.443276485890811E-7
https://entity.api.hubmapconsortium.org/entities/bcd025e5950b371b98bd49503154e100,http://purl.org/ccf/1.5/c11ab720-9dc0-4948-8077-3add6ba2492e,left kidney,UBERON:0004538,sc_bulk,https://purl.org/ccf/ASCTB-TEMP_cortical-thick-ascending-limb,Cortical Thick Ascending Limb,218880.615,0.1923133852731772
https://entity.api.hubmapconsortium.org/entities/bcd025e5950b371b98bd49503154e100,http://purl.org/ccf/1.5/c11ab720-9dc0-4948-8077-3add6ba2492e,left kidney,UBERON:0004538,sc_bulk,https://purl.org/ccf/ASCTB-TEMP_inner-medullary-collecting-duct,Inner Medullary Collecting Duct,127470.332,0.1119982738938111
https://entity.api.hubmapconsortium.org/entities/bcd025e5950b371b98bd49503154e100,http://purl.org/ccf/1.5/c11ab720-9dc0-4948-8077-3add6ba2492e,left kidney,UBERON:0004538,sc_bulk,https://purl.org/ccf/ASCTB-TEMP_connecting-tubule,Connecting Tubule,92264.948,0.08106603909137255
https://entity.api.hubmapconsortium.org/entities/bcd025e5950b371b98bd49503154e100,http://purl.org/ccf/1.5/c11ab720-9dc0-4948-8077-3add6ba2492e,left kidney,UBERON:0004538,sc_bulk,https://purl.org/ccf/ASCTB-TEMP_proximal-tubule-epithelial-segment-1,Proximal Tubule Epithelial Segment 1,89542.50000000001,0.07867403561902217
https://entity.api.hubmapconsortium.org/entities/bcd025e5950b371b98bd49503154e100,http://purl.org/ccf/1.5/c11ab720-9dc0-4948-8077-3add6ba2492e,left kidney,UBERON:0004538,sc_bulk,https://purl.org/ccf/ASCTB-TEMP_distal-convoluted-tubule-type-1,Distal Convoluted Tubule Type 1,85983.65000000002,0.0755471507133879
https://entity.api.hubmapconsortium.org/entities/bcd025e5950b371b98bd49503154e100,http://purl.org/ccf/1.5/c11ab720-9dc0-4948-8077-3add6ba2492e,left kidney,UBERON:0004538,sc_bulk,https://purl.org/ccf/ASCTB-TEMP_descending-thin-limb-type-1,Descending Thin Limb Type 1,74780.35,0.06570368170983548
https://entity.api.hubmapconsortium.org/entities/bcd025e5950b371b98bd49503154e100,http://purl.org/ccf/1.5/c11ab720-9dc0-4948-8077-3add6ba2492e,left kidney,UBERON:0004538,sc_bulk,https://purl.org/ccf/ASCTB-TEMP_descending-thin-limb-type-2,Descending Thin Limb Type 2,73242.46599999999,0.06435246256145426
https://entity.api.hubmapconsortium.org/entities/bcd025e5950b371b98bd49503154e100,http://purl.org/ccf/1.5/c11ab720-9dc0-4948-8077-3add6ba2492e,left kidney,UBERON:0004538,sc_bulk,https://purl.org/ccf/ASCTB-TEMP_ascending-thin-limb,Ascending Thin Limb,72502.091,0.0637019525899722
https://entity.api.hubmapconsortium.org/entities/bcd025e5950b371b98bd49503154e100,http://purl.org/ccf/1.5/c11ab720-9dc0-4948-8077-3add6ba2492e,left kidney,UBERON:0004538,sc_bulk,https://purl.org/ccf/ASCTB-TEMP_fibroblast,Fibroblast,50721.21700000001,0.0445647913884262
https://entity.api.hubmapconsortium.org/entities/bcd025e5950b371b98bd49503154e100,http://purl.org/ccf/1.5/c11ab720-9dc0-4948-8077-3add6ba2492e,left kidney,UBERON:0004538,sc_bulk,https://purl.org/ccf/ASCTB-TEMP_proximal-tubule-epithelial-segment-3,Proximal Tubule Epithelial Segment 3,48407.02699999999,0.04253149249137522
https://entity.api.hubmapconsortium.org/entities/bcd025e5950b371b98bd49503154e100,http://purl.org/ccf/1.5/c11ab720-9dc0-4948-8077-3add6ba2492e,left kidney,UBERON:0004538,sc_bulk,https://purl.org/ccf/ASCTB-TEMP_medullary-thick-ascending-limb,Medullary Thick Ascending Limb,34198.027,0.0300471484970632
https://entity.api.hubmapconsortium.org/entities/bcd025e5950b371b98bd49503154e100,http://purl.org/ccf/1.5/c11ab720-9dc0-4948-8077-3add6ba2492e,left kidney,UBERON:0004538,sc_bulk,https://purl.org/ccf/ASCTB-TEMP_cortical-collecting-duct-principal,Cortical Collecting Duct Principal,26503.50400000001,0.02328656914565594
https://entity.api.hubmapconsortium.org/entities/bcd025e5950b371b98bd49503154e100,http://purl.org/ccf/1.5/c11ab720-9dc0-4948-8077-3add6ba2492e,left kidney,UBERON:0004538,sc_bulk,https://purl.org/ccf/ASCTB-TEMP_cortical-collecting-duct-intercalated-type-a,Cortical Collecting Duct Intercalated Type A,13369.98,0.01174716232789585
https://entity.api.hubmapconsortium.org/entities/bcd025e5950b371b98bd49503154e100,http://purl.org/ccf/1.5/c11ab720-9dc0-4948-8077-3add6ba2492e,left kidney,UBERON:0004538,sc_bulk,https://purl.org/ccf/ASCTB-TEMP_podocyte,Podocyte,12591.483,0.01106315751780788
https://entity.api.hubmapconsortium.org/entities/bcd025e5950b371b98bd49503154e100,http://purl.org/ccf/1.5/c11ab720-9dc0-4948-8077-3add6ba2492e,left kidney,UBERON:0004538,sc_bulk,https://purl.org/ccf/ASCTB-TEMP_mesangial,Mesangial,12278.113,0.01078782365353189
https://entity.api.hubmapconsortium.org/entities/bcd025e5950b371b98bd49503154e100,http://purl.org/ccf/1.5/c11ab720-9dc0-4948-8077-3add6ba2492e,left kidney,UBERON:0004538,sc_bulk,https://purl.org/ccf/ASCTB-TEMP_peritubular-capilary-endothelial,Peritubular Capilary Endothelial,11271.73,0.009903593126258485
https://entity.api.hubmapconsortium.org/entities/bcd025e5950b371b98bd49503154e100,http://purl.org/ccf/1.5/c11ab720-9dc0-4948-8077-3add6ba2492e,left kidney,UBERON:0004538,sc_bulk,https://purl.org/ccf/ASCTB-TEMP_outer-medullary-collecting-duct-intercalated-type-a,Outer Medullary Collecting Duct Intercalated Type A,8190.706,0.007196536790785811
https://entity.api.hubmapconsortium.org/entities/bcd025e5950b371b98bd49503154e100,http://purl.org/ccf/1.5/c11ab720-9dc0-4948-8077-3add6ba2492e,left kidney,UBERON:0004538,sc_bulk,https://purl.org/ccf/ASCTB-TEMP_outer-medullary-collecting-duct-principal,Outer Medullary Collecting Duct Principal,7995.797,0.007025285400569231
https://entity.api.hubmapconsortium.org/entities/bcd025e5950b371b98bd49503154e100,http://purl.org/ccf/1.5/c11ab720-9dc0-4948-8077-3add6ba2492e,left kidney,UBERON:0004538,sc_bulk,https://purl.org/ccf/ASCTB-TEMP_parietal-epithelial,Parietal Epithelial,7860.065000000001,0.006906028241090313
https://entity.api.hubmapconsortium.org/entities/bcd025e5950b371b98bd49503154e100,http://purl.org/ccf/1.5/c11ab720-9dc0-4948-8077-3add6ba2492e,left kidney,UBERON:0004538,sc_bulk,https://purl.org/ccf/ASCTB-TEMP_intercalated-type-b,Intercalated Type B,7618.814000000001,0.006694059737115948
https://entity.api.hubmapconsortium.org/entities/bcd025e5950b371b98bd49503154e100,http://purl.org/ccf/1.5/c11ab720-9dc0-4948-8077-3add6ba2492e,left kidney,UBERON:0004538,sc_bulk,https://purl.org/ccf/ASCTB-TEMP_ascending-vasa-recta-endothelial,Ascending Vasa Recta Endothelial,6291.872,0.005528178929986634
https://entity.api.hubmapconsortium.org/entities/bcd025e5950b371b98bd49503154e100,http://purl.org/ccf/1.5/c11ab720-9dc0-4948-8077-3add6ba2492e,left kidney,UBERON:0004538,sc_bulk,https://purl.org/ccf/ASCTB-TEMP_classical-dendritic,Classical Dendritic,6157.746,0.005410332837891406
https://entity.api.hubmapconsortium.org/entities/bcd025e5950b371b98bd49503154e100,http://purl.org/ccf/1.5/c11ab720-9dc0-4948-8077-3add6ba2492e,left kidney,UBERON:0004538,sc_bulk,https://purl.org/ccf/ASCTB-TEMP_macula-densa,Macula Densa,6129.017999999999,0.005385091776995593
https://entity.api.hubmapconsortium.org/entities/bcd025e5950b371b98bd49503154e100,http://purl.org/ccf/1.5/c11ab720-9dc0-4948-8077-3add6ba2492e,left kidney,UBERON:0004538,sc_bulk,https://purl.org/ccf/ASCTB-TEMP_glomerular-capillary-endothelial,Glomerular Capillary Endothelial,5883.353999999999,0.00516924591289406
https://entity.api.hubmapconsortium.org/entities/bcd025e5950b371b98bd49503154e100,http://purl.org/ccf/1.5/c11ab720-9dc0-4948-8077-3add6ba2492e,left kidney,UBERON:0004538,sc_bulk,https://purl.org/ccf/ASCTB-TEMP_medullary-fibroblast,Medullary Fibroblast,4830.841999999999,0.004244485418408779
https://entity.api.hubmapconsortium.org/entities/bcd025e5950b371b98bd49503154e100,http://purl.org/ccf/1.5/c11ab720-9dc0-4948-8077-3add6ba2492e,left kidney,UBERON:0004538,sc_bulk,https://purl.org/ccf/ASCTB-TEMP_cortical-vascular-smooth-muscle-pericyte,Cortical Vascular Smooth Muscle / Pericyte,3701.618,0.003252324051484084
https://entity.api.hubmapconsortium.org/entities/bcd025e5950b371b98bd49503154e100,http://purl.org/ccf/1.5/c11ab720-9dc0-4948-8077-3add6ba2492e,left kidney,UBERON:0004538,sc_bulk,https://purl.org/ccf/ASCTB-TEMP_connecting-tubule-principal,Connecting Tubule Principal,3474.940000000001,0.003053159710014405
https://entity.api.hubmapconsortium.org/entities/bcd025e5950b371b98bd49503154e100,http://purl.org/ccf/1.5/c11ab720-9dc0-4948-8077-3add6ba2492e,left kidney,UBERON:0004538,sc_bulk,https://purl.org/ccf/ASCTB-TEMP_vascular-smooth-muscle-pericyte,Vascular Smooth Muscle / Pericyte,3381.532999999999,0.002971090238589483
https://entity.api.hubmapconsortium.org/entities/bcd025e5950b371b98bd49503154e100,http://purl.org/ccf/1.5/c11ab720-9dc0-4948-8077-3add6ba2492e,left kidney,UBERON:0004538,sc_bulk,https://purl.org/ccf/ASCTB-TEMP_m2-macrophage,M2 Macrophage,3375.679999999999,0.002965947662377314
https://entity.api.hubmapconsortium.org/entities/bcd025e5950b371b98bd49503154e100,http://purl.org/ccf/1.5/c11ab720-9dc0-4948-8077-3add6ba2492e,left kidney,UBERON:0004538,sc_bulk,https://purl.org/ccf/ASCTB-TEMP_descending-thin-limb-type-3,Descending Thin Limb Type 3,3154.318,0.002771454076954773
https://entity.api.hubmapconsortium.org/entities/bcd025e5950b371b98bd49503154e100,http://purl.org/ccf/1.5/c11ab720-9dc0-4948-8077-3add6ba2492e,left kidney,UBERON:0004538,sc_bulk,https://purl.org/ccf/ASCTB-TEMP_monocyte-derived,Monocyte-derived,2979.315,0.002617692541868799
https://entity.api.hubmapconsortium.org/entities/bcd025e5950b371b98bd49503154e100,http://purl.org/ccf/1.5/c11ab720-9dc0-4948-8077-3add6ba2492e,left kidney,UBERON:0004538,sc_bulk,https://purl.org/ccf/ASCTB-TEMP_descending-vasa-recta-endothelial,Descending Vasa Recta Endothelial,2757.939999999999,0.0024231875343566
https://entity.api.hubmapconsortium.org/entities/bcd025e5950b371b98bd49503154e100,http://purl.org/ccf/1.5/c11ab720-9dc0-4948-8077-3add6ba2492e,left kidney,UBERON:0004538,sc_bulk,https://purl.org/ccf/ASCTB-TEMP_t,T,1828.118,0.001606225207558149
https://entity.api.hubmapconsortium.org/entities/bcd025e5950b371b98bd49503154e100,http://purl.org/ccf/1.5/c11ab720-9dc0-4948-8077-3add6ba2492e,left kidney,UBERON:0004538,sc_bulk,https://purl.org/ccf/ASCTB-TEMP_distal-convoluted-tubule-type-2,Distal Convoluted Tubule Type 2,1561.651,0.001372101364139728
https://entity.api.hubmapconsortium.org/entities/bcd025e5950b371b98bd49503154e100,http://purl.org/ccf/1.5/c11ab720-9dc0-4948-8077-3add6ba2492e,left kidney,UBERON:0004538,sc_bulk,https://purl.org/ccf/ASCTB-TEMP_afferent-efferent-arteriole-endothelial,Afferent / Efferent Arteriole Endothelial,1489.726,0.001308906456560665
https://entity.api.hubmapconsortium.org/entities/bcd025e5950b371b98bd49503154e100,http://purl.org/ccf/1.5/c11ab720-9dc0-4948-8077-3add6ba2492e,left kidney,UBERON:0004538,sc_bulk,https://purl.org/ccf/ASCTB-TEMP_proximal-tubule-epithelial-segment-2,Proximal Tubule Epithelial Segment 2,1179.154,0.001036030977427617
https://entity.api.hubmapconsortium.org/entities/bcd025e5950b371b98bd49503154e100,http://purl.org/ccf/1.5/c11ab720-9dc0-4948-8077-3add6ba2492e,left kidney,UBERON:0004538,sc_bulk,https://purl.org/ccf/ASCTB-TEMP_mast,Mast,809.054,7.108528711361906E-4
https://entity.api.hubmapconsortium.org/entities/bcd025e5950b371b98bd49503154e100,http://purl.org/ccf/1.5/c11ab720-9dc0-4948-8077-3add6ba2492e,left kidney,UBERON:0004538,sc_bulk,https://purl.org/ccf/ASCTB-TEMP_b,B,619.965,5.447150625964997E-4
https://entity.api.hubmapconsortium.org/entities/bcd025e5950b371b98bd49503154e100,http://purl.org/ccf/1.5/c11ab720-9dc0-4948-8077-3add6ba2492e,left kidney,UBERON:0004538,sc_bulk,https://purl.org/ccf/ASCTB-TEMP_schwann-neural,Schwann / Neural,534.555,4.69671933554752E-4
https://entity.api.hubmapconsortium.org/entities/bcd025e5950b371b98bd49503154e100,http://purl.org/ccf/1.5/c11ab720-9dc0-4948-8077-3add6ba2492e,left kidney,UBERON:0004538,sc_bulk,https://purl.org/ccf/ASCTB-TEMP_plasma,Plasma,476.39,4.185668685657198E-4
https://entity.api.hubmapconsortium.org/entities/bcd025e5950b371b98bd49503154e100,http://purl.org/ccf/1.5/c11ab720-9dc0-4948-8077-3add6ba2492e,left kidney,UBERON:0004538,sc_bulk,https://purl.org/ccf/ASCTB-TEMP_lymphatic-endothelial,Lymphatic Endothelial,475.712,4.179711626590308E-4
https://entity.api.hubmapconsortium.org/entities/bcd025e5950b371b98bd49503154e100,http://purl.org/ccf/1.5/c11ab720-9dc0-4948-8077-3add6ba2492e,left kidney,UBERON:0004538,sc_bulk,https://purl.org/ccf/ASCTB-TEMP_tissue-resident-macrophage,Tissue-resident Macrophage,460.422,4.045370279786851E-4
https://entity.api.hubmapconsortium.org/entities/bcd025e5950b371b98bd49503154e100,http://purl.org/ccf/1.5/c11ab720-9dc0-4948-8077-3add6ba2492e,left kidney,UBERON:0004538,sc_bulk,https://purl.org/ccf/ASCTB-TEMP_papillary-tip-epithelial,Papillary Tip Epithelial,263.383,2.314141723030395E-4
https://entity.api.hubmapconsortium.org/entities/bcd025e5950b371b98bd49503154e100,http://purl.org/ccf/1.5/c11ab720-9dc0-4948-8077-3add6ba2492e,left kidney,UBERON:0004538,sc_bulk,https://purl.org/ccf/ASCTB-TEMP_connecting-tubule-intercalated-type-a,Connecting Tubule Intercalated Type A,245.422,2.156332375094693E-4
https://entity.api.hubmapconsortium.org/entities/bcd025e5950b371b98bd49503154e100,http://purl.org/ccf/1.5/c11ab720-9dc0-4948-8077-3add6ba2492e,left kidney,UBERON:0004538,sc_bulk,https://purl.org/ccf/ASCTB-TEMP_natural-killer-natural-killer-t,Natural Killer / Natural Killer T,79.75000000000001,7.007012692986032E-5
https://entity.api.hubmapconsortium.org/entities/bcd025e5950b371b98bd49503154e100,http://purl.org/ccf/1.5/c11ab720-9dc0-4948-8077-3add6ba2492e,left kidney,UBERON:0004538,sc_bulk,https://purl.org/ccf/ASCTB-TEMP_non-classical-monocyte,Non-classical monocyte,75.5,6.63359822345386E-5
https://entity.api.hubmapconsortium.org/entities/bcd025e5950b371b98bd49503154e100,http://purl.org/ccf/1.5/c11ab720-9dc0-4948-8077-3add6ba2492e,left kidney,UBERON:0004538,sc_bulk,https://purl.org/ccf/ASCTB-TEMP_neutrophil,Neutrophil,53.711,4.719168134833514E-5
https://entity.api.hubmapconsortium.org/entities/bcd025e5950b371b98bd49503154e100,http://purl.org/ccf/1.5/c11ab720-9dc0-4948-8077-3add6ba2492e,left kidney,UBERON:0004538,sc_bulk,https://purl.org/ccf/ASCTB-TEMP_renin-positive-juxtaglomerular-granular,Renin-positive Juxtaglomerular Granular,51.48,4.523147503886155E-5
https://entity.api.hubmapconsortium.org/entities/bcd025e5950b371b98bd49503154e100,http://purl.org/ccf/1.5/c11ab720-9dc0-4948-8077-3add6ba2492e,left kidney,UBERON:0004538,sc_bulk,https://purl.org/ccf/ASCTB-TEMP_monocyte,Monocyte,46.924,4.122847192547668E-5
https://entity.api.hubmapconsortium.org/entities/bcd025e5950b371b98bd49503154e100,http://purl.org/ccf/1.5/c11ab720-9dc0-4948-8077-3add6ba2492e,left kidney,UBERON:0004538,sc_bulk,https://purl.org/ccf/ASCTB-TEMP_natural-killer-t,Natural Killer T,43.343,3.808212553631267E-5
https://entity.api.hubmapconsortium.org/entities/bcd025e5950b371b98bd49503154e100,http://purl.org/ccf/1.5/c11ab720-9dc0-4948-8077-3add6ba2492e,left kidney,UBERON:0004538,sc_bulk,https://purl.org/ccf/ASCTB-TEMP_plasmacytoid-dendritic,Plasmacytoid Dendritic,38.875,3.415644118367799E-5
https://entity.api.hubmapconsortium.org/entities/bcd025e5950b371b98bd49503154e100,http://purl.org/ccf/1.5/c11ab720-9dc0-4948-8077-3add6ba2492e,left kidney,UBERON:0004538,sc_bulk,https://purl.org/ccf/ASCTB-TEMP_cycling-mononuclear-phagocyte,Cycling Mononuclear Phagocyte,20.779,1.825689238213877E-5
https://entity.api.hubmapconsortium.org/entities/bf1db74f40506e87055eda7b84a79174,http://purl.org/ccf/1.5/7f4ad752-8a2d-4088-b91e-4e0d1a724d98,small intestine,UBERON:0002108,spatial,https://purl.org/ccf/ASCTB-TEMP_enterocyte,Enterocyte,7627.852245000002,0.1766987947792169
https://entity.api.hubmapconsortium.org/entities/bf1db74f40506e87055eda7b84a79174,http://purl.org/ccf/1.5/7f4ad752-8a2d-4088-b91e-4e0d1a724d98,small intestine,UBERON:0002108,spatial,https://purl.org/ccf/ASCTB-TEMP_smooth-muscle,Smooth muscle,5922.524313,0.1371949632144073
https://entity.api.hubmapconsortium.org/entities/bf1db74f40506e87055eda7b84a79174,http://purl.org/ccf/1.5/7f4ad752-8a2d-4088-b91e-4e0d1a724d98,small intestine,UBERON:0002108,spatial,https://purl.org/ccf/ASCTB-TEMP_cd8-t,CD8+ T,4176.163554000001,0.09674060837720004
https://entity.api.hubmapconsortium.org/entities/bf1db74f40506e87055eda7b84a79174,http://purl.org/ccf/1.5/7f4ad752-8a2d-4088-b91e-4e0d1a724d98,small intestine,UBERON:0002108,spatial,https://purl.org/ccf/ASCTB-TEMP_stroma,Stroma,3610.462377,0.08363617046066767
https://entity.api.hubmapconsortium.org/entities/bf1db74f40506e87055eda7b84a79174,http://purl.org/ccf/1.5/7f4ad752-8a2d-4088-b91e-4e0d1a724d98,small intestine,UBERON:0002108,spatial,https://purl.org/ccf/ASCTB-TEMP_endothelial,Endothelial,3267.122271,0.07568271502118457
https://entity.api.hubmapconsortium.org/entities/bf1db74f40506e87055eda7b84a79174,http://purl.org/ccf/1.5/7f4ad752-8a2d-4088-b91e-4e0d1a724d98,small intestine,UBERON:0002108,spatial,https://purl.org/ccf/ASCTB-TEMP_goblet,Goblet,3075.569262,0.07124539967480788
https://entity.api.hubmapconsortium.org/entities/bf1db74f40506e87055eda7b84a79174,http://purl.org/ccf/1.5/7f4ad752-8a2d-4088-b91e-4e0d1a724d98,small intestine,UBERON:0002108,spatial,https://purl.org/ccf/ASCTB-TEMP_cd4-t-cell,CD4+ T cell,2431.813839,0.05633283926814193
https://entity.api.hubmapconsortium.org/entities/bf1db74f40506e87055eda7b84a79174,http://purl.org/ccf/1.5/7f4ad752-8a2d-4088-b91e-4e0d1a724d98,small intestine,UBERON:0002108,spatial,https://purl.org/ccf/ASCTB-TEMP_m2-macrophage,M2 Macrophage,1937.310615,0.04487769817616379
https://entity.api.hubmapconsortium.org/entities/bf1db74f40506e87055eda7b84a79174,http://purl.org/ccf/1.5/7f4ad752-8a2d-4088-b91e-4e0d1a724d98,small intestine,UBERON:0002108,spatial,https://purl.org/ccf/ASCTB-TEMP_plasma,Plasma,1798.639359,0.04166538584777781
https://entity.api.hubmapconsortium.org/entities/bf1db74f40506e87055eda7b84a79174,http://purl.org/ccf/1.5/7f4ad752-8a2d-4088-b91e-4e0d1a724d98,small intestine,UBERON:0002108,spatial,https://purl.org/ccf/ASCTB-TEMP_b,B,1504.278267,0.03484652668327465
https://entity.api.hubmapconsortium.org/entities/bf1db74f40506e87055eda7b84a79174,http://purl.org/ccf/1.5/7f4ad752-8a2d-4088-b91e-4e0d1a724d98,small intestine,UBERON:0002108,spatial,https://purl.org/ccf/ASCTB-TEMP_nerve,Nerve,1267.53711,0.02936243027278666
https://entity.api.hubmapconsortium.org/entities/bf1db74f40506e87055eda7b84a79174,http://purl.org/ccf/1.5/7f4ad752-8a2d-4088-b91e-4e0d1a724d98,small intestine,UBERON:0002108,spatial,https://purl.org/ccf/ASCTB-TEMP_lymphatic,Lymphatic,1087.32279,0.02518777505882005
https://entity.api.hubmapconsortium.org/entities/bf1db74f40506e87055eda7b84a79174,http://purl.org/ccf/1.5/7f4ad752-8a2d-4088-b91e-4e0d1a724d98,small intestine,UBERON:0002108,spatial,https://purl.org/ccf/ASCTB-TEMP_ta,TA,840.8022239999999,0.01947713915484805
https://entity.api.hubmapconsortium.org/entities/bf1db74f40506e87055eda7b84a79174,http://purl.org/ccf/1.5/7f4ad752-8a2d-4088-b91e-4e0d1a724d98,small intestine,UBERON:0002108,spatial,https://purl.org/ccf/ASCTB-TEMP_paneth,Paneth,792.348933,0.01835472122542385
https://entity.api.hubmapconsortium.org/entities/bf1db74f40506e87055eda7b84a79174,http://purl.org/ccf/1.5/7f4ad752-8a2d-4088-b91e-4e0d1a724d98,small intestine,UBERON:0002108,spatial,https://purl.org/ccf/ASCTB-TEMP_icc,ICC,788.7649919999999,0.01827169942126201
https://entity.api.hubmapconsortium.org/entities/bf1db74f40506e87055eda7b84a79174,http://purl.org/ccf/1.5/7f4ad752-8a2d-4088-b91e-4e0d1a724d98,small intestine,UBERON:0002108,spatial,https://purl.org/ccf/ASCTB-TEMP_cycling-ta,Cycling TA,776.944635,0.01799788147504666
https://entity.api.hubmapconsortium.org/entities/bf1db74f40506e87055eda7b84a79174,http://purl.org/ccf/1.5/7f4ad752-8a2d-4088-b91e-4e0d1a724d98,small intestine,UBERON:0002108,spatial,https://purl.org/ccf/ASCTB-TEMP_dc,DC,616.8906840000001,0.01429024014522278
https://entity.api.hubmapconsortium.org/entities/bf1db74f40506e87055eda7b84a79174,http://purl.org/ccf/1.5/7f4ad752-8a2d-4088-b91e-4e0d1a724d98,small intestine,UBERON:0002108,spatial,https://purl.org/ccf/ASCTB-TEMP_m1-macrophage,M1 Macrophage,443.058732,0.01026343214921673
https://entity.api.hubmapconsortium.org/entities/bf1db74f40506e87055eda7b84a79174,http://purl.org/ccf/1.5/7f4ad752-8a2d-4088-b91e-4e0d1a724d98,small intestine,UBERON:0002108,spatial,https://purl.org/ccf/ASCTB-TEMP_cd66-enterocyte,CD66+ Enterocyte,402.5991540000001,0.009326188159657037
https://entity.api.hubmapconsortium.org/entities/bf1db74f40506e87055eda7b84a79174,http://purl.org/ccf/1.5/7f4ad752-8a2d-4088-b91e-4e0d1a724d98,small intestine,UBERON:0002108,spatial,https://purl.org/ccf/ASCTB-TEMP_neuroendocrine,Neuroendocrine,242.434398,0.005615980037854677
https://entity.api.hubmapconsortium.org/entities/bf1db74f40506e87055eda7b84a79174,http://purl.org/ccf/1.5/7f4ad752-8a2d-4088-b91e-4e0d1a724d98,small intestine,UBERON:0002108,spatial,https://purl.org/ccf/ASCTB-TEMP_neutrophil,Neutrophil,225.693765,0.005228184157712904
https://entity.api.hubmapconsortium.org/entities/bf1db74f40506e87055eda7b84a79174,http://purl.org/ccf/1.5/7f4ad752-8a2d-4088-b91e-4e0d1a724d98,small intestine,UBERON:0002108,spatial,https://purl.org/ccf/ASCTB-TEMP_muc1-enterocyte,MUC1+ Enterocyte,122.809587,0.002844877602926534
https://entity.api.hubmapconsortium.org/entities/bf1db74f40506e87055eda7b84a79174,http://purl.org/ccf/1.5/7f4ad752-8a2d-4088-b91e-4e0d1a724d98,small intestine,UBERON:0002108,spatial,https://purl.org/ccf/ASCTB-TEMP_nk,NK,108.873255,0.002522043207483544
https://entity.api.hubmapconsortium.org/entities/bf1db74f40506e87055eda7b84a79174,http://purl.org/ccf/1.5/7f4ad752-8a2d-4088-b91e-4e0d1a724d98,small intestine,UBERON:0002108,spatial,https://purl.org/ccf/ASCTB-TEMP_cd7-immune,CD7+ Immune,91.94705700000002,0.002129948723907926
https://entity.api.hubmapconsortium.org/entities/bf1db74f40506e87055eda7b84a79174,http://purl.org/ccf/1.5/7f4ad752-8a2d-4088-b91e-4e0d1a724d98,small intestine,UBERON:0002108,spatial,https://purl.org/ccf/ASCTB-TEMP_cd57-enterocyte,CD57+ Enterocyte,8.908188,2.063577049881205E-4
https://entity.api.hubmapconsortium.org/entities/bf1ef09d33aff32185133ee9a1f8aa09,http://purl.org/ccf/1.5/7c0d5c79-3285-4458-9321-20ae95e57510,heart,UBERON:0000948,sc_bulk,https://purl.org/ccf/ASCTB-TEMP_muscle,Muscle,2028.766527,0.1886987746624205
https://entity.api.hubmapconsortium.org/entities/bf1ef09d33aff32185133ee9a1f8aa09,http://purl.org/ccf/1.5/7c0d5c79-3285-4458-9321-20ae95e57510,heart,UBERON:0000948,sc_bulk,https://purl.org/ccf/ASCTB-TEMP_fibroblast,Fibroblast,1532.524473,0.1425425184941805
https://entity.api.hubmapconsortium.org/entities/bf1ef09d33aff32185133ee9a1f8aa09,http://purl.org/ccf/1.5/7c0d5c79-3285-4458-9321-20ae95e57510,heart,UBERON:0000948,sc_bulk,https://purl.org/ccf/ASCTB-TEMP_endothelial-cell,Endothelial cell,1270.824864,0.118201425080658
https://entity.api.hubmapconsortium.org/entities/bf1ef09d33aff32185133ee9a1f8aa09,http://purl.org/ccf/1.5/7c0d5c79-3285-4458-9321-20ae95e57510,heart,UBERON:0000948,sc_bulk,http://purl.obolibrary.org/obo/CL_0000057,fibroblast,1214.750469,0.1129858571552135
https://entity.api.hubmapconsortium.org/entities/bf1ef09d33aff32185133ee9a1f8aa09,http://purl.org/ccf/1.5/7c0d5c79-3285-4458-9321-20ae95e57510,heart,UBERON:0000948,sc_bulk,http://purl.obolibrary.org/obo/CL_0002129,regular atrial cardiac myocyte,1008.73386,0.09382392740083571
https://entity.api.hubmapconsortium.org/entities/bf1ef09d33aff32185133ee9a1f8aa09,http://purl.org/ccf/1.5/7c0d5c79-3285-4458-9321-20ae95e57510,heart,UBERON:0000948,sc_bulk,https://purl.org/ccf/ASCTB-TEMP_immune-myeloid-,Immune (myeloid),931.605642,0.08665011018983436
https://entity.api.hubmapconsortium.org/entities/bf1ef09d33aff32185133ee9a1f8aa09,http://purl.org/ccf/1.5/7c0d5c79-3285-4458-9321-20ae95e57510,heart,UBERON:0000948,sc_bulk,http://purl.obolibrary.org/obo/CL_0000115,endothelial cell,411.180757,0.0382445707665535
https://entity.api.hubmapconsortium.org/entities/bf1ef09d33aff32185133ee9a1f8aa09,http://purl.org/ccf/1.5/7c0d5c79-3285-4458-9321-20ae95e57510,heart,UBERON:0000948,sc_bulk,http://purl.obolibrary.org/obo/CL_0000669,pericyte,320.649345,0.0298241013406703
https://entity.api.hubmapconsortium.org/entities/bf1ef09d33aff32185133ee9a1f8aa09,http://purl.org/ccf/1.5/7c0d5c79-3285-4458-9321-20ae95e57510,heart,UBERON:0000948,sc_bulk,http://purl.obolibrary.org/obo/CL_0000003,native cell,295.091924,0.02744696530158007
https://entity.api.hubmapconsortium.org/entities/bf1ef09d33aff32185133ee9a1f8aa09,http://purl.org/ccf/1.5/7c0d5c79-3285-4458-9321-20ae95e57510,heart,UBERON:0000948,sc_bulk,http://purl.obolibrary.org/obo/CL_0002543,vein endothelial cell,197.690521,0.01838750717670704
https://entity.api.hubmapconsortium.org/entities/bf1ef09d33aff32185133ee9a1f8aa09,http://purl.org/ccf/1.5/7c0d5c79-3285-4458-9321-20ae95e57510,heart,UBERON:0000948,sc_bulk,http://purl.obolibrary.org/obo/CL_0000235,macrophage,186.703485,0.01736558562842633
https://entity.api.hubmapconsortium.org/entities/bf1ef09d33aff32185133ee9a1f8aa09,http://purl.org/ccf/1.5/7c0d5c79-3285-4458-9321-20ae95e57510,heart,UBERON:0000948,sc_bulk,http://purl.obolibrary.org/obo/CL_0000192,smooth muscle cell,186.364814,0.01733408530452845
https://entity.api.hubmapconsortium.org/entities/bf1ef09d33aff32185133ee9a1f8aa09,http://purl.org/ccf/1.5/7c0d5c79-3285-4458-9321-20ae95e57510,heart,UBERON:0000948,sc_bulk,http://purl.obolibrary.org/obo/CL_0002144,capillary endothelial cell,177.572549,0.01651630286878379
https://entity.api.hubmapconsortium.org/entities/bf1ef09d33aff32185133ee9a1f8aa09,http://purl.org/ccf/1.5/7c0d5c79-3285-4458-9321-20ae95e57510,heart,UBERON:0000948,sc_bulk,http://purl.obolibrary.org/obo/CL_1000413,endothelial cell of artery,163.236732,0.01518290591763984
https://entity.api.hubmapconsortium.org/entities/bf1ef09d33aff32185133ee9a1f8aa09,http://purl.org/ccf/1.5/7c0d5c79-3285-4458-9321-20ae95e57510,heart,UBERON:0000948,sc_bulk,https://purl.org/ccf/ASCTB-TEMP_immune-lymphocyte-,Immune (lymphocyte),107.594082,0.01000749527563947
https://entity.api.hubmapconsortium.org/entities/bf1ef09d33aff32185133ee9a1f8aa09,http://purl.org/ccf/1.5/7c0d5c79-3285-4458-9321-20ae95e57510,heart,UBERON:0000948,sc_bulk,http://purl.obolibrary.org/obo/CL_0002319,neural cell,97.83879700000001,0.009100140830717337
https://entity.api.hubmapconsortium.org/entities/bf1ef09d33aff32185133ee9a1f8aa09,http://purl.org/ccf/1.5/7c0d5c79-3285-4458-9321-20ae95e57510,heart,UBERON:0000948,sc_bulk,http://purl.obolibrary.org/obo/CL_1000309,epicardial adipocyte,81.56725599999999,0.007586699137103795
https://entity.api.hubmapconsortium.org/entities/bf1ef09d33aff32185133ee9a1f8aa09,http://purl.org/ccf/1.5/7c0d5c79-3285-4458-9321-20ae95e57510,heart,UBERON:0000948,sc_bulk,http://purl.obolibrary.org/obo/CL_0000906,"activated CD8-positive, alpha-beta T cell",71.94593300000003,0.006691804709100766
https://entity.api.hubmapconsortium.org/entities/bf1ef09d33aff32185133ee9a1f8aa09,http://purl.org/ccf/1.5/7c0d5c79-3285-4458-9321-20ae95e57510,heart,UBERON:0000948,sc_bulk,http://purl.obolibrary.org/obo/CL_0000794,"CD8-positive, alpha-beta cytotoxic T cell",65.20560000000002,0.006064875705201306
https://entity.api.hubmapconsortium.org/entities/bf1ef09d33aff32185133ee9a1f8aa09,http://purl.org/ccf/1.5/7c0d5c79-3285-4458-9321-20ae95e57510,heart,UBERON:0000948,sc_bulk,https://purl.org/ccf/ASCTB-TEMP_glia,Glia,48.77104500000001,0.004536271822324764
https://entity.api.hubmapconsortium.org/entities/bf1ef09d33aff32185133ee9a1f8aa09,http://purl.org/ccf/1.5/7c0d5c79-3285-4458-9321-20ae95e57510,heart,UBERON:0000948,sc_bulk,http://purl.obolibrary.org/obo/CL_0000236,B cell,46.591338,0.004333533836189259
https://entity.api.hubmapconsortium.org/entities/bf1ef09d33aff32185133ee9a1f8aa09,http://purl.org/ccf/1.5/7c0d5c79-3285-4458-9321-20ae95e57510,heart,UBERON:0000948,sc_bulk,http://purl.obolibrary.org/obo/CL_0002397,"CD14-positive, CD16-positive monocyte",46.315613,0.004307888219036489
https://entity.api.hubmapconsortium.org/entities/bf1ef09d33aff32185133ee9a1f8aa09,http://purl.org/ccf/1.5/7c0d5c79-3285-4458-9321-20ae95e57510,heart,UBERON:0000948,sc_bulk,http://purl.obolibrary.org/obo/CL_0000623,natural killer cell,43.73778600000001,0.004068120463743816
https://entity.api.hubmapconsortium.org/entities/bf1ef09d33aff32185133ee9a1f8aa09,http://purl.org/ccf/1.5/7c0d5c79-3285-4458-9321-20ae95e57510,heart,UBERON:0000948,sc_bulk,http://purl.obolibrary.org/obo/CL_0001054,CD14-positive monocyte,41.577178,0.003867158905723284
https://entity.api.hubmapconsortium.org/entities/bf1ef09d33aff32185133ee9a1f8aa09,http://purl.org/ccf/1.5/7c0d5c79-3285-4458-9321-20ae95e57510,heart,UBERON:0000948,sc_bulk,http://purl.obolibrary.org/obo/CL_0000934,"CD4-positive, alpha-beta cytotoxic T cell",38.511116,0.003581979642984487
https://entity.api.hubmapconsortium.org/entities/bf1ef09d33aff32185133ee9a1f8aa09,http://purl.org/ccf/1.5/7c0d5c79-3285-4458-9321-20ae95e57510,heart,UBERON:0000948,sc_bulk,https://purl.org/ccf/ASCTB-TEMP_adipocyte,Adipocyte,32.444628,0.003017726025394966
https://entity.api.hubmapconsortium.org/entities/bf1ef09d33aff32185133ee9a1f8aa09,http://purl.org/ccf/1.5/7c0d5c79-3285-4458-9321-20ae95e57510,heart,UBERON:0000948,sc_bulk,http://purl.obolibrary.org/obo/CL_0000576,monocyte,26.975589,0.002509042081655495
https://entity.api.hubmapconsortium.org/entities/bf1ef09d33aff32185133ee9a1f8aa09,http://purl.org/ccf/1.5/7c0d5c79-3285-4458-9321-20ae95e57510,heart,UBERON:0000948,sc_bulk,http://purl.obolibrary.org/obo/CL_0000077,mesothelial cell,26.166706,0.002433806597969273
https://entity.api.hubmapconsortium.org/entities/bf1ef09d33aff32185133ee9a1f8aa09,http://purl.org/ccf/1.5/7c0d5c79-3285-4458-9321-20ae95e57510,heart,UBERON:0000948,sc_bulk,http://purl.obolibrary.org/obo/CL_0000814,mature NK T cell,16.216396,0.001508312570182985
https://entity.api.hubmapconsortium.org/entities/bf1ef09d33aff32185133ee9a1f8aa09,http://purl.org/ccf/1.5/7c0d5c79-3285-4458-9321-20ae95e57510,heart,UBERON:0000948,sc_bulk,http://purl.obolibrary.org/obo/CL_0000896,"activated CD4-positive, alpha-beta T cell",15.245575,0.00141801497769094
https://entity.api.hubmapconsortium.org/entities/bf1ef09d33aff32185133ee9a1f8aa09,http://purl.org/ccf/1.5/7c0d5c79-3285-4458-9321-20ae95e57510,heart,UBERON:0000948,sc_bulk,http://purl.obolibrary.org/obo/CL_0000451,dendritic cell,10.932429,0.001016842465078739
https://entity.api.hubmapconsortium.org/entities/bf1ef09d33aff32185133ee9a1f8aa09,http://purl.org/ccf/1.5/7c0d5c79-3285-4458-9321-20ae95e57510,heart,UBERON:0000948,sc_bulk,http://purl.obolibrary.org/obo/CL_0000097,mast cell,5.712215,5.313021270624988E-4
https://entity.api.hubmapconsortium.org/entities/bf1ef09d33aff32185133ee9a1f8aa09,http://purl.org/ccf/1.5/7c0d5c79-3285-4458-9321-20ae95e57510,heart,UBERON:0000948,sc_bulk,http://purl.obolibrary.org/obo/CL_0002138,endothelial cell of lymphatic vessel,2.304523,2.143473191685626E-4
https://entity.api.hubmapconsortium.org/entities/c0b8610f24eff6d793802ab62f5a13c4,http://purl.org/ccf/1.5/575d7eda-45fc-4aa2-8208-58612c5302be,heart,UBERON:0000948,sc_bulk,https://purl.org/ccf/ASCTB-TEMP_fibroblast,Fibroblast,245684.3132249999,0.3330088912100682
https://entity.api.hubmapconsortium.org/entities/c0b8610f24eff6d793802ab62f5a13c4,http://purl.org/ccf/1.5/575d7eda-45fc-4aa2-8208-58612c5302be,heart,UBERON:0000948,sc_bulk,https://purl.org/ccf/ASCTB-TEMP_ventricular-cardiomycoyte,Ventricular Cardiomycoyte,193576.615686,0.2623803421049385
https://entity.api.hubmapconsortium.org/entities/c0b8610f24eff6d793802ab62f5a13c4,http://purl.org/ccf/1.5/575d7eda-45fc-4aa2-8208-58612c5302be,heart,UBERON:0000948,sc_bulk,http://purl.obolibrary.org/obo/CL_0002131,regular ventricular cardiac myocyte,70052.77836,0.09495192322874958
https://entity.api.hubmapconsortium.org/entities/c0b8610f24eff6d793802ab62f5a13c4,http://purl.org/ccf/1.5/575d7eda-45fc-4aa2-8208-58612c5302be,heart,UBERON:0000948,sc_bulk,http://purl.obolibrary.org/obo/CL_0000669,pericyte,37231.515315,0.05046486472974054
https://entity.api.hubmapconsortium.org/entities/c0b8610f24eff6d793802ab62f5a13c4,http://purl.org/ccf/1.5/575d7eda-45fc-4aa2-8208-58612c5302be,heart,UBERON:0000948,sc_bulk,http://purl.obolibrary.org/obo/CL_0002144,capillary endothelial cell,29911.726917,0.04054337407242711
https://entity.api.hubmapconsortium.org/entities/c0b8610f24eff6d793802ab62f5a13c4,http://purl.org/ccf/1.5/575d7eda-45fc-4aa2-8208-58612c5302be,heart,UBERON:0000948,sc_bulk,https://purl.org/ccf/ASCTB-TEMP_b,B,29345.73504299999,0.03977620939707383
https://entity.api.hubmapconsortium.org/entities/c0b8610f24eff6d793802ab62f5a13c4,http://purl.org/ccf/1.5/575d7eda-45fc-4aa2-8208-58612c5302be,heart,UBERON:0000948,sc_bulk,http://purl.obolibrary.org/obo/CL_0000057,fibroblast,21705.106671,0.02941984130458709
https://entity.api.hubmapconsortium.org/entities/c0b8610f24eff6d793802ab62f5a13c4,http://purl.org/ccf/1.5/575d7eda-45fc-4aa2-8208-58612c5302be,heart,UBERON:0000948,sc_bulk,http://purl.obolibrary.org/obo/CL_0000003,native cell,15678.855063,0.02125165449692904
https://entity.api.hubmapconsortium.org/entities/c0b8610f24eff6d793802ab62f5a13c4,http://purl.org/ccf/1.5/575d7eda-45fc-4aa2-8208-58612c5302be,heart,UBERON:0000948,sc_bulk,http://purl.obolibrary.org/obo/CL_1000413,endothelial cell of artery,10606.826079,0.01437685355430501
https://entity.api.hubmapconsortium.org/entities/c0b8610f24eff6d793802ab62f5a13c4,http://purl.org/ccf/1.5/575d7eda-45fc-4aa2-8208-58612c5302be,heart,UBERON:0000948,sc_bulk,https://purl.org/ccf/ASCTB-TEMP_pericyte,Pericyte,9052.655246999999,0.01227027744156243
https://entity.api.hubmapconsortium.org/entities/c0b8610f24eff6d793802ab62f5a13c4,http://purl.org/ccf/1.5/575d7eda-45fc-4aa2-8208-58612c5302be,heart,UBERON:0000948,sc_bulk,https://purl.org/ccf/ASCTB-TEMP_monocyte-cdc,Monocyte/cDC,8356.598469,0.01132681836263966
https://entity.api.hubmapconsortium.org/entities/c0b8610f24eff6d793802ab62f5a13c4,http://purl.org/ccf/1.5/575d7eda-45fc-4aa2-8208-58612c5302be,heart,UBERON:0000948,sc_bulk,https://purl.org/ccf/ASCTB-TEMP_capillary-endothelial,Capillary Endothelial,8279.504621999999,0.01122232273501252
https://entity.api.hubmapconsortium.org/entities/c0b8610f24eff6d793802ab62f5a13c4,http://purl.org/ccf/1.5/575d7eda-45fc-4aa2-8208-58612c5302be,heart,UBERON:0000948,sc_bulk,https://purl.org/ccf/ASCTB-TEMP_macrophage,Macrophage,7385.609573999998,0.01001070692248795
https://entity.api.hubmapconsortium.org/entities/c0b8610f24eff6d793802ab62f5a13c4,http://purl.org/ccf/1.5/575d7eda-45fc-4aa2-8208-58612c5302be,heart,UBERON:0000948,sc_bulk,http://purl.obolibrary.org/obo/CL_0000192,smooth muscle cell,6875.468973000003,0.009319244966002888
https://entity.api.hubmapconsortium.org/entities/c0b8610f24eff6d793802ab62f5a13c4,http://purl.org/ccf/1.5/575d7eda-45fc-4aa2-8208-58612c5302be,heart,UBERON:0000948,sc_bulk,http://purl.obolibrary.org/obo/CL_0000235,macrophage,5827.603031999999,0.007898931757688136
https://entity.api.hubmapconsortium.org/entities/c0b8610f24eff6d793802ab62f5a13c4,http://purl.org/ccf/1.5/575d7eda-45fc-4aa2-8208-58612c5302be,heart,UBERON:0000948,sc_bulk,http://purl.obolibrary.org/obo/CL_0000115,endothelial cell,3806.73126,0.00515977328542892
https://entity.api.hubmapconsortium.org/entities/c0b8610f24eff6d793802ab62f5a13c4,http://purl.org/ccf/1.5/575d7eda-45fc-4aa2-8208-58612c5302be,heart,UBERON:0000948,sc_bulk,http://purl.obolibrary.org/obo/CL_0002543,vein endothelial cell,3076.134453,0.004169497474055183
https://entity.api.hubmapconsortium.org/entities/c0b8610f24eff6d793802ab62f5a13c4,http://purl.org/ccf/1.5/575d7eda-45fc-4aa2-8208-58612c5302be,heart,UBERON:0000948,sc_bulk,https://purl.org/ccf/ASCTB-TEMP_mesothelial,Mesothelial,3048.39864,0.004131903407862275
https://entity.api.hubmapconsortium.org/entities/c0b8610f24eff6d793802ab62f5a13c4,http://purl.org/ccf/1.5/575d7eda-45fc-4aa2-8208-58612c5302be,heart,UBERON:0000948,sc_bulk,https://purl.org/ccf/ASCTB-TEMP_arterial-endothelial,Arterial Endothelial,2911.567779,0.003946438195587208
https://entity.api.hubmapconsortium.org/entities/c0b8610f24eff6d793802ab62f5a13c4,http://purl.org/ccf/1.5/575d7eda-45fc-4aa2-8208-58612c5302be,heart,UBERON:0000948,sc_bulk,https://purl.org/ccf/ASCTB-TEMP_venous-endothelial,Venous Endothelial,2720.683818,0.003687707569410917
https://entity.api.hubmapconsortium.org/entities/c0b8610f24eff6d793802ab62f5a13c4,http://purl.org/ccf/1.5/575d7eda-45fc-4aa2-8208-58612c5302be,heart,UBERON:0000948,sc_bulk,https://purl.org/ccf/ASCTB-TEMP_smooth-muscle,Smooth Muscle,2643.701805000001,0.003583363525398749
https://entity.api.hubmapconsortium.org/entities/c0b8610f24eff6d793802ab62f5a13c4,http://purl.org/ccf/1.5/575d7eda-45fc-4aa2-8208-58612c5302be,heart,UBERON:0000948,sc_bulk,https://purl.org/ccf/ASCTB-TEMP_endocardial,Endocardial,1974.724551,0.00267660895619157
https://entity.api.hubmapconsortium.org/entities/c0b8610f24eff6d793802ab62f5a13c4,http://purl.org/ccf/1.5/575d7eda-45fc-4aa2-8208-58612c5302be,heart,UBERON:0000948,sc_bulk,https://purl.org/ccf/ASCTB-TEMP_nk,NK,1970.163882,0.002670427269998706
https://entity.api.hubmapconsortium.org/entities/c0b8610f24eff6d793802ab62f5a13c4,http://purl.org/ccf/1.5/575d7eda-45fc-4aa2-8208-58612c5302be,heart,UBERON:0000948,sc_bulk,http://purl.obolibrary.org/obo/CL_0000623,natural killer cell,1482.945327,0.002010034635858759
https://entity.api.hubmapconsortium.org/entities/c0b8610f24eff6d793802ab62f5a13c4,http://purl.org/ccf/1.5/575d7eda-45fc-4aa2-8208-58612c5302be,heart,UBERON:0000948,sc_bulk,http://purl.obolibrary.org/obo/CL_0000934,"CD4-positive, alpha-beta cytotoxic T cell",1381.632552,0.001872711847825208
https://entity.api.hubmapconsortium.org/entities/c0b8610f24eff6d793802ab62f5a13c4,http://purl.org/ccf/1.5/575d7eda-45fc-4aa2-8208-58612c5302be,heart,UBERON:0000948,sc_bulk,http://purl.obolibrary.org/obo/CL_0002319,neural cell,1222.64973,0.00165722111265897
https://entity.api.hubmapconsortium.org/entities/c0b8610f24eff6d793802ab62f5a13c4,http://purl.org/ccf/1.5/575d7eda-45fc-4aa2-8208-58612c5302be,heart,UBERON:0000948,sc_bulk,http://purl.obolibrary.org/obo/CL_0002397,"CD14-positive, CD16-positive monocyte",1113.364368,0.001509092008495197
https://entity.api.hubmapconsortium.org/entities/c0b8610f24eff6d793802ab62f5a13c4,http://purl.org/ccf/1.5/575d7eda-45fc-4aa2-8208-58612c5302be,heart,UBERON:0000948,sc_bulk,https://purl.org/ccf/ASCTB-TEMP_t,T,1112.85621,0.001508403233823676
https://entity.api.hubmapconsortium.org/entities/c0b8610f24eff6d793802ab62f5a13c4,http://purl.org/ccf/1.5/575d7eda-45fc-4aa2-8208-58612c5302be,heart,UBERON:0000948,sc_bulk,http://purl.obolibrary.org/obo/CL_1000309,epicardial adipocyte,954.861255,0.001294251487256322
https://entity.api.hubmapconsortium.org/entities/c0b8610f24eff6d793802ab62f5a13c4,http://purl.org/ccf/1.5/575d7eda-45fc-4aa2-8208-58612c5302be,heart,UBERON:0000948,sc_bulk,http://purl.obolibrary.org/obo/CL_0000794,"CD8-positive, alpha-beta cytotoxic T cell",902.561202,0.001223362213003766
https://entity.api.hubmapconsortium.org/entities/c0b8610f24eff6d793802ab62f5a13c4,http://purl.org/ccf/1.5/575d7eda-45fc-4aa2-8208-58612c5302be,heart,UBERON:0000948,sc_bulk,http://purl.obolibrary.org/obo/CL_0000906,"activated CD8-positive, alpha-beta T cell",898.6970429999999,0.00121812460020237
https://entity.api.hubmapconsortium.org/entities/c0b8610f24eff6d793802ab62f5a13c4,http://purl.org/ccf/1.5/575d7eda-45fc-4aa2-8208-58612c5302be,heart,UBERON:0000948,sc_bulk,https://purl.org/ccf/ASCTB-TEMP_adipocyte,Adipocyte,793.970388,0.001076174522869795
https://entity.api.hubmapconsortium.org/entities/c0b8610f24eff6d793802ab62f5a13c4,http://purl.org/ccf/1.5/575d7eda-45fc-4aa2-8208-58612c5302be,heart,UBERON:0000948,sc_bulk,http://purl.obolibrary.org/obo/CL_0000097,mast cell,791.2579230000002,0.001072497955366404
https://entity.api.hubmapconsortium.org/entities/c0b8610f24eff6d793802ab62f5a13c4,http://purl.org/ccf/1.5/575d7eda-45fc-4aa2-8208-58612c5302be,heart,UBERON:0000948,sc_bulk,https://purl.org/ccf/ASCTB-TEMP_neuronal,Neuronal,639.112671,8.662750956065448E-4
https://entity.api.hubmapconsortium.org/entities/c0b8610f24eff6d793802ab62f5a13c4,http://purl.org/ccf/1.5/575d7eda-45fc-4aa2-8208-58612c5302be,heart,UBERON:0000948,sc_bulk,https://purl.org/ccf/ASCTB-TEMP_lymphatic-endothelial,Lymphatic Endothelial,629.75295,8.53588610778386E-4
https://entity.api.hubmapconsortium.org/entities/c0b8610f24eff6d793802ab62f5a13c4,http://purl.org/ccf/1.5/575d7eda-45fc-4aa2-8208-58612c5302be,heart,UBERON:0000948,sc_bulk,http://purl.obolibrary.org/obo/CL_0000814,mature NK T cell,621.988335,8.430641869847713E-4
https://entity.api.hubmapconsortium.org/entities/c0b8610f24eff6d793802ab62f5a13c4,http://purl.org/ccf/1.5/575d7eda-45fc-4aa2-8208-58612c5302be,heart,UBERON:0000948,sc_bulk,http://purl.obolibrary.org/obo/CL_0001054,CD14-positive monocyte,603.1031040000001,8.174665012676678E-4
https://entity.api.hubmapconsortium.org/entities/c0b8610f24eff6d793802ab62f5a13c4,http://purl.org/ccf/1.5/575d7eda-45fc-4aa2-8208-58612c5302be,heart,UBERON:0000948,sc_bulk,https://purl.org/ccf/ASCTB-TEMP_mast,Mast,600.533865,8.139840671659018E-4
https://entity.api.hubmapconsortium.org/entities/c0b8610f24eff6d793802ab62f5a13c4,http://purl.org/ccf/1.5/575d7eda-45fc-4aa2-8208-58612c5302be,heart,UBERON:0000948,sc_bulk,http://purl.obolibrary.org/obo/CL_0000576,monocyte,582.657102,7.897532933451766E-4
https://entity.api.hubmapconsortium.org/entities/c0b8610f24eff6d793802ab62f5a13c4,http://purl.org/ccf/1.5/575d7eda-45fc-4aa2-8208-58612c5302be,heart,UBERON:0000948,sc_bulk,http://purl.obolibrary.org/obo/CL_0000896,"activated CD4-positive, alpha-beta T cell",456.0767100000001,6.181819160946795E-4
https://entity.api.hubmapconsortium.org/entities/c0b8610f24eff6d793802ab62f5a13c4,http://purl.org/ccf/1.5/575d7eda-45fc-4aa2-8208-58612c5302be,heart,UBERON:0000948,sc_bulk,http://purl.obolibrary.org/obo/CL_0002138,endothelial cell of lymphatic vessel,366.172965,4.963233161495354E-4
https://entity.api.hubmapconsortium.org/entities/c0b8610f24eff6d793802ab62f5a13c4,http://purl.org/ccf/1.5/575d7eda-45fc-4aa2-8208-58612c5302be,heart,UBERON:0000948,sc_bulk,http://purl.obolibrary.org/obo/CL_0000236,B cell,315.456246,4.275801467615274E-4
https://entity.api.hubmapconsortium.org/entities/c0b8610f24eff6d793802ab62f5a13c4,http://purl.org/ccf/1.5/575d7eda-45fc-4aa2-8208-58612c5302be,heart,UBERON:0000948,sc_bulk,http://purl.obolibrary.org/obo/CL_0000451,dendritic cell,301.623165,4.088303173346466E-4
https://entity.api.hubmapconsortium.org/entities/c0b8610f24eff6d793802ab62f5a13c4,http://purl.org/ccf/1.5/575d7eda-45fc-4aa2-8208-58612c5302be,heart,UBERON:0000948,sc_bulk,https://purl.org/ccf/ASCTB-TEMP_atrial-cardiomyocyte,Atrial Cardiomyocyte,203.8518,2.763076771084175E-4
https://entity.api.hubmapconsortium.org/entities/c0b8610f24eff6d793802ab62f5a13c4,http://purl.org/ccf/1.5/575d7eda-45fc-4aa2-8208-58612c5302be,heart,UBERON:0000948,sc_bulk,https://purl.org/ccf/ASCTB-TEMP_endothelial,Endothelial,39.41658,5.342657587207033E-5
https://entity.api.hubmapconsortium.org/entities/c0b8610f24eff6d793802ab62f5a13c4,http://purl.org/ccf/1.5/575d7eda-45fc-4aa2-8208-58612c5302be,heart,UBERON:0000948,sc_bulk,http://purl.obolibrary.org/obo/CL_0000077,mesothelial cell,33.47172,4.536871002376902E-5
https://entity.api.hubmapconsortium.org/entities/c1cdc5b5cabbe591f63e78273abe1206,http://purl.org/ccf/1.5/71888798-9acb-4589-9b39-59a987d048ad,skin of body,UBERON:0002097,spatial,https://purl.org/ccf/ASCTB-TEMP_t-helper,T-helper,2055.809706,0.7799656838724319
https://entity.api.hubmapconsortium.org/entities/c1cdc5b5cabbe591f63e78273abe1206,http://purl.org/ccf/1.5/71888798-9acb-4589-9b39-59a987d048ad,skin of body,UBERON:0002097,spatial,https://purl.org/ccf/ASCTB-TEMP_t-reg,T-reg,279.938607,0.1062075475243675
https://entity.api.hubmapconsortium.org/entities/c1cdc5b5cabbe591f63e78273abe1206,http://purl.org/ccf/1.5/71888798-9acb-4589-9b39-59a987d048ad,skin of body,UBERON:0002097,spatial,https://purl.org/ccf/ASCTB-TEMP_cd68-macrophage,CD68 / Macrophage,222.203772,0.08430319035910513
https://entity.api.hubmapconsortium.org/entities/c1cdc5b5cabbe591f63e78273abe1206,http://purl.org/ccf/1.5/71888798-9acb-4589-9b39-59a987d048ad,skin of body,UBERON:0002097,spatial,https://purl.org/ccf/ASCTB-TEMP_t-killer,T-Killer,77.817345,0.02952357824409551
https://entity.api.hubmapconsortium.org/entities/c1f0cc0152231ce6276475b3ea800aab,http://purl.org/ccf/1.5/cf097162-7c4b-4118-a19a-cc9805b8f467,heart,UBERON:0000948,sc_bulk,https://purl.org/ccf/ASCTB-TEMP_fibroblast,Fibroblast,221892.2543499999,0.3330088912100684
https://entity.api.hubmapconsortium.org/entities/c1f0cc0152231ce6276475b3ea800aab,http://purl.org/ccf/1.5/cf097162-7c4b-4118-a19a-cc9805b8f467,heart,UBERON:0000948,sc_bulk,https://purl.org/ccf/ASCTB-TEMP_ventricular-cardiomycoyte,Ventricular Cardiomycoyte,174830.664116,0.2623803421049387
https://entity.api.hubmapconsortium.org/entities/c1f0cc0152231ce6276475b3ea800aab,http://purl.org/ccf/1.5/cf097162-7c4b-4118-a19a-cc9805b8f467,heart,UBERON:0000948,sc_bulk,http://purl.obolibrary.org/obo/CL_0002131,regular ventricular cardiac myocyte,63268.87016,0.09495192322874964
https://entity.api.hubmapconsortium.org/entities/c1f0cc0152231ce6276475b3ea800aab,http://purl.org/ccf/1.5/cf097162-7c4b-4118-a19a-cc9805b8f467,heart,UBERON:0000948,sc_bulk,http://purl.obolibrary.org/obo/CL_0000669,pericyte,33626.01689000001,0.05046486472974056
https://entity.api.hubmapconsortium.org/entities/c1f0cc0152231ce6276475b3ea800aab,http://purl.org/ccf/1.5/cf097162-7c4b-4118-a19a-cc9805b8f467,heart,UBERON:0000948,sc_bulk,http://purl.obolibrary.org/obo/CL_0002144,capillary endothelial cell,27015.076502,0.04054337407242713
https://entity.api.hubmapconsortium.org/entities/c1f0cc0152231ce6276475b3ea800aab,http://purl.org/ccf/1.5/cf097162-7c4b-4118-a19a-cc9805b8f467,heart,UBERON:0000948,sc_bulk,https://purl.org/ccf/ASCTB-TEMP_b,B,26503.895258,0.03977620939707385
https://entity.api.hubmapconsortium.org/entities/c1f0cc0152231ce6276475b3ea800aab,http://purl.org/ccf/1.5/cf097162-7c4b-4118-a19a-cc9805b8f467,heart,UBERON:0000948,sc_bulk,http://purl.obolibrary.org/obo/CL_0000057,fibroblast,19603.185026,0.02941984130458711
https://entity.api.hubmapconsortium.org/entities/c1f0cc0152231ce6276475b3ea800aab,http://purl.org/ccf/1.5/cf097162-7c4b-4118-a19a-cc9805b8f467,heart,UBERON:0000948,sc_bulk,http://purl.obolibrary.org/obo/CL_0000003,native cell,14160.515378,0.02125165449692906
https://entity.api.hubmapconsortium.org/entities/c1f0cc0152231ce6276475b3ea800aab,http://purl.org/ccf/1.5/cf097162-7c4b-4118-a19a-cc9805b8f467,heart,UBERON:0000948,sc_bulk,http://purl.obolibrary.org/obo/CL_1000413,endothelial cell of artery,9579.661474,0.01437685355430502
https://entity.api.hubmapconsortium.org/entities/c1f0cc0152231ce6276475b3ea800aab,http://purl.org/ccf/1.5/cf097162-7c4b-4118-a19a-cc9805b8f467,heart,UBERON:0000948,sc_bulk,https://purl.org/ccf/ASCTB-TEMP_pericyte,Pericyte,8175.996482,0.01227027744156244
https://entity.api.hubmapconsortium.org/entities/c1f0cc0152231ce6276475b3ea800aab,http://purl.org/ccf/1.5/cf097162-7c4b-4118-a19a-cc9805b8f467,heart,UBERON:0000948,sc_bulk,https://purl.org/ccf/ASCTB-TEMP_monocyte-cdc,Monocyte/cDC,7547.345814,0.01132681836263967
https://entity.api.hubmapconsortium.org/entities/c1f0cc0152231ce6276475b3ea800aab,http://purl.org/ccf/1.5/cf097162-7c4b-4118-a19a-cc9805b8f467,heart,UBERON:0000948,sc_bulk,https://purl.org/ccf/ASCTB-TEMP_capillary-endothelial,Capillary Endothelial,7477.717731999999,0.01122232273501253
https://entity.api.hubmapconsortium.org/entities/c1f0cc0152231ce6276475b3ea800aab,http://purl.org/ccf/1.5/cf097162-7c4b-4118-a19a-cc9805b8f467,heart,UBERON:0000948,sc_bulk,https://purl.org/ccf/ASCTB-TEMP_macrophage,Macrophage,6670.387443999999,0.01001070692248795
https://entity.api.hubmapconsortium.org/entities/c1f0cc0152231ce6276475b3ea800aab,http://purl.org/ccf/1.5/cf097162-7c4b-4118-a19a-cc9805b8f467,heart,UBERON:0000948,sc_bulk,http://purl.obolibrary.org/obo/CL_0000192,smooth muscle cell,6209.648838000002,0.009319244966002891
https://entity.api.hubmapconsortium.org/entities/c1f0cc0152231ce6276475b3ea800aab,http://purl.org/ccf/1.5/cf097162-7c4b-4118-a19a-cc9805b8f467,heart,UBERON:0000948,sc_bulk,http://purl.obolibrary.org/obo/CL_0000235,macrophage,5263.258191999999,0.007898931757688141
https://entity.api.hubmapconsortium.org/entities/c1f0cc0152231ce6276475b3ea800aab,http://purl.org/ccf/1.5/cf097162-7c4b-4118-a19a-cc9805b8f467,heart,UBERON:0000948,sc_bulk,http://purl.obolibrary.org/obo/CL_0000115,endothelial cell,3438.08756,0.005159773285428923
https://entity.api.hubmapconsortium.org/entities/c1f0cc0152231ce6276475b3ea800aab,http://purl.org/ccf/1.5/cf097162-7c4b-4118-a19a-cc9805b8f467,heart,UBERON:0000948,sc_bulk,http://purl.obolibrary.org/obo/CL_0002543,vein endothelial cell,2778.241718,0.004169497474055186
https://entity.api.hubmapconsortium.org/entities/c1f0cc0152231ce6276475b3ea800aab,http://purl.org/ccf/1.5/cf097162-7c4b-4118-a19a-cc9805b8f467,heart,UBERON:0000948,sc_bulk,https://purl.org/ccf/ASCTB-TEMP_mesothelial,Mesothelial,2753.19184,0.004131903407862277
https://entity.api.hubmapconsortium.org/entities/c1f0cc0152231ce6276475b3ea800aab,http://purl.org/ccf/1.5/cf097162-7c4b-4118-a19a-cc9805b8f467,heart,UBERON:0000948,sc_bulk,https://purl.org/ccf/ASCTB-TEMP_arterial-endothelial,Arterial Endothelial,2629.611674,0.00394643819558721
https://entity.api.hubmapconsortium.org/entities/c1f0cc0152231ce6276475b3ea800aab,http://purl.org/ccf/1.5/cf097162-7c4b-4118-a19a-cc9805b8f467,heart,UBERON:0000948,sc_bulk,https://purl.org/ccf/ASCTB-TEMP_venous-endothelial,Venous Endothelial,2457.212908,0.003687707569410919
https://entity.api.hubmapconsortium.org/entities/c1f0cc0152231ce6276475b3ea800aab,http://purl.org/ccf/1.5/cf097162-7c4b-4118-a19a-cc9805b8f467,heart,UBERON:0000948,sc_bulk,https://purl.org/ccf/ASCTB-TEMP_smooth-muscle,Smooth Muscle,2387.685830000001,0.003583363525398751
https://entity.api.hubmapconsortium.org/entities/c1f0cc0152231ce6276475b3ea800aab,http://purl.org/ccf/1.5/cf097162-7c4b-4118-a19a-cc9805b8f467,heart,UBERON:0000948,sc_bulk,https://purl.org/ccf/ASCTB-TEMP_endocardial,Endocardial,1783.492306,0.002676608956191571
https://entity.api.hubmapconsortium.org/entities/c1f0cc0152231ce6276475b3ea800aab,http://purl.org/ccf/1.5/cf097162-7c4b-4118-a19a-cc9805b8f467,heart,UBERON:0000948,sc_bulk,https://purl.org/ccf/ASCTB-TEMP_nk,NK,1779.373292,0.002670427269998707
https://entity.api.hubmapconsortium.org/entities/c1f0cc0152231ce6276475b3ea800aab,http://purl.org/ccf/1.5/cf097162-7c4b-4118-a19a-cc9805b8f467,heart,UBERON:0000948,sc_bulk,http://purl.obolibrary.org/obo/CL_0000623,natural killer cell,1339.336962,0.00201003463585876
https://entity.api.hubmapconsortium.org/entities/c1f0cc0152231ce6276475b3ea800aab,http://purl.org/ccf/1.5/cf097162-7c4b-4118-a19a-cc9805b8f467,heart,UBERON:0000948,sc_bulk,http://purl.obolibrary.org/obo/CL_0000934,"CD4-positive, alpha-beta cytotoxic T cell",1247.835312,0.00187271184782521
https://entity.api.hubmapconsortium.org/entities/c1f0cc0152231ce6276475b3ea800aab,http://purl.org/ccf/1.5/cf097162-7c4b-4118-a19a-cc9805b8f467,heart,UBERON:0000948,sc_bulk,http://purl.obolibrary.org/obo/CL_0002319,neural cell,1104.24838,0.001657221112658971
https://entity.api.hubmapconsortium.org/entities/c1f0cc0152231ce6276475b3ea800aab,http://purl.org/ccf/1.5/cf097162-7c4b-4118-a19a-cc9805b8f467,heart,UBERON:0000948,sc_bulk,http://purl.obolibrary.org/obo/CL_0002397,"CD14-positive, CD16-positive monocyte",1005.546208,0.001509092008495198
https://entity.api.hubmapconsortium.org/entities/c1f0cc0152231ce6276475b3ea800aab,http://purl.org/ccf/1.5/cf097162-7c4b-4118-a19a-cc9805b8f467,heart,UBERON:0000948,sc_bulk,https://purl.org/ccf/ASCTB-TEMP_t,T,1005.08726,0.001508403233823677
https://entity.api.hubmapconsortium.org/entities/c1f0cc0152231ce6276475b3ea800aab,http://purl.org/ccf/1.5/cf097162-7c4b-4118-a19a-cc9805b8f467,heart,UBERON:0000948,sc_bulk,http://purl.obolibrary.org/obo/CL_1000309,epicardial adipocyte,862.3925300000001,0.001294251487256323
https://entity.api.hubmapconsortium.org/entities/c1f0cc0152231ce6276475b3ea800aab,http://purl.org/ccf/1.5/cf097162-7c4b-4118-a19a-cc9805b8f467,heart,UBERON:0000948,sc_bulk,http://purl.obolibrary.org/obo/CL_0000794,"CD8-positive, alpha-beta cytotoxic T cell",815.1572120000001,0.001223362213003767
https://entity.api.hubmapconsortium.org/entities/c1f0cc0152231ce6276475b3ea800aab,http://purl.org/ccf/1.5/cf097162-7c4b-4118-a19a-cc9805b8f467,heart,UBERON:0000948,sc_bulk,http://purl.obolibrary.org/obo/CL_0000906,"activated CD8-positive, alpha-beta T cell",811.667258,0.001218124600202371
https://entity.api.hubmapconsortium.org/entities/c1f0cc0152231ce6276475b3ea800aab,http://purl.org/ccf/1.5/cf097162-7c4b-4118-a19a-cc9805b8f467,heart,UBERON:0000948,sc_bulk,https://purl.org/ccf/ASCTB-TEMP_adipocyte,Adipocyte,717.082328,0.001076174522869796
https://entity.api.hubmapconsortium.org/entities/c1f0cc0152231ce6276475b3ea800aab,http://purl.org/ccf/1.5/cf097162-7c4b-4118-a19a-cc9805b8f467,heart,UBERON:0000948,sc_bulk,http://purl.obolibrary.org/obo/CL_0000097,mast cell,714.6325380000002,0.001072497955366404
https://entity.api.hubmapconsortium.org/entities/c1f0cc0152231ce6276475b3ea800aab,http://purl.org/ccf/1.5/cf097162-7c4b-4118-a19a-cc9805b8f467,heart,UBERON:0000948,sc_bulk,https://purl.org/ccf/ASCTB-TEMP_neuronal,Neuronal,577.2210259999999,8.662750956065452E-4
https://entity.api.hubmapconsortium.org/entities/c1f0cc0152231ce6276475b3ea800aab,http://purl.org/ccf/1.5/cf097162-7c4b-4118-a19a-cc9805b8f467,heart,UBERON:0000948,sc_bulk,https://purl.org/ccf/ASCTB-TEMP_lymphatic-endothelial,Lymphatic Endothelial,568.7677,8.535886107783864E-4
https://entity.api.hubmapconsortium.org/entities/c1f0cc0152231ce6276475b3ea800aab,http://purl.org/ccf/1.5/cf097162-7c4b-4118-a19a-cc9805b8f467,heart,UBERON:0000948,sc_bulk,http://purl.obolibrary.org/obo/CL_0000814,mature NK T cell,561.75501,8.430641869847717E-4
https://entity.api.hubmapconsortium.org/entities/c1f0cc0152231ce6276475b3ea800aab,http://purl.org/ccf/1.5/cf097162-7c4b-4118-a19a-cc9805b8f467,heart,UBERON:0000948,sc_bulk,http://purl.obolibrary.org/obo/CL_0001054,CD14-positive monocyte,544.6986240000001,8.174665012676682E-4
https://entity.api.hubmapconsortium.org/entities/c1f0cc0152231ce6276475b3ea800aab,http://purl.org/ccf/1.5/cf097162-7c4b-4118-a19a-cc9805b8f467,heart,UBERON:0000948,sc_bulk,https://purl.org/ccf/ASCTB-TEMP_mast,Mast,542.37819,8.139840671659022E-4
https://entity.api.hubmapconsortium.org/entities/c1f0cc0152231ce6276475b3ea800aab,http://purl.org/ccf/1.5/cf097162-7c4b-4118-a19a-cc9805b8f467,heart,UBERON:0000948,sc_bulk,http://purl.obolibrary.org/obo/CL_0000576,monocyte,526.232612,7.89753293345177E-4
https://entity.api.hubmapconsortium.org/entities/c1f0cc0152231ce6276475b3ea800aab,http://purl.org/ccf/1.5/cf097162-7c4b-4118-a19a-cc9805b8f467,heart,UBERON:0000948,sc_bulk,http://purl.obolibrary.org/obo/CL_0000896,"activated CD4-positive, alpha-beta T cell",411.9102600000001,6.181819160946798E-4
https://entity.api.hubmapconsortium.org/entities/c1f0cc0152231ce6276475b3ea800aab,http://purl.org/ccf/1.5/cf097162-7c4b-4118-a19a-cc9805b8f467,heart,UBERON:0000948,sc_bulk,http://purl.obolibrary.org/obo/CL_0002138,endothelial cell of lymphatic vessel,330.71279,4.963233161495356E-4
https://entity.api.hubmapconsortium.org/entities/c1f0cc0152231ce6276475b3ea800aab,http://purl.org/ccf/1.5/cf097162-7c4b-4118-a19a-cc9805b8f467,heart,UBERON:0000948,sc_bulk,http://purl.obolibrary.org/obo/CL_0000236,B cell,284.907476,4.275801467615276E-4
https://entity.api.hubmapconsortium.org/entities/c1f0cc0152231ce6276475b3ea800aab,http://purl.org/ccf/1.5/cf097162-7c4b-4118-a19a-cc9805b8f467,heart,UBERON:0000948,sc_bulk,http://purl.obolibrary.org/obo/CL_0000451,dendritic cell,272.41399,4.088303173346468E-4
https://entity.api.hubmapconsortium.org/entities/c1f0cc0152231ce6276475b3ea800aab,http://purl.org/ccf/1.5/cf097162-7c4b-4118-a19a-cc9805b8f467,heart,UBERON:0000948,sc_bulk,https://purl.org/ccf/ASCTB-TEMP_atrial-cardiomyocyte,Atrial Cardiomyocyte,184.1108,2.763076771084177E-4
https://entity.api.hubmapconsortium.org/entities/c1f0cc0152231ce6276475b3ea800aab,http://purl.org/ccf/1.5/cf097162-7c4b-4118-a19a-cc9805b8f467,heart,UBERON:0000948,sc_bulk,https://purl.org/ccf/ASCTB-TEMP_endothelial,Endothelial,35.59948,5.342657587207035E-5
https://entity.api.hubmapconsortium.org/entities/c1f0cc0152231ce6276475b3ea800aab,http://purl.org/ccf/1.5/cf097162-7c4b-4118-a19a-cc9805b8f467,heart,UBERON:0000948,sc_bulk,http://purl.obolibrary.org/obo/CL_0000077,mesothelial cell,30.23032,4.536871002376905E-5
https://entity.api.hubmapconsortium.org/entities/c40774aa2f52a2811db15c5ca1949314,http://purl.org/ccf/1.5/2c92be72-25c2-438c-bd40-b85cc7190211,left kidney,UBERON:0004538,sc_bulk,https://purl.org/ccf/ASCTB-TEMP_inner-medullary-collecting-duct,Inner Medullary Collecting Duct,1332.429884,0.2886076777194525
https://entity.api.hubmapconsortium.org/entities/c40774aa2f52a2811db15c5ca1949314,http://purl.org/ccf/1.5/2c92be72-25c2-438c-bd40-b85cc7190211,left kidney,UBERON:0004538,sc_bulk,https://purl.org/ccf/ASCTB-TEMP_descending-thin-limb-type-1,Descending Thin Limb Type 1,678.3645359999999,0.1469354716020418
https://entity.api.hubmapconsortium.org/entities/c40774aa2f52a2811db15c5ca1949314,http://purl.org/ccf/1.5/2c92be72-25c2-438c-bd40-b85cc7190211,left kidney,UBERON:0004538,sc_bulk,https://purl.org/ccf/ASCTB-TEMP_medullary-thick-ascending-limb,Medullary Thick Ascending Limb,574.7859360000001,0.1245000852703495
https://entity.api.hubmapconsortium.org/entities/c40774aa2f52a2811db15c5ca1949314,http://purl.org/ccf/1.5/2c92be72-25c2-438c-bd40-b85cc7190211,left kidney,UBERON:0004538,sc_bulk,https://purl.org/ccf/ASCTB-TEMP_connecting-tubule,Connecting Tubule,539.6273040000001,0.1168846367914764
https://entity.api.hubmapconsortium.org/entities/c40774aa2f52a2811db15c5ca1949314,http://purl.org/ccf/1.5/2c92be72-25c2-438c-bd40-b85cc7190211,left kidney,UBERON:0004538,sc_bulk,https://purl.org/ccf/ASCTB-TEMP_fibroblast,Fibroblast,248.086868,0.05373624211371436
https://entity.api.hubmapconsortium.org/entities/c40774aa2f52a2811db15c5ca1949314,http://purl.org/ccf/1.5/2c92be72-25c2-438c-bd40-b85cc7190211,left kidney,UBERON:0004538,sc_bulk,https://purl.org/ccf/ASCTB-TEMP_cortical-thick-ascending-limb,Cortical Thick Ascending Limb,179.520072,0.03888450094530371
https://entity.api.hubmapconsortium.org/entities/c40774aa2f52a2811db15c5ca1949314,http://purl.org/ccf/1.5/2c92be72-25c2-438c-bd40-b85cc7190211,left kidney,UBERON:0004538,sc_bulk,https://purl.org/ccf/ASCTB-TEMP_medullary-fibroblast,Medullary Fibroblast,156.251876,0.03384455093148289
https://entity.api.hubmapconsortium.org/entities/c40774aa2f52a2811db15c5ca1949314,http://purl.org/ccf/1.5/2c92be72-25c2-438c-bd40-b85cc7190211,left kidney,UBERON:0004538,sc_bulk,https://purl.org/ccf/ASCTB-TEMP_descending-thin-limb-type-2,Descending Thin Limb Type 2,133.563096,0.02893010388648734
https://entity.api.hubmapconsortium.org/entities/c40774aa2f52a2811db15c5ca1949314,http://purl.org/ccf/1.5/2c92be72-25c2-438c-bd40-b85cc7190211,left kidney,UBERON:0004538,sc_bulk,https://purl.org/ccf/ASCTB-TEMP_proximal-tubule-epithelial-segment-3,Proximal Tubule Epithelial Segment 3,85.13523599999999,0.01844050711343662
https://entity.api.hubmapconsortium.org/entities/c40774aa2f52a2811db15c5ca1949314,http://purl.org/ccf/1.5/2c92be72-25c2-438c-bd40-b85cc7190211,left kidney,UBERON:0004538,sc_bulk,https://purl.org/ccf/ASCTB-TEMP_outer-medullary-collecting-duct-principal,Outer Medullary Collecting Duct Principal,81.925136,0.01774519134682686
https://entity.api.hubmapconsortium.org/entities/c40774aa2f52a2811db15c5ca1949314,http://purl.org/ccf/1.5/2c92be72-25c2-438c-bd40-b85cc7190211,left kidney,UBERON:0004538,sc_bulk,https://purl.org/ccf/ASCTB-TEMP_distal-convoluted-tubule-type-1,Distal Convoluted Tubule Type 1,74.11373599999999,0.01605322238034747
https://entity.api.hubmapconsortium.org/entities/c40774aa2f52a2811db15c5ca1949314,http://purl.org/ccf/1.5/2c92be72-25c2-438c-bd40-b85cc7190211,left kidney,UBERON:0004538,sc_bulk,https://purl.org/ccf/ASCTB-TEMP_papillary-tip-epithelial,Papillary Tip Epithelial,67.275988,0.01457214889587522
https://entity.api.hubmapconsortium.org/entities/c40774aa2f52a2811db15c5ca1949314,http://purl.org/ccf/1.5/2c92be72-25c2-438c-bd40-b85cc7190211,left kidney,UBERON:0004538,sc_bulk,https://purl.org/ccf/ASCTB-TEMP_proximal-tubule-epithelial-segment-1,Proximal Tubule Epithelial Segment 1,66.37020399999999,0.01437595379405819
https://entity.api.hubmapconsortium.org/entities/c40774aa2f52a2811db15c5ca1949314,http://purl.org/ccf/1.5/2c92be72-25c2-438c-bd40-b85cc7190211,left kidney,UBERON:0004538,sc_bulk,https://purl.org/ccf/ASCTB-TEMP_descending-vasa-recta-endothelial,Descending Vasa Recta Endothelial,57.414448,0.01243611442808518
https://entity.api.hubmapconsortium.org/entities/c40774aa2f52a2811db15c5ca1949314,http://purl.org/ccf/1.5/2c92be72-25c2-438c-bd40-b85cc7190211,left kidney,UBERON:0004538,sc_bulk,https://purl.org/ccf/ASCTB-TEMP_ascending-vasa-recta-endothelial,Ascending Vasa Recta Endothelial,46.73510799999999,0.01012294241506805
https://entity.api.hubmapconsortium.org/entities/c40774aa2f52a2811db15c5ca1949314,http://purl.org/ccf/1.5/2c92be72-25c2-438c-bd40-b85cc7190211,left kidney,UBERON:0004538,sc_bulk,https://purl.org/ccf/ASCTB-TEMP_cortical-collecting-duct-principal,Cortical Collecting Duct Principal,42.526352,0.009211315236907425
https://entity.api.hubmapconsortium.org/entities/c40774aa2f52a2811db15c5ca1949314,http://purl.org/ccf/1.5/2c92be72-25c2-438c-bd40-b85cc7190211,left kidney,UBERON:0004538,sc_bulk,https://purl.org/ccf/ASCTB-TEMP_vascular-smooth-muscle-pericyte,Vascular Smooth Muscle / Pericyte,40.80916000000001,0.008839367113205316
https://entity.api.hubmapconsortium.org/entities/c40774aa2f52a2811db15c5ca1949314,http://purl.org/ccf/1.5/2c92be72-25c2-438c-bd40-b85cc7190211,left kidney,UBERON:0004538,sc_bulk,https://purl.org/ccf/ASCTB-TEMP_mesangial,Mesangial,31.113812,0.006739330252307395
https://entity.api.hubmapconsortium.org/entities/c40774aa2f52a2811db15c5ca1949314,http://purl.org/ccf/1.5/2c92be72-25c2-438c-bd40-b85cc7190211,left kidney,UBERON:0004538,sc_bulk,https://purl.org/ccf/ASCTB-TEMP_peritubular-capilary-endothelial,Peritubular Capilary Endothelial,27.174272,0.005886015939610027
https://entity.api.hubmapconsortium.org/entities/c40774aa2f52a2811db15c5ca1949314,http://purl.org/ccf/1.5/2c92be72-25c2-438c-bd40-b85cc7190211,left kidney,UBERON:0004538,sc_bulk,https://purl.org/ccf/ASCTB-TEMP_m2-macrophage,M2 Macrophage,26.059432,0.005644538780254486
https://entity.api.hubmapconsortium.org/entities/c40774aa2f52a2811db15c5ca1949314,http://purl.org/ccf/1.5/2c92be72-25c2-438c-bd40-b85cc7190211,left kidney,UBERON:0004538,sc_bulk,https://purl.org/ccf/ASCTB-TEMP_cortical-vascular-smooth-muscle-pericyte,Cortical Vascular Smooth Muscle / Pericyte,20.97835600000001,0.004543964887184971
https://entity.api.hubmapconsortium.org/entities/c40774aa2f52a2811db15c5ca1949314,http://purl.org/ccf/1.5/2c92be72-25c2-438c-bd40-b85cc7190211,left kidney,UBERON:0004538,sc_bulk,https://purl.org/ccf/ASCTB-TEMP_cortical-collecting-duct-intercalated-type-a,Cortical Collecting Duct Intercalated Type A,19.8575,0.004301184647036952
https://entity.api.hubmapconsortium.org/entities/c40774aa2f52a2811db15c5ca1949314,http://purl.org/ccf/1.5/2c92be72-25c2-438c-bd40-b85cc7190211,left kidney,UBERON:0004538,sc_bulk,https://purl.org/ccf/ASCTB-TEMP_outer-medullary-collecting-duct-intercalated-type-a,Outer Medullary Collecting Duct Intercalated Type A,15.941836,0.00345304193623472
https://entity.api.hubmapconsortium.org/entities/c40774aa2f52a2811db15c5ca1949314,http://purl.org/ccf/1.5/2c92be72-25c2-438c-bd40-b85cc7190211,left kidney,UBERON:0004538,sc_bulk,https://purl.org/ccf/ASCTB-TEMP_ascending-thin-limb,Ascending Thin Limb,11.657128,0.002524963363069095
https://entity.api.hubmapconsortium.org/entities/c40774aa2f52a2811db15c5ca1949314,http://purl.org/ccf/1.5/2c92be72-25c2-438c-bd40-b85cc7190211,left kidney,UBERON:0004538,sc_bulk,https://purl.org/ccf/ASCTB-TEMP_macula-densa,Macula Densa,8.822464,0.001910967982164735
https://entity.api.hubmapconsortium.org/entities/c40774aa2f52a2811db15c5ca1949314,http://purl.org/ccf/1.5/2c92be72-25c2-438c-bd40-b85cc7190211,left kidney,UBERON:0004538,sc_bulk,https://purl.org/ccf/ASCTB-TEMP_connecting-tubule-principal,Connecting Tubule Principal,7.226532,0.001565285080685949
https://entity.api.hubmapconsortium.org/entities/c40774aa2f52a2811db15c5ca1949314,http://purl.org/ccf/1.5/2c92be72-25c2-438c-bd40-b85cc7190211,left kidney,UBERON:0004538,sc_bulk,https://purl.org/ccf/ASCTB-TEMP_afferent-efferent-arteriole-endothelial,Afferent / Efferent Arteriole Endothelial,5.940424,0.001286710840019632
https://entity.api.hubmapconsortium.org/entities/c40774aa2f52a2811db15c5ca1949314,http://purl.org/ccf/1.5/2c92be72-25c2-438c-bd40-b85cc7190211,left kidney,UBERON:0004538,sc_bulk,https://purl.org/ccf/ASCTB-TEMP_glomerular-capillary-endothelial,Glomerular Capillary Endothelial,4.801708,0.001040062078768954
https://entity.api.hubmapconsortium.org/entities/c40774aa2f52a2811db15c5ca1949314,http://purl.org/ccf/1.5/2c92be72-25c2-438c-bd40-b85cc7190211,left kidney,UBERON:0004538,sc_bulk,https://purl.org/ccf/ASCTB-TEMP_descending-thin-limb-type-3,Descending Thin Limb Type 3,4.777832,0.001034890476873819
https://entity.api.hubmapconsortium.org/entities/c40774aa2f52a2811db15c5ca1949314,http://purl.org/ccf/1.5/2c92be72-25c2-438c-bd40-b85cc7190211,left kidney,UBERON:0004538,sc_bulk,https://purl.org/ccf/ASCTB-TEMP_tissue-resident-macrophage,Tissue-resident Macrophage,4.505231999999999,9.758446284647906E-4
https://entity.api.hubmapconsortium.org/entities/c40774aa2f52a2811db15c5ca1949314,http://purl.org/ccf/1.5/2c92be72-25c2-438c-bd40-b85cc7190211,left kidney,UBERON:0004538,sc_bulk,https://purl.org/ccf/ASCTB-TEMP_podocyte,Podocyte,4.314036000000001,9.344310920289416E-4
https://entity.api.hubmapconsortium.org/entities/c40774aa2f52a2811db15c5ca1949314,http://purl.org/ccf/1.5/2c92be72-25c2-438c-bd40-b85cc7190211,left kidney,UBERON:0004538,sc_bulk,https://purl.org/ccf/ASCTB-TEMP_parietal-epithelial,Parietal Epithelial,3.508456000000001,7.599404296615727E-4
https://entity.api.hubmapconsortium.org/entities/c40774aa2f52a2811db15c5ca1949314,http://purl.org/ccf/1.5/2c92be72-25c2-438c-bd40-b85cc7190211,left kidney,UBERON:0004538,sc_bulk,https://purl.org/ccf/ASCTB-TEMP_monocyte-derived,Monocyte-derived,2.732016,5.917615648827549E-4
https://entity.api.hubmapconsortium.org/entities/c40774aa2f52a2811db15c5ca1949314,http://purl.org/ccf/1.5/2c92be72-25c2-438c-bd40-b85cc7190211,left kidney,UBERON:0004538,sc_bulk,https://purl.org/ccf/ASCTB-TEMP_t,T,2.550784,5.525062560094425E-4
https://entity.api.hubmapconsortium.org/entities/c40774aa2f52a2811db15c5ca1949314,http://purl.org/ccf/1.5/2c92be72-25c2-438c-bd40-b85cc7190211,left kidney,UBERON:0004538,sc_bulk,https://purl.org/ccf/ASCTB-TEMP_intercalated-type-b,Intercalated Type B,2.205428,4.777012742664188E-4
https://entity.api.hubmapconsortium.org/entities/c40774aa2f52a2811db15c5ca1949314,http://purl.org/ccf/1.5/2c92be72-25c2-438c-bd40-b85cc7190211,left kidney,UBERON:0004538,sc_bulk,https://purl.org/ccf/ASCTB-TEMP_lymphatic-endothelial,Lymphatic Endothelial,2.073828,4.49196381931026E-4
https://entity.api.hubmapconsortium.org/entities/c40774aa2f52a2811db15c5ca1949314,http://purl.org/ccf/1.5/2c92be72-25c2-438c-bd40-b85cc7190211,left kidney,UBERON:0004538,sc_bulk,https://purl.org/ccf/ASCTB-TEMP_monocyte,Monocyte,0.963312,2.086558118950754E-4
https://entity.api.hubmapconsortium.org/entities/c40774aa2f52a2811db15c5ca1949314,http://purl.org/ccf/1.5/2c92be72-25c2-438c-bd40-b85cc7190211,left kidney,UBERON:0004538,sc_bulk,https://purl.org/ccf/ASCTB-TEMP_proximal-tubule-epithelial-segment-2,Proximal Tubule Epithelial Segment 2,0.8802159999999999,1.906570084490131E-4
https://entity.api.hubmapconsortium.org/entities/c40774aa2f52a2811db15c5ca1949314,http://purl.org/ccf/1.5/2c92be72-25c2-438c-bd40-b85cc7190211,left kidney,UBERON:0004538,sc_bulk,https://purl.org/ccf/ASCTB-TEMP_schwann-neural,Schwann / Neural,0.862168,1.867477660715878E-4
https://entity.api.hubmapconsortium.org/entities/c40774aa2f52a2811db15c5ca1949314,http://purl.org/ccf/1.5/2c92be72-25c2-438c-bd40-b85cc7190211,left kidney,UBERON:0004538,sc_bulk,https://purl.org/ccf/ASCTB-TEMP_natural-killer-natural-killer-t,Natural Killer / Natural Killer T,0.8076479999999999,1.749385963897822E-4
https://entity.api.hubmapconsortium.org/entities/c40774aa2f52a2811db15c5ca1949314,http://purl.org/ccf/1.5/2c92be72-25c2-438c-bd40-b85cc7190211,left kidney,UBERON:0004538,sc_bulk,https://purl.org/ccf/ASCTB-TEMP_distal-convoluted-tubule-type-2,Distal Convoluted Tubule Type 2,0.53674,1.162592394536379E-4
https://entity.api.hubmapconsortium.org/entities/c40774aa2f52a2811db15c5ca1949314,http://purl.org/ccf/1.5/2c92be72-25c2-438c-bd40-b85cc7190211,left kidney,UBERON:0004538,sc_bulk,https://purl.org/ccf/ASCTB-TEMP_b,B,0.444432,9.626509354409803E-5
https://entity.api.hubmapconsortium.org/entities/c40774aa2f52a2811db15c5ca1949314,http://purl.org/ccf/1.5/2c92be72-25c2-438c-bd40-b85cc7190211,left kidney,UBERON:0004538,sc_bulk,https://purl.org/ccf/ASCTB-TEMP_plasma,Plasma,0.268276,5.810925908943651E-5
https://entity.api.hubmapconsortium.org/entities/c40774aa2f52a2811db15c5ca1949314,http://purl.org/ccf/1.5/2c92be72-25c2-438c-bd40-b85cc7190211,left kidney,UBERON:0004538,sc_bulk,https://purl.org/ccf/ASCTB-TEMP_mast,Mast,0.196272,4.251301085450015E-5
https://entity.api.hubmapconsortium.org/entities/c40774aa2f52a2811db15c5ca1949314,http://purl.org/ccf/1.5/2c92be72-25c2-438c-bd40-b85cc7190211,left kidney,UBERON:0004538,sc_bulk,https://purl.org/ccf/ASCTB-TEMP_classical-dendritic,Classical Dendritic,0.178224,3.860376847707485E-5
https://entity.api.hubmapconsortium.org/entities/c40774aa2f52a2811db15c5ca1949314,http://purl.org/ccf/1.5/2c92be72-25c2-438c-bd40-b85cc7190211,left kidney,UBERON:0004538,sc_bulk,https://purl.org/ccf/ASCTB-TEMP_cycling-mononuclear-phagocyte,Cycling Mononuclear Phagocyte,0.165816,3.591616434259495E-5
https://entity.api.hubmapconsortium.org/entities/c40774aa2f52a2811db15c5ca1949314,http://purl.org/ccf/1.5/2c92be72-25c2-438c-bd40-b85cc7190211,left kidney,UBERON:0004538,sc_bulk,https://purl.org/ccf/ASCTB-TEMP_renin-positive-juxtaglomerular-granular,Renin-positive Juxtaglomerular Granular,0.157544,3.412442825294169E-5
https://entity.api.hubmapconsortium.org/entities/c40774aa2f52a2811db15c5ca1949314,http://purl.org/ccf/1.5/2c92be72-25c2-438c-bd40-b85cc7190211,left kidney,UBERON:0004538,sc_bulk,https://purl.org/ccf/ASCTB-TEMP_non-classical-monocyte,Non-classical monocyte,0.05508399999999999,1.193133350610014E-5
https://entity.api.hubmapconsortium.org/entities/c40774aa2f52a2811db15c5ca1949314,http://purl.org/ccf/1.5/2c92be72-25c2-438c-bd40-b85cc7190211,left kidney,UBERON:0004538,sc_bulk,https://purl.org/ccf/ASCTB-TEMP_connecting-tubule-intercalated-type-a,Connecting Tubule Intercalated Type A,0.05508399999999999,1.193133350610014E-5
https://entity.api.hubmapconsortium.org/entities/c40774aa2f52a2811db15c5ca1949314,http://purl.org/ccf/1.5/2c92be72-25c2-438c-bd40-b85cc7190211,left kidney,UBERON:0004538,sc_bulk,https://purl.org/ccf/ASCTB-TEMP_neutrophil,Neutrophil,0.002256,4.886552971781627E-7
https://entity.api.hubmapconsortium.org/entities/c40774aa2f52a2811db15c5ca1949314,http://purl.org/ccf/1.5/2c92be72-25c2-438c-bd40-b85cc7190211,left kidney,UBERON:0004538,sc_bulk,https://purl.org/ccf/ASCTB-TEMP_plasmacytoid-dendritic,Plasmacytoid Dendritic,0.001128,2.443276485890814E-7
https://entity.api.hubmapconsortium.org/entities/c40774aa2f52a2811db15c5ca1949314,http://purl.org/ccf/1.5/2c92be72-25c2-438c-bd40-b85cc7190211,left kidney,UBERON:0004538,sc_bulk,https://purl.org/ccf/ASCTB-TEMP_natural-killer-t,Natural Killer T,0.001128,2.443276485890814E-7
https://entity.api.hubmapconsortium.org/entities/c4691a285587be3ce7e5d33eb3862e15,http://purl.org/ccf/1.5/416ed966-ee69-40c1-ac36-e44c34164f7d,right kidney,UBERON:0004539,sc_bulk,https://purl.org/ccf/ASCTB-TEMP_descending-thin-limb-type-2,Descending Thin Limb Type 2,8749.64034,0.1548052267949794
https://entity.api.hubmapconsortium.org/entities/c4691a285587be3ce7e5d33eb3862e15,http://purl.org/ccf/1.5/416ed966-ee69-40c1-ac36-e44c34164f7d,right kidney,UBERON:0004539,sc_bulk,https://purl.org/ccf/ASCTB-TEMP_inner-medullary-collecting-duct,Inner Medullary Collecting Duct,8264.786600000001,0.1462268292533161
https://entity.api.hubmapconsortium.org/entities/c4691a285587be3ce7e5d33eb3862e15,http://purl.org/ccf/1.5/416ed966-ee69-40c1-ac36-e44c34164f7d,right kidney,UBERON:0004539,sc_bulk,https://purl.org/ccf/ASCTB-TEMP_descending-thin-limb-type-1,Descending Thin Limb Type 1,7711.54076,0.1364383871680979
https://entity.api.hubmapconsortium.org/entities/c4691a285587be3ce7e5d33eb3862e15,http://purl.org/ccf/1.5/416ed966-ee69-40c1-ac36-e44c34164f7d,right kidney,UBERON:0004539,sc_bulk,https://purl.org/ccf/ASCTB-TEMP_vascular-smooth-muscle-pericyte,Vascular Smooth Muscle / Pericyte,4905.20954,0.08678666160083516
https://entity.api.hubmapconsortium.org/entities/c4691a285587be3ce7e5d33eb3862e15,http://purl.org/ccf/1.5/416ed966-ee69-40c1-ac36-e44c34164f7d,right kidney,UBERON:0004539,sc_bulk,https://purl.org/ccf/ASCTB-TEMP_cortical-collecting-duct-principal,Cortical Collecting Duct Principal,4523.17278,0.08002737950721038
https://entity.api.hubmapconsortium.org/entities/c4691a285587be3ce7e5d33eb3862e15,http://purl.org/ccf/1.5/416ed966-ee69-40c1-ac36-e44c34164f7d,right kidney,UBERON:0004539,sc_bulk,https://purl.org/ccf/ASCTB-TEMP_distal-convoluted-tubule-type-1,Distal Convoluted Tubule Type 1,3866.91438,0.06841636162529018
https://entity.api.hubmapconsortium.org/entities/c4691a285587be3ce7e5d33eb3862e15,http://purl.org/ccf/1.5/416ed966-ee69-40c1-ac36-e44c34164f7d,right kidney,UBERON:0004539,sc_bulk,https://purl.org/ccf/ASCTB-TEMP_medullary-thick-ascending-limb,Medullary Thick Ascending Limb,3706.865400000001,0.06558465452826395
https://entity.api.hubmapconsortium.org/entities/c4691a285587be3ce7e5d33eb3862e15,http://purl.org/ccf/1.5/416ed966-ee69-40c1-ac36-e44c34164f7d,right kidney,UBERON:0004539,sc_bulk,https://purl.org/ccf/ASCTB-TEMP_connecting-tubule,Connecting Tubule,3056.7278,0.05408193044989987
https://entity.api.hubmapconsortium.org/entities/c4691a285587be3ce7e5d33eb3862e15,http://purl.org/ccf/1.5/416ed966-ee69-40c1-ac36-e44c34164f7d,right kidney,UBERON:0004539,sc_bulk,https://purl.org/ccf/ASCTB-TEMP_cortical-thick-ascending-limb,Cortical Thick Ascending Limb,2805.24482,0.04963250416022712
https://entity.api.hubmapconsortium.org/entities/c4691a285587be3ce7e5d33eb3862e15,http://purl.org/ccf/1.5/416ed966-ee69-40c1-ac36-e44c34164f7d,right kidney,UBERON:0004539,sc_bulk,https://purl.org/ccf/ASCTB-TEMP_mesangial,Mesangial,2387.3059,0.04223801401172706
https://entity.api.hubmapconsortium.org/entities/c4691a285587be3ce7e5d33eb3862e15,http://purl.org/ccf/1.5/416ed966-ee69-40c1-ac36-e44c34164f7d,right kidney,UBERON:0004539,sc_bulk,https://purl.org/ccf/ASCTB-TEMP_ascending-thin-limb,Ascending Thin Limb,1673.90188,0.02961593278083729
https://entity.api.hubmapconsortium.org/entities/c4691a285587be3ce7e5d33eb3862e15,http://purl.org/ccf/1.5/416ed966-ee69-40c1-ac36-e44c34164f7d,right kidney,UBERON:0004539,sc_bulk,https://purl.org/ccf/ASCTB-TEMP_medullary-fibroblast,Medullary Fibroblast,686.2849000000002,0.01214226933474957
https://entity.api.hubmapconsortium.org/entities/c4691a285587be3ce7e5d33eb3862e15,http://purl.org/ccf/1.5/416ed966-ee69-40c1-ac36-e44c34164f7d,right kidney,UBERON:0004539,sc_bulk,https://purl.org/ccf/ASCTB-TEMP_fibroblast,Fibroblast,492.7704600000001,0.008718466114478749
https://entity.api.hubmapconsortium.org/entities/c4691a285587be3ce7e5d33eb3862e15,http://purl.org/ccf/1.5/416ed966-ee69-40c1-ac36-e44c34164f7d,right kidney,UBERON:0004539,sc_bulk,https://purl.org/ccf/ASCTB-TEMP_ascending-vasa-recta-endothelial,Ascending Vasa Recta Endothelial,386.7744999999999,0.006843105757992188
https://entity.api.hubmapconsortium.org/entities/c4691a285587be3ce7e5d33eb3862e15,http://purl.org/ccf/1.5/416ed966-ee69-40c1-ac36-e44c34164f7d,right kidney,UBERON:0004539,sc_bulk,https://purl.org/ccf/ASCTB-TEMP_peritubular-capilary-endothelial,Peritubular Capilary Endothelial,337.6896599999999,0.005974659799858637
https://entity.api.hubmapconsortium.org/entities/c4691a285587be3ce7e5d33eb3862e15,http://purl.org/ccf/1.5/416ed966-ee69-40c1-ac36-e44c34164f7d,right kidney,UBERON:0004539,sc_bulk,https://purl.org/ccf/ASCTB-TEMP_cortical-collecting-duct-intercalated-type-a,Cortical Collecting Duct Intercalated Type A,258.3002800000001,0.004570043095806459
https://entity.api.hubmapconsortium.org/entities/c4691a285587be3ce7e5d33eb3862e15,http://purl.org/ccf/1.5/416ed966-ee69-40c1-ac36-e44c34164f7d,right kidney,UBERON:0004539,sc_bulk,https://purl.org/ccf/ASCTB-TEMP_t,T,225.47042,0.003989192486471877
https://entity.api.hubmapconsortium.org/entities/c4691a285587be3ce7e5d33eb3862e15,http://purl.org/ccf/1.5/416ed966-ee69-40c1-ac36-e44c34164f7d,right kidney,UBERON:0004539,sc_bulk,https://purl.org/ccf/ASCTB-TEMP_descending-vasa-recta-endothelial,Descending Vasa Recta Endothelial,220.4504400000001,0.003900375219451935
https://entity.api.hubmapconsortium.org/entities/c4691a285587be3ce7e5d33eb3862e15,http://purl.org/ccf/1.5/416ed966-ee69-40c1-ac36-e44c34164f7d,right kidney,UBERON:0004539,sc_bulk,https://purl.org/ccf/ASCTB-TEMP_outer-medullary-collecting-duct-intercalated-type-a,Outer Medullary Collecting Duct Intercalated Type A,218.78878,0.003870975879232179
https://entity.api.hubmapconsortium.org/entities/c4691a285587be3ce7e5d33eb3862e15,http://purl.org/ccf/1.5/416ed966-ee69-40c1-ac36-e44c34164f7d,right kidney,UBERON:0004539,sc_bulk,https://purl.org/ccf/ASCTB-TEMP_descending-thin-limb-type-3,Descending Thin Limb Type 3,205.91214,0.003643152666151709
https://entity.api.hubmapconsortium.org/entities/c4691a285587be3ce7e5d33eb3862e15,http://purl.org/ccf/1.5/416ed966-ee69-40c1-ac36-e44c34164f7d,right kidney,UBERON:0004539,sc_bulk,https://purl.org/ccf/ASCTB-TEMP_proximal-tubule-epithelial-segment-1,Proximal Tubule Epithelial Segment 1,205.52882,0.003636370680009516
https://entity.api.hubmapconsortium.org/entities/c4691a285587be3ce7e5d33eb3862e15,http://purl.org/ccf/1.5/416ed966-ee69-40c1-ac36-e44c34164f7d,right kidney,UBERON:0004539,sc_bulk,https://purl.org/ccf/ASCTB-TEMP_outer-medullary-collecting-duct-principal,Outer Medullary Collecting Duct Principal,182.14784,0.003222696772175623
https://entity.api.hubmapconsortium.org/entities/c4691a285587be3ce7e5d33eb3862e15,http://purl.org/ccf/1.5/416ed966-ee69-40c1-ac36-e44c34164f7d,right kidney,UBERON:0004539,sc_bulk,https://purl.org/ccf/ASCTB-TEMP_parietal-epithelial,Parietal Epithelial,178.87212,0.003164740266786642
https://entity.api.hubmapconsortium.org/entities/c4691a285587be3ce7e5d33eb3862e15,http://purl.org/ccf/1.5/416ed966-ee69-40c1-ac36-e44c34164f7d,right kidney,UBERON:0004539,sc_bulk,https://purl.org/ccf/ASCTB-TEMP_connecting-tubule-principal,Connecting Tubule Principal,153.40542,0.002714164229826967
https://entity.api.hubmapconsortium.org/entities/c4691a285587be3ce7e5d33eb3862e15,http://purl.org/ccf/1.5/416ed966-ee69-40c1-ac36-e44c34164f7d,right kidney,UBERON:0004539,sc_bulk,https://purl.org/ccf/ASCTB-TEMP_proximal-tubule-epithelial-segment-3,Proximal Tubule Epithelial Segment 3,151.5703,0.002681695904643671
https://entity.api.hubmapconsortium.org/entities/c4691a285587be3ce7e5d33eb3862e15,http://purl.org/ccf/1.5/416ed966-ee69-40c1-ac36-e44c34164f7d,right kidney,UBERON:0004539,sc_bulk,https://purl.org/ccf/ASCTB-TEMP_papillary-tip-epithelial,Papillary Tip Epithelial,145.6553,0.002577043269688358
https://entity.api.hubmapconsortium.org/entities/c4691a285587be3ce7e5d33eb3862e15,http://purl.org/ccf/1.5/416ed966-ee69-40c1-ac36-e44c34164f7d,right kidney,UBERON:0004539,sc_bulk,https://purl.org/ccf/ASCTB-TEMP_glomerular-capillary-endothelial,Glomerular Capillary Endothelial,134.78738,0.002384759843740167
https://entity.api.hubmapconsortium.org/entities/c4691a285587be3ce7e5d33eb3862e15,http://purl.org/ccf/1.5/416ed966-ee69-40c1-ac36-e44c34164f7d,right kidney,UBERON:0004539,sc_bulk,https://purl.org/ccf/ASCTB-TEMP_intercalated-type-b,Intercalated Type B,131.65922,0.002329414081007824
https://entity.api.hubmapconsortium.org/entities/c4691a285587be3ce7e5d33eb3862e15,http://purl.org/ccf/1.5/416ed966-ee69-40c1-ac36-e44c34164f7d,right kidney,UBERON:0004539,sc_bulk,https://purl.org/ccf/ASCTB-TEMP_macula-densa,Macula Densa,104.80484,0.001854286164339816
https://entity.api.hubmapconsortium.org/entities/c4691a285587be3ce7e5d33eb3862e15,http://purl.org/ccf/1.5/416ed966-ee69-40c1-ac36-e44c34164f7d,right kidney,UBERON:0004539,sc_bulk,https://purl.org/ccf/ASCTB-TEMP_m2-macrophage,M2 Macrophage,68.88798,0.001218818025993055
https://entity.api.hubmapconsortium.org/entities/c4691a285587be3ce7e5d33eb3862e15,http://purl.org/ccf/1.5/416ed966-ee69-40c1-ac36-e44c34164f7d,right kidney,UBERON:0004539,sc_bulk,https://purl.org/ccf/ASCTB-TEMP_b,B,68.04364000000001,0.001203879326787955
https://entity.api.hubmapconsortium.org/entities/c4691a285587be3ce7e5d33eb3862e15,http://purl.org/ccf/1.5/416ed966-ee69-40c1-ac36-e44c34164f7d,right kidney,UBERON:0004539,sc_bulk,https://purl.org/ccf/ASCTB-TEMP_monocyte-derived,Monocyte-derived,51.82926,9.170023037673743E-4
https://entity.api.hubmapconsortium.org/entities/c4691a285587be3ce7e5d33eb3862e15,http://purl.org/ccf/1.5/416ed966-ee69-40c1-ac36-e44c34164f7d,right kidney,UBERON:0004539,sc_bulk,https://purl.org/ccf/ASCTB-TEMP_lymphatic-endothelial,Lymphatic Endothelial,50.15220000000002,8.873304951489202E-4
https://entity.api.hubmapconsortium.org/entities/c4691a285587be3ce7e5d33eb3862e15,http://purl.org/ccf/1.5/416ed966-ee69-40c1-ac36-e44c34164f7d,right kidney,UBERON:0004539,sc_bulk,https://purl.org/ccf/ASCTB-TEMP_afferent-efferent-arteriole-endothelial,Afferent / Efferent Arteriole Endothelial,47.10188000000001,8.333619363227339E-4
https://entity.api.hubmapconsortium.org/entities/c4691a285587be3ce7e5d33eb3862e15,http://purl.org/ccf/1.5/416ed966-ee69-40c1-ac36-e44c34164f7d,right kidney,UBERON:0004539,sc_bulk,https://purl.org/ccf/ASCTB-TEMP_tissue-resident-macrophage,Tissue-resident Macrophage,43.9691,7.779344330707801E-4
https://entity.api.hubmapconsortium.org/entities/c4691a285587be3ce7e5d33eb3862e15,http://purl.org/ccf/1.5/416ed966-ee69-40c1-ac36-e44c34164f7d,right kidney,UBERON:0004539,sc_bulk,https://purl.org/ccf/ASCTB-TEMP_classical-dendritic,Classical Dendritic,38.26088,6.769403056143779E-4
https://entity.api.hubmapconsortium.org/entities/c4691a285587be3ce7e5d33eb3862e15,http://purl.org/ccf/1.5/416ed966-ee69-40c1-ac36-e44c34164f7d,right kidney,UBERON:0004539,sc_bulk,https://purl.org/ccf/ASCTB-TEMP_podocyte,Podocyte,31.71756000000001,5.611709599920957E-4
https://entity.api.hubmapconsortium.org/entities/c4691a285587be3ce7e5d33eb3862e15,http://purl.org/ccf/1.5/416ed966-ee69-40c1-ac36-e44c34164f7d,right kidney,UBERON:0004539,sc_bulk,https://purl.org/ccf/ASCTB-TEMP_cortical-vascular-smooth-muscle-pericyte,Cortical Vascular Smooth Muscle / Pericyte,19.38356,3.429485424876435E-4
https://entity.api.hubmapconsortium.org/entities/c4691a285587be3ce7e5d33eb3862e15,http://purl.org/ccf/1.5/416ed966-ee69-40c1-ac36-e44c34164f7d,right kidney,UBERON:0004539,sc_bulk,https://purl.org/ccf/ASCTB-TEMP_mast,Mast,8.44718,1.494538706579582E-4
https://entity.api.hubmapconsortium.org/entities/c4691a285587be3ce7e5d33eb3862e15,http://purl.org/ccf/1.5/416ed966-ee69-40c1-ac36-e44c34164f7d,right kidney,UBERON:0004539,sc_bulk,https://purl.org/ccf/ASCTB-TEMP_proximal-tubule-epithelial-segment-2,Proximal Tubule Epithelial Segment 2,4.009040000000001,7.093095513799646E-5
https://entity.api.hubmapconsortium.org/entities/c4691a285587be3ce7e5d33eb3862e15,http://purl.org/ccf/1.5/416ed966-ee69-40c1-ac36-e44c34164f7d,right kidney,UBERON:0004539,sc_bulk,https://purl.org/ccf/ASCTB-TEMP_natural-killer-natural-killer-t,Natural Killer / Natural Killer T,3.7366,6.611074146644522E-5
https://entity.api.hubmapconsortium.org/entities/c4691a285587be3ce7e5d33eb3862e15,http://purl.org/ccf/1.5/416ed966-ee69-40c1-ac36-e44c34164f7d,right kidney,UBERON:0004539,sc_bulk,https://purl.org/ccf/ASCTB-TEMP_plasma,Plasma,2.4206,4.282707830478973E-5
https://entity.api.hubmapconsortium.org/entities/c4691a285587be3ce7e5d33eb3862e15,http://purl.org/ccf/1.5/416ed966-ee69-40c1-ac36-e44c34164f7d,right kidney,UBERON:0004539,sc_bulk,https://purl.org/ccf/ASCTB-TEMP_monocyte,Monocyte,2.29152,4.054329772659331E-5
https://entity.api.hubmapconsortium.org/entities/c4691a285587be3ce7e5d33eb3862e15,http://purl.org/ccf/1.5/416ed966-ee69-40c1-ac36-e44c34164f7d,right kidney,UBERON:0004539,sc_bulk,https://purl.org/ccf/ASCTB-TEMP_cycling-mononuclear-phagocyte,Cycling Mononuclear Phagocyte,2.19828,3.889362542173559E-5
https://entity.api.hubmapconsortium.org/entities/c4691a285587be3ce7e5d33eb3862e15,http://purl.org/ccf/1.5/416ed966-ee69-40c1-ac36-e44c34164f7d,right kidney,UBERON:0004539,sc_bulk,https://purl.org/ccf/ASCTB-TEMP_renin-positive-juxtaglomerular-granular,Renin-positive Juxtaglomerular Granular,1.68588,2.982785870134632E-5
https://entity.api.hubmapconsortium.org/entities/c4691a285587be3ce7e5d33eb3862e15,http://purl.org/ccf/1.5/416ed966-ee69-40c1-ac36-e44c34164f7d,right kidney,UBERON:0004539,sc_bulk,https://purl.org/ccf/ASCTB-TEMP_neutrophil,Neutrophil,1.68154,2.975107215262171E-5
https://entity.api.hubmapconsortium.org/entities/c4691a285587be3ce7e5d33eb3862e15,http://purl.org/ccf/1.5/416ed966-ee69-40c1-ac36-e44c34164f7d,right kidney,UBERON:0004539,sc_bulk,https://purl.org/ccf/ASCTB-TEMP_schwann-neural,Schwann / Neural,0.8233400000000001,1.456715138869106E-5
https://entity.api.hubmapconsortium.org/entities/c4691a285587be3ce7e5d33eb3862e15,http://purl.org/ccf/1.5/416ed966-ee69-40c1-ac36-e44c34164f7d,right kidney,UBERON:0004539,sc_bulk,https://purl.org/ccf/ASCTB-TEMP_connecting-tubule-intercalated-type-a,Connecting Tubule Intercalated Type A,0.4442200000000001,7.859474809780095E-6
https://entity.api.hubmapconsortium.org/entities/c4691a285587be3ce7e5d33eb3862e15,http://purl.org/ccf/1.5/416ed966-ee69-40c1-ac36-e44c34164f7d,right kidney,UBERON:0004539,sc_bulk,https://purl.org/ccf/ASCTB-TEMP_non-classical-monocyte,Non-classical monocyte,0.4291,7.591960381965328E-6
https://entity.api.hubmapconsortium.org/entities/c4691a285587be3ce7e5d33eb3862e15,http://purl.org/ccf/1.5/416ed966-ee69-40c1-ac36-e44c34164f7d,right kidney,UBERON:0004539,sc_bulk,https://purl.org/ccf/ASCTB-TEMP_distal-convoluted-tubule-type-2,Distal Convoluted Tubule Type 2,0.30968,5.479091799317228E-6
https://entity.api.hubmapconsortium.org/entities/c4691a285587be3ce7e5d33eb3862e15,http://purl.org/ccf/1.5/416ed966-ee69-40c1-ac36-e44c34164f7d,right kidney,UBERON:0004539,sc_bulk,https://purl.org/ccf/ASCTB-TEMP_natural-killer-t,Natural Killer T,0.22498,3.980515606465997E-6
https://entity.api.hubmapconsortium.org/entities/c4691a285587be3ce7e5d33eb3862e15,http://purl.org/ccf/1.5/416ed966-ee69-40c1-ac36-e44c34164f7d,right kidney,UBERON:0004539,sc_bulk,https://purl.org/ccf/ASCTB-TEMP_plasmacytoid-dendritic,Plasmacytoid Dendritic,0.08498,1.50353016373669E-6
https://entity.api.hubmapconsortium.org/entities/c901fc37457edd564e02518de7889225,http://purl.org/ccf/1.5/bb2b8f82-12f3-478f-8062-1d8c467c9a36,respiratory system,UBERON:0001004,sc_bulk,https://purl.org/ccf/ASCTB-TEMP_ec-general-capillary,EC general capillary,1268.424196,0.2842016872265367
https://entity.api.hubmapconsortium.org/entities/c901fc37457edd564e02518de7889225,http://purl.org/ccf/1.5/bb2b8f82-12f3-478f-8062-1d8c467c9a36,respiratory system,UBERON:0001004,sc_bulk,https://purl.org/ccf/ASCTB-TEMP_cd4-t-cells,CD4 T cells,637.9917399999999,0.1429477059144604
https://entity.api.hubmapconsortium.org/entities/c901fc37457edd564e02518de7889225,http://purl.org/ccf/1.5/bb2b8f82-12f3-478f-8062-1d8c467c9a36,respiratory system,UBERON:0001004,sc_bulk,https://purl.org/ccf/ASCTB-TEMP_at1,AT1,612.134948,0.1371542624151647
https://entity.api.hubmapconsortium.org/entities/c901fc37457edd564e02518de7889225,http://purl.org/ccf/1.5/bb2b8f82-12f3-478f-8062-1d8c467c9a36,respiratory system,UBERON:0001004,sc_bulk,https://purl.org/ccf/ASCTB-TEMP_at2,AT2,464.5558119999999,0.1040878485270505
https://entity.api.hubmapconsortium.org/entities/c901fc37457edd564e02518de7889225,http://purl.org/ccf/1.5/bb2b8f82-12f3-478f-8062-1d8c467c9a36,respiratory system,UBERON:0001004,sc_bulk,https://purl.org/ccf/ASCTB-TEMP_cd8-t-cells,CD8 T cells,348.854056,0.07816384425941739
https://entity.api.hubmapconsortium.org/entities/c901fc37457edd564e02518de7889225,http://purl.org/ccf/1.5/bb2b8f82-12f3-478f-8062-1d8c467c9a36,respiratory system,UBERON:0001004,sc_bulk,https://purl.org/ccf/ASCTB-TEMP_multiciliated-non-nasal-,Multiciliated (non-nasal),326.202492,0.07308856051173974
https://entity.api.hubmapconsortium.org/entities/c901fc37457edd564e02518de7889225,http://purl.org/ccf/1.5/bb2b8f82-12f3-478f-8062-1d8c467c9a36,respiratory system,UBERON:0001004,sc_bulk,https://purl.org/ccf/ASCTB-TEMP_ec-arterial,EC arterial,152.527852,0.03417521758425955
https://entity.api.hubmapconsortium.org/entities/c901fc37457edd564e02518de7889225,http://purl.org/ccf/1.5/bb2b8f82-12f3-478f-8062-1d8c467c9a36,respiratory system,UBERON:0001004,sc_bulk,https://purl.org/ccf/ASCTB-TEMP_ec-venous-systemic,EC venous systemic,138.16358,0.03095677508603642
https://entity.api.hubmapconsortium.org/entities/c901fc37457edd564e02518de7889225,http://purl.org/ccf/1.5/bb2b8f82-12f3-478f-8062-1d8c467c9a36,respiratory system,UBERON:0001004,sc_bulk,https://purl.org/ccf/ASCTB-TEMP_nk-cells,NK cells,100.38518,0.02249218961488463
https://entity.api.hubmapconsortium.org/entities/c901fc37457edd564e02518de7889225,http://purl.org/ccf/1.5/bb2b8f82-12f3-478f-8062-1d8c467c9a36,respiratory system,UBERON:0001004,sc_bulk,https://purl.org/ccf/ASCTB-TEMP_alveolar-fibroblasts,Alveolar fibroblasts,97.970076,0.02195106415087026
https://entity.api.hubmapconsortium.org/entities/c901fc37457edd564e02518de7889225,http://purl.org/ccf/1.5/bb2b8f82-12f3-478f-8062-1d8c467c9a36,respiratory system,UBERON:0001004,sc_bulk,https://purl.org/ccf/ASCTB-TEMP_basal-resting,Basal resting,94.59630800000001,0.02119514151794148
https://entity.api.hubmapconsortium.org/entities/c901fc37457edd564e02518de7889225,http://purl.org/ccf/1.5/bb2b8f82-12f3-478f-8062-1d8c467c9a36,respiratory system,UBERON:0001004,sc_bulk,https://purl.org/ccf/ASCTB-TEMP_smooth-muscle,Smooth muscle,77.632068,0.0173941531374613
https://entity.api.hubmapconsortium.org/entities/c901fc37457edd564e02518de7889225,http://purl.org/ccf/1.5/bb2b8f82-12f3-478f-8062-1d8c467c9a36,respiratory system,UBERON:0001004,sc_bulk,https://purl.org/ccf/ASCTB-TEMP_pericytes,Pericytes,36.22210799999999,0.008115884450143232
https://entity.api.hubmapconsortium.org/entities/c901fc37457edd564e02518de7889225,http://purl.org/ccf/1.5/bb2b8f82-12f3-478f-8062-1d8c467c9a36,respiratory system,UBERON:0001004,sc_bulk,https://purl.org/ccf/ASCTB-TEMP_b-cells,B cells,21.274624,0.004766768132441216
https://entity.api.hubmapconsortium.org/entities/c901fc37457edd564e02518de7889225,http://purl.org/ccf/1.5/bb2b8f82-12f3-478f-8062-1d8c467c9a36,respiratory system,UBERON:0001004,sc_bulk,https://purl.org/ccf/ASCTB-TEMP_transitional-club-at2,Transitional Club-AT2,16.434664,0.003682332182349211
https://entity.api.hubmapconsortium.org/entities/c901fc37457edd564e02518de7889225,http://purl.org/ccf/1.5/bb2b8f82-12f3-478f-8062-1d8c467c9a36,respiratory system,UBERON:0001004,sc_bulk,https://purl.org/ccf/ASCTB-TEMP_ec-venous-pulmonary,EC venous pulmonary,13.505672,0.003026065555696948
https://entity.api.hubmapconsortium.org/entities/c901fc37457edd564e02518de7889225,http://purl.org/ccf/1.5/bb2b8f82-12f3-478f-8062-1d8c467c9a36,respiratory system,UBERON:0001004,sc_bulk,https://purl.org/ccf/ASCTB-TEMP_lymphatic-ec-mature,Lymphatic EC mature,13.360664,0.00299357522762586
https://entity.api.hubmapconsortium.org/entities/c901fc37457edd564e02518de7889225,http://purl.org/ccf/1.5/bb2b8f82-12f3-478f-8062-1d8c467c9a36,respiratory system,UBERON:0001004,sc_bulk,https://purl.org/ccf/ASCTB-TEMP_mast-cells,Mast cells,11.70134,0.002621788973514159
https://entity.api.hubmapconsortium.org/entities/c901fc37457edd564e02518de7889225,http://purl.org/ccf/1.5/bb2b8f82-12f3-478f-8062-1d8c467c9a36,respiratory system,UBERON:0001004,sc_bulk,https://purl.org/ccf/ASCTB-TEMP_ec-aerocyte-capillary,EC aerocyte capillary,10.574772,0.002369371424727961
https://entity.api.hubmapconsortium.org/entities/c901fc37457edd564e02518de7889225,http://purl.org/ccf/1.5/bb2b8f82-12f3-478f-8062-1d8c467c9a36,respiratory system,UBERON:0001004,sc_bulk,https://purl.org/ccf/ASCTB-TEMP_classical-monocytes,Classical monocytes,6.281771999999999,0.001407486712097075
https://entity.api.hubmapconsortium.org/entities/c901fc37457edd564e02518de7889225,http://purl.org/ccf/1.5/bb2b8f82-12f3-478f-8062-1d8c467c9a36,respiratory system,UBERON:0001004,sc_bulk,https://purl.org/ccf/ASCTB-TEMP_club-non-nasal-,Club (non-nasal),6.017408,0.001348253613990867
https://entity.api.hubmapconsortium.org/entities/c901fc37457edd564e02518de7889225,http://purl.org/ccf/1.5/bb2b8f82-12f3-478f-8062-1d8c467c9a36,respiratory system,UBERON:0001004,sc_bulk,https://purl.org/ccf/ASCTB-TEMP_adventitial-fibroblasts,Adventitial fibroblasts,2.46344,5.519555733714019E-4
https://entity.api.hubmapconsortium.org/entities/c901fc37457edd564e02518de7889225,http://purl.org/ccf/1.5/bb2b8f82-12f3-478f-8062-1d8c467c9a36,respiratory system,UBERON:0001004,sc_bulk,https://purl.org/ccf/ASCTB-TEMP_plasma-cells,Plasma cells,1.800516,4.034215735493388E-4
https://entity.api.hubmapconsortium.org/entities/c901fc37457edd564e02518de7889225,http://purl.org/ccf/1.5/bb2b8f82-12f3-478f-8062-1d8c467c9a36,respiratory system,UBERON:0001004,sc_bulk,https://purl.org/ccf/ASCTB-TEMP_peribronchial-fibroblasts,Peribronchial fibroblasts,1.601236,3.587711226914112E-4
https://entity.api.hubmapconsortium.org/entities/c901fc37457edd564e02518de7889225,http://purl.org/ccf/1.5/bb2b8f82-12f3-478f-8062-1d8c467c9a36,respiratory system,UBERON:0001004,sc_bulk,https://purl.org/ccf/ASCTB-TEMP_ionocyte,Ionocyte,1.431,3.206282375436285E-4
https://entity.api.hubmapconsortium.org/entities/c901fc37457edd564e02518de7889225,http://purl.org/ccf/1.5/bb2b8f82-12f3-478f-8062-1d8c467c9a36,respiratory system,UBERON:0001004,sc_bulk,https://purl.org/ccf/ASCTB-TEMP_alveolar-macrophages,Alveolar macrophages,0.246344,5.519555733714019E-5
https://entity.api.hubmapconsortium.org/entities/c901fc37457edd564e02518de7889225,http://purl.org/ccf/1.5/bb2b8f82-12f3-478f-8062-1d8c467c9a36,respiratory system,UBERON:0001004,sc_bulk,https://purl.org/ccf/ASCTB-TEMP_at2-proliferating,AT2 proliferating,0.246344,5.519555733714019E-5
https://entity.api.hubmapconsortium.org/entities/c901fc37457edd564e02518de7889225,http://purl.org/ccf/1.5/bb2b8f82-12f3-478f-8062-1d8c467c9a36,respiratory system,UBERON:0001004,sc_bulk,https://purl.org/ccf/ASCTB-TEMP_myofibroblasts,Myofibroblasts,0.246344,5.519555733714019E-5
https://entity.api.hubmapconsortium.org/entities/c901fc37457edd564e02518de7889225,http://purl.org/ccf/1.5/bb2b8f82-12f3-478f-8062-1d8c467c9a36,respiratory system,UBERON:0001004,sc_bulk,https://purl.org/ccf/ASCTB-TEMP_suprabasal,Suprabasal,0.1431,3.206282375436285E-5
https://entity.api.hubmapconsortium.org/entities/c901fc37457edd564e02518de7889225,http://purl.org/ccf/1.5/bb2b8f82-12f3-478f-8062-1d8c467c9a36,respiratory system,UBERON:0001004,sc_bulk,https://purl.org/ccf/ASCTB-TEMP_dc2,DC2,0.123172,2.75977786685701E-5
https://entity.api.hubmapconsortium.org/entities/ccd3b854d3eb4c13ba07932250ffc8c8,http://purl.org/ccf/1.5/7751603d-80fa-4bc7-b8b0-9e7176bed3e6,left kidney,UBERON:0004538,sc_bulk,https://purl.org/ccf/ASCTB-TEMP_descending-thin-limb-type-1,Descending Thin Limb Type 1,287.555491,0.2173191521460361
https://entity.api.hubmapconsortium.org/entities/ccd3b854d3eb4c13ba07932250ffc8c8,http://purl.org/ccf/1.5/7751603d-80fa-4bc7-b8b0-9e7176bed3e6,left kidney,UBERON:0004538,sc_bulk,https://purl.org/ccf/ASCTB-TEMP_medullary-thick-ascending-limb,Medullary Thick Ascending Limb,279.670422,0.2113600362072867
https://entity.api.hubmapconsortium.org/entities/ccd3b854d3eb4c13ba07932250ffc8c8,http://purl.org/ccf/1.5/7751603d-80fa-4bc7-b8b0-9e7176bed3e6,left kidney,UBERON:0004538,sc_bulk,https://purl.org/ccf/ASCTB-TEMP_connecting-tubule,Connecting Tubule,194.232206,0.1467903748962812
https://entity.api.hubmapconsortium.org/entities/ccd3b854d3eb4c13ba07932250ffc8c8,http://purl.org/ccf/1.5/7751603d-80fa-4bc7-b8b0-9e7176bed3e6,left kidney,UBERON:0004538,sc_bulk,https://purl.org/ccf/ASCTB-TEMP_inner-medullary-collecting-duct,Inner Medullary Collecting Duct,179.559989,0.1357018933393679
https://entity.api.hubmapconsortium.org/entities/ccd3b854d3eb4c13ba07932250ffc8c8,http://purl.org/ccf/1.5/7751603d-80fa-4bc7-b8b0-9e7176bed3e6,left kidney,UBERON:0004538,sc_bulk,https://purl.org/ccf/ASCTB-TEMP_cortical-thick-ascending-limb,Cortical Thick Ascending Limb,93.023852,0.07030248170777703
https://entity.api.hubmapconsortium.org/entities/ccd3b854d3eb4c13ba07932250ffc8c8,http://purl.org/ccf/1.5/7751603d-80fa-4bc7-b8b0-9e7176bed3e6,left kidney,UBERON:0004538,sc_bulk,https://purl.org/ccf/ASCTB-TEMP_outer-medullary-collecting-duct-principal,Outer Medullary Collecting Duct Principal,50.204933,0.03794221920494833
https://entity.api.hubmapconsortium.org/entities/ccd3b854d3eb4c13ba07932250ffc8c8,http://purl.org/ccf/1.5/7751603d-80fa-4bc7-b8b0-9e7176bed3e6,left kidney,UBERON:0004538,sc_bulk,https://purl.org/ccf/ASCTB-TEMP_descending-thin-limb-type-2,Descending Thin Limb Type 2,38.427235,0.02904126122048729
https://entity.api.hubmapconsortium.org/entities/ccd3b854d3eb4c13ba07932250ffc8c8,http://purl.org/ccf/1.5/7751603d-80fa-4bc7-b8b0-9e7176bed3e6,left kidney,UBERON:0004538,sc_bulk,https://purl.org/ccf/ASCTB-TEMP_descending-vasa-recta-endothelial,Descending Vasa Recta Endothelial,34.634417,0.02617485102210153
https://entity.api.hubmapconsortium.org/entities/ccd3b854d3eb4c13ba07932250ffc8c8,http://purl.org/ccf/1.5/7751603d-80fa-4bc7-b8b0-9e7176bed3e6,left kidney,UBERON:0004538,sc_bulk,https://purl.org/ccf/ASCTB-TEMP_ascending-vasa-recta-endothelial,Ascending Vasa Recta Endothelial,28.246513,0.02134721279324131
https://entity.api.hubmapconsortium.org/entities/ccd3b854d3eb4c13ba07932250ffc8c8,http://purl.org/ccf/1.5/7751603d-80fa-4bc7-b8b0-9e7176bed3e6,left kidney,UBERON:0004538,sc_bulk,https://purl.org/ccf/ASCTB-TEMP_medullary-fibroblast,Medullary Fibroblast,22.657097,0.01712302934298861
https://entity.api.hubmapconsortium.org/entities/ccd3b854d3eb4c13ba07932250ffc8c8,http://purl.org/ccf/1.5/7751603d-80fa-4bc7-b8b0-9e7176bed3e6,left kidney,UBERON:0004538,sc_bulk,https://purl.org/ccf/ASCTB-TEMP_proximal-tubule-epithelial-segment-3,Proximal Tubule Epithelial Segment 3,19.463145,0.0147092102285585
https://entity.api.hubmapconsortium.org/entities/ccd3b854d3eb4c13ba07932250ffc8c8,http://purl.org/ccf/1.5/7751603d-80fa-4bc7-b8b0-9e7176bed3e6,left kidney,UBERON:0004538,sc_bulk,https://purl.org/ccf/ASCTB-TEMP_peritubular-capilary-endothelial,Peritubular Capilary Endothelial,12.97543,0.009806140152372333
https://entity.api.hubmapconsortium.org/entities/ccd3b854d3eb4c13ba07932250ffc8c8,http://purl.org/ccf/1.5/7751603d-80fa-4bc7-b8b0-9e7176bed3e6,left kidney,UBERON:0004538,sc_bulk,https://purl.org/ccf/ASCTB-TEMP_vascular-smooth-muscle-pericyte,Vascular Smooth Muscle / Pericyte,12.276753,0.009278117221090745
https://entity.api.hubmapconsortium.org/entities/ccd3b854d3eb4c13ba07932250ffc8c8,http://purl.org/ccf/1.5/7751603d-80fa-4bc7-b8b0-9e7176bed3e6,left kidney,UBERON:0004538,sc_bulk,https://purl.org/ccf/ASCTB-TEMP_distal-convoluted-tubule-type-1,Distal Convoluted Tubule Type 1,10.180722,0.007694048427245984
https://entity.api.hubmapconsortium.org/entities/ccd3b854d3eb4c13ba07932250ffc8c8,http://purl.org/ccf/1.5/7751603d-80fa-4bc7-b8b0-9e7176bed3e6,left kidney,UBERON:0004538,sc_bulk,https://purl.org/ccf/ASCTB-TEMP_outer-medullary-collecting-duct-intercalated-type-a,Outer Medullary Collecting Duct Intercalated Type A,9.082801,0.006864298106660632
https://entity.api.hubmapconsortium.org/entities/ccd3b854d3eb4c13ba07932250ffc8c8,http://purl.org/ccf/1.5/7751603d-80fa-4bc7-b8b0-9e7176bed3e6,left kidney,UBERON:0004538,sc_bulk,https://purl.org/ccf/ASCTB-TEMP_cortical-collecting-duct-intercalated-type-a,Cortical Collecting Duct Intercalated Type A,8.084691,0.006109979633401222
https://entity.api.hubmapconsortium.org/entities/ccd3b854d3eb4c13ba07932250ffc8c8,http://purl.org/ccf/1.5/7751603d-80fa-4bc7-b8b0-9e7176bed3e6,left kidney,UBERON:0004538,sc_bulk,https://purl.org/ccf/ASCTB-TEMP_cortical-collecting-duct-principal,Cortical Collecting Duct Principal,7.785258000000001,0.0058836840914234
https://entity.api.hubmapconsortium.org/entities/ccd3b854d3eb4c13ba07932250ffc8c8,http://purl.org/ccf/1.5/7751603d-80fa-4bc7-b8b0-9e7176bed3e6,left kidney,UBERON:0004538,sc_bulk,https://purl.org/ccf/ASCTB-TEMP_fibroblast,Fibroblast,7.485825,0.005657388549445577
https://entity.api.hubmapconsortium.org/entities/ccd3b854d3eb4c13ba07932250ffc8c8,http://purl.org/ccf/1.5/7751603d-80fa-4bc7-b8b0-9e7176bed3e6,left kidney,UBERON:0004538,sc_bulk,https://purl.org/ccf/ASCTB-TEMP_proximal-tubule-epithelial-segment-1,Proximal Tubule Epithelial Segment 1,3.792818,0.002866410198385759
https://entity.api.hubmapconsortium.org/entities/ccd3b854d3eb4c13ba07932250ffc8c8,http://purl.org/ccf/1.5/7751603d-80fa-4bc7-b8b0-9e7176bed3e6,left kidney,UBERON:0004538,sc_bulk,https://purl.org/ccf/ASCTB-TEMP_afferent-efferent-arteriole-endothelial,Afferent / Efferent Arteriole Endothelial,3.293763,0.002489250961756054
https://entity.api.hubmapconsortium.org/entities/ccd3b854d3eb4c13ba07932250ffc8c8,http://purl.org/ccf/1.5/7751603d-80fa-4bc7-b8b0-9e7176bed3e6,left kidney,UBERON:0004538,sc_bulk,https://purl.org/ccf/ASCTB-TEMP_macula-densa,Macula Densa,3.293763,0.002489250961756054
https://entity.api.hubmapconsortium.org/entities/ccd3b854d3eb4c13ba07932250ffc8c8,http://purl.org/ccf/1.5/7751603d-80fa-4bc7-b8b0-9e7176bed3e6,left kidney,UBERON:0004538,sc_bulk,https://purl.org/ccf/ASCTB-TEMP_tissue-resident-macrophage,Tissue-resident Macrophage,2.794708,0.002112091725126349
https://entity.api.hubmapconsortium.org/entities/ccd3b854d3eb4c13ba07932250ffc8c8,http://purl.org/ccf/1.5/7751603d-80fa-4bc7-b8b0-9e7176bed3e6,left kidney,UBERON:0004538,sc_bulk,https://purl.org/ccf/ASCTB-TEMP_connecting-tubule-principal,Connecting Tubule Principal,2.595086,0.001961228030474466
https://entity.api.hubmapconsortium.org/entities/ccd3b854d3eb4c13ba07932250ffc8c8,http://purl.org/ccf/1.5/7751603d-80fa-4bc7-b8b0-9e7176bed3e6,left kidney,UBERON:0004538,sc_bulk,https://purl.org/ccf/ASCTB-TEMP_glomerular-capillary-endothelial,Glomerular Capillary Endothelial,1.99622,0.00150863694651882
https://entity.api.hubmapconsortium.org/entities/ccd3b854d3eb4c13ba07932250ffc8c8,http://purl.org/ccf/1.5/7751603d-80fa-4bc7-b8b0-9e7176bed3e6,left kidney,UBERON:0004538,sc_bulk,https://purl.org/ccf/ASCTB-TEMP_monocyte-derived,Monocyte-derived,1.596976,0.001206909557215056
https://entity.api.hubmapconsortium.org/entities/ccd3b854d3eb4c13ba07932250ffc8c8,http://purl.org/ccf/1.5/7751603d-80fa-4bc7-b8b0-9e7176bed3e6,left kidney,UBERON:0004538,sc_bulk,https://purl.org/ccf/ASCTB-TEMP_lymphatic-endothelial,Lymphatic Endothelial,1.097921,8.297503205853513E-4
https://entity.api.hubmapconsortium.org/entities/ccd3b854d3eb4c13ba07932250ffc8c8,http://purl.org/ccf/1.5/7751603d-80fa-4bc7-b8b0-9e7176bed3e6,left kidney,UBERON:0004538,sc_bulk,https://purl.org/ccf/ASCTB-TEMP_cortical-vascular-smooth-muscle-pericyte,Cortical Vascular Smooth Muscle / Pericyte,0.99811,7.543184732594102E-4
https://entity.api.hubmapconsortium.org/entities/ccd3b854d3eb4c13ba07932250ffc8c8,http://purl.org/ccf/1.5/7751603d-80fa-4bc7-b8b0-9e7176bed3e6,left kidney,UBERON:0004538,sc_bulk,https://purl.org/ccf/ASCTB-TEMP_podocyte,Podocyte,0.9981099999999998,7.543184732594101E-4
https://entity.api.hubmapconsortium.org/entities/ccd3b854d3eb4c13ba07932250ffc8c8,http://purl.org/ccf/1.5/7751603d-80fa-4bc7-b8b0-9e7176bed3e6,left kidney,UBERON:0004538,sc_bulk,https://purl.org/ccf/ASCTB-TEMP_t,T,0.798488,6.034547786075281E-4
https://entity.api.hubmapconsortium.org/entities/ccd3b854d3eb4c13ba07932250ffc8c8,http://purl.org/ccf/1.5/7751603d-80fa-4bc7-b8b0-9e7176bed3e6,left kidney,UBERON:0004538,sc_bulk,https://purl.org/ccf/ASCTB-TEMP_parietal-epithelial,Parietal Epithelial,0.798488,6.034547786075281E-4
https://entity.api.hubmapconsortium.org/entities/ccd3b854d3eb4c13ba07932250ffc8c8,http://purl.org/ccf/1.5/7751603d-80fa-4bc7-b8b0-9e7176bed3e6,left kidney,UBERON:0004538,sc_bulk,https://purl.org/ccf/ASCTB-TEMP_monocyte,Monocyte,0.598866,4.525910839556461E-4
https://entity.api.hubmapconsortium.org/entities/ccd3b854d3eb4c13ba07932250ffc8c8,http://purl.org/ccf/1.5/7751603d-80fa-4bc7-b8b0-9e7176bed3e6,left kidney,UBERON:0004538,sc_bulk,https://purl.org/ccf/ASCTB-TEMP_natural-killer-natural-killer-t,Natural Killer / Natural Killer T,0.499055,3.771592366297051E-4
https://entity.api.hubmapconsortium.org/entities/ccd3b854d3eb4c13ba07932250ffc8c8,http://purl.org/ccf/1.5/7751603d-80fa-4bc7-b8b0-9e7176bed3e6,left kidney,UBERON:0004538,sc_bulk,https://purl.org/ccf/ASCTB-TEMP_descending-thin-limb-type-3,Descending Thin Limb Type 3,0.399244,3.01727389303764E-4
https://entity.api.hubmapconsortium.org/entities/ccd3b854d3eb4c13ba07932250ffc8c8,http://purl.org/ccf/1.5/7751603d-80fa-4bc7-b8b0-9e7176bed3e6,left kidney,UBERON:0004538,sc_bulk,https://purl.org/ccf/ASCTB-TEMP_schwann-neural,Schwann / Neural,0.399244,3.01727389303764E-4
https://entity.api.hubmapconsortium.org/entities/ccd3b854d3eb4c13ba07932250ffc8c8,http://purl.org/ccf/1.5/7751603d-80fa-4bc7-b8b0-9e7176bed3e6,left kidney,UBERON:0004538,sc_bulk,https://purl.org/ccf/ASCTB-TEMP_intercalated-type-b,Intercalated Type B,0.299433,2.262955419778231E-4
https://entity.api.hubmapconsortium.org/entities/ccd3b854d3eb4c13ba07932250ffc8c8,http://purl.org/ccf/1.5/7751603d-80fa-4bc7-b8b0-9e7176bed3e6,left kidney,UBERON:0004538,sc_bulk,https://purl.org/ccf/ASCTB-TEMP_distal-convoluted-tubule-type-2,Distal Convoluted Tubule Type 2,0.299433,2.262955419778231E-4
https://entity.api.hubmapconsortium.org/entities/ccd3b854d3eb4c13ba07932250ffc8c8,http://purl.org/ccf/1.5/7751603d-80fa-4bc7-b8b0-9e7176bed3e6,left kidney,UBERON:0004538,sc_bulk,https://purl.org/ccf/ASCTB-TEMP_proximal-tubule-epithelial-segment-2,Proximal Tubule Epithelial Segment 2,0.199622,1.50863694651882E-4
https://entity.api.hubmapconsortium.org/entities/ccd3b854d3eb4c13ba07932250ffc8c8,http://purl.org/ccf/1.5/7751603d-80fa-4bc7-b8b0-9e7176bed3e6,left kidney,UBERON:0004538,sc_bulk,https://purl.org/ccf/ASCTB-TEMP_b,B,0.199622,1.50863694651882E-4
https://entity.api.hubmapconsortium.org/entities/ccd3b854d3eb4c13ba07932250ffc8c8,http://purl.org/ccf/1.5/7751603d-80fa-4bc7-b8b0-9e7176bed3e6,left kidney,UBERON:0004538,sc_bulk,https://purl.org/ccf/ASCTB-TEMP_mesangial,Mesangial,0.199622,1.50863694651882E-4
https://entity.api.hubmapconsortium.org/entities/ccd3b854d3eb4c13ba07932250ffc8c8,http://purl.org/ccf/1.5/7751603d-80fa-4bc7-b8b0-9e7176bed3e6,left kidney,UBERON:0004538,sc_bulk,https://purl.org/ccf/ASCTB-TEMP_cycling-mononuclear-phagocyte,Cycling Mononuclear Phagocyte,0.099811,7.543184732594101E-5
https://entity.api.hubmapconsortium.org/entities/ccd3b854d3eb4c13ba07932250ffc8c8,http://purl.org/ccf/1.5/7751603d-80fa-4bc7-b8b0-9e7176bed3e6,left kidney,UBERON:0004538,sc_bulk,https://purl.org/ccf/ASCTB-TEMP_plasma,Plasma,0.099811,7.543184732594101E-5
https://entity.api.hubmapconsortium.org/entities/ccd3b854d3eb4c13ba07932250ffc8c8,http://purl.org/ccf/1.5/7751603d-80fa-4bc7-b8b0-9e7176bed3e6,left kidney,UBERON:0004538,sc_bulk,https://purl.org/ccf/ASCTB-TEMP_mast,Mast,0.099811,7.543184732594101E-5
https://entity.api.hubmapconsortium.org/entities/ccd3b854d3eb4c13ba07932250ffc8c8,http://purl.org/ccf/1.5/7751603d-80fa-4bc7-b8b0-9e7176bed3e6,left kidney,UBERON:0004538,sc_bulk,https://purl.org/ccf/ASCTB-TEMP_ascending-thin-limb,Ascending Thin Limb,0.099811,7.543184732594101E-5
https://entity.api.hubmapconsortium.org/entities/ccd3b854d3eb4c13ba07932250ffc8c8,http://purl.org/ccf/1.5/7751603d-80fa-4bc7-b8b0-9e7176bed3e6,left kidney,UBERON:0004538,sc_bulk,https://purl.org/ccf/ASCTB-TEMP_m2-macrophage,M2 Macrophage,0.099811,7.543184732594101E-5
https://entity.api.hubmapconsortium.org/entities/cdd62f7264902447922147c3098ecd6a,http://purl.org/ccf/1.5/e4853294-071d-4bef-bff3-2fd52a5c6af0,right kidney,UBERON:0004539,sc_bulk,https://purl.org/ccf/ASCTB-TEMP_cortical-thick-ascending-limb,Cortical Thick Ascending Limb,218880.615,0.1923133852731772
https://entity.api.hubmapconsortium.org/entities/cdd62f7264902447922147c3098ecd6a,http://purl.org/ccf/1.5/e4853294-071d-4bef-bff3-2fd52a5c6af0,right kidney,UBERON:0004539,sc_bulk,https://purl.org/ccf/ASCTB-TEMP_inner-medullary-collecting-duct,Inner Medullary Collecting Duct,127470.332,0.1119982738938111
https://entity.api.hubmapconsortium.org/entities/cdd62f7264902447922147c3098ecd6a,http://purl.org/ccf/1.5/e4853294-071d-4bef-bff3-2fd52a5c6af0,right kidney,UBERON:0004539,sc_bulk,https://purl.org/ccf/ASCTB-TEMP_connecting-tubule,Connecting Tubule,92264.948,0.08106603909137255
https://entity.api.hubmapconsortium.org/entities/cdd62f7264902447922147c3098ecd6a,http://purl.org/ccf/1.5/e4853294-071d-4bef-bff3-2fd52a5c6af0,right kidney,UBERON:0004539,sc_bulk,https://purl.org/ccf/ASCTB-TEMP_proximal-tubule-epithelial-segment-1,Proximal Tubule Epithelial Segment 1,89542.50000000001,0.07867403561902217
https://entity.api.hubmapconsortium.org/entities/cdd62f7264902447922147c3098ecd6a,http://purl.org/ccf/1.5/e4853294-071d-4bef-bff3-2fd52a5c6af0,right kidney,UBERON:0004539,sc_bulk,https://purl.org/ccf/ASCTB-TEMP_distal-convoluted-tubule-type-1,Distal Convoluted Tubule Type 1,85983.65000000002,0.0755471507133879
https://entity.api.hubmapconsortium.org/entities/cdd62f7264902447922147c3098ecd6a,http://purl.org/ccf/1.5/e4853294-071d-4bef-bff3-2fd52a5c6af0,right kidney,UBERON:0004539,sc_bulk,https://purl.org/ccf/ASCTB-TEMP_descending-thin-limb-type-1,Descending Thin Limb Type 1,74780.35,0.06570368170983548
https://entity.api.hubmapconsortium.org/entities/cdd62f7264902447922147c3098ecd6a,http://purl.org/ccf/1.5/e4853294-071d-4bef-bff3-2fd52a5c6af0,right kidney,UBERON:0004539,sc_bulk,https://purl.org/ccf/ASCTB-TEMP_descending-thin-limb-type-2,Descending Thin Limb Type 2,73242.46599999999,0.06435246256145426
https://entity.api.hubmapconsortium.org/entities/cdd62f7264902447922147c3098ecd6a,http://purl.org/ccf/1.5/e4853294-071d-4bef-bff3-2fd52a5c6af0,right kidney,UBERON:0004539,sc_bulk,https://purl.org/ccf/ASCTB-TEMP_ascending-thin-limb,Ascending Thin Limb,72502.091,0.0637019525899722
https://entity.api.hubmapconsortium.org/entities/cdd62f7264902447922147c3098ecd6a,http://purl.org/ccf/1.5/e4853294-071d-4bef-bff3-2fd52a5c6af0,right kidney,UBERON:0004539,sc_bulk,https://purl.org/ccf/ASCTB-TEMP_fibroblast,Fibroblast,50721.21700000001,0.0445647913884262
https://entity.api.hubmapconsortium.org/entities/cdd62f7264902447922147c3098ecd6a,http://purl.org/ccf/1.5/e4853294-071d-4bef-bff3-2fd52a5c6af0,right kidney,UBERON:0004539,sc_bulk,https://purl.org/ccf/ASCTB-TEMP_proximal-tubule-epithelial-segment-3,Proximal Tubule Epithelial Segment 3,48407.02699999999,0.04253149249137522
https://entity.api.hubmapconsortium.org/entities/cdd62f7264902447922147c3098ecd6a,http://purl.org/ccf/1.5/e4853294-071d-4bef-bff3-2fd52a5c6af0,right kidney,UBERON:0004539,sc_bulk,https://purl.org/ccf/ASCTB-TEMP_medullary-thick-ascending-limb,Medullary Thick Ascending Limb,34198.027,0.0300471484970632
https://entity.api.hubmapconsortium.org/entities/cdd62f7264902447922147c3098ecd6a,http://purl.org/ccf/1.5/e4853294-071d-4bef-bff3-2fd52a5c6af0,right kidney,UBERON:0004539,sc_bulk,https://purl.org/ccf/ASCTB-TEMP_cortical-collecting-duct-principal,Cortical Collecting Duct Principal,26503.50400000001,0.02328656914565594
https://entity.api.hubmapconsortium.org/entities/cdd62f7264902447922147c3098ecd6a,http://purl.org/ccf/1.5/e4853294-071d-4bef-bff3-2fd52a5c6af0,right kidney,UBERON:0004539,sc_bulk,https://purl.org/ccf/ASCTB-TEMP_cortical-collecting-duct-intercalated-type-a,Cortical Collecting Duct Intercalated Type A,13369.98,0.01174716232789585
https://entity.api.hubmapconsortium.org/entities/cdd62f7264902447922147c3098ecd6a,http://purl.org/ccf/1.5/e4853294-071d-4bef-bff3-2fd52a5c6af0,right kidney,UBERON:0004539,sc_bulk,https://purl.org/ccf/ASCTB-TEMP_podocyte,Podocyte,12591.483,0.01106315751780788
https://entity.api.hubmapconsortium.org/entities/cdd62f7264902447922147c3098ecd6a,http://purl.org/ccf/1.5/e4853294-071d-4bef-bff3-2fd52a5c6af0,right kidney,UBERON:0004539,sc_bulk,https://purl.org/ccf/ASCTB-TEMP_mesangial,Mesangial,12278.113,0.01078782365353189
https://entity.api.hubmapconsortium.org/entities/cdd62f7264902447922147c3098ecd6a,http://purl.org/ccf/1.5/e4853294-071d-4bef-bff3-2fd52a5c6af0,right kidney,UBERON:0004539,sc_bulk,https://purl.org/ccf/ASCTB-TEMP_peritubular-capilary-endothelial,Peritubular Capilary Endothelial,11271.73,0.009903593126258485
https://entity.api.hubmapconsortium.org/entities/cdd62f7264902447922147c3098ecd6a,http://purl.org/ccf/1.5/e4853294-071d-4bef-bff3-2fd52a5c6af0,right kidney,UBERON:0004539,sc_bulk,https://purl.org/ccf/ASCTB-TEMP_outer-medullary-collecting-duct-intercalated-type-a,Outer Medullary Collecting Duct Intercalated Type A,8190.706,0.007196536790785811
https://entity.api.hubmapconsortium.org/entities/cdd62f7264902447922147c3098ecd6a,http://purl.org/ccf/1.5/e4853294-071d-4bef-bff3-2fd52a5c6af0,right kidney,UBERON:0004539,sc_bulk,https://purl.org/ccf/ASCTB-TEMP_outer-medullary-collecting-duct-principal,Outer Medullary Collecting Duct Principal,7995.797,0.007025285400569231
https://entity.api.hubmapconsortium.org/entities/cdd62f7264902447922147c3098ecd6a,http://purl.org/ccf/1.5/e4853294-071d-4bef-bff3-2fd52a5c6af0,right kidney,UBERON:0004539,sc_bulk,https://purl.org/ccf/ASCTB-TEMP_parietal-epithelial,Parietal Epithelial,7860.065000000001,0.006906028241090313
https://entity.api.hubmapconsortium.org/entities/cdd62f7264902447922147c3098ecd6a,http://purl.org/ccf/1.5/e4853294-071d-4bef-bff3-2fd52a5c6af0,right kidney,UBERON:0004539,sc_bulk,https://purl.org/ccf/ASCTB-TEMP_intercalated-type-b,Intercalated Type B,7618.814000000001,0.006694059737115948
https://entity.api.hubmapconsortium.org/entities/cdd62f7264902447922147c3098ecd6a,http://purl.org/ccf/1.5/e4853294-071d-4bef-bff3-2fd52a5c6af0,right kidney,UBERON:0004539,sc_bulk,https://purl.org/ccf/ASCTB-TEMP_ascending-vasa-recta-endothelial,Ascending Vasa Recta Endothelial,6291.872,0.005528178929986634
https://entity.api.hubmapconsortium.org/entities/cdd62f7264902447922147c3098ecd6a,http://purl.org/ccf/1.5/e4853294-071d-4bef-bff3-2fd52a5c6af0,right kidney,UBERON:0004539,sc_bulk,https://purl.org/ccf/ASCTB-TEMP_classical-dendritic,Classical Dendritic,6157.746,0.005410332837891406
https://entity.api.hubmapconsortium.org/entities/cdd62f7264902447922147c3098ecd6a,http://purl.org/ccf/1.5/e4853294-071d-4bef-bff3-2fd52a5c6af0,right kidney,UBERON:0004539,sc_bulk,https://purl.org/ccf/ASCTB-TEMP_macula-densa,Macula Densa,6129.017999999999,0.005385091776995593
https://entity.api.hubmapconsortium.org/entities/cdd62f7264902447922147c3098ecd6a,http://purl.org/ccf/1.5/e4853294-071d-4bef-bff3-2fd52a5c6af0,right kidney,UBERON:0004539,sc_bulk,https://purl.org/ccf/ASCTB-TEMP_glomerular-capillary-endothelial,Glomerular Capillary Endothelial,5883.353999999999,0.00516924591289406
https://entity.api.hubmapconsortium.org/entities/cdd62f7264902447922147c3098ecd6a,http://purl.org/ccf/1.5/e4853294-071d-4bef-bff3-2fd52a5c6af0,right kidney,UBERON:0004539,sc_bulk,https://purl.org/ccf/ASCTB-TEMP_medullary-fibroblast,Medullary Fibroblast,4830.841999999999,0.004244485418408779
https://entity.api.hubmapconsortium.org/entities/cdd62f7264902447922147c3098ecd6a,http://purl.org/ccf/1.5/e4853294-071d-4bef-bff3-2fd52a5c6af0,right kidney,UBERON:0004539,sc_bulk,https://purl.org/ccf/ASCTB-TEMP_cortical-vascular-smooth-muscle-pericyte,Cortical Vascular Smooth Muscle / Pericyte,3701.618,0.003252324051484084
https://entity.api.hubmapconsortium.org/entities/cdd62f7264902447922147c3098ecd6a,http://purl.org/ccf/1.5/e4853294-071d-4bef-bff3-2fd52a5c6af0,right kidney,UBERON:0004539,sc_bulk,https://purl.org/ccf/ASCTB-TEMP_connecting-tubule-principal,Connecting Tubule Principal,3474.940000000001,0.003053159710014405
https://entity.api.hubmapconsortium.org/entities/cdd62f7264902447922147c3098ecd6a,http://purl.org/ccf/1.5/e4853294-071d-4bef-bff3-2fd52a5c6af0,right kidney,UBERON:0004539,sc_bulk,https://purl.org/ccf/ASCTB-TEMP_vascular-smooth-muscle-pericyte,Vascular Smooth Muscle / Pericyte,3381.532999999999,0.002971090238589483
https://entity.api.hubmapconsortium.org/entities/cdd62f7264902447922147c3098ecd6a,http://purl.org/ccf/1.5/e4853294-071d-4bef-bff3-2fd52a5c6af0,right kidney,UBERON:0004539,sc_bulk,https://purl.org/ccf/ASCTB-TEMP_m2-macrophage,M2 Macrophage,3375.679999999999,0.002965947662377314
https://entity.api.hubmapconsortium.org/entities/cdd62f7264902447922147c3098ecd6a,http://purl.org/ccf/1.5/e4853294-071d-4bef-bff3-2fd52a5c6af0,right kidney,UBERON:0004539,sc_bulk,https://purl.org/ccf/ASCTB-TEMP_descending-thin-limb-type-3,Descending Thin Limb Type 3,3154.318,0.002771454076954773
https://entity.api.hubmapconsortium.org/entities/cdd62f7264902447922147c3098ecd6a,http://purl.org/ccf/1.5/e4853294-071d-4bef-bff3-2fd52a5c6af0,right kidney,UBERON:0004539,sc_bulk,https://purl.org/ccf/ASCTB-TEMP_monocyte-derived,Monocyte-derived,2979.315,0.002617692541868799
https://entity.api.hubmapconsortium.org/entities/cdd62f7264902447922147c3098ecd6a,http://purl.org/ccf/1.5/e4853294-071d-4bef-bff3-2fd52a5c6af0,right kidney,UBERON:0004539,sc_bulk,https://purl.org/ccf/ASCTB-TEMP_descending-vasa-recta-endothelial,Descending Vasa Recta Endothelial,2757.939999999999,0.0024231875343566
https://entity.api.hubmapconsortium.org/entities/cdd62f7264902447922147c3098ecd6a,http://purl.org/ccf/1.5/e4853294-071d-4bef-bff3-2fd52a5c6af0,right kidney,UBERON:0004539,sc_bulk,https://purl.org/ccf/ASCTB-TEMP_t,T,1828.118,0.001606225207558149
https://entity.api.hubmapconsortium.org/entities/cdd62f7264902447922147c3098ecd6a,http://purl.org/ccf/1.5/e4853294-071d-4bef-bff3-2fd52a5c6af0,right kidney,UBERON:0004539,sc_bulk,https://purl.org/ccf/ASCTB-TEMP_distal-convoluted-tubule-type-2,Distal Convoluted Tubule Type 2,1561.651,0.001372101364139728
https://entity.api.hubmapconsortium.org/entities/cdd62f7264902447922147c3098ecd6a,http://purl.org/ccf/1.5/e4853294-071d-4bef-bff3-2fd52a5c6af0,right kidney,UBERON:0004539,sc_bulk,https://purl.org/ccf/ASCTB-TEMP_afferent-efferent-arteriole-endothelial,Afferent / Efferent Arteriole Endothelial,1489.726,0.001308906456560665
https://entity.api.hubmapconsortium.org/entities/cdd62f7264902447922147c3098ecd6a,http://purl.org/ccf/1.5/e4853294-071d-4bef-bff3-2fd52a5c6af0,right kidney,UBERON:0004539,sc_bulk,https://purl.org/ccf/ASCTB-TEMP_proximal-tubule-epithelial-segment-2,Proximal Tubule Epithelial Segment 2,1179.154,0.001036030977427617
https://entity.api.hubmapconsortium.org/entities/cdd62f7264902447922147c3098ecd6a,http://purl.org/ccf/1.5/e4853294-071d-4bef-bff3-2fd52a5c6af0,right kidney,UBERON:0004539,sc_bulk,https://purl.org/ccf/ASCTB-TEMP_mast,Mast,809.054,7.108528711361906E-4
https://entity.api.hubmapconsortium.org/entities/cdd62f7264902447922147c3098ecd6a,http://purl.org/ccf/1.5/e4853294-071d-4bef-bff3-2fd52a5c6af0,right kidney,UBERON:0004539,sc_bulk,https://purl.org/ccf/ASCTB-TEMP_b,B,619.965,5.447150625964997E-4
https://entity.api.hubmapconsortium.org/entities/cdd62f7264902447922147c3098ecd6a,http://purl.org/ccf/1.5/e4853294-071d-4bef-bff3-2fd52a5c6af0,right kidney,UBERON:0004539,sc_bulk,https://purl.org/ccf/ASCTB-TEMP_schwann-neural,Schwann / Neural,534.555,4.69671933554752E-4
https://entity.api.hubmapconsortium.org/entities/cdd62f7264902447922147c3098ecd6a,http://purl.org/ccf/1.5/e4853294-071d-4bef-bff3-2fd52a5c6af0,right kidney,UBERON:0004539,sc_bulk,https://purl.org/ccf/ASCTB-TEMP_plasma,Plasma,476.39,4.185668685657198E-4
https://entity.api.hubmapconsortium.org/entities/cdd62f7264902447922147c3098ecd6a,http://purl.org/ccf/1.5/e4853294-071d-4bef-bff3-2fd52a5c6af0,right kidney,UBERON:0004539,sc_bulk,https://purl.org/ccf/ASCTB-TEMP_lymphatic-endothelial,Lymphatic Endothelial,475.712,4.179711626590308E-4
https://entity.api.hubmapconsortium.org/entities/cdd62f7264902447922147c3098ecd6a,http://purl.org/ccf/1.5/e4853294-071d-4bef-bff3-2fd52a5c6af0,right kidney,UBERON:0004539,sc_bulk,https://purl.org/ccf/ASCTB-TEMP_tissue-resident-macrophage,Tissue-resident Macrophage,460.422,4.045370279786851E-4
https://entity.api.hubmapconsortium.org/entities/cdd62f7264902447922147c3098ecd6a,http://purl.org/ccf/1.5/e4853294-071d-4bef-bff3-2fd52a5c6af0,right kidney,UBERON:0004539,sc_bulk,https://purl.org/ccf/ASCTB-TEMP_papillary-tip-epithelial,Papillary Tip Epithelial,263.383,2.314141723030395E-4
https://entity.api.hubmapconsortium.org/entities/cdd62f7264902447922147c3098ecd6a,http://purl.org/ccf/1.5/e4853294-071d-4bef-bff3-2fd52a5c6af0,right kidney,UBERON:0004539,sc_bulk,https://purl.org/ccf/ASCTB-TEMP_connecting-tubule-intercalated-type-a,Connecting Tubule Intercalated Type A,245.422,2.156332375094693E-4
https://entity.api.hubmapconsortium.org/entities/cdd62f7264902447922147c3098ecd6a,http://purl.org/ccf/1.5/e4853294-071d-4bef-bff3-2fd52a5c6af0,right kidney,UBERON:0004539,sc_bulk,https://purl.org/ccf/ASCTB-TEMP_natural-killer-natural-killer-t,Natural Killer / Natural Killer T,79.75000000000001,7.007012692986032E-5
https://entity.api.hubmapconsortium.org/entities/cdd62f7264902447922147c3098ecd6a,http://purl.org/ccf/1.5/e4853294-071d-4bef-bff3-2fd52a5c6af0,right kidney,UBERON:0004539,sc_bulk,https://purl.org/ccf/ASCTB-TEMP_non-classical-monocyte,Non-classical monocyte,75.5,6.63359822345386E-5
https://entity.api.hubmapconsortium.org/entities/cdd62f7264902447922147c3098ecd6a,http://purl.org/ccf/1.5/e4853294-071d-4bef-bff3-2fd52a5c6af0,right kidney,UBERON:0004539,sc_bulk,https://purl.org/ccf/ASCTB-TEMP_neutrophil,Neutrophil,53.711,4.719168134833514E-5
https://entity.api.hubmapconsortium.org/entities/cdd62f7264902447922147c3098ecd6a,http://purl.org/ccf/1.5/e4853294-071d-4bef-bff3-2fd52a5c6af0,right kidney,UBERON:0004539,sc_bulk,https://purl.org/ccf/ASCTB-TEMP_renin-positive-juxtaglomerular-granular,Renin-positive Juxtaglomerular Granular,51.48,4.523147503886155E-5
https://entity.api.hubmapconsortium.org/entities/cdd62f7264902447922147c3098ecd6a,http://purl.org/ccf/1.5/e4853294-071d-4bef-bff3-2fd52a5c6af0,right kidney,UBERON:0004539,sc_bulk,https://purl.org/ccf/ASCTB-TEMP_monocyte,Monocyte,46.924,4.122847192547668E-5
https://entity.api.hubmapconsortium.org/entities/cdd62f7264902447922147c3098ecd6a,http://purl.org/ccf/1.5/e4853294-071d-4bef-bff3-2fd52a5c6af0,right kidney,UBERON:0004539,sc_bulk,https://purl.org/ccf/ASCTB-TEMP_natural-killer-t,Natural Killer T,43.343,3.808212553631267E-5
https://entity.api.hubmapconsortium.org/entities/cdd62f7264902447922147c3098ecd6a,http://purl.org/ccf/1.5/e4853294-071d-4bef-bff3-2fd52a5c6af0,right kidney,UBERON:0004539,sc_bulk,https://purl.org/ccf/ASCTB-TEMP_plasmacytoid-dendritic,Plasmacytoid Dendritic,38.875,3.415644118367799E-5
https://entity.api.hubmapconsortium.org/entities/cdd62f7264902447922147c3098ecd6a,http://purl.org/ccf/1.5/e4853294-071d-4bef-bff3-2fd52a5c6af0,right kidney,UBERON:0004539,sc_bulk,https://purl.org/ccf/ASCTB-TEMP_cycling-mononuclear-phagocyte,Cycling Mononuclear Phagocyte,20.779,1.825689238213877E-5
https://entity.api.hubmapconsortium.org/entities/cfef165b500b07e8b9efe337442005fd,http://purl.org/ccf/1.5/cc646c7f-4db7-459e-a859-cc056a4208d5,skin of body,UBERON:0002097,spatial,https://purl.org/ccf/ASCTB-TEMP_t-helper,T-helper,4742.931054,0.7799656838724318
https://entity.api.hubmapconsortium.org/entities/cfef165b500b07e8b9efe337442005fd,http://purl.org/ccf/1.5/cc646c7f-4db7-459e-a859-cc056a4208d5,skin of body,UBERON:0002097,spatial,https://purl.org/ccf/ASCTB-TEMP_t-reg,T-reg,645.8426129999999,0.1062075475243675
https://entity.api.hubmapconsortium.org/entities/cfef165b500b07e8b9efe337442005fd,http://purl.org/ccf/1.5/cc646c7f-4db7-459e-a859-cc056a4208d5,skin of body,UBERON:0002097,spatial,https://purl.org/ccf/ASCTB-TEMP_cd68-macrophage,CD68 / Macrophage,512.643348,0.0843031903591051
https://entity.api.hubmapconsortium.org/entities/cfef165b500b07e8b9efe337442005fd,http://purl.org/ccf/1.5/cc646c7f-4db7-459e-a859-cc056a4208d5,skin of body,UBERON:0002097,spatial,https://purl.org/ccf/ASCTB-TEMP_t-killer,T-Killer,179.531355,0.0295235782440955
https://entity.api.hubmapconsortium.org/entities/d1a6c08673e5d707d2f06ef75b8e6594,http://purl.org/ccf/1.5/3bcbcc3c-ad26-411d-b4c1-5d5a37971000,right kidney,UBERON:0004539,sc_bulk,https://purl.org/ccf/ASCTB-TEMP_cortical-thick-ascending-limb,Cortical Thick Ascending Limb,151465.38558,0.1923133852731773
https://entity.api.hubmapconsortium.org/entities/d1a6c08673e5d707d2f06ef75b8e6594,http://purl.org/ccf/1.5/3bcbcc3c-ad26-411d-b4c1-5d5a37971000,right kidney,UBERON:0004539,sc_bulk,https://purl.org/ccf/ASCTB-TEMP_inner-medullary-collecting-duct,Inner Medullary Collecting Duct,88209.46974400002,0.1119982738938111
https://entity.api.hubmapconsortium.org/entities/d1a6c08673e5d707d2f06ef75b8e6594,http://purl.org/ccf/1.5/3bcbcc3c-ad26-411d-b4c1-5d5a37971000,right kidney,UBERON:0004539,sc_bulk,https://purl.org/ccf/ASCTB-TEMP_connecting-tubule,Connecting Tubule,63847.344016,0.08106603909137255
https://entity.api.hubmapconsortium.org/entities/d1a6c08673e5d707d2f06ef75b8e6594,http://purl.org/ccf/1.5/3bcbcc3c-ad26-411d-b4c1-5d5a37971000,right kidney,UBERON:0004539,sc_bulk,https://purl.org/ccf/ASCTB-TEMP_proximal-tubule-epithelial-segment-1,Proximal Tubule Epithelial Segment 1,61963.41,0.07867403561902217
https://entity.api.hubmapconsortium.org/entities/d1a6c08673e5d707d2f06ef75b8e6594,http://purl.org/ccf/1.5/3bcbcc3c-ad26-411d-b4c1-5d5a37971000,right kidney,UBERON:0004539,sc_bulk,https://purl.org/ccf/ASCTB-TEMP_distal-convoluted-tubule-type-1,Distal Convoluted Tubule Type 1,59500.68580000001,0.07554715071338791
https://entity.api.hubmapconsortium.org/entities/d1a6c08673e5d707d2f06ef75b8e6594,http://purl.org/ccf/1.5/3bcbcc3c-ad26-411d-b4c1-5d5a37971000,right kidney,UBERON:0004539,sc_bulk,https://purl.org/ccf/ASCTB-TEMP_descending-thin-limb-type-1,Descending Thin Limb Type 1,51748.0022,0.0657036817098355
https://entity.api.hubmapconsortium.org/entities/d1a6c08673e5d707d2f06ef75b8e6594,http://purl.org/ccf/1.5/3bcbcc3c-ad26-411d-b4c1-5d5a37971000,right kidney,UBERON:0004539,sc_bulk,https://purl.org/ccf/ASCTB-TEMP_descending-thin-limb-type-2,Descending Thin Limb Type 2,50683.78647199999,0.06435246256145426
https://entity.api.hubmapconsortium.org/entities/d1a6c08673e5d707d2f06ef75b8e6594,http://purl.org/ccf/1.5/3bcbcc3c-ad26-411d-b4c1-5d5a37971000,right kidney,UBERON:0004539,sc_bulk,https://purl.org/ccf/ASCTB-TEMP_ascending-thin-limb,Ascending Thin Limb,50171.446972,0.0637019525899722
https://entity.api.hubmapconsortium.org/entities/d1a6c08673e5d707d2f06ef75b8e6594,http://purl.org/ccf/1.5/3bcbcc3c-ad26-411d-b4c1-5d5a37971000,right kidney,UBERON:0004539,sc_bulk,https://purl.org/ccf/ASCTB-TEMP_fibroblast,Fibroblast,35099.08216400001,0.04456479138842621
https://entity.api.hubmapconsortium.org/entities/d1a6c08673e5d707d2f06ef75b8e6594,http://purl.org/ccf/1.5/3bcbcc3c-ad26-411d-b4c1-5d5a37971000,right kidney,UBERON:0004539,sc_bulk,https://purl.org/ccf/ASCTB-TEMP_proximal-tubule-epithelial-segment-3,Proximal Tubule Epithelial Segment 3,33497.66268399999,0.04253149249137523
https://entity.api.hubmapconsortium.org/entities/d1a6c08673e5d707d2f06ef75b8e6594,http://purl.org/ccf/1.5/3bcbcc3c-ad26-411d-b4c1-5d5a37971000,right kidney,UBERON:0004539,sc_bulk,https://purl.org/ccf/ASCTB-TEMP_medullary-thick-ascending-limb,Medullary Thick Ascending Limb,23665.034684,0.0300471484970632
https://entity.api.hubmapconsortium.org/entities/d1a6c08673e5d707d2f06ef75b8e6594,http://purl.org/ccf/1.5/3bcbcc3c-ad26-411d-b4c1-5d5a37971000,right kidney,UBERON:0004539,sc_bulk,https://purl.org/ccf/ASCTB-TEMP_cortical-collecting-duct-principal,Cortical Collecting Duct Principal,18340.42476800001,0.02328656914565595
https://entity.api.hubmapconsortium.org/entities/d1a6c08673e5d707d2f06ef75b8e6594,http://purl.org/ccf/1.5/3bcbcc3c-ad26-411d-b4c1-5d5a37971000,right kidney,UBERON:0004539,sc_bulk,https://purl.org/ccf/ASCTB-TEMP_cortical-collecting-duct-intercalated-type-a,Cortical Collecting Duct Intercalated Type A,9252.02616,0.01174716232789585
https://entity.api.hubmapconsortium.org/entities/d1a6c08673e5d707d2f06ef75b8e6594,http://purl.org/ccf/1.5/3bcbcc3c-ad26-411d-b4c1-5d5a37971000,right kidney,UBERON:0004539,sc_bulk,https://purl.org/ccf/ASCTB-TEMP_podocyte,Podocyte,8713.306235999999,0.01106315751780788
https://entity.api.hubmapconsortium.org/entities/d1a6c08673e5d707d2f06ef75b8e6594,http://purl.org/ccf/1.5/3bcbcc3c-ad26-411d-b4c1-5d5a37971000,right kidney,UBERON:0004539,sc_bulk,https://purl.org/ccf/ASCTB-TEMP_mesangial,Mesangial,8496.454196,0.01078782365353189
https://entity.api.hubmapconsortium.org/entities/d1a6c08673e5d707d2f06ef75b8e6594,http://purl.org/ccf/1.5/3bcbcc3c-ad26-411d-b4c1-5d5a37971000,right kidney,UBERON:0004539,sc_bulk,https://purl.org/ccf/ASCTB-TEMP_peritubular-capilary-endothelial,Peritubular Capilary Endothelial,7800.037159999998,0.009903593126258487
https://entity.api.hubmapconsortium.org/entities/d1a6c08673e5d707d2f06ef75b8e6594,http://purl.org/ccf/1.5/3bcbcc3c-ad26-411d-b4c1-5d5a37971000,right kidney,UBERON:0004539,sc_bulk,https://purl.org/ccf/ASCTB-TEMP_outer-medullary-collecting-duct-intercalated-type-a,Outer Medullary Collecting Duct Intercalated Type A,5667.968551999999,0.007196536790785811
https://entity.api.hubmapconsortium.org/entities/d1a6c08673e5d707d2f06ef75b8e6594,http://purl.org/ccf/1.5/3bcbcc3c-ad26-411d-b4c1-5d5a37971000,right kidney,UBERON:0004539,sc_bulk,https://purl.org/ccf/ASCTB-TEMP_outer-medullary-collecting-duct-principal,Outer Medullary Collecting Duct Principal,5533.091523999999,0.007025285400569232
https://entity.api.hubmapconsortium.org/entities/d1a6c08673e5d707d2f06ef75b8e6594,http://purl.org/ccf/1.5/3bcbcc3c-ad26-411d-b4c1-5d5a37971000,right kidney,UBERON:0004539,sc_bulk,https://purl.org/ccf/ASCTB-TEMP_parietal-epithelial,Parietal Epithelial,5439.16498,0.006906028241090313
https://entity.api.hubmapconsortium.org/entities/d1a6c08673e5d707d2f06ef75b8e6594,http://purl.org/ccf/1.5/3bcbcc3c-ad26-411d-b4c1-5d5a37971000,right kidney,UBERON:0004539,sc_bulk,https://purl.org/ccf/ASCTB-TEMP_intercalated-type-b,Intercalated Type B,5272.219288,0.006694059737115948
https://entity.api.hubmapconsortium.org/entities/d1a6c08673e5d707d2f06ef75b8e6594,http://purl.org/ccf/1.5/3bcbcc3c-ad26-411d-b4c1-5d5a37971000,right kidney,UBERON:0004539,sc_bulk,https://purl.org/ccf/ASCTB-TEMP_ascending-vasa-recta-endothelial,Ascending Vasa Recta Endothelial,4353.975424,0.005528178929986635
https://entity.api.hubmapconsortium.org/entities/d1a6c08673e5d707d2f06ef75b8e6594,http://purl.org/ccf/1.5/3bcbcc3c-ad26-411d-b4c1-5d5a37971000,right kidney,UBERON:0004539,sc_bulk,https://purl.org/ccf/ASCTB-TEMP_classical-dendritic,Classical Dendritic,4261.160232,0.005410332837891407
https://entity.api.hubmapconsortium.org/entities/d1a6c08673e5d707d2f06ef75b8e6594,http://purl.org/ccf/1.5/3bcbcc3c-ad26-411d-b4c1-5d5a37971000,right kidney,UBERON:0004539,sc_bulk,https://purl.org/ccf/ASCTB-TEMP_macula-densa,Macula Densa,4241.280456,0.005385091776995594
https://entity.api.hubmapconsortium.org/entities/d1a6c08673e5d707d2f06ef75b8e6594,http://purl.org/ccf/1.5/3bcbcc3c-ad26-411d-b4c1-5d5a37971000,right kidney,UBERON:0004539,sc_bulk,https://purl.org/ccf/ASCTB-TEMP_glomerular-capillary-endothelial,Glomerular Capillary Endothelial,4071.280967999999,0.005169245912894061
https://entity.api.hubmapconsortium.org/entities/d1a6c08673e5d707d2f06ef75b8e6594,http://purl.org/ccf/1.5/3bcbcc3c-ad26-411d-b4c1-5d5a37971000,right kidney,UBERON:0004539,sc_bulk,https://purl.org/ccf/ASCTB-TEMP_medullary-fibroblast,Medullary Fibroblast,3342.942663999999,0.00424448541840878
https://entity.api.hubmapconsortium.org/entities/d1a6c08673e5d707d2f06ef75b8e6594,http://purl.org/ccf/1.5/3bcbcc3c-ad26-411d-b4c1-5d5a37971000,right kidney,UBERON:0004539,sc_bulk,https://purl.org/ccf/ASCTB-TEMP_cortical-vascular-smooth-muscle-pericyte,Cortical Vascular Smooth Muscle / Pericyte,2561.519656,0.003252324051484084
https://entity.api.hubmapconsortium.org/entities/d1a6c08673e5d707d2f06ef75b8e6594,http://purl.org/ccf/1.5/3bcbcc3c-ad26-411d-b4c1-5d5a37971000,right kidney,UBERON:0004539,sc_bulk,https://purl.org/ccf/ASCTB-TEMP_connecting-tubule-principal,Connecting Tubule Principal,2404.65848,0.003053159710014406
https://entity.api.hubmapconsortium.org/entities/d1a6c08673e5d707d2f06ef75b8e6594,http://purl.org/ccf/1.5/3bcbcc3c-ad26-411d-b4c1-5d5a37971000,right kidney,UBERON:0004539,sc_bulk,https://purl.org/ccf/ASCTB-TEMP_vascular-smooth-muscle-pericyte,Vascular Smooth Muscle / Pericyte,2340.020835999999,0.002971090238589483
https://entity.api.hubmapconsortium.org/entities/d1a6c08673e5d707d2f06ef75b8e6594,http://purl.org/ccf/1.5/3bcbcc3c-ad26-411d-b4c1-5d5a37971000,right kidney,UBERON:0004539,sc_bulk,https://purl.org/ccf/ASCTB-TEMP_m2-macrophage,M2 Macrophage,2335.970559999999,0.002965947662377314
https://entity.api.hubmapconsortium.org/entities/d1a6c08673e5d707d2f06ef75b8e6594,http://purl.org/ccf/1.5/3bcbcc3c-ad26-411d-b4c1-5d5a37971000,right kidney,UBERON:0004539,sc_bulk,https://purl.org/ccf/ASCTB-TEMP_descending-thin-limb-type-3,Descending Thin Limb Type 3,2182.788056,0.002771454076954773
https://entity.api.hubmapconsortium.org/entities/d1a6c08673e5d707d2f06ef75b8e6594,http://purl.org/ccf/1.5/3bcbcc3c-ad26-411d-b4c1-5d5a37971000,right kidney,UBERON:0004539,sc_bulk,https://purl.org/ccf/ASCTB-TEMP_monocyte-derived,Monocyte-derived,2061.68598,0.0026176925418688
https://entity.api.hubmapconsortium.org/entities/d1a6c08673e5d707d2f06ef75b8e6594,http://purl.org/ccf/1.5/3bcbcc3c-ad26-411d-b4c1-5d5a37971000,right kidney,UBERON:0004539,sc_bulk,https://purl.org/ccf/ASCTB-TEMP_descending-vasa-recta-endothelial,Descending Vasa Recta Endothelial,1908.494479999999,0.0024231875343566
https://entity.api.hubmapconsortium.org/entities/d1a6c08673e5d707d2f06ef75b8e6594,http://purl.org/ccf/1.5/3bcbcc3c-ad26-411d-b4c1-5d5a37971000,right kidney,UBERON:0004539,sc_bulk,https://purl.org/ccf/ASCTB-TEMP_t,T,1265.057656,0.001606225207558149
https://entity.api.hubmapconsortium.org/entities/d1a6c08673e5d707d2f06ef75b8e6594,http://purl.org/ccf/1.5/3bcbcc3c-ad26-411d-b4c1-5d5a37971000,right kidney,UBERON:0004539,sc_bulk,https://purl.org/ccf/ASCTB-TEMP_distal-convoluted-tubule-type-2,Distal Convoluted Tubule Type 2,1080.662492,0.001372101364139728
https://entity.api.hubmapconsortium.org/entities/d1a6c08673e5d707d2f06ef75b8e6594,http://purl.org/ccf/1.5/3bcbcc3c-ad26-411d-b4c1-5d5a37971000,right kidney,UBERON:0004539,sc_bulk,https://purl.org/ccf/ASCTB-TEMP_afferent-efferent-arteriole-endothelial,Afferent / Efferent Arteriole Endothelial,1030.890392,0.001308906456560665
https://entity.api.hubmapconsortium.org/entities/d1a6c08673e5d707d2f06ef75b8e6594,http://purl.org/ccf/1.5/3bcbcc3c-ad26-411d-b4c1-5d5a37971000,right kidney,UBERON:0004539,sc_bulk,https://purl.org/ccf/ASCTB-TEMP_proximal-tubule-epithelial-segment-2,Proximal Tubule Epithelial Segment 2,815.9745679999997,0.001036030977427617
https://entity.api.hubmapconsortium.org/entities/d1a6c08673e5d707d2f06ef75b8e6594,http://purl.org/ccf/1.5/3bcbcc3c-ad26-411d-b4c1-5d5a37971000,right kidney,UBERON:0004539,sc_bulk,https://purl.org/ccf/ASCTB-TEMP_mast,Mast,559.865368,7.108528711361907E-4
https://entity.api.hubmapconsortium.org/entities/d1a6c08673e5d707d2f06ef75b8e6594,http://purl.org/ccf/1.5/3bcbcc3c-ad26-411d-b4c1-5d5a37971000,right kidney,UBERON:0004539,sc_bulk,https://purl.org/ccf/ASCTB-TEMP_b,B,429.01578,5.447150625964998E-4
https://entity.api.hubmapconsortium.org/entities/d1a6c08673e5d707d2f06ef75b8e6594,http://purl.org/ccf/1.5/3bcbcc3c-ad26-411d-b4c1-5d5a37971000,right kidney,UBERON:0004539,sc_bulk,https://purl.org/ccf/ASCTB-TEMP_schwann-neural,Schwann / Neural,369.9120599999999,4.696719335547521E-4
https://entity.api.hubmapconsortium.org/entities/d1a6c08673e5d707d2f06ef75b8e6594,http://purl.org/ccf/1.5/3bcbcc3c-ad26-411d-b4c1-5d5a37971000,right kidney,UBERON:0004539,sc_bulk,https://purl.org/ccf/ASCTB-TEMP_plasma,Plasma,329.6618799999999,4.185668685657198E-4
https://entity.api.hubmapconsortium.org/entities/d1a6c08673e5d707d2f06ef75b8e6594,http://purl.org/ccf/1.5/3bcbcc3c-ad26-411d-b4c1-5d5a37971000,right kidney,UBERON:0004539,sc_bulk,https://purl.org/ccf/ASCTB-TEMP_lymphatic-endothelial,Lymphatic Endothelial,329.192704,4.179711626590309E-4
https://entity.api.hubmapconsortium.org/entities/d1a6c08673e5d707d2f06ef75b8e6594,http://purl.org/ccf/1.5/3bcbcc3c-ad26-411d-b4c1-5d5a37971000,right kidney,UBERON:0004539,sc_bulk,https://purl.org/ccf/ASCTB-TEMP_tissue-resident-macrophage,Tissue-resident Macrophage,318.612024,4.045370279786852E-4
https://entity.api.hubmapconsortium.org/entities/d1a6c08673e5d707d2f06ef75b8e6594,http://purl.org/ccf/1.5/3bcbcc3c-ad26-411d-b4c1-5d5a37971000,right kidney,UBERON:0004539,sc_bulk,https://purl.org/ccf/ASCTB-TEMP_papillary-tip-epithelial,Papillary Tip Epithelial,182.261036,2.314141723030395E-4
https://entity.api.hubmapconsortium.org/entities/d1a6c08673e5d707d2f06ef75b8e6594,http://purl.org/ccf/1.5/3bcbcc3c-ad26-411d-b4c1-5d5a37971000,right kidney,UBERON:0004539,sc_bulk,https://purl.org/ccf/ASCTB-TEMP_connecting-tubule-intercalated-type-a,Connecting Tubule Intercalated Type A,169.832024,2.156332375094693E-4
https://entity.api.hubmapconsortium.org/entities/d1a6c08673e5d707d2f06ef75b8e6594,http://purl.org/ccf/1.5/3bcbcc3c-ad26-411d-b4c1-5d5a37971000,right kidney,UBERON:0004539,sc_bulk,https://purl.org/ccf/ASCTB-TEMP_natural-killer-natural-killer-t,Natural Killer / Natural Killer T,55.187,7.007012692986032E-5
https://entity.api.hubmapconsortium.org/entities/d1a6c08673e5d707d2f06ef75b8e6594,http://purl.org/ccf/1.5/3bcbcc3c-ad26-411d-b4c1-5d5a37971000,right kidney,UBERON:0004539,sc_bulk,https://purl.org/ccf/ASCTB-TEMP_non-classical-monocyte,Non-classical monocyte,52.246,6.63359822345386E-5
https://entity.api.hubmapconsortium.org/entities/d1a6c08673e5d707d2f06ef75b8e6594,http://purl.org/ccf/1.5/3bcbcc3c-ad26-411d-b4c1-5d5a37971000,right kidney,UBERON:0004539,sc_bulk,https://purl.org/ccf/ASCTB-TEMP_neutrophil,Neutrophil,37.168012,4.719168134833514E-5
https://entity.api.hubmapconsortium.org/entities/d1a6c08673e5d707d2f06ef75b8e6594,http://purl.org/ccf/1.5/3bcbcc3c-ad26-411d-b4c1-5d5a37971000,right kidney,UBERON:0004539,sc_bulk,https://purl.org/ccf/ASCTB-TEMP_renin-positive-juxtaglomerular-granular,Renin-positive Juxtaglomerular Granular,35.62416,4.523147503886156E-5
https://entity.api.hubmapconsortium.org/entities/d1a6c08673e5d707d2f06ef75b8e6594,http://purl.org/ccf/1.5/3bcbcc3c-ad26-411d-b4c1-5d5a37971000,right kidney,UBERON:0004539,sc_bulk,https://purl.org/ccf/ASCTB-TEMP_monocyte,Monocyte,32.471408,4.122847192547668E-5
https://entity.api.hubmapconsortium.org/entities/d1a6c08673e5d707d2f06ef75b8e6594,http://purl.org/ccf/1.5/3bcbcc3c-ad26-411d-b4c1-5d5a37971000,right kidney,UBERON:0004539,sc_bulk,https://purl.org/ccf/ASCTB-TEMP_natural-killer-t,Natural Killer T,29.993356,3.808212553631267E-5
https://entity.api.hubmapconsortium.org/entities/d1a6c08673e5d707d2f06ef75b8e6594,http://purl.org/ccf/1.5/3bcbcc3c-ad26-411d-b4c1-5d5a37971000,right kidney,UBERON:0004539,sc_bulk,https://purl.org/ccf/ASCTB-TEMP_plasmacytoid-dendritic,Plasmacytoid Dendritic,26.9015,3.415644118367799E-5
https://entity.api.hubmapconsortium.org/entities/d1a6c08673e5d707d2f06ef75b8e6594,http://purl.org/ccf/1.5/3bcbcc3c-ad26-411d-b4c1-5d5a37971000,right kidney,UBERON:0004539,sc_bulk,https://purl.org/ccf/ASCTB-TEMP_cycling-mononuclear-phagocyte,Cycling Mononuclear Phagocyte,14.379068,1.825689238213878E-5
https://entity.api.hubmapconsortium.org/entities/ddc6db704d6b031979c121d2a5f15b0b,http://purl.org/ccf/1.5/b5ba9c77-bf58-49bd-b686-7868f9a5c05a,left kidney,UBERON:0004538,sc_bulk,https://purl.org/ccf/ASCTB-TEMP_descending-thin-limb-type-1,Descending Thin Limb Type 1,49.512866,0.2173191521460361
https://entity.api.hubmapconsortium.org/entities/ddc6db704d6b031979c121d2a5f15b0b,http://purl.org/ccf/1.5/b5ba9c77-bf58-49bd-b686-7868f9a5c05a,left kidney,UBERON:0004538,sc_bulk,https://purl.org/ccf/ASCTB-TEMP_medullary-thick-ascending-limb,Medullary Thick Ascending Limb,48.15517199999999,0.2113600362072867
https://entity.api.hubmapconsortium.org/entities/ddc6db704d6b031979c121d2a5f15b0b,http://purl.org/ccf/1.5/b5ba9c77-bf58-49bd-b686-7868f9a5c05a,left kidney,UBERON:0004538,sc_bulk,https://purl.org/ccf/ASCTB-TEMP_connecting-tubule,Connecting Tubule,33.443956,0.1467903748962812
https://entity.api.hubmapconsortium.org/entities/ddc6db704d6b031979c121d2a5f15b0b,http://purl.org/ccf/1.5/b5ba9c77-bf58-49bd-b686-7868f9a5c05a,left kidney,UBERON:0004538,sc_bulk,https://purl.org/ccf/ASCTB-TEMP_inner-medullary-collecting-duct,Inner Medullary Collecting Duct,30.917614,0.1357018933393679
https://entity.api.hubmapconsortium.org/entities/ddc6db704d6b031979c121d2a5f15b0b,http://purl.org/ccf/1.5/b5ba9c77-bf58-49bd-b686-7868f9a5c05a,left kidney,UBERON:0004538,sc_bulk,https://purl.org/ccf/ASCTB-TEMP_cortical-thick-ascending-limb,Cortical Thick Ascending Limb,16.017352,0.07030248170777702
https://entity.api.hubmapconsortium.org/entities/ddc6db704d6b031979c121d2a5f15b0b,http://purl.org/ccf/1.5/b5ba9c77-bf58-49bd-b686-7868f9a5c05a,left kidney,UBERON:0004538,sc_bulk,https://purl.org/ccf/ASCTB-TEMP_outer-medullary-collecting-duct-principal,Outer Medullary Collecting Duct Principal,8.644558,0.03794221920494833
https://entity.api.hubmapconsortium.org/entities/ddc6db704d6b031979c121d2a5f15b0b,http://purl.org/ccf/1.5/b5ba9c77-bf58-49bd-b686-7868f9a5c05a,left kidney,UBERON:0004538,sc_bulk,https://purl.org/ccf/ASCTB-TEMP_descending-thin-limb-type-2,Descending Thin Limb Type 2,6.61661,0.02904126122048729
https://entity.api.hubmapconsortium.org/entities/ddc6db704d6b031979c121d2a5f15b0b,http://purl.org/ccf/1.5/b5ba9c77-bf58-49bd-b686-7868f9a5c05a,left kidney,UBERON:0004538,sc_bulk,https://purl.org/ccf/ASCTB-TEMP_descending-vasa-recta-endothelial,Descending Vasa Recta Endothelial,5.963542,0.02617485102210153
https://entity.api.hubmapconsortium.org/entities/ddc6db704d6b031979c121d2a5f15b0b,http://purl.org/ccf/1.5/b5ba9c77-bf58-49bd-b686-7868f9a5c05a,left kidney,UBERON:0004538,sc_bulk,https://purl.org/ccf/ASCTB-TEMP_ascending-vasa-recta-endothelial,Ascending Vasa Recta Endothelial,4.863638,0.02134721279324131
https://entity.api.hubmapconsortium.org/entities/ddc6db704d6b031979c121d2a5f15b0b,http://purl.org/ccf/1.5/b5ba9c77-bf58-49bd-b686-7868f9a5c05a,left kidney,UBERON:0004538,sc_bulk,https://purl.org/ccf/ASCTB-TEMP_medullary-fibroblast,Medullary Fibroblast,3.901222,0.01712302934298861
https://entity.api.hubmapconsortium.org/entities/ddc6db704d6b031979c121d2a5f15b0b,http://purl.org/ccf/1.5/b5ba9c77-bf58-49bd-b686-7868f9a5c05a,left kidney,UBERON:0004538,sc_bulk,https://purl.org/ccf/ASCTB-TEMP_proximal-tubule-epithelial-segment-3,Proximal Tubule Epithelial Segment 3,3.35127,0.0147092102285585
https://entity.api.hubmapconsortium.org/entities/ddc6db704d6b031979c121d2a5f15b0b,http://purl.org/ccf/1.5/b5ba9c77-bf58-49bd-b686-7868f9a5c05a,left kidney,UBERON:0004538,sc_bulk,https://purl.org/ccf/ASCTB-TEMP_peritubular-capilary-endothelial,Peritubular Capilary Endothelial,2.23418,0.009806140152372333
https://entity.api.hubmapconsortium.org/entities/ddc6db704d6b031979c121d2a5f15b0b,http://purl.org/ccf/1.5/b5ba9c77-bf58-49bd-b686-7868f9a5c05a,left kidney,UBERON:0004538,sc_bulk,https://purl.org/ccf/ASCTB-TEMP_vascular-smooth-muscle-pericyte,Vascular Smooth Muscle / Pericyte,2.113878,0.009278117221090745
https://entity.api.hubmapconsortium.org/entities/ddc6db704d6b031979c121d2a5f15b0b,http://purl.org/ccf/1.5/b5ba9c77-bf58-49bd-b686-7868f9a5c05a,left kidney,UBERON:0004538,sc_bulk,https://purl.org/ccf/ASCTB-TEMP_distal-convoluted-tubule-type-1,Distal Convoluted Tubule Type 1,1.752972,0.007694048427245983
https://entity.api.hubmapconsortium.org/entities/ddc6db704d6b031979c121d2a5f15b0b,http://purl.org/ccf/1.5/b5ba9c77-bf58-49bd-b686-7868f9a5c05a,left kidney,UBERON:0004538,sc_bulk,https://purl.org/ccf/ASCTB-TEMP_outer-medullary-collecting-duct-intercalated-type-a,Outer Medullary Collecting Duct Intercalated Type A,1.563926,0.006864298106660632
https://entity.api.hubmapconsortium.org/entities/ddc6db704d6b031979c121d2a5f15b0b,http://purl.org/ccf/1.5/b5ba9c77-bf58-49bd-b686-7868f9a5c05a,left kidney,UBERON:0004538,sc_bulk,https://purl.org/ccf/ASCTB-TEMP_cortical-collecting-duct-intercalated-type-a,Cortical Collecting Duct Intercalated Type A,1.392066,0.006109979633401221
https://entity.api.hubmapconsortium.org/entities/ddc6db704d6b031979c121d2a5f15b0b,http://purl.org/ccf/1.5/b5ba9c77-bf58-49bd-b686-7868f9a5c05a,left kidney,UBERON:0004538,sc_bulk,https://purl.org/ccf/ASCTB-TEMP_cortical-collecting-duct-principal,Cortical Collecting Duct Principal,1.340508,0.005883684091423399
https://entity.api.hubmapconsortium.org/entities/ddc6db704d6b031979c121d2a5f15b0b,http://purl.org/ccf/1.5/b5ba9c77-bf58-49bd-b686-7868f9a5c05a,left kidney,UBERON:0004538,sc_bulk,https://purl.org/ccf/ASCTB-TEMP_fibroblast,Fibroblast,1.28895,0.005657388549445576
https://entity.api.hubmapconsortium.org/entities/ddc6db704d6b031979c121d2a5f15b0b,http://purl.org/ccf/1.5/b5ba9c77-bf58-49bd-b686-7868f9a5c05a,left kidney,UBERON:0004538,sc_bulk,https://purl.org/ccf/ASCTB-TEMP_proximal-tubule-epithelial-segment-1,Proximal Tubule Epithelial Segment 1,0.653068,0.002866410198385759
https://entity.api.hubmapconsortium.org/entities/ddc6db704d6b031979c121d2a5f15b0b,http://purl.org/ccf/1.5/b5ba9c77-bf58-49bd-b686-7868f9a5c05a,left kidney,UBERON:0004538,sc_bulk,https://purl.org/ccf/ASCTB-TEMP_afferent-efferent-arteriole-endothelial,Afferent / Efferent Arteriole Endothelial,0.567138,0.002489250961756053
https://entity.api.hubmapconsortium.org/entities/ddc6db704d6b031979c121d2a5f15b0b,http://purl.org/ccf/1.5/b5ba9c77-bf58-49bd-b686-7868f9a5c05a,left kidney,UBERON:0004538,sc_bulk,https://purl.org/ccf/ASCTB-TEMP_macula-densa,Macula Densa,0.567138,0.002489250961756053
https://entity.api.hubmapconsortium.org/entities/ddc6db704d6b031979c121d2a5f15b0b,http://purl.org/ccf/1.5/b5ba9c77-bf58-49bd-b686-7868f9a5c05a,left kidney,UBERON:0004538,sc_bulk,https://purl.org/ccf/ASCTB-TEMP_tissue-resident-macrophage,Tissue-resident Macrophage,0.481208,0.002112091725126349
https://entity.api.hubmapconsortium.org/entities/ddc6db704d6b031979c121d2a5f15b0b,http://purl.org/ccf/1.5/b5ba9c77-bf58-49bd-b686-7868f9a5c05a,left kidney,UBERON:0004538,sc_bulk,https://purl.org/ccf/ASCTB-TEMP_connecting-tubule-principal,Connecting Tubule Principal,0.446836,0.001961228030474466
https://entity.api.hubmapconsortium.org/entities/ddc6db704d6b031979c121d2a5f15b0b,http://purl.org/ccf/1.5/b5ba9c77-bf58-49bd-b686-7868f9a5c05a,left kidney,UBERON:0004538,sc_bulk,https://purl.org/ccf/ASCTB-TEMP_glomerular-capillary-endothelial,Glomerular Capillary Endothelial,0.34372,0.00150863694651882
https://entity.api.hubmapconsortium.org/entities/ddc6db704d6b031979c121d2a5f15b0b,http://purl.org/ccf/1.5/b5ba9c77-bf58-49bd-b686-7868f9a5c05a,left kidney,UBERON:0004538,sc_bulk,https://purl.org/ccf/ASCTB-TEMP_monocyte-derived,Monocyte-derived,0.274976,0.001206909557215056
https://entity.api.hubmapconsortium.org/entities/ddc6db704d6b031979c121d2a5f15b0b,http://purl.org/ccf/1.5/b5ba9c77-bf58-49bd-b686-7868f9a5c05a,left kidney,UBERON:0004538,sc_bulk,https://purl.org/ccf/ASCTB-TEMP_lymphatic-endothelial,Lymphatic Endothelial,0.189046,8.297503205853512E-4
https://entity.api.hubmapconsortium.org/entities/ddc6db704d6b031979c121d2a5f15b0b,http://purl.org/ccf/1.5/b5ba9c77-bf58-49bd-b686-7868f9a5c05a,left kidney,UBERON:0004538,sc_bulk,https://purl.org/ccf/ASCTB-TEMP_cortical-vascular-smooth-muscle-pericyte,Cortical Vascular Smooth Muscle / Pericyte,0.17186,7.543184732594102E-4
https://entity.api.hubmapconsortium.org/entities/ddc6db704d6b031979c121d2a5f15b0b,http://purl.org/ccf/1.5/b5ba9c77-bf58-49bd-b686-7868f9a5c05a,left kidney,UBERON:0004538,sc_bulk,https://purl.org/ccf/ASCTB-TEMP_podocyte,Podocyte,0.17186,7.543184732594101E-4
https://entity.api.hubmapconsortium.org/entities/ddc6db704d6b031979c121d2a5f15b0b,http://purl.org/ccf/1.5/b5ba9c77-bf58-49bd-b686-7868f9a5c05a,left kidney,UBERON:0004538,sc_bulk,https://purl.org/ccf/ASCTB-TEMP_t,T,0.137488,6.034547786075281E-4
https://entity.api.hubmapconsortium.org/entities/ddc6db704d6b031979c121d2a5f15b0b,http://purl.org/ccf/1.5/b5ba9c77-bf58-49bd-b686-7868f9a5c05a,left kidney,UBERON:0004538,sc_bulk,https://purl.org/ccf/ASCTB-TEMP_parietal-epithelial,Parietal Epithelial,0.137488,6.034547786075281E-4
https://entity.api.hubmapconsortium.org/entities/ddc6db704d6b031979c121d2a5f15b0b,http://purl.org/ccf/1.5/b5ba9c77-bf58-49bd-b686-7868f9a5c05a,left kidney,UBERON:0004538,sc_bulk,https://purl.org/ccf/ASCTB-TEMP_monocyte,Monocyte,0.103116,4.525910839556461E-4
https://entity.api.hubmapconsortium.org/entities/ddc6db704d6b031979c121d2a5f15b0b,http://purl.org/ccf/1.5/b5ba9c77-bf58-49bd-b686-7868f9a5c05a,left kidney,UBERON:0004538,sc_bulk,https://purl.org/ccf/ASCTB-TEMP_natural-killer-natural-killer-t,Natural Killer / Natural Killer T,0.08593,3.771592366297051E-4
https://entity.api.hubmapconsortium.org/entities/ddc6db704d6b031979c121d2a5f15b0b,http://purl.org/ccf/1.5/b5ba9c77-bf58-49bd-b686-7868f9a5c05a,left kidney,UBERON:0004538,sc_bulk,https://purl.org/ccf/ASCTB-TEMP_descending-thin-limb-type-3,Descending Thin Limb Type 3,0.068744,3.01727389303764E-4
https://entity.api.hubmapconsortium.org/entities/ddc6db704d6b031979c121d2a5f15b0b,http://purl.org/ccf/1.5/b5ba9c77-bf58-49bd-b686-7868f9a5c05a,left kidney,UBERON:0004538,sc_bulk,https://purl.org/ccf/ASCTB-TEMP_schwann-neural,Schwann / Neural,0.068744,3.01727389303764E-4
https://entity.api.hubmapconsortium.org/entities/ddc6db704d6b031979c121d2a5f15b0b,http://purl.org/ccf/1.5/b5ba9c77-bf58-49bd-b686-7868f9a5c05a,left kidney,UBERON:0004538,sc_bulk,https://purl.org/ccf/ASCTB-TEMP_distal-convoluted-tubule-type-2,Distal Convoluted Tubule Type 2,0.051558,2.26295541977823E-4
https://entity.api.hubmapconsortium.org/entities/ddc6db704d6b031979c121d2a5f15b0b,http://purl.org/ccf/1.5/b5ba9c77-bf58-49bd-b686-7868f9a5c05a,left kidney,UBERON:0004538,sc_bulk,https://purl.org/ccf/ASCTB-TEMP_intercalated-type-b,Intercalated Type B,0.051558,2.26295541977823E-4
https://entity.api.hubmapconsortium.org/entities/ddc6db704d6b031979c121d2a5f15b0b,http://purl.org/ccf/1.5/b5ba9c77-bf58-49bd-b686-7868f9a5c05a,left kidney,UBERON:0004538,sc_bulk,https://purl.org/ccf/ASCTB-TEMP_b,B,0.034372,1.50863694651882E-4
https://entity.api.hubmapconsortium.org/entities/ddc6db704d6b031979c121d2a5f15b0b,http://purl.org/ccf/1.5/b5ba9c77-bf58-49bd-b686-7868f9a5c05a,left kidney,UBERON:0004538,sc_bulk,https://purl.org/ccf/ASCTB-TEMP_mesangial,Mesangial,0.034372,1.50863694651882E-4
https://entity.api.hubmapconsortium.org/entities/ddc6db704d6b031979c121d2a5f15b0b,http://purl.org/ccf/1.5/b5ba9c77-bf58-49bd-b686-7868f9a5c05a,left kidney,UBERON:0004538,sc_bulk,https://purl.org/ccf/ASCTB-TEMP_proximal-tubule-epithelial-segment-2,Proximal Tubule Epithelial Segment 2,0.034372,1.50863694651882E-4
https://entity.api.hubmapconsortium.org/entities/ddc6db704d6b031979c121d2a5f15b0b,http://purl.org/ccf/1.5/b5ba9c77-bf58-49bd-b686-7868f9a5c05a,left kidney,UBERON:0004538,sc_bulk,https://purl.org/ccf/ASCTB-TEMP_cycling-mononuclear-phagocyte,Cycling Mononuclear Phagocyte,0.017186,7.543184732594101E-5
https://entity.api.hubmapconsortium.org/entities/ddc6db704d6b031979c121d2a5f15b0b,http://purl.org/ccf/1.5/b5ba9c77-bf58-49bd-b686-7868f9a5c05a,left kidney,UBERON:0004538,sc_bulk,https://purl.org/ccf/ASCTB-TEMP_mast,Mast,0.017186,7.543184732594101E-5
https://entity.api.hubmapconsortium.org/entities/ddc6db704d6b031979c121d2a5f15b0b,http://purl.org/ccf/1.5/b5ba9c77-bf58-49bd-b686-7868f9a5c05a,left kidney,UBERON:0004538,sc_bulk,https://purl.org/ccf/ASCTB-TEMP_m2-macrophage,M2 Macrophage,0.017186,7.543184732594101E-5
https://entity.api.hubmapconsortium.org/entities/ddc6db704d6b031979c121d2a5f15b0b,http://purl.org/ccf/1.5/b5ba9c77-bf58-49bd-b686-7868f9a5c05a,left kidney,UBERON:0004538,sc_bulk,https://purl.org/ccf/ASCTB-TEMP_plasma,Plasma,0.017186,7.543184732594101E-5
https://entity.api.hubmapconsortium.org/entities/ddc6db704d6b031979c121d2a5f15b0b,http://purl.org/ccf/1.5/b5ba9c77-bf58-49bd-b686-7868f9a5c05a,left kidney,UBERON:0004538,sc_bulk,https://purl.org/ccf/ASCTB-TEMP_ascending-thin-limb,Ascending Thin Limb,0.017186,7.543184732594101E-5
https://entity.api.hubmapconsortium.org/entities/df96f02667e0a3b40332dcaa6a91f850,http://purl.org/ccf/1.5/e2bb4165-7965-4c87-bf44-6fb9dfbd950d,small intestine,UBERON:0002108,spatial,https://purl.org/ccf/ASCTB-TEMP_enterocyte,Enterocyte,8905.73442,0.2763706855717201
https://entity.api.hubmapconsortium.org/entities/df96f02667e0a3b40332dcaa6a91f850,http://purl.org/ccf/1.5/e2bb4165-7965-4c87-bf44-6fb9dfbd950d,small intestine,UBERON:0002108,spatial,https://purl.org/ccf/ASCTB-TEMP_smooth-muscle,Smooth muscle,3092.25774,0.0959616974035318
https://entity.api.hubmapconsortium.org/entities/df96f02667e0a3b40332dcaa6a91f850,http://purl.org/ccf/1.5/e2bb4165-7965-4c87-bf44-6fb9dfbd950d,small intestine,UBERON:0002108,spatial,https://purl.org/ccf/ASCTB-TEMP_cd8-t,CD8+ T,2541.72996,0.07887722881179075
https://entity.api.hubmapconsortium.org/entities/df96f02667e0a3b40332dcaa6a91f850,http://purl.org/ccf/1.5/e2bb4165-7965-4c87-bf44-6fb9dfbd950d,small intestine,UBERON:0002108,spatial,https://purl.org/ccf/ASCTB-TEMP_endothelial,Endothelial,2505.36858,0.07774883006947413
https://entity.api.hubmapconsortium.org/entities/df96f02667e0a3b40332dcaa6a91f850,http://purl.org/ccf/1.5/e2bb4165-7965-4c87-bf44-6fb9dfbd950d,small intestine,UBERON:0002108,spatial,https://purl.org/ccf/ASCTB-TEMP_stroma,Stroma,2488.803240000001,0.07723475967880011
https://entity.api.hubmapconsortium.org/entities/df96f02667e0a3b40332dcaa6a91f850,http://purl.org/ccf/1.5/e2bb4165-7965-4c87-bf44-6fb9dfbd950d,small intestine,UBERON:0002108,spatial,https://purl.org/ccf/ASCTB-TEMP_plasma,Plasma,2179.71006,0.06764270471359678
https://entity.api.hubmapconsortium.org/entities/df96f02667e0a3b40332dcaa6a91f850,http://purl.org/ccf/1.5/e2bb4165-7965-4c87-bf44-6fb9dfbd950d,small intestine,UBERON:0002108,spatial,https://purl.org/ccf/ASCTB-TEMP_goblet,Goblet,1813.26024,0.05627070739088373
https://entity.api.hubmapconsortium.org/entities/df96f02667e0a3b40332dcaa6a91f850,http://purl.org/ccf/1.5/e2bb4165-7965-4c87-bf44-6fb9dfbd950d,small intestine,UBERON:0002108,spatial,https://purl.org/ccf/ASCTB-TEMP_cd4-t-cell,CD4+ T cell,1445.55642,0.04485979482285093
https://entity.api.hubmapconsortium.org/entities/df96f02667e0a3b40332dcaa6a91f850,http://purl.org/ccf/1.5/e2bb4165-7965-4c87-bf44-6fb9dfbd950d,small intestine,UBERON:0002108,spatial,https://purl.org/ccf/ASCTB-TEMP_m2-macrophage,M2 Macrophage,1345.67664,0.04176023649654811
https://entity.api.hubmapconsortium.org/entities/df96f02667e0a3b40332dcaa6a91f850,http://purl.org/ccf/1.5/e2bb4165-7965-4c87-bf44-6fb9dfbd950d,small intestine,UBERON:0002108,spatial,https://purl.org/ccf/ASCTB-TEMP_cycling-ta,Cycling TA,749.55078,0.02326072765814832
https://entity.api.hubmapconsortium.org/entities/df96f02667e0a3b40332dcaa6a91f850,http://purl.org/ccf/1.5/e2bb4165-7965-4c87-bf44-6fb9dfbd950d,small intestine,UBERON:0002108,spatial,https://purl.org/ccf/ASCTB-TEMP_nerve,Nerve,733.3590000000002,0.02275824991423796
https://entity.api.hubmapconsortium.org/entities/df96f02667e0a3b40332dcaa6a91f850,http://purl.org/ccf/1.5/e2bb4165-7965-4c87-bf44-6fb9dfbd950d,small intestine,UBERON:0002108,spatial,https://purl.org/ccf/ASCTB-TEMP_ta,TA,673.1617200000001,0.02089015428522494
https://entity.api.hubmapconsortium.org/entities/df96f02667e0a3b40332dcaa6a91f850,http://purl.org/ccf/1.5/e2bb4165-7965-4c87-bf44-6fb9dfbd950d,small intestine,UBERON:0002108,spatial,https://purl.org/ccf/ASCTB-TEMP_lymphatic,Lymphatic,655.61298,0.02034556614953698
https://entity.api.hubmapconsortium.org/entities/df96f02667e0a3b40332dcaa6a91f850,http://purl.org/ccf/1.5/e2bb4165-7965-4c87-bf44-6fb9dfbd950d,small intestine,UBERON:0002108,spatial,https://purl.org/ccf/ASCTB-TEMP_muc1-enterocyte,MUC1+ Enterocyte,533.27274,0.01654899481614113
https://entity.api.hubmapconsortium.org/entities/df96f02667e0a3b40332dcaa6a91f850,http://purl.org/ccf/1.5/e2bb4165-7965-4c87-bf44-6fb9dfbd950d,small intestine,UBERON:0002108,spatial,https://purl.org/ccf/ASCTB-TEMP_m1-macrophage,M1 Macrophage,454.9881600000001,0.01411959797766072
https://entity.api.hubmapconsortium.org/entities/df96f02667e0a3b40332dcaa6a91f850,http://purl.org/ccf/1.5/e2bb4165-7965-4c87-bf44-6fb9dfbd950d,small intestine,UBERON:0002108,spatial,https://purl.org/ccf/ASCTB-TEMP_paneth,Paneth,399.95208,0.01241166930570061
https://entity.api.hubmapconsortium.org/entities/df96f02667e0a3b40332dcaa6a91f850,http://purl.org/ccf/1.5/e2bb4165-7965-4c87-bf44-6fb9dfbd950d,small intestine,UBERON:0002108,spatial,https://purl.org/ccf/ASCTB-TEMP_icc,ICC,356.18088,0.01105332242696033
https://entity.api.hubmapconsortium.org/entities/df96f02667e0a3b40332dcaa6a91f850,http://purl.org/ccf/1.5/e2bb4165-7965-4c87-bf44-6fb9dfbd950d,small intestine,UBERON:0002108,spatial,https://purl.org/ccf/ASCTB-TEMP_neuroendocrine,Neuroendocrine,308.83974,0.009584189989307112
https://entity.api.hubmapconsortium.org/entities/df96f02667e0a3b40332dcaa6a91f850,http://purl.org/ccf/1.5/e2bb4165-7965-4c87-bf44-6fb9dfbd950d,small intestine,UBERON:0002108,spatial,https://purl.org/ccf/ASCTB-TEMP_dc,DC,252.59586,0.007838779791591654
https://entity.api.hubmapconsortium.org/entities/df96f02667e0a3b40332dcaa6a91f850,http://purl.org/ccf/1.5/e2bb4165-7965-4c87-bf44-6fb9dfbd950d,small intestine,UBERON:0002108,spatial,https://purl.org/ccf/ASCTB-TEMP_neutrophil,Neutrophil,214.38516,0.006652991303282419
https://entity.api.hubmapconsortium.org/entities/df96f02667e0a3b40332dcaa6a91f850,http://purl.org/ccf/1.5/e2bb4165-7965-4c87-bf44-6fb9dfbd950d,small intestine,UBERON:0002108,spatial,https://purl.org/ccf/ASCTB-TEMP_cd66-enterocyte,CD66+ Enterocyte,201.47028,0.00625220523990501
https://entity.api.hubmapconsortium.org/entities/df96f02667e0a3b40332dcaa6a91f850,http://purl.org/ccf/1.5/e2bb4165-7965-4c87-bf44-6fb9dfbd950d,small intestine,UBERON:0002108,spatial,https://purl.org/ccf/ASCTB-TEMP_cd7-immune,CD7+ Immune,158.16702,0.004908379892181421
https://entity.api.hubmapconsortium.org/entities/df96f02667e0a3b40332dcaa6a91f850,http://purl.org/ccf/1.5/e2bb4165-7965-4c87-bf44-6fb9dfbd950d,small intestine,UBERON:0002108,spatial,https://purl.org/ccf/ASCTB-TEMP_cd57-enterocyte,CD57+ Enterocyte,124.23444,0.003855353835536758
https://entity.api.hubmapconsortium.org/entities/df96f02667e0a3b40332dcaa6a91f850,http://purl.org/ccf/1.5/e2bb4165-7965-4c87-bf44-6fb9dfbd950d,small intestine,UBERON:0002108,spatial,https://purl.org/ccf/ASCTB-TEMP_nk,NK,59.07462000000002,0.001833256243597802
https://entity.api.hubmapconsortium.org/entities/df96f02667e0a3b40332dcaa6a91f850,http://purl.org/ccf/1.5/e2bb4165-7965-4c87-bf44-6fb9dfbd950d,small intestine,UBERON:0002108,spatial,https://purl.org/ccf/ASCTB-TEMP_b,B,30.93221999999999,9.599162117901185E-4
https://entity.api.hubmapconsortium.org/entities/e5cfb9e63962e3f41f7bc889fa54cf98,http://purl.org/ccf/1.5/e6c247f7-694a-4477-8ba7-84d04bc9c3bd,left kidney,UBERON:0004538,sc_bulk,https://purl.org/ccf/ASCTB-TEMP_inner-medullary-collecting-duct,Inner Medullary Collecting Duct,1346.60467,0.2886076777194523
https://entity.api.hubmapconsortium.org/entities/e5cfb9e63962e3f41f7bc889fa54cf98,http://purl.org/ccf/1.5/e6c247f7-694a-4477-8ba7-84d04bc9c3bd,left kidney,UBERON:0004538,sc_bulk,https://purl.org/ccf/ASCTB-TEMP_descending-thin-limb-type-1,Descending Thin Limb Type 1,685.5811799999999,0.1469354716020417
https://entity.api.hubmapconsortium.org/entities/e5cfb9e63962e3f41f7bc889fa54cf98,http://purl.org/ccf/1.5/e6c247f7-694a-4477-8ba7-84d04bc9c3bd,left kidney,UBERON:0004538,sc_bulk,https://purl.org/ccf/ASCTB-TEMP_medullary-thick-ascending-limb,Medullary Thick Ascending Limb,580.9006800000002,0.1245000852703494
https://entity.api.hubmapconsortium.org/entities/e5cfb9e63962e3f41f7bc889fa54cf98,http://purl.org/ccf/1.5/e6c247f7-694a-4477-8ba7-84d04bc9c3bd,left kidney,UBERON:0004538,sc_bulk,https://purl.org/ccf/ASCTB-TEMP_connecting-tubule,Connecting Tubule,545.3680200000001,0.1168846367914763
https://entity.api.hubmapconsortium.org/entities/e5cfb9e63962e3f41f7bc889fa54cf98,http://purl.org/ccf/1.5/e6c247f7-694a-4477-8ba7-84d04bc9c3bd,left kidney,UBERON:0004538,sc_bulk,https://purl.org/ccf/ASCTB-TEMP_fibroblast,Fibroblast,250.72609,0.05373624211371433
https://entity.api.hubmapconsortium.org/entities/e5cfb9e63962e3f41f7bc889fa54cf98,http://purl.org/ccf/1.5/e6c247f7-694a-4477-8ba7-84d04bc9c3bd,left kidney,UBERON:0004538,sc_bulk,https://purl.org/ccf/ASCTB-TEMP_cortical-thick-ascending-limb,Cortical Thick Ascending Limb,181.42986,0.03888450094530368
https://entity.api.hubmapconsortium.org/entities/e5cfb9e63962e3f41f7bc889fa54cf98,http://purl.org/ccf/1.5/e6c247f7-694a-4477-8ba7-84d04bc9c3bd,left kidney,UBERON:0004538,sc_bulk,https://purl.org/ccf/ASCTB-TEMP_medullary-fibroblast,Medullary Fibroblast,157.91413,0.03384455093148286
https://entity.api.hubmapconsortium.org/entities/e5cfb9e63962e3f41f7bc889fa54cf98,http://purl.org/ccf/1.5/e6c247f7-694a-4477-8ba7-84d04bc9c3bd,left kidney,UBERON:0004538,sc_bulk,https://purl.org/ccf/ASCTB-TEMP_descending-thin-limb-type-2,Descending Thin Limb Type 2,134.98398,0.02893010388648732
https://entity.api.hubmapconsortium.org/entities/e5cfb9e63962e3f41f7bc889fa54cf98,http://purl.org/ccf/1.5/e6c247f7-694a-4477-8ba7-84d04bc9c3bd,left kidney,UBERON:0004538,sc_bulk,https://purl.org/ccf/ASCTB-TEMP_proximal-tubule-epithelial-segment-3,Proximal Tubule Epithelial Segment 3,86.04092999999999,0.0184405071134366
https://entity.api.hubmapconsortium.org/entities/e5cfb9e63962e3f41f7bc889fa54cf98,http://purl.org/ccf/1.5/e6c247f7-694a-4477-8ba7-84d04bc9c3bd,left kidney,UBERON:0004538,sc_bulk,https://purl.org/ccf/ASCTB-TEMP_outer-medullary-collecting-duct-principal,Outer Medullary Collecting Duct Principal,82.79668,0.01774519134682684
https://entity.api.hubmapconsortium.org/entities/e5cfb9e63962e3f41f7bc889fa54cf98,http://purl.org/ccf/1.5/e6c247f7-694a-4477-8ba7-84d04bc9c3bd,left kidney,UBERON:0004538,sc_bulk,https://purl.org/ccf/ASCTB-TEMP_distal-convoluted-tubule-type-1,Distal Convoluted Tubule Type 1,74.90217999999999,0.01605322238034745
https://entity.api.hubmapconsortium.org/entities/e5cfb9e63962e3f41f7bc889fa54cf98,http://purl.org/ccf/1.5/e6c247f7-694a-4477-8ba7-84d04bc9c3bd,left kidney,UBERON:0004538,sc_bulk,https://purl.org/ccf/ASCTB-TEMP_papillary-tip-epithelial,Papillary Tip Epithelial,67.99169,0.01457214889587521
https://entity.api.hubmapconsortium.org/entities/e5cfb9e63962e3f41f7bc889fa54cf98,http://purl.org/ccf/1.5/e6c247f7-694a-4477-8ba7-84d04bc9c3bd,left kidney,UBERON:0004538,sc_bulk,https://purl.org/ccf/ASCTB-TEMP_proximal-tubule-epithelial-segment-1,Proximal Tubule Epithelial Segment 1,67.07627,0.01437595379405818
https://entity.api.hubmapconsortium.org/entities/e5cfb9e63962e3f41f7bc889fa54cf98,http://purl.org/ccf/1.5/e6c247f7-694a-4477-8ba7-84d04bc9c3bd,left kidney,UBERON:0004538,sc_bulk,https://purl.org/ccf/ASCTB-TEMP_descending-vasa-recta-endothelial,Descending Vasa Recta Endothelial,58.02524,0.01243611442808517
https://entity.api.hubmapconsortium.org/entities/e5cfb9e63962e3f41f7bc889fa54cf98,http://purl.org/ccf/1.5/e6c247f7-694a-4477-8ba7-84d04bc9c3bd,left kidney,UBERON:0004538,sc_bulk,https://purl.org/ccf/ASCTB-TEMP_ascending-vasa-recta-endothelial,Ascending Vasa Recta Endothelial,47.23228999999999,0.01012294241506804
https://entity.api.hubmapconsortium.org/entities/e5cfb9e63962e3f41f7bc889fa54cf98,http://purl.org/ccf/1.5/e6c247f7-694a-4477-8ba7-84d04bc9c3bd,left kidney,UBERON:0004538,sc_bulk,https://purl.org/ccf/ASCTB-TEMP_cortical-collecting-duct-principal,Cortical Collecting Duct Principal,42.97876,0.009211315236907418
https://entity.api.hubmapconsortium.org/entities/e5cfb9e63962e3f41f7bc889fa54cf98,http://purl.org/ccf/1.5/e6c247f7-694a-4477-8ba7-84d04bc9c3bd,left kidney,UBERON:0004538,sc_bulk,https://purl.org/ccf/ASCTB-TEMP_vascular-smooth-muscle-pericyte,Vascular Smooth Muscle / Pericyte,41.24330000000001,0.00883936711320531
https://entity.api.hubmapconsortium.org/entities/e5cfb9e63962e3f41f7bc889fa54cf98,http://purl.org/ccf/1.5/e6c247f7-694a-4477-8ba7-84d04bc9c3bd,left kidney,UBERON:0004538,sc_bulk,https://purl.org/ccf/ASCTB-TEMP_mesangial,Mesangial,31.44481,0.00673933025230739
https://entity.api.hubmapconsortium.org/entities/e5cfb9e63962e3f41f7bc889fa54cf98,http://purl.org/ccf/1.5/e6c247f7-694a-4477-8ba7-84d04bc9c3bd,left kidney,UBERON:0004538,sc_bulk,https://purl.org/ccf/ASCTB-TEMP_peritubular-capilary-endothelial,Peritubular Capilary Endothelial,27.46336,0.005886015939610024
https://entity.api.hubmapconsortium.org/entities/e5cfb9e63962e3f41f7bc889fa54cf98,http://purl.org/ccf/1.5/e6c247f7-694a-4477-8ba7-84d04bc9c3bd,left kidney,UBERON:0004538,sc_bulk,https://purl.org/ccf/ASCTB-TEMP_m2-macrophage,M2 Macrophage,26.33666,0.005644538780254483
https://entity.api.hubmapconsortium.org/entities/e5cfb9e63962e3f41f7bc889fa54cf98,http://purl.org/ccf/1.5/e6c247f7-694a-4477-8ba7-84d04bc9c3bd,left kidney,UBERON:0004538,sc_bulk,https://purl.org/ccf/ASCTB-TEMP_cortical-vascular-smooth-muscle-pericyte,Cortical Vascular Smooth Muscle / Pericyte,21.20153000000001,0.004543964887184967
https://entity.api.hubmapconsortium.org/entities/e5cfb9e63962e3f41f7bc889fa54cf98,http://purl.org/ccf/1.5/e6c247f7-694a-4477-8ba7-84d04bc9c3bd,left kidney,UBERON:0004538,sc_bulk,https://purl.org/ccf/ASCTB-TEMP_cortical-collecting-duct-intercalated-type-a,Cortical Collecting Duct Intercalated Type A,20.06875,0.00430118464703695
https://entity.api.hubmapconsortium.org/entities/e5cfb9e63962e3f41f7bc889fa54cf98,http://purl.org/ccf/1.5/e6c247f7-694a-4477-8ba7-84d04bc9c3bd,left kidney,UBERON:0004538,sc_bulk,https://purl.org/ccf/ASCTB-TEMP_outer-medullary-collecting-duct-intercalated-type-a,Outer Medullary Collecting Duct Intercalated Type A,16.11143,0.003453041936234719
https://entity.api.hubmapconsortium.org/entities/e5cfb9e63962e3f41f7bc889fa54cf98,http://purl.org/ccf/1.5/e6c247f7-694a-4477-8ba7-84d04bc9c3bd,left kidney,UBERON:0004538,sc_bulk,https://purl.org/ccf/ASCTB-TEMP_ascending-thin-limb,Ascending Thin Limb,11.78114,0.002524963363069094
https://entity.api.hubmapconsortium.org/entities/e5cfb9e63962e3f41f7bc889fa54cf98,http://purl.org/ccf/1.5/e6c247f7-694a-4477-8ba7-84d04bc9c3bd,left kidney,UBERON:0004538,sc_bulk,https://purl.org/ccf/ASCTB-TEMP_macula-densa,Macula Densa,8.916319999999999,0.001910967982164733
https://entity.api.hubmapconsortium.org/entities/e5cfb9e63962e3f41f7bc889fa54cf98,http://purl.org/ccf/1.5/e6c247f7-694a-4477-8ba7-84d04bc9c3bd,left kidney,UBERON:0004538,sc_bulk,https://purl.org/ccf/ASCTB-TEMP_connecting-tubule-principal,Connecting Tubule Principal,7.30341,0.001565285080685948
https://entity.api.hubmapconsortium.org/entities/e5cfb9e63962e3f41f7bc889fa54cf98,http://purl.org/ccf/1.5/e6c247f7-694a-4477-8ba7-84d04bc9c3bd,left kidney,UBERON:0004538,sc_bulk,https://purl.org/ccf/ASCTB-TEMP_afferent-efferent-arteriole-endothelial,Afferent / Efferent Arteriole Endothelial,6.00362,0.001286710840019631
https://entity.api.hubmapconsortium.org/entities/e5cfb9e63962e3f41f7bc889fa54cf98,http://purl.org/ccf/1.5/e6c247f7-694a-4477-8ba7-84d04bc9c3bd,left kidney,UBERON:0004538,sc_bulk,https://purl.org/ccf/ASCTB-TEMP_glomerular-capillary-endothelial,Glomerular Capillary Endothelial,4.85279,0.001040062078768953
https://entity.api.hubmapconsortium.org/entities/e5cfb9e63962e3f41f7bc889fa54cf98,http://purl.org/ccf/1.5/e6c247f7-694a-4477-8ba7-84d04bc9c3bd,left kidney,UBERON:0004538,sc_bulk,https://purl.org/ccf/ASCTB-TEMP_descending-thin-limb-type-3,Descending Thin Limb Type 3,4.82866,0.001034890476873818
https://entity.api.hubmapconsortium.org/entities/e5cfb9e63962e3f41f7bc889fa54cf98,http://purl.org/ccf/1.5/e6c247f7-694a-4477-8ba7-84d04bc9c3bd,left kidney,UBERON:0004538,sc_bulk,https://purl.org/ccf/ASCTB-TEMP_tissue-resident-macrophage,Tissue-resident Macrophage,4.55316,9.758446284647901E-4
https://entity.api.hubmapconsortium.org/entities/e5cfb9e63962e3f41f7bc889fa54cf98,http://purl.org/ccf/1.5/e6c247f7-694a-4477-8ba7-84d04bc9c3bd,left kidney,UBERON:0004538,sc_bulk,https://purl.org/ccf/ASCTB-TEMP_podocyte,Podocyte,4.35993,9.344310920289409E-4
https://entity.api.hubmapconsortium.org/entities/e5cfb9e63962e3f41f7bc889fa54cf98,http://purl.org/ccf/1.5/e6c247f7-694a-4477-8ba7-84d04bc9c3bd,left kidney,UBERON:0004538,sc_bulk,https://purl.org/ccf/ASCTB-TEMP_parietal-epithelial,Parietal Epithelial,3.545780000000001,7.599404296615721E-4
https://entity.api.hubmapconsortium.org/entities/e5cfb9e63962e3f41f7bc889fa54cf98,http://purl.org/ccf/1.5/e6c247f7-694a-4477-8ba7-84d04bc9c3bd,left kidney,UBERON:0004538,sc_bulk,https://purl.org/ccf/ASCTB-TEMP_monocyte-derived,Monocyte-derived,2.76108,5.917615648827546E-4
https://entity.api.hubmapconsortium.org/entities/e5cfb9e63962e3f41f7bc889fa54cf98,http://purl.org/ccf/1.5/e6c247f7-694a-4477-8ba7-84d04bc9c3bd,left kidney,UBERON:0004538,sc_bulk,https://purl.org/ccf/ASCTB-TEMP_t,T,2.57792,5.525062560094421E-4
https://entity.api.hubmapconsortium.org/entities/e5cfb9e63962e3f41f7bc889fa54cf98,http://purl.org/ccf/1.5/e6c247f7-694a-4477-8ba7-84d04bc9c3bd,left kidney,UBERON:0004538,sc_bulk,https://purl.org/ccf/ASCTB-TEMP_intercalated-type-b,Intercalated Type B,2.22889,4.777012742664184E-4
https://entity.api.hubmapconsortium.org/entities/e5cfb9e63962e3f41f7bc889fa54cf98,http://purl.org/ccf/1.5/e6c247f7-694a-4477-8ba7-84d04bc9c3bd,left kidney,UBERON:0004538,sc_bulk,https://purl.org/ccf/ASCTB-TEMP_lymphatic-endothelial,Lymphatic Endothelial,2.09589,4.491963819310257E-4
https://entity.api.hubmapconsortium.org/entities/e5cfb9e63962e3f41f7bc889fa54cf98,http://purl.org/ccf/1.5/e6c247f7-694a-4477-8ba7-84d04bc9c3bd,left kidney,UBERON:0004538,sc_bulk,https://purl.org/ccf/ASCTB-TEMP_monocyte,Monocyte,0.97356,2.086558118950753E-4
https://entity.api.hubmapconsortium.org/entities/e5cfb9e63962e3f41f7bc889fa54cf98,http://purl.org/ccf/1.5/e6c247f7-694a-4477-8ba7-84d04bc9c3bd,left kidney,UBERON:0004538,sc_bulk,https://purl.org/ccf/ASCTB-TEMP_proximal-tubule-epithelial-segment-2,Proximal Tubule Epithelial Segment 2,0.8895799999999999,1.90657008449013E-4
https://entity.api.hubmapconsortium.org/entities/e5cfb9e63962e3f41f7bc889fa54cf98,http://purl.org/ccf/1.5/e6c247f7-694a-4477-8ba7-84d04bc9c3bd,left kidney,UBERON:0004538,sc_bulk,https://purl.org/ccf/ASCTB-TEMP_schwann-neural,Schwann / Neural,0.8713400000000001,1.867477660715877E-4
https://entity.api.hubmapconsortium.org/entities/e5cfb9e63962e3f41f7bc889fa54cf98,http://purl.org/ccf/1.5/e6c247f7-694a-4477-8ba7-84d04bc9c3bd,left kidney,UBERON:0004538,sc_bulk,https://purl.org/ccf/ASCTB-TEMP_natural-killer-natural-killer-t,Natural Killer / Natural Killer T,0.8162399999999999,1.749385963897821E-4
https://entity.api.hubmapconsortium.org/entities/e5cfb9e63962e3f41f7bc889fa54cf98,http://purl.org/ccf/1.5/e6c247f7-694a-4477-8ba7-84d04bc9c3bd,left kidney,UBERON:0004538,sc_bulk,https://purl.org/ccf/ASCTB-TEMP_distal-convoluted-tubule-type-2,Distal Convoluted Tubule Type 2,0.54245,1.162592394536378E-4
https://entity.api.hubmapconsortium.org/entities/e5cfb9e63962e3f41f7bc889fa54cf98,http://purl.org/ccf/1.5/e6c247f7-694a-4477-8ba7-84d04bc9c3bd,left kidney,UBERON:0004538,sc_bulk,https://purl.org/ccf/ASCTB-TEMP_b,B,0.44916,9.626509354409796E-5
https://entity.api.hubmapconsortium.org/entities/e5cfb9e63962e3f41f7bc889fa54cf98,http://purl.org/ccf/1.5/e6c247f7-694a-4477-8ba7-84d04bc9c3bd,left kidney,UBERON:0004538,sc_bulk,https://purl.org/ccf/ASCTB-TEMP_plasma,Plasma,0.27113,5.810925908943647E-5
https://entity.api.hubmapconsortium.org/entities/e5cfb9e63962e3f41f7bc889fa54cf98,http://purl.org/ccf/1.5/e6c247f7-694a-4477-8ba7-84d04bc9c3bd,left kidney,UBERON:0004538,sc_bulk,https://purl.org/ccf/ASCTB-TEMP_mast,Mast,0.19836,4.251301085450012E-5
https://entity.api.hubmapconsortium.org/entities/e5cfb9e63962e3f41f7bc889fa54cf98,http://purl.org/ccf/1.5/e6c247f7-694a-4477-8ba7-84d04bc9c3bd,left kidney,UBERON:0004538,sc_bulk,https://purl.org/ccf/ASCTB-TEMP_classical-dendritic,Classical Dendritic,0.18012,3.860376847707482E-5
https://entity.api.hubmapconsortium.org/entities/e5cfb9e63962e3f41f7bc889fa54cf98,http://purl.org/ccf/1.5/e6c247f7-694a-4477-8ba7-84d04bc9c3bd,left kidney,UBERON:0004538,sc_bulk,https://purl.org/ccf/ASCTB-TEMP_cycling-mononuclear-phagocyte,Cycling Mononuclear Phagocyte,0.16758,3.591616434259493E-5
https://entity.api.hubmapconsortium.org/entities/e5cfb9e63962e3f41f7bc889fa54cf98,http://purl.org/ccf/1.5/e6c247f7-694a-4477-8ba7-84d04bc9c3bd,left kidney,UBERON:0004538,sc_bulk,https://purl.org/ccf/ASCTB-TEMP_renin-positive-juxtaglomerular-granular,Renin-positive Juxtaglomerular Granular,0.15922,3.412442825294167E-5
https://entity.api.hubmapconsortium.org/entities/e5cfb9e63962e3f41f7bc889fa54cf98,http://purl.org/ccf/1.5/e6c247f7-694a-4477-8ba7-84d04bc9c3bd,left kidney,UBERON:0004538,sc_bulk,https://purl.org/ccf/ASCTB-TEMP_non-classical-monocyte,Non-classical monocyte,0.05567,1.193133350610013E-5
https://entity.api.hubmapconsortium.org/entities/e5cfb9e63962e3f41f7bc889fa54cf98,http://purl.org/ccf/1.5/e6c247f7-694a-4477-8ba7-84d04bc9c3bd,left kidney,UBERON:0004538,sc_bulk,https://purl.org/ccf/ASCTB-TEMP_connecting-tubule-intercalated-type-a,Connecting Tubule Intercalated Type A,0.05567,1.193133350610013E-5
https://entity.api.hubmapconsortium.org/entities/e5cfb9e63962e3f41f7bc889fa54cf98,http://purl.org/ccf/1.5/e6c247f7-694a-4477-8ba7-84d04bc9c3bd,left kidney,UBERON:0004538,sc_bulk,https://purl.org/ccf/ASCTB-TEMP_neutrophil,Neutrophil,0.00228,4.886552971781623E-7
https://entity.api.hubmapconsortium.org/entities/e5cfb9e63962e3f41f7bc889fa54cf98,http://purl.org/ccf/1.5/e6c247f7-694a-4477-8ba7-84d04bc9c3bd,left kidney,UBERON:0004538,sc_bulk,https://purl.org/ccf/ASCTB-TEMP_natural-killer-t,Natural Killer T,0.00114,2.443276485890811E-7
https://entity.api.hubmapconsortium.org/entities/e5cfb9e63962e3f41f7bc889fa54cf98,http://purl.org/ccf/1.5/e6c247f7-694a-4477-8ba7-84d04bc9c3bd,left kidney,UBERON:0004538,sc_bulk,https://purl.org/ccf/ASCTB-TEMP_plasmacytoid-dendritic,Plasmacytoid Dendritic,0.00114,2.443276485890811E-7
https://entity.api.hubmapconsortium.org/entities/e7551f6e8258a9a8f6472464f05295fb,http://purl.org/ccf/1.5/87be07c9-cf37-4001-a589-e2c048b5d3f3,left kidney,UBERON:0004538,sc_bulk,https://purl.org/ccf/ASCTB-TEMP_cortical-thick-ascending-limb,Cortical Thick Ascending Limb,218880.615,0.1923133852731772
https://entity.api.hubmapconsortium.org/entities/e7551f6e8258a9a8f6472464f05295fb,http://purl.org/ccf/1.5/87be07c9-cf37-4001-a589-e2c048b5d3f3,left kidney,UBERON:0004538,sc_bulk,https://purl.org/ccf/ASCTB-TEMP_inner-medullary-collecting-duct,Inner Medullary Collecting Duct,127470.332,0.1119982738938111
https://entity.api.hubmapconsortium.org/entities/e7551f6e8258a9a8f6472464f05295fb,http://purl.org/ccf/1.5/87be07c9-cf37-4001-a589-e2c048b5d3f3,left kidney,UBERON:0004538,sc_bulk,https://purl.org/ccf/ASCTB-TEMP_connecting-tubule,Connecting Tubule,92264.948,0.08106603909137255
https://entity.api.hubmapconsortium.org/entities/e7551f6e8258a9a8f6472464f05295fb,http://purl.org/ccf/1.5/87be07c9-cf37-4001-a589-e2c048b5d3f3,left kidney,UBERON:0004538,sc_bulk,https://purl.org/ccf/ASCTB-TEMP_proximal-tubule-epithelial-segment-1,Proximal Tubule Epithelial Segment 1,89542.50000000001,0.07867403561902217
https://entity.api.hubmapconsortium.org/entities/e7551f6e8258a9a8f6472464f05295fb,http://purl.org/ccf/1.5/87be07c9-cf37-4001-a589-e2c048b5d3f3,left kidney,UBERON:0004538,sc_bulk,https://purl.org/ccf/ASCTB-TEMP_distal-convoluted-tubule-type-1,Distal Convoluted Tubule Type 1,85983.65000000002,0.0755471507133879
https://entity.api.hubmapconsortium.org/entities/e7551f6e8258a9a8f6472464f05295fb,http://purl.org/ccf/1.5/87be07c9-cf37-4001-a589-e2c048b5d3f3,left kidney,UBERON:0004538,sc_bulk,https://purl.org/ccf/ASCTB-TEMP_descending-thin-limb-type-1,Descending Thin Limb Type 1,74780.35,0.06570368170983548
https://entity.api.hubmapconsortium.org/entities/e7551f6e8258a9a8f6472464f05295fb,http://purl.org/ccf/1.5/87be07c9-cf37-4001-a589-e2c048b5d3f3,left kidney,UBERON:0004538,sc_bulk,https://purl.org/ccf/ASCTB-TEMP_descending-thin-limb-type-2,Descending Thin Limb Type 2,73242.46599999999,0.06435246256145426
https://entity.api.hubmapconsortium.org/entities/e7551f6e8258a9a8f6472464f05295fb,http://purl.org/ccf/1.5/87be07c9-cf37-4001-a589-e2c048b5d3f3,left kidney,UBERON:0004538,sc_bulk,https://purl.org/ccf/ASCTB-TEMP_ascending-thin-limb,Ascending Thin Limb,72502.091,0.0637019525899722
https://entity.api.hubmapconsortium.org/entities/e7551f6e8258a9a8f6472464f05295fb,http://purl.org/ccf/1.5/87be07c9-cf37-4001-a589-e2c048b5d3f3,left kidney,UBERON:0004538,sc_bulk,https://purl.org/ccf/ASCTB-TEMP_fibroblast,Fibroblast,50721.21700000001,0.0445647913884262
https://entity.api.hubmapconsortium.org/entities/e7551f6e8258a9a8f6472464f05295fb,http://purl.org/ccf/1.5/87be07c9-cf37-4001-a589-e2c048b5d3f3,left kidney,UBERON:0004538,sc_bulk,https://purl.org/ccf/ASCTB-TEMP_proximal-tubule-epithelial-segment-3,Proximal Tubule Epithelial Segment 3,48407.02699999999,0.04253149249137522
https://entity.api.hubmapconsortium.org/entities/e7551f6e8258a9a8f6472464f05295fb,http://purl.org/ccf/1.5/87be07c9-cf37-4001-a589-e2c048b5d3f3,left kidney,UBERON:0004538,sc_bulk,https://purl.org/ccf/ASCTB-TEMP_medullary-thick-ascending-limb,Medullary Thick Ascending Limb,34198.027,0.0300471484970632
https://entity.api.hubmapconsortium.org/entities/e7551f6e8258a9a8f6472464f05295fb,http://purl.org/ccf/1.5/87be07c9-cf37-4001-a589-e2c048b5d3f3,left kidney,UBERON:0004538,sc_bulk,https://purl.org/ccf/ASCTB-TEMP_cortical-collecting-duct-principal,Cortical Collecting Duct Principal,26503.50400000001,0.02328656914565594
https://entity.api.hubmapconsortium.org/entities/e7551f6e8258a9a8f6472464f05295fb,http://purl.org/ccf/1.5/87be07c9-cf37-4001-a589-e2c048b5d3f3,left kidney,UBERON:0004538,sc_bulk,https://purl.org/ccf/ASCTB-TEMP_cortical-collecting-duct-intercalated-type-a,Cortical Collecting Duct Intercalated Type A,13369.98,0.01174716232789585
https://entity.api.hubmapconsortium.org/entities/e7551f6e8258a9a8f6472464f05295fb,http://purl.org/ccf/1.5/87be07c9-cf37-4001-a589-e2c048b5d3f3,left kidney,UBERON:0004538,sc_bulk,https://purl.org/ccf/ASCTB-TEMP_podocyte,Podocyte,12591.483,0.01106315751780788
https://entity.api.hubmapconsortium.org/entities/e7551f6e8258a9a8f6472464f05295fb,http://purl.org/ccf/1.5/87be07c9-cf37-4001-a589-e2c048b5d3f3,left kidney,UBERON:0004538,sc_bulk,https://purl.org/ccf/ASCTB-TEMP_mesangial,Mesangial,12278.113,0.01078782365353189
https://entity.api.hubmapconsortium.org/entities/e7551f6e8258a9a8f6472464f05295fb,http://purl.org/ccf/1.5/87be07c9-cf37-4001-a589-e2c048b5d3f3,left kidney,UBERON:0004538,sc_bulk,https://purl.org/ccf/ASCTB-TEMP_peritubular-capilary-endothelial,Peritubular Capilary Endothelial,11271.73,0.009903593126258485
https://entity.api.hubmapconsortium.org/entities/e7551f6e8258a9a8f6472464f05295fb,http://purl.org/ccf/1.5/87be07c9-cf37-4001-a589-e2c048b5d3f3,left kidney,UBERON:0004538,sc_bulk,https://purl.org/ccf/ASCTB-TEMP_outer-medullary-collecting-duct-intercalated-type-a,Outer Medullary Collecting Duct Intercalated Type A,8190.706,0.007196536790785811
https://entity.api.hubmapconsortium.org/entities/e7551f6e8258a9a8f6472464f05295fb,http://purl.org/ccf/1.5/87be07c9-cf37-4001-a589-e2c048b5d3f3,left kidney,UBERON:0004538,sc_bulk,https://purl.org/ccf/ASCTB-TEMP_outer-medullary-collecting-duct-principal,Outer Medullary Collecting Duct Principal,7995.797,0.007025285400569231
https://entity.api.hubmapconsortium.org/entities/e7551f6e8258a9a8f6472464f05295fb,http://purl.org/ccf/1.5/87be07c9-cf37-4001-a589-e2c048b5d3f3,left kidney,UBERON:0004538,sc_bulk,https://purl.org/ccf/ASCTB-TEMP_parietal-epithelial,Parietal Epithelial,7860.065000000001,0.006906028241090313
https://entity.api.hubmapconsortium.org/entities/e7551f6e8258a9a8f6472464f05295fb,http://purl.org/ccf/1.5/87be07c9-cf37-4001-a589-e2c048b5d3f3,left kidney,UBERON:0004538,sc_bulk,https://purl.org/ccf/ASCTB-TEMP_intercalated-type-b,Intercalated Type B,7618.814000000001,0.006694059737115948
https://entity.api.hubmapconsortium.org/entities/e7551f6e8258a9a8f6472464f05295fb,http://purl.org/ccf/1.5/87be07c9-cf37-4001-a589-e2c048b5d3f3,left kidney,UBERON:0004538,sc_bulk,https://purl.org/ccf/ASCTB-TEMP_ascending-vasa-recta-endothelial,Ascending Vasa Recta Endothelial,6291.872,0.005528178929986634
https://entity.api.hubmapconsortium.org/entities/e7551f6e8258a9a8f6472464f05295fb,http://purl.org/ccf/1.5/87be07c9-cf37-4001-a589-e2c048b5d3f3,left kidney,UBERON:0004538,sc_bulk,https://purl.org/ccf/ASCTB-TEMP_classical-dendritic,Classical Dendritic,6157.746,0.005410332837891406
https://entity.api.hubmapconsortium.org/entities/e7551f6e8258a9a8f6472464f05295fb,http://purl.org/ccf/1.5/87be07c9-cf37-4001-a589-e2c048b5d3f3,left kidney,UBERON:0004538,sc_bulk,https://purl.org/ccf/ASCTB-TEMP_macula-densa,Macula Densa,6129.017999999999,0.005385091776995593
https://entity.api.hubmapconsortium.org/entities/e7551f6e8258a9a8f6472464f05295fb,http://purl.org/ccf/1.5/87be07c9-cf37-4001-a589-e2c048b5d3f3,left kidney,UBERON:0004538,sc_bulk,https://purl.org/ccf/ASCTB-TEMP_glomerular-capillary-endothelial,Glomerular Capillary Endothelial,5883.353999999999,0.00516924591289406
https://entity.api.hubmapconsortium.org/entities/e7551f6e8258a9a8f6472464f05295fb,http://purl.org/ccf/1.5/87be07c9-cf37-4001-a589-e2c048b5d3f3,left kidney,UBERON:0004538,sc_bulk,https://purl.org/ccf/ASCTB-TEMP_medullary-fibroblast,Medullary Fibroblast,4830.841999999999,0.004244485418408779
https://entity.api.hubmapconsortium.org/entities/e7551f6e8258a9a8f6472464f05295fb,http://purl.org/ccf/1.5/87be07c9-cf37-4001-a589-e2c048b5d3f3,left kidney,UBERON:0004538,sc_bulk,https://purl.org/ccf/ASCTB-TEMP_cortical-vascular-smooth-muscle-pericyte,Cortical Vascular Smooth Muscle / Pericyte,3701.618,0.003252324051484084
https://entity.api.hubmapconsortium.org/entities/e7551f6e8258a9a8f6472464f05295fb,http://purl.org/ccf/1.5/87be07c9-cf37-4001-a589-e2c048b5d3f3,left kidney,UBERON:0004538,sc_bulk,https://purl.org/ccf/ASCTB-TEMP_connecting-tubule-principal,Connecting Tubule Principal,3474.940000000001,0.003053159710014405
https://entity.api.hubmapconsortium.org/entities/e7551f6e8258a9a8f6472464f05295fb,http://purl.org/ccf/1.5/87be07c9-cf37-4001-a589-e2c048b5d3f3,left kidney,UBERON:0004538,sc_bulk,https://purl.org/ccf/ASCTB-TEMP_vascular-smooth-muscle-pericyte,Vascular Smooth Muscle / Pericyte,3381.532999999999,0.002971090238589483
https://entity.api.hubmapconsortium.org/entities/e7551f6e8258a9a8f6472464f05295fb,http://purl.org/ccf/1.5/87be07c9-cf37-4001-a589-e2c048b5d3f3,left kidney,UBERON:0004538,sc_bulk,https://purl.org/ccf/ASCTB-TEMP_m2-macrophage,M2 Macrophage,3375.679999999999,0.002965947662377314
https://entity.api.hubmapconsortium.org/entities/e7551f6e8258a9a8f6472464f05295fb,http://purl.org/ccf/1.5/87be07c9-cf37-4001-a589-e2c048b5d3f3,left kidney,UBERON:0004538,sc_bulk,https://purl.org/ccf/ASCTB-TEMP_descending-thin-limb-type-3,Descending Thin Limb Type 3,3154.318,0.002771454076954773
https://entity.api.hubmapconsortium.org/entities/e7551f6e8258a9a8f6472464f05295fb,http://purl.org/ccf/1.5/87be07c9-cf37-4001-a589-e2c048b5d3f3,left kidney,UBERON:0004538,sc_bulk,https://purl.org/ccf/ASCTB-TEMP_monocyte-derived,Monocyte-derived,2979.315,0.002617692541868799
https://entity.api.hubmapconsortium.org/entities/e7551f6e8258a9a8f6472464f05295fb,http://purl.org/ccf/1.5/87be07c9-cf37-4001-a589-e2c048b5d3f3,left kidney,UBERON:0004538,sc_bulk,https://purl.org/ccf/ASCTB-TEMP_descending-vasa-recta-endothelial,Descending Vasa Recta Endothelial,2757.939999999999,0.0024231875343566
https://entity.api.hubmapconsortium.org/entities/e7551f6e8258a9a8f6472464f05295fb,http://purl.org/ccf/1.5/87be07c9-cf37-4001-a589-e2c048b5d3f3,left kidney,UBERON:0004538,sc_bulk,https://purl.org/ccf/ASCTB-TEMP_t,T,1828.118,0.001606225207558149
https://entity.api.hubmapconsortium.org/entities/e7551f6e8258a9a8f6472464f05295fb,http://purl.org/ccf/1.5/87be07c9-cf37-4001-a589-e2c048b5d3f3,left kidney,UBERON:0004538,sc_bulk,https://purl.org/ccf/ASCTB-TEMP_distal-convoluted-tubule-type-2,Distal Convoluted Tubule Type 2,1561.651,0.001372101364139728
https://entity.api.hubmapconsortium.org/entities/e7551f6e8258a9a8f6472464f05295fb,http://purl.org/ccf/1.5/87be07c9-cf37-4001-a589-e2c048b5d3f3,left kidney,UBERON:0004538,sc_bulk,https://purl.org/ccf/ASCTB-TEMP_afferent-efferent-arteriole-endothelial,Afferent / Efferent Arteriole Endothelial,1489.726,0.001308906456560665
https://entity.api.hubmapconsortium.org/entities/e7551f6e8258a9a8f6472464f05295fb,http://purl.org/ccf/1.5/87be07c9-cf37-4001-a589-e2c048b5d3f3,left kidney,UBERON:0004538,sc_bulk,https://purl.org/ccf/ASCTB-TEMP_proximal-tubule-epithelial-segment-2,Proximal Tubule Epithelial Segment 2,1179.154,0.001036030977427617
https://entity.api.hubmapconsortium.org/entities/e7551f6e8258a9a8f6472464f05295fb,http://purl.org/ccf/1.5/87be07c9-cf37-4001-a589-e2c048b5d3f3,left kidney,UBERON:0004538,sc_bulk,https://purl.org/ccf/ASCTB-TEMP_mast,Mast,809.054,7.108528711361906E-4
https://entity.api.hubmapconsortium.org/entities/e7551f6e8258a9a8f6472464f05295fb,http://purl.org/ccf/1.5/87be07c9-cf37-4001-a589-e2c048b5d3f3,left kidney,UBERON:0004538,sc_bulk,https://purl.org/ccf/ASCTB-TEMP_b,B,619.965,5.447150625964997E-4
https://entity.api.hubmapconsortium.org/entities/e7551f6e8258a9a8f6472464f05295fb,http://purl.org/ccf/1.5/87be07c9-cf37-4001-a589-e2c048b5d3f3,left kidney,UBERON:0004538,sc_bulk,https://purl.org/ccf/ASCTB-TEMP_schwann-neural,Schwann / Neural,534.555,4.69671933554752E-4
https://entity.api.hubmapconsortium.org/entities/e7551f6e8258a9a8f6472464f05295fb,http://purl.org/ccf/1.5/87be07c9-cf37-4001-a589-e2c048b5d3f3,left kidney,UBERON:0004538,sc_bulk,https://purl.org/ccf/ASCTB-TEMP_plasma,Plasma,476.39,4.185668685657198E-4
https://entity.api.hubmapconsortium.org/entities/e7551f6e8258a9a8f6472464f05295fb,http://purl.org/ccf/1.5/87be07c9-cf37-4001-a589-e2c048b5d3f3,left kidney,UBERON:0004538,sc_bulk,https://purl.org/ccf/ASCTB-TEMP_lymphatic-endothelial,Lymphatic Endothelial,475.712,4.179711626590308E-4
https://entity.api.hubmapconsortium.org/entities/e7551f6e8258a9a8f6472464f05295fb,http://purl.org/ccf/1.5/87be07c9-cf37-4001-a589-e2c048b5d3f3,left kidney,UBERON:0004538,sc_bulk,https://purl.org/ccf/ASCTB-TEMP_tissue-resident-macrophage,Tissue-resident Macrophage,460.422,4.045370279786851E-4
https://entity.api.hubmapconsortium.org/entities/e7551f6e8258a9a8f6472464f05295fb,http://purl.org/ccf/1.5/87be07c9-cf37-4001-a589-e2c048b5d3f3,left kidney,UBERON:0004538,sc_bulk,https://purl.org/ccf/ASCTB-TEMP_papillary-tip-epithelial,Papillary Tip Epithelial,263.383,2.314141723030395E-4
https://entity.api.hubmapconsortium.org/entities/e7551f6e8258a9a8f6472464f05295fb,http://purl.org/ccf/1.5/87be07c9-cf37-4001-a589-e2c048b5d3f3,left kidney,UBERON:0004538,sc_bulk,https://purl.org/ccf/ASCTB-TEMP_connecting-tubule-intercalated-type-a,Connecting Tubule Intercalated Type A,245.422,2.156332375094693E-4
https://entity.api.hubmapconsortium.org/entities/e7551f6e8258a9a8f6472464f05295fb,http://purl.org/ccf/1.5/87be07c9-cf37-4001-a589-e2c048b5d3f3,left kidney,UBERON:0004538,sc_bulk,https://purl.org/ccf/ASCTB-TEMP_natural-killer-natural-killer-t,Natural Killer / Natural Killer T,79.75000000000001,7.007012692986032E-5
https://entity.api.hubmapconsortium.org/entities/e7551f6e8258a9a8f6472464f05295fb,http://purl.org/ccf/1.5/87be07c9-cf37-4001-a589-e2c048b5d3f3,left kidney,UBERON:0004538,sc_bulk,https://purl.org/ccf/ASCTB-TEMP_non-classical-monocyte,Non-classical monocyte,75.5,6.63359822345386E-5
https://entity.api.hubmapconsortium.org/entities/e7551f6e8258a9a8f6472464f05295fb,http://purl.org/ccf/1.5/87be07c9-cf37-4001-a589-e2c048b5d3f3,left kidney,UBERON:0004538,sc_bulk,https://purl.org/ccf/ASCTB-TEMP_neutrophil,Neutrophil,53.711,4.719168134833514E-5
https://entity.api.hubmapconsortium.org/entities/e7551f6e8258a9a8f6472464f05295fb,http://purl.org/ccf/1.5/87be07c9-cf37-4001-a589-e2c048b5d3f3,left kidney,UBERON:0004538,sc_bulk,https://purl.org/ccf/ASCTB-TEMP_renin-positive-juxtaglomerular-granular,Renin-positive Juxtaglomerular Granular,51.48,4.523147503886155E-5
https://entity.api.hubmapconsortium.org/entities/e7551f6e8258a9a8f6472464f05295fb,http://purl.org/ccf/1.5/87be07c9-cf37-4001-a589-e2c048b5d3f3,left kidney,UBERON:0004538,sc_bulk,https://purl.org/ccf/ASCTB-TEMP_monocyte,Monocyte,46.924,4.122847192547668E-5
https://entity.api.hubmapconsortium.org/entities/e7551f6e8258a9a8f6472464f05295fb,http://purl.org/ccf/1.5/87be07c9-cf37-4001-a589-e2c048b5d3f3,left kidney,UBERON:0004538,sc_bulk,https://purl.org/ccf/ASCTB-TEMP_natural-killer-t,Natural Killer T,43.343,3.808212553631267E-5
https://entity.api.hubmapconsortium.org/entities/e7551f6e8258a9a8f6472464f05295fb,http://purl.org/ccf/1.5/87be07c9-cf37-4001-a589-e2c048b5d3f3,left kidney,UBERON:0004538,sc_bulk,https://purl.org/ccf/ASCTB-TEMP_plasmacytoid-dendritic,Plasmacytoid Dendritic,38.875,3.415644118367799E-5
https://entity.api.hubmapconsortium.org/entities/e7551f6e8258a9a8f6472464f05295fb,http://purl.org/ccf/1.5/87be07c9-cf37-4001-a589-e2c048b5d3f3,left kidney,UBERON:0004538,sc_bulk,https://purl.org/ccf/ASCTB-TEMP_cycling-mononuclear-phagocyte,Cycling Mononuclear Phagocyte,20.779,1.825689238213877E-5
https://entity.api.hubmapconsortium.org/entities/ed3ed6619d39d2503c3593aee2e159be,http://purl.org/ccf/1.5/1c11a38b-c5bc-408f-abc0-b1483154643a,heart,UBERON:0000948,sc_bulk,http://purl.obolibrary.org/obo/CL_0002131,regular ventricular cardiac myocyte,19743.08544,0.2906960807811061
https://entity.api.hubmapconsortium.org/entities/ed3ed6619d39d2503c3593aee2e159be,http://purl.org/ccf/1.5/1c11a38b-c5bc-408f-abc0-b1483154643a,heart,UBERON:0000948,sc_bulk,http://purl.obolibrary.org/obo/CL_0000669,pericyte,8389.06496,0.1235201211432384
https://entity.api.hubmapconsortium.org/entities/ed3ed6619d39d2503c3593aee2e159be,http://purl.org/ccf/1.5/1c11a38b-c5bc-408f-abc0-b1483154643a,heart,UBERON:0000948,sc_bulk,https://purl.org/ccf/ASCTB-TEMP_fibroblast,Fibroblast,8104.048640000001,0.119323556860799
https://entity.api.hubmapconsortium.org/entities/ed3ed6619d39d2503c3593aee2e159be,http://purl.org/ccf/1.5/1c11a38b-c5bc-408f-abc0-b1483154643a,heart,UBERON:0000948,sc_bulk,http://purl.obolibrary.org/obo/CL_0002144,capillary endothelial cell,5854.96192,0.08620813035728928
https://entity.api.hubmapconsortium.org/entities/ed3ed6619d39d2503c3593aee2e159be,http://purl.org/ccf/1.5/1c11a38b-c5bc-408f-abc0-b1483154643a,heart,UBERON:0000948,sc_bulk,http://purl.obolibrary.org/obo/CL_0000057,fibroblast,5706.595199999999,0.0840235871077845
https://entity.api.hubmapconsortium.org/entities/ed3ed6619d39d2503c3593aee2e159be,http://purl.org/ccf/1.5/1c11a38b-c5bc-408f-abc0-b1483154643a,heart,UBERON:0000948,sc_bulk,https://purl.org/ccf/ASCTB-TEMP_ventricular-cardiomycoyte,Ventricular Cardiomycoyte,4600.26624,0.06773406165827925
https://entity.api.hubmapconsortium.org/entities/ed3ed6619d39d2503c3593aee2e159be,http://purl.org/ccf/1.5/1c11a38b-c5bc-408f-abc0-b1483154643a,heart,UBERON:0000948,sc_bulk,http://purl.obolibrary.org/obo/CL_0000003,native cell,4334.62464,0.06382276966457848
https://entity.api.hubmapconsortium.org/entities/ed3ed6619d39d2503c3593aee2e159be,http://purl.org/ccf/1.5/1c11a38b-c5bc-408f-abc0-b1483154643a,heart,UBERON:0000948,sc_bulk,http://purl.obolibrary.org/obo/CL_1000413,endothelial cell of artery,2015.15008,0.02967095655955042
https://entity.api.hubmapconsortium.org/entities/ed3ed6619d39d2503c3593aee2e159be,http://purl.org/ccf/1.5/1c11a38b-c5bc-408f-abc0-b1483154643a,heart,UBERON:0000948,sc_bulk,http://purl.obolibrary.org/obo/CL_0000192,smooth muscle cell,1434.33984,0.02111913921779588
https://entity.api.hubmapconsortium.org/entities/ed3ed6619d39d2503c3593aee2e159be,http://purl.org/ccf/1.5/1c11a38b-c5bc-408f-abc0-b1483154643a,heart,UBERON:0000948,sc_bulk,http://purl.obolibrary.org/obo/CL_0000235,macrophage,1256.90752,0.01850663570690092
https://entity.api.hubmapconsortium.org/entities/ed3ed6619d39d2503c3593aee2e159be,http://purl.org/ccf/1.5/1c11a38b-c5bc-408f-abc0-b1483154643a,heart,UBERON:0000948,sc_bulk,http://purl.obolibrary.org/obo/CL_0000115,endothelial cell,938.9478399999998,0.0138250152426978
https://entity.api.hubmapconsortium.org/entities/ed3ed6619d39d2503c3593aee2e159be,http://purl.org/ccf/1.5/1c11a38b-c5bc-408f-abc0-b1483154643a,heart,UBERON:0000948,sc_bulk,http://purl.obolibrary.org/obo/CL_0002543,vein endothelial cell,630.2374399999999,0.00927958065755691
https://entity.api.hubmapconsortium.org/entities/ed3ed6619d39d2503c3593aee2e159be,http://purl.org/ccf/1.5/1c11a38b-c5bc-408f-abc0-b1483154643a,heart,UBERON:0000948,sc_bulk,https://purl.org/ccf/ASCTB-TEMP_b,B,602.3968,0.008869656638384066
https://entity.api.hubmapconsortium.org/entities/ed3ed6619d39d2503c3593aee2e159be,http://purl.org/ccf/1.5/1c11a38b-c5bc-408f-abc0-b1483154643a,heart,UBERON:0000948,sc_bulk,http://purl.obolibrary.org/obo/CL_0000623,natural killer cell,321.18656,0.004729132864025411
https://entity.api.hubmapconsortium.org/entities/ed3ed6619d39d2503c3593aee2e159be,http://purl.org/ccf/1.5/1c11a38b-c5bc-408f-abc0-b1483154643a,heart,UBERON:0000948,sc_bulk,http://purl.obolibrary.org/obo/CL_0000934,"CD4-positive, alpha-beta cytotoxic T cell",311.00736,0.004579254895129429
https://entity.api.hubmapconsortium.org/entities/ed3ed6619d39d2503c3593aee2e159be,http://purl.org/ccf/1.5/1c11a38b-c5bc-408f-abc0-b1483154643a,heart,UBERON:0000948,sc_bulk,https://purl.org/ccf/ASCTB-TEMP_monocyte-cdc,Monocyte/cDC,289.92384,0.004268822331197311
https://entity.api.hubmapconsortium.org/entities/ed3ed6619d39d2503c3593aee2e159be,http://purl.org/ccf/1.5/1c11a38b-c5bc-408f-abc0-b1483154643a,heart,UBERON:0000948,sc_bulk,http://purl.obolibrary.org/obo/CL_0002397,"CD14-positive, CD16-positive monocyte",283.38816,0.004172591346075287
https://entity.api.hubmapconsortium.org/entities/ed3ed6619d39d2503c3593aee2e159be,http://purl.org/ccf/1.5/1c11a38b-c5bc-408f-abc0-b1483154643a,heart,UBERON:0000948,sc_bulk,http://purl.obolibrary.org/obo/CL_0002319,neural cell,281.2736,0.004141456683438864
https://entity.api.hubmapconsortium.org/entities/ed3ed6619d39d2503c3593aee2e159be,http://purl.org/ccf/1.5/1c11a38b-c5bc-408f-abc0-b1483154643a,heart,UBERON:0000948,sc_bulk,http://purl.obolibrary.org/obo/CL_0000906,"activated CD8-positive, alpha-beta T cell",262.51328,0.003865230785781026
https://entity.api.hubmapconsortium.org/entities/ed3ed6619d39d2503c3593aee2e159be,http://purl.org/ccf/1.5/1c11a38b-c5bc-408f-abc0-b1483154643a,heart,UBERON:0000948,sc_bulk,https://purl.org/ccf/ASCTB-TEMP_capillary-endothelial,Capillary Endothelial,222.84736,0.003281192008274885
https://entity.api.hubmapconsortium.org/entities/ed3ed6619d39d2503c3593aee2e159be,http://purl.org/ccf/1.5/1c11a38b-c5bc-408f-abc0-b1483154643a,heart,UBERON:0000948,sc_bulk,https://purl.org/ccf/ASCTB-TEMP_pericyte,Pericyte,213.8944,0.003149369128244335
https://entity.api.hubmapconsortium.org/entities/ed3ed6619d39d2503c3593aee2e159be,http://purl.org/ccf/1.5/1c11a38b-c5bc-408f-abc0-b1483154643a,heart,UBERON:0000948,sc_bulk,http://purl.obolibrary.org/obo/CL_1000309,epicardial adipocyte,211.17632,0.003109348271035832
https://entity.api.hubmapconsortium.org/entities/ed3ed6619d39d2503c3593aee2e159be,http://purl.org/ccf/1.5/1c11a38b-c5bc-408f-abc0-b1483154643a,heart,UBERON:0000948,sc_bulk,https://purl.org/ccf/ASCTB-TEMP_macrophage,Macrophage,209.78752,0.003088899657863604
https://entity.api.hubmapconsortium.org/entities/ed3ed6619d39d2503c3593aee2e159be,http://purl.org/ccf/1.5/1c11a38b-c5bc-408f-abc0-b1483154643a,heart,UBERON:0000948,sc_bulk,http://purl.obolibrary.org/obo/CL_0000794,"CD8-positive, alpha-beta cytotoxic T cell",206.27072,0.00303711849225006
https://entity.api.hubmapconsortium.org/entities/ed3ed6619d39d2503c3593aee2e159be,http://purl.org/ccf/1.5/1c11a38b-c5bc-408f-abc0-b1483154643a,heart,UBERON:0000948,sc_bulk,http://purl.obolibrary.org/obo/CL_0000576,monocyte,170.33792,0.002508045963883828
https://entity.api.hubmapconsortium.org/entities/ed3ed6619d39d2503c3593aee2e159be,http://purl.org/ccf/1.5/1c11a38b-c5bc-408f-abc0-b1483154643a,heart,UBERON:0000948,sc_bulk,http://purl.obolibrary.org/obo/CL_0001054,CD14-positive monocyte,159.10912,0.002342713743558145
https://entity.api.hubmapconsortium.org/entities/ed3ed6619d39d2503c3593aee2e159be,http://purl.org/ccf/1.5/1c11a38b-c5bc-408f-abc0-b1483154643a,heart,UBERON:0000948,sc_bulk,http://purl.obolibrary.org/obo/CL_0000097,mast cell,141.23392,0.002079520303051085
https://entity.api.hubmapconsortium.org/entities/ed3ed6619d39d2503c3593aee2e159be,http://purl.org/ccf/1.5/1c11a38b-c5bc-408f-abc0-b1483154643a,heart,UBERON:0000948,sc_bulk,https://purl.org/ccf/ASCTB-TEMP_mesothelial,Mesothelial,137.28,0.002021303007116513
https://entity.api.hubmapconsortium.org/entities/ed3ed6619d39d2503c3593aee2e159be,http://purl.org/ccf/1.5/1c11a38b-c5bc-408f-abc0-b1483154643a,heart,UBERON:0000948,sc_bulk,http://purl.obolibrary.org/obo/CL_0000814,mature NK T cell,123.74656,0.001822037396913782
https://entity.api.hubmapconsortium.org/entities/ed3ed6619d39d2503c3593aee2e159be,http://purl.org/ccf/1.5/1c11a38b-c5bc-408f-abc0-b1483154643a,heart,UBERON:0000948,sc_bulk,http://purl.obolibrary.org/obo/CL_0000451,dendritic cell,92.79935999999998,0.001366372562838635
https://entity.api.hubmapconsortium.org/entities/ed3ed6619d39d2503c3593aee2e159be,http://purl.org/ccf/1.5/1c11a38b-c5bc-408f-abc0-b1483154643a,heart,UBERON:0000948,sc_bulk,http://purl.obolibrary.org/obo/CL_0002138,endothelial cell of lymphatic vessel,85.86175999999998,0.001264223730217922
https://entity.api.hubmapconsortium.org/entities/ed3ed6619d39d2503c3593aee2e159be,http://purl.org/ccf/1.5/1c11a38b-c5bc-408f-abc0-b1483154643a,heart,UBERON:0000948,sc_bulk,http://purl.obolibrary.org/obo/CL_0000236,B cell,74.82879999999999,0.001101775047049243
https://entity.api.hubmapconsortium.org/entities/ed3ed6619d39d2503c3593aee2e159be,http://purl.org/ccf/1.5/1c11a38b-c5bc-408f-abc0-b1483154643a,heart,UBERON:0000948,sc_bulk,https://purl.org/ccf/ASCTB-TEMP_nk,NK,73.79328000000001,0.001086528108748477
https://entity.api.hubmapconsortium.org/entities/ed3ed6619d39d2503c3593aee2e159be,http://purl.org/ccf/1.5/1c11a38b-c5bc-408f-abc0-b1483154643a,heart,UBERON:0000948,sc_bulk,http://purl.obolibrary.org/obo/CL_0000896,"activated CD4-positive, alpha-beta T cell",72.59776,0.001068925339437084
https://entity.api.hubmapconsortium.org/entities/ed3ed6619d39d2503c3593aee2e159be,http://purl.org/ccf/1.5/1c11a38b-c5bc-408f-abc0-b1483154643a,heart,UBERON:0000948,sc_bulk,https://purl.org/ccf/ASCTB-TEMP_smooth-muscle,Smooth Muscle,69.27168,0.001019952324388205
https://entity.api.hubmapconsortium.org/entities/ed3ed6619d39d2503c3593aee2e159be,http://purl.org/ccf/1.5/1c11a38b-c5bc-408f-abc0-b1483154643a,heart,UBERON:0000948,sc_bulk,https://purl.org/ccf/ASCTB-TEMP_venous-endothelial,Venous Endothelial,57.31136000000001,8.438492446819424E-4
https://entity.api.hubmapconsortium.org/entities/ed3ed6619d39d2503c3593aee2e159be,http://purl.org/ccf/1.5/1c11a38b-c5bc-408f-abc0-b1483154643a,heart,UBERON:0000948,sc_bulk,https://purl.org/ccf/ASCTB-TEMP_arterial-endothelial,Arterial Endothelial,52.24256,7.692165182653326E-4
https://entity.api.hubmapconsortium.org/entities/ed3ed6619d39d2503c3593aee2e159be,http://purl.org/ccf/1.5/1c11a38b-c5bc-408f-abc0-b1483154643a,heart,UBERON:0000948,sc_bulk,https://purl.org/ccf/ASCTB-TEMP_t,T,43.23136,6.365361157469154E-4
https://entity.api.hubmapconsortium.org/entities/ed3ed6619d39d2503c3593aee2e159be,http://purl.org/ccf/1.5/1c11a38b-c5bc-408f-abc0-b1483154643a,heart,UBERON:0000948,sc_bulk,https://purl.org/ccf/ASCTB-TEMP_endocardial,Endocardial,42.06528,6.193668193414781E-4
https://entity.api.hubmapconsortium.org/entities/ed3ed6619d39d2503c3593aee2e159be,http://purl.org/ccf/1.5/1c11a38b-c5bc-408f-abc0-b1483154643a,heart,UBERON:0000948,sc_bulk,https://purl.org/ccf/ASCTB-TEMP_lymphatic-endothelial,Lymphatic Endothelial,30.38592,4.474005788898732E-4
https://entity.api.hubmapconsortium.org/entities/ed3ed6619d39d2503c3593aee2e159be,http://purl.org/ccf/1.5/1c11a38b-c5bc-408f-abc0-b1483154643a,heart,UBERON:0000948,sc_bulk,https://purl.org/ccf/ASCTB-TEMP_mast,Mast,28.16896,4.14758184406649E-4
https://entity.api.hubmapconsortium.org/entities/ed3ed6619d39d2503c3593aee2e159be,http://purl.org/ccf/1.5/1c11a38b-c5bc-408f-abc0-b1483154643a,heart,UBERON:0000948,sc_bulk,https://purl.org/ccf/ASCTB-TEMP_adipocyte,Adipocyte,13.72096,2.020266441471838E-4
https://entity.api.hubmapconsortium.org/entities/ed3ed6619d39d2503c3593aee2e159be,http://purl.org/ccf/1.5/1c11a38b-c5bc-408f-abc0-b1483154643a,heart,UBERON:0000948,sc_bulk,http://purl.obolibrary.org/obo/CL_0000077,mesothelial cell,9.9264,1.46155755899194E-4
https://entity.api.hubmapconsortium.org/entities/ed3ed6619d39d2503c3593aee2e159be,http://purl.org/ccf/1.5/1c11a38b-c5bc-408f-abc0-b1483154643a,heart,UBERON:0000948,sc_bulk,https://purl.org/ccf/ASCTB-TEMP_neuronal,Neuronal,8.9504,1.317851867343797E-4
https://entity.api.hubmapconsortium.org/entities/ed3ed6619d39d2503c3593aee2e159be,http://purl.org/ccf/1.5/1c11a38b-c5bc-408f-abc0-b1483154643a,heart,UBERON:0000948,sc_bulk,https://purl.org/ccf/ASCTB-TEMP_atrial-cardiomyocyte,Atrial Cardiomyocyte,5.72608,8.431048020825846E-5
https://entity.api.hubmapconsortium.org/entities/ed3ed6619d39d2503c3593aee2e159be,http://purl.org/ccf/1.5/1c11a38b-c5bc-408f-abc0-b1483154643a,heart,UBERON:0000948,sc_bulk,https://purl.org/ccf/ASCTB-TEMP_endothelial,Endothelial,0.10112,1.488885198715194E-6
https://entity.api.hubmapconsortium.org/entities/efbf777d8d36f03cebe957e02eb9f8fe,http://purl.org/ccf/1.5/3e6555b4-d08d-40b1-a5cc-a2b72ce421e5,small intestine,UBERON:0002108,spatial,https://purl.org/ccf/ASCTB-TEMP_enterocyte,Enterocyte,4897.434880000001,0.2437895572794455
https://entity.api.hubmapconsortium.org/entities/efbf777d8d36f03cebe957e02eb9f8fe,http://purl.org/ccf/1.5/3e6555b4-d08d-40b1-a5cc-a2b72ce421e5,small intestine,UBERON:0002108,spatial,https://purl.org/ccf/ASCTB-TEMP_smooth-muscle,Smooth muscle,2412.00648,0.1200673426645652
https://entity.api.hubmapconsortium.org/entities/efbf777d8d36f03cebe957e02eb9f8fe,http://purl.org/ccf/1.5/3e6555b4-d08d-40b1-a5cc-a2b72ce421e5,small intestine,UBERON:0002108,spatial,https://purl.org/ccf/ASCTB-TEMP_cd8-t,CD8+ T,2184.92768,0.108763580291813
https://entity.api.hubmapconsortium.org/entities/efbf777d8d36f03cebe957e02eb9f8fe,http://purl.org/ccf/1.5/3e6555b4-d08d-40b1-a5cc-a2b72ce421e5,small intestine,UBERON:0002108,spatial,https://purl.org/ccf/ASCTB-TEMP_endothelial,Endothelial,1629.49592,0.08111472610850981
https://entity.api.hubmapconsortium.org/entities/efbf777d8d36f03cebe957e02eb9f8fe,http://purl.org/ccf/1.5/3e6555b4-d08d-40b1-a5cc-a2b72ce421e5,small intestine,UBERON:0002108,spatial,https://purl.org/ccf/ASCTB-TEMP_stroma,Stroma,1527.91912,0.07605833154510466
https://entity.api.hubmapconsortium.org/entities/efbf777d8d36f03cebe957e02eb9f8fe,http://purl.org/ccf/1.5/3e6555b4-d08d-40b1-a5cc-a2b72ce421e5,small intestine,UBERON:0002108,spatial,https://purl.org/ccf/ASCTB-TEMP_plasma,Plasma,1148.02688,0.05714766437488661
https://entity.api.hubmapconsortium.org/entities/efbf777d8d36f03cebe957e02eb9f8fe,http://purl.org/ccf/1.5/3e6555b4-d08d-40b1-a5cc-a2b72ce421e5,small intestine,UBERON:0002108,spatial,https://purl.org/ccf/ASCTB-TEMP_goblet,Goblet,1062.68864,0.05289960957510394
https://entity.api.hubmapconsortium.org/entities/efbf777d8d36f03cebe957e02eb9f8fe,http://purl.org/ccf/1.5/3e6555b4-d08d-40b1-a5cc-a2b72ce421e5,small intestine,UBERON:0002108,spatial,https://purl.org/ccf/ASCTB-TEMP_cd4-t-cell,CD4+ T cell,859.70248,0.04279515544905853
https://entity.api.hubmapconsortium.org/entities/efbf777d8d36f03cebe957e02eb9f8fe,http://purl.org/ccf/1.5/3e6555b4-d08d-40b1-a5cc-a2b72ce421e5,small intestine,UBERON:0002108,spatial,https://purl.org/ccf/ASCTB-TEMP_m2-macrophage,M2 Macrophage,809.76376,0.04030925441347352
https://entity.api.hubmapconsortium.org/entities/efbf777d8d36f03cebe957e02eb9f8fe,http://purl.org/ccf/1.5/3e6555b4-d08d-40b1-a5cc-a2b72ce421e5,small intestine,UBERON:0002108,spatial,https://purl.org/ccf/ASCTB-TEMP_nerve,Nerve,625.90944,0.03115716472265286
https://entity.api.hubmapconsortium.org/entities/efbf777d8d36f03cebe957e02eb9f8fe,http://purl.org/ccf/1.5/3e6555b4-d08d-40b1-a5cc-a2b72ce421e5,small intestine,UBERON:0002108,spatial,https://purl.org/ccf/ASCTB-TEMP_lymphatic,Lymphatic,419.31552,0.02087311980372886
https://entity.api.hubmapconsortium.org/entities/efbf777d8d36f03cebe957e02eb9f8fe,http://purl.org/ccf/1.5/3e6555b4-d08d-40b1-a5cc-a2b72ce421e5,small intestine,UBERON:0002108,spatial,https://purl.org/ccf/ASCTB-TEMP_ta,TA,368.45744,0.01834145391922349
https://entity.api.hubmapconsortium.org/entities/efbf777d8d36f03cebe957e02eb9f8fe,http://purl.org/ccf/1.5/3e6555b4-d08d-40b1-a5cc-a2b72ce421e5,small intestine,UBERON:0002108,spatial,https://purl.org/ccf/ASCTB-TEMP_cycling-ta,Cycling TA,332.41312,0.0165472026365523
https://entity.api.hubmapconsortium.org/entities/efbf777d8d36f03cebe957e02eb9f8fe,http://purl.org/ccf/1.5/3e6555b4-d08d-40b1-a5cc-a2b72ce421e5,small intestine,UBERON:0002108,spatial,https://purl.org/ccf/ASCTB-TEMP_icc,ICC,306.0782400000001,0.01523627785786339
https://entity.api.hubmapconsortium.org/entities/efbf777d8d36f03cebe957e02eb9f8fe,http://purl.org/ccf/1.5/3e6555b4-d08d-40b1-a5cc-a2b72ce421e5,small intestine,UBERON:0002108,spatial,https://purl.org/ccf/ASCTB-TEMP_paneth,Paneth,257.93664,0.01283983571247561
https://entity.api.hubmapconsortium.org/entities/efbf777d8d36f03cebe957e02eb9f8fe,http://purl.org/ccf/1.5/3e6555b4-d08d-40b1-a5cc-a2b72ce421e5,small intestine,UBERON:0002108,spatial,https://purl.org/ccf/ASCTB-TEMP_b,B,204.81344,0.01019541435178415
https://entity.api.hubmapconsortium.org/entities/efbf777d8d36f03cebe957e02eb9f8fe,http://purl.org/ccf/1.5/3e6555b4-d08d-40b1-a5cc-a2b72ce421e5,small intestine,UBERON:0002108,spatial,https://purl.org/ccf/ASCTB-TEMP_dc,DC,195.34632,0.009724150302324975
https://entity.api.hubmapconsortium.org/entities/efbf777d8d36f03cebe957e02eb9f8fe,http://purl.org/ccf/1.5/3e6555b4-d08d-40b1-a5cc-a2b72ce421e5,small intestine,UBERON:0002108,spatial,https://purl.org/ccf/ASCTB-TEMP_m1-macrophage,M1 Macrophage,166.9252,0.008309374520316826
https://entity.api.hubmapconsortium.org/entities/efbf777d8d36f03cebe957e02eb9f8fe,http://purl.org/ccf/1.5/3e6555b4-d08d-40b1-a5cc-a2b72ce421e5,small intestine,UBERON:0002108,spatial,https://purl.org/ccf/ASCTB-TEMP_muc1-enterocyte,MUC1+ Enterocyte,140.4208,0.006990011200480844
https://entity.api.hubmapconsortium.org/entities/efbf777d8d36f03cebe957e02eb9f8fe,http://purl.org/ccf/1.5/3e6555b4-d08d-40b1-a5cc-a2b72ce421e5,small intestine,UBERON:0002108,spatial,https://purl.org/ccf/ASCTB-TEMP_neuroendocrine,Neuroendocrine,134.134,0.006677060395363774
https://entity.api.hubmapconsortium.org/entities/efbf777d8d36f03cebe957e02eb9f8fe,http://purl.org/ccf/1.5/3e6555b4-d08d-40b1-a5cc-a2b72ce421e5,small intestine,UBERON:0002108,spatial,https://purl.org/ccf/ASCTB-TEMP_cd66-enterocyte,CD66+ Enterocyte,133.9416,0.006667482910012796
https://entity.api.hubmapconsortium.org/entities/efbf777d8d36f03cebe957e02eb9f8fe,http://purl.org/ccf/1.5/3e6555b4-d08d-40b1-a5cc-a2b72ce421e5,small intestine,UBERON:0002108,spatial,https://purl.org/ccf/ASCTB-TEMP_cd7-immune,CD7+ Immune,119.52928,0.005950051601937967
https://entity.api.hubmapconsortium.org/entities/efbf777d8d36f03cebe957e02eb9f8fe,http://purl.org/ccf/1.5/3e6555b4-d08d-40b1-a5cc-a2b72ce421e5,small intestine,UBERON:0002108,spatial,https://purl.org/ccf/ASCTB-TEMP_neutrophil,Neutrophil,117.41704,0.005844906343841562
https://entity.api.hubmapconsortium.org/entities/efbf777d8d36f03cebe957e02eb9f8fe,http://purl.org/ccf/1.5/3e6555b4-d08d-40b1-a5cc-a2b72ce421e5,small intestine,UBERON:0002108,spatial,https://purl.org/ccf/ASCTB-TEMP_nk,NK,21.66632,0.001078528390902217
https://entity.api.hubmapconsortium.org/entities/efbf777d8d36f03cebe957e02eb9f8fe,http://purl.org/ccf/1.5/3e6555b4-d08d-40b1-a5cc-a2b72ce421e5,small intestine,UBERON:0002108,spatial,https://purl.org/ccf/ASCTB-TEMP_cd57-enterocyte,CD57+ Enterocyte,12.51016,6.227436285778705E-4
https://entity.api.hubmapconsortium.org/entities/f09ce9d45b7d311019769044ddeee0a3,http://purl.org/ccf/1.5/47f52d3a-21fd-464c-bfe7-dce1df5662be,right kidney,UBERON:0004539,sc_bulk,https://purl.org/ccf/ASCTB-TEMP_cortical-thick-ascending-limb,Cortical Thick Ascending Limb,93680.90322,0.1923133852731773
https://entity.api.hubmapconsortium.org/entities/f09ce9d45b7d311019769044ddeee0a3,http://purl.org/ccf/1.5/47f52d3a-21fd-464c-bfe7-dce1df5662be,right kidney,UBERON:0004539,sc_bulk,https://purl.org/ccf/ASCTB-TEMP_inner-medullary-collecting-duct,Inner Medullary Collecting Duct,54557.30209600001,0.1119982738938111
https://entity.api.hubmapconsortium.org/entities/f09ce9d45b7d311019769044ddeee0a3,http://purl.org/ccf/1.5/47f52d3a-21fd-464c-bfe7-dce1df5662be,right kidney,UBERON:0004539,sc_bulk,https://purl.org/ccf/ASCTB-TEMP_connecting-tubule,Connecting Tubule,39489.397744,0.08106603909137258
https://entity.api.hubmapconsortium.org/entities/f09ce9d45b7d311019769044ddeee0a3,http://purl.org/ccf/1.5/47f52d3a-21fd-464c-bfe7-dce1df5662be,right kidney,UBERON:0004539,sc_bulk,https://purl.org/ccf/ASCTB-TEMP_proximal-tubule-epithelial-segment-1,Proximal Tubule Epithelial Segment 1,38324.19,0.07867403561902218
https://entity.api.hubmapconsortium.org/entities/f09ce9d45b7d311019769044ddeee0a3,http://purl.org/ccf/1.5/47f52d3a-21fd-464c-bfe7-dce1df5662be,right kidney,UBERON:0004539,sc_bulk,https://purl.org/ccf/ASCTB-TEMP_distal-convoluted-tubule-type-1,Distal Convoluted Tubule Type 1,36801.00220000001,0.07554715071338793
https://entity.api.hubmapconsortium.org/entities/f09ce9d45b7d311019769044ddeee0a3,http://purl.org/ccf/1.5/47f52d3a-21fd-464c-bfe7-dce1df5662be,right kidney,UBERON:0004539,sc_bulk,https://purl.org/ccf/ASCTB-TEMP_descending-thin-limb-type-1,Descending Thin Limb Type 1,32005.9898,0.06570368170983551
https://entity.api.hubmapconsortium.org/entities/f09ce9d45b7d311019769044ddeee0a3,http://purl.org/ccf/1.5/47f52d3a-21fd-464c-bfe7-dce1df5662be,right kidney,UBERON:0004539,sc_bulk,https://purl.org/ccf/ASCTB-TEMP_descending-thin-limb-type-2,Descending Thin Limb Type 2,31347.77544799999,0.06435246256145427
https://entity.api.hubmapconsortium.org/entities/f09ce9d45b7d311019769044ddeee0a3,http://purl.org/ccf/1.5/47f52d3a-21fd-464c-bfe7-dce1df5662be,right kidney,UBERON:0004539,sc_bulk,https://purl.org/ccf/ASCTB-TEMP_ascending-thin-limb,Ascending Thin Limb,31030.894948,0.06370195258997222
https://entity.api.hubmapconsortium.org/entities/f09ce9d45b7d311019769044ddeee0a3,http://purl.org/ccf/1.5/47f52d3a-21fd-464c-bfe7-dce1df5662be,right kidney,UBERON:0004539,sc_bulk,https://purl.org/ccf/ASCTB-TEMP_fibroblast,Fibroblast,21708.68087600001,0.04456479138842621
https://entity.api.hubmapconsortium.org/entities/f09ce9d45b7d311019769044ddeee0a3,http://purl.org/ccf/1.5/47f52d3a-21fd-464c-bfe7-dce1df5662be,right kidney,UBERON:0004539,sc_bulk,https://purl.org/ccf/ASCTB-TEMP_proximal-tubule-epithelial-segment-3,Proximal Tubule Epithelial Segment 3,20718.20755599999,0.04253149249137524
https://entity.api.hubmapconsortium.org/entities/f09ce9d45b7d311019769044ddeee0a3,http://purl.org/ccf/1.5/47f52d3a-21fd-464c-bfe7-dce1df5662be,right kidney,UBERON:0004539,sc_bulk,https://purl.org/ccf/ASCTB-TEMP_medullary-thick-ascending-limb,Medullary Thick Ascending Limb,14636.755556,0.03004714849706321
https://entity.api.hubmapconsortium.org/entities/f09ce9d45b7d311019769044ddeee0a3,http://purl.org/ccf/1.5/47f52d3a-21fd-464c-bfe7-dce1df5662be,right kidney,UBERON:0004539,sc_bulk,https://purl.org/ccf/ASCTB-TEMP_cortical-collecting-duct-principal,Cortical Collecting Duct Principal,11343.499712,0.02328656914565595
https://entity.api.hubmapconsortium.org/entities/f09ce9d45b7d311019769044ddeee0a3,http://purl.org/ccf/1.5/47f52d3a-21fd-464c-bfe7-dce1df5662be,right kidney,UBERON:0004539,sc_bulk,https://purl.org/ccf/ASCTB-TEMP_cortical-collecting-duct-intercalated-type-a,Cortical Collecting Duct Intercalated Type A,5722.351439999999,0.01174716232789585
https://entity.api.hubmapconsortium.org/entities/f09ce9d45b7d311019769044ddeee0a3,http://purl.org/ccf/1.5/47f52d3a-21fd-464c-bfe7-dce1df5662be,right kidney,UBERON:0004539,sc_bulk,https://purl.org/ccf/ASCTB-TEMP_podocyte,Podocyte,5389.154723999999,0.01106315751780788
https://entity.api.hubmapconsortium.org/entities/f09ce9d45b7d311019769044ddeee0a3,http://purl.org/ccf/1.5/47f52d3a-21fd-464c-bfe7-dce1df5662be,right kidney,UBERON:0004539,sc_bulk,https://purl.org/ccf/ASCTB-TEMP_mesangial,Mesangial,5255.032364000001,0.01078782365353189
https://entity.api.hubmapconsortium.org/entities/f09ce9d45b7d311019769044ddeee0a3,http://purl.org/ccf/1.5/47f52d3a-21fd-464c-bfe7-dce1df5662be,right kidney,UBERON:0004539,sc_bulk,https://purl.org/ccf/ASCTB-TEMP_peritubular-capilary-endothelial,Peritubular Capilary Endothelial,4824.300439999999,0.009903593126258489
https://entity.api.hubmapconsortium.org/entities/f09ce9d45b7d311019769044ddeee0a3,http://purl.org/ccf/1.5/47f52d3a-21fd-464c-bfe7-dce1df5662be,right kidney,UBERON:0004539,sc_bulk,https://purl.org/ccf/ASCTB-TEMP_outer-medullary-collecting-duct-intercalated-type-a,Outer Medullary Collecting Duct Intercalated Type A,3505.622168,0.007196536790785813
https://entity.api.hubmapconsortium.org/entities/f09ce9d45b7d311019769044ddeee0a3,http://purl.org/ccf/1.5/47f52d3a-21fd-464c-bfe7-dce1df5662be,right kidney,UBERON:0004539,sc_bulk,https://purl.org/ccf/ASCTB-TEMP_outer-medullary-collecting-duct-principal,Outer Medullary Collecting Duct Principal,3422.201116,0.007025285400569234
https://entity.api.hubmapconsortium.org/entities/f09ce9d45b7d311019769044ddeee0a3,http://purl.org/ccf/1.5/47f52d3a-21fd-464c-bfe7-dce1df5662be,right kidney,UBERON:0004539,sc_bulk,https://purl.org/ccf/ASCTB-TEMP_parietal-epithelial,Parietal Epithelial,3364.10782,0.006906028241090316
https://entity.api.hubmapconsortium.org/entities/f09ce9d45b7d311019769044ddeee0a3,http://purl.org/ccf/1.5/47f52d3a-21fd-464c-bfe7-dce1df5662be,right kidney,UBERON:0004539,sc_bulk,https://purl.org/ccf/ASCTB-TEMP_intercalated-type-b,Intercalated Type B,3260.852392,0.006694059737115949
https://entity.api.hubmapconsortium.org/entities/f09ce9d45b7d311019769044ddeee0a3,http://purl.org/ccf/1.5/47f52d3a-21fd-464c-bfe7-dce1df5662be,right kidney,UBERON:0004539,sc_bulk,https://purl.org/ccf/ASCTB-TEMP_ascending-vasa-recta-endothelial,Ascending Vasa Recta Endothelial,2692.921216,0.005528178929986636
https://entity.api.hubmapconsortium.org/entities/f09ce9d45b7d311019769044ddeee0a3,http://purl.org/ccf/1.5/47f52d3a-21fd-464c-bfe7-dce1df5662be,right kidney,UBERON:0004539,sc_bulk,https://purl.org/ccf/ASCTB-TEMP_classical-dendritic,Classical Dendritic,2635.515288,0.005410332837891408
https://entity.api.hubmapconsortium.org/entities/f09ce9d45b7d311019769044ddeee0a3,http://purl.org/ccf/1.5/47f52d3a-21fd-464c-bfe7-dce1df5662be,right kidney,UBERON:0004539,sc_bulk,https://purl.org/ccf/ASCTB-TEMP_macula-densa,Macula Densa,2623.219704,0.005385091776995594
https://entity.api.hubmapconsortium.org/entities/f09ce9d45b7d311019769044ddeee0a3,http://purl.org/ccf/1.5/47f52d3a-21fd-464c-bfe7-dce1df5662be,right kidney,UBERON:0004539,sc_bulk,https://purl.org/ccf/ASCTB-TEMP_glomerular-capillary-endothelial,Glomerular Capillary Endothelial,2518.075512,0.005169245912894063
https://entity.api.hubmapconsortium.org/entities/f09ce9d45b7d311019769044ddeee0a3,http://purl.org/ccf/1.5/47f52d3a-21fd-464c-bfe7-dce1df5662be,right kidney,UBERON:0004539,sc_bulk,https://purl.org/ccf/ASCTB-TEMP_medullary-fibroblast,Medullary Fibroblast,2067.600375999999,0.004244485418408781
https://entity.api.hubmapconsortium.org/entities/f09ce9d45b7d311019769044ddeee0a3,http://purl.org/ccf/1.5/47f52d3a-21fd-464c-bfe7-dce1df5662be,right kidney,UBERON:0004539,sc_bulk,https://purl.org/ccf/ASCTB-TEMP_cortical-vascular-smooth-muscle-pericyte,Cortical Vascular Smooth Muscle / Pericyte,1584.292504,0.003252324051484084
https://entity.api.hubmapconsortium.org/entities/f09ce9d45b7d311019769044ddeee0a3,http://purl.org/ccf/1.5/47f52d3a-21fd-464c-bfe7-dce1df5662be,right kidney,UBERON:0004539,sc_bulk,https://purl.org/ccf/ASCTB-TEMP_connecting-tubule-principal,Connecting Tubule Principal,1487.27432,0.003053159710014406
https://entity.api.hubmapconsortium.org/entities/f09ce9d45b7d311019769044ddeee0a3,http://purl.org/ccf/1.5/47f52d3a-21fd-464c-bfe7-dce1df5662be,right kidney,UBERON:0004539,sc_bulk,https://purl.org/ccf/ASCTB-TEMP_vascular-smooth-muscle-pericyte,Vascular Smooth Muscle / Pericyte,1447.296124,0.002971090238589484
https://entity.api.hubmapconsortium.org/entities/f09ce9d45b7d311019769044ddeee0a3,http://purl.org/ccf/1.5/47f52d3a-21fd-464c-bfe7-dce1df5662be,right kidney,UBERON:0004539,sc_bulk,https://purl.org/ccf/ASCTB-TEMP_m2-macrophage,M2 Macrophage,1444.79104,0.002965947662377315
https://entity.api.hubmapconsortium.org/entities/f09ce9d45b7d311019769044ddeee0a3,http://purl.org/ccf/1.5/47f52d3a-21fd-464c-bfe7-dce1df5662be,right kidney,UBERON:0004539,sc_bulk,https://purl.org/ccf/ASCTB-TEMP_descending-thin-limb-type-3,Descending Thin Limb Type 3,1350.048104,0.002771454076954773
https://entity.api.hubmapconsortium.org/entities/f09ce9d45b7d311019769044ddeee0a3,http://purl.org/ccf/1.5/47f52d3a-21fd-464c-bfe7-dce1df5662be,right kidney,UBERON:0004539,sc_bulk,https://purl.org/ccf/ASCTB-TEMP_monocyte-derived,Monocyte-derived,1275.14682,0.0026176925418688
https://entity.api.hubmapconsortium.org/entities/f09ce9d45b7d311019769044ddeee0a3,http://purl.org/ccf/1.5/47f52d3a-21fd-464c-bfe7-dce1df5662be,right kidney,UBERON:0004539,sc_bulk,https://purl.org/ccf/ASCTB-TEMP_descending-vasa-recta-endothelial,Descending Vasa Recta Endothelial,1180.39832,0.002423187534356601
https://entity.api.hubmapconsortium.org/entities/f09ce9d45b7d311019769044ddeee0a3,http://purl.org/ccf/1.5/47f52d3a-21fd-464c-bfe7-dce1df5662be,right kidney,UBERON:0004539,sc_bulk,https://purl.org/ccf/ASCTB-TEMP_t,T,782.434504,0.001606225207558149
https://entity.api.hubmapconsortium.org/entities/f09ce9d45b7d311019769044ddeee0a3,http://purl.org/ccf/1.5/47f52d3a-21fd-464c-bfe7-dce1df5662be,right kidney,UBERON:0004539,sc_bulk,https://purl.org/ccf/ASCTB-TEMP_distal-convoluted-tubule-type-2,Distal Convoluted Tubule Type 2,668.386628,0.001372101364139728
https://entity.api.hubmapconsortium.org/entities/f09ce9d45b7d311019769044ddeee0a3,http://purl.org/ccf/1.5/47f52d3a-21fd-464c-bfe7-dce1df5662be,right kidney,UBERON:0004539,sc_bulk,https://purl.org/ccf/ASCTB-TEMP_afferent-efferent-arteriole-endothelial,Afferent / Efferent Arteriole Endothelial,637.602728,0.001308906456560666
https://entity.api.hubmapconsortium.org/entities/f09ce9d45b7d311019769044ddeee0a3,http://purl.org/ccf/1.5/47f52d3a-21fd-464c-bfe7-dce1df5662be,right kidney,UBERON:0004539,sc_bulk,https://purl.org/ccf/ASCTB-TEMP_proximal-tubule-epithelial-segment-2,Proximal Tubule Epithelial Segment 2,504.6779119999999,0.001036030977427618
https://entity.api.hubmapconsortium.org/entities/f09ce9d45b7d311019769044ddeee0a3,http://purl.org/ccf/1.5/47f52d3a-21fd-464c-bfe7-dce1df5662be,right kidney,UBERON:0004539,sc_bulk,https://purl.org/ccf/ASCTB-TEMP_mast,Mast,346.275112,7.108528711361908E-4
https://entity.api.hubmapconsortium.org/entities/f09ce9d45b7d311019769044ddeee0a3,http://purl.org/ccf/1.5/47f52d3a-21fd-464c-bfe7-dce1df5662be,right kidney,UBERON:0004539,sc_bulk,https://purl.org/ccf/ASCTB-TEMP_b,B,265.34502,5.447150625964999E-4
https://entity.api.hubmapconsortium.org/entities/f09ce9d45b7d311019769044ddeee0a3,http://purl.org/ccf/1.5/47f52d3a-21fd-464c-bfe7-dce1df5662be,right kidney,UBERON:0004539,sc_bulk,https://purl.org/ccf/ASCTB-TEMP_schwann-neural,Schwann / Neural,228.78954,4.696719335547522E-4
https://entity.api.hubmapconsortium.org/entities/f09ce9d45b7d311019769044ddeee0a3,http://purl.org/ccf/1.5/47f52d3a-21fd-464c-bfe7-dce1df5662be,right kidney,UBERON:0004539,sc_bulk,https://purl.org/ccf/ASCTB-TEMP_plasma,Plasma,203.89492,4.185668685657199E-4
https://entity.api.hubmapconsortium.org/entities/f09ce9d45b7d311019769044ddeee0a3,http://purl.org/ccf/1.5/47f52d3a-21fd-464c-bfe7-dce1df5662be,right kidney,UBERON:0004539,sc_bulk,https://purl.org/ccf/ASCTB-TEMP_lymphatic-endothelial,Lymphatic Endothelial,203.604736,4.179711626590309E-4
https://entity.api.hubmapconsortium.org/entities/f09ce9d45b7d311019769044ddeee0a3,http://purl.org/ccf/1.5/47f52d3a-21fd-464c-bfe7-dce1df5662be,right kidney,UBERON:0004539,sc_bulk,https://purl.org/ccf/ASCTB-TEMP_tissue-resident-macrophage,Tissue-resident Macrophage,197.060616,4.045370279786853E-4
https://entity.api.hubmapconsortium.org/entities/f09ce9d45b7d311019769044ddeee0a3,http://purl.org/ccf/1.5/47f52d3a-21fd-464c-bfe7-dce1df5662be,right kidney,UBERON:0004539,sc_bulk,https://purl.org/ccf/ASCTB-TEMP_papillary-tip-epithelial,Papillary Tip Epithelial,112.727924,2.314141723030396E-4
https://entity.api.hubmapconsortium.org/entities/f09ce9d45b7d311019769044ddeee0a3,http://purl.org/ccf/1.5/47f52d3a-21fd-464c-bfe7-dce1df5662be,right kidney,UBERON:0004539,sc_bulk,https://purl.org/ccf/ASCTB-TEMP_connecting-tubule-intercalated-type-a,Connecting Tubule Intercalated Type A,105.040616,2.156332375094694E-4
https://entity.api.hubmapconsortium.org/entities/f09ce9d45b7d311019769044ddeee0a3,http://purl.org/ccf/1.5/47f52d3a-21fd-464c-bfe7-dce1df5662be,right kidney,UBERON:0004539,sc_bulk,https://purl.org/ccf/ASCTB-TEMP_natural-killer-natural-killer-t,Natural Killer / Natural Killer T,34.133,7.007012692986034E-5
https://entity.api.hubmapconsortium.org/entities/f09ce9d45b7d311019769044ddeee0a3,http://purl.org/ccf/1.5/47f52d3a-21fd-464c-bfe7-dce1df5662be,right kidney,UBERON:0004539,sc_bulk,https://purl.org/ccf/ASCTB-TEMP_non-classical-monocyte,Non-classical monocyte,32.314,6.633598223453863E-5
https://entity.api.hubmapconsortium.org/entities/f09ce9d45b7d311019769044ddeee0a3,http://purl.org/ccf/1.5/47f52d3a-21fd-464c-bfe7-dce1df5662be,right kidney,UBERON:0004539,sc_bulk,https://purl.org/ccf/ASCTB-TEMP_neutrophil,Neutrophil,22.988308,4.719168134833515E-5
https://entity.api.hubmapconsortium.org/entities/f09ce9d45b7d311019769044ddeee0a3,http://purl.org/ccf/1.5/47f52d3a-21fd-464c-bfe7-dce1df5662be,right kidney,UBERON:0004539,sc_bulk,https://purl.org/ccf/ASCTB-TEMP_renin-positive-juxtaglomerular-granular,Renin-positive Juxtaglomerular Granular,22.03344,4.523147503886157E-5
https://entity.api.hubmapconsortium.org/entities/f09ce9d45b7d311019769044ddeee0a3,http://purl.org/ccf/1.5/47f52d3a-21fd-464c-bfe7-dce1df5662be,right kidney,UBERON:0004539,sc_bulk,https://purl.org/ccf/ASCTB-TEMP_monocyte,Monocyte,20.083472,4.122847192547669E-5
https://entity.api.hubmapconsortium.org/entities/f09ce9d45b7d311019769044ddeee0a3,http://purl.org/ccf/1.5/47f52d3a-21fd-464c-bfe7-dce1df5662be,right kidney,UBERON:0004539,sc_bulk,https://purl.org/ccf/ASCTB-TEMP_natural-killer-t,Natural Killer T,18.550804,3.808212553631268E-5
https://entity.api.hubmapconsortium.org/entities/f09ce9d45b7d311019769044ddeee0a3,http://purl.org/ccf/1.5/47f52d3a-21fd-464c-bfe7-dce1df5662be,right kidney,UBERON:0004539,sc_bulk,https://purl.org/ccf/ASCTB-TEMP_plasmacytoid-dendritic,Plasmacytoid Dendritic,16.6385,3.4156441183678E-5
https://entity.api.hubmapconsortium.org/entities/f09ce9d45b7d311019769044ddeee0a3,http://purl.org/ccf/1.5/47f52d3a-21fd-464c-bfe7-dce1df5662be,right kidney,UBERON:0004539,sc_bulk,https://purl.org/ccf/ASCTB-TEMP_cycling-mononuclear-phagocyte,Cycling Mononuclear Phagocyte,8.893412,1.825689238213878E-5
https://entity.api.hubmapconsortium.org/entities/f202f2c7fbe92f78292acef7fafbdc7c,http://purl.org/ccf/1.5/007eb4d9-1694-4380-99e1-4aba832d9227,left kidney,UBERON:0004538,sc_bulk,https://purl.org/ccf/ASCTB-TEMP_descending-thin-limb-type-1,Descending Thin Limb Type 1,71.89240399999998,0.2071914834069466
https://entity.api.hubmapconsortium.org/entities/f202f2c7fbe92f78292acef7fafbdc7c,http://purl.org/ccf/1.5/007eb4d9-1694-4380-99e1-4aba832d9227,left kidney,UBERON:0004538,sc_bulk,https://purl.org/ccf/ASCTB-TEMP_connecting-tubule,Connecting Tubule,56.166848,0.1618709614358214
https://entity.api.hubmapconsortium.org/entities/f202f2c7fbe92f78292acef7fafbdc7c,http://purl.org/ccf/1.5/007eb4d9-1694-4380-99e1-4aba832d9227,left kidney,UBERON:0004538,sc_bulk,https://purl.org/ccf/ASCTB-TEMP_inner-medullary-collecting-duct,Inner Medullary Collecting Duct,53.189316,0.1532898146435726
https://entity.api.hubmapconsortium.org/entities/f202f2c7fbe92f78292acef7fafbdc7c,http://purl.org/ccf/1.5/007eb4d9-1694-4380-99e1-4aba832d9227,left kidney,UBERON:0004538,sc_bulk,https://purl.org/ccf/ASCTB-TEMP_medullary-fibroblast,Medullary Fibroblast,37.450584,0.1079313198848721
https://entity.api.hubmapconsortium.org/entities/f202f2c7fbe92f78292acef7fafbdc7c,http://purl.org/ccf/1.5/007eb4d9-1694-4380-99e1-4aba832d9227,left kidney,UBERON:0004538,sc_bulk,https://purl.org/ccf/ASCTB-TEMP_ascending-thin-limb,Ascending Thin Limb,18.589384,0.0535739776705945
https://entity.api.hubmapconsortium.org/entities/f202f2c7fbe92f78292acef7fafbdc7c,http://purl.org/ccf/1.5/007eb4d9-1694-4380-99e1-4aba832d9227,left kidney,UBERON:0004538,sc_bulk,https://purl.org/ccf/ASCTB-TEMP_cortical-collecting-duct-principal,Cortical Collecting Duct Principal,17.778816,0.05123794803494338
https://entity.api.hubmapconsortium.org/entities/f202f2c7fbe92f78292acef7fafbdc7c,http://purl.org/ccf/1.5/007eb4d9-1694-4380-99e1-4aba832d9227,left kidney,UBERON:0004538,sc_bulk,https://purl.org/ccf/ASCTB-TEMP_descending-thin-limb-type-3,Descending Thin Limb Type 3,11.844248,0.03413472323111855
https://entity.api.hubmapconsortium.org/entities/f202f2c7fbe92f78292acef7fafbdc7c,http://purl.org/ccf/1.5/007eb4d9-1694-4380-99e1-4aba832d9227,left kidney,UBERON:0004538,sc_bulk,https://purl.org/ccf/ASCTB-TEMP_ascending-vasa-recta-endothelial,Ascending Vasa Recta Endothelial,10.625468,0.03062224038040294
https://entity.api.hubmapconsortium.org/entities/f202f2c7fbe92f78292acef7fafbdc7c,http://purl.org/ccf/1.5/007eb4d9-1694-4380-99e1-4aba832d9227,left kidney,UBERON:0004538,sc_bulk,https://purl.org/ccf/ASCTB-TEMP_proximal-tubule-epithelial-segment-1,Proximal Tubule Epithelial Segment 1,8.701039999999999,0.02507610379509883
https://entity.api.hubmapconsortium.org/entities/f202f2c7fbe92f78292acef7fafbdc7c,http://purl.org/ccf/1.5/007eb4d9-1694-4380-99e1-4aba832d9227,left kidney,UBERON:0004538,sc_bulk,https://purl.org/ccf/ASCTB-TEMP_distal-convoluted-tubule-type-1,Distal Convoluted Tubule Type 1,8.545611999999998,0.02462816554166423
https://entity.api.hubmapconsortium.org/entities/f202f2c7fbe92f78292acef7fafbdc7c,http://purl.org/ccf/1.5/007eb4d9-1694-4380-99e1-4aba832d9227,left kidney,UBERON:0004538,sc_bulk,https://purl.org/ccf/ASCTB-TEMP_descending-vasa-recta-endothelial,Descending Vasa Recta Endothelial,6.892023999999999,0.01986258070096359
https://entity.api.hubmapconsortium.org/entities/f202f2c7fbe92f78292acef7fafbdc7c,http://purl.org/ccf/1.5/007eb4d9-1694-4380-99e1-4aba832d9227,left kidney,UBERON:0004538,sc_bulk,https://purl.org/ccf/ASCTB-TEMP_proximal-tubule-epithelial-segment-3,Proximal Tubule Epithelial Segment 3,4.504728,0.01298247415213446
https://entity.api.hubmapconsortium.org/entities/f202f2c7fbe92f78292acef7fafbdc7c,http://purl.org/ccf/1.5/007eb4d9-1694-4380-99e1-4aba832d9227,left kidney,UBERON:0004538,sc_bulk,https://purl.org/ccf/ASCTB-TEMP_t,T,3.583872,0.01032859822048266
https://entity.api.hubmapconsortium.org/entities/f202f2c7fbe92f78292acef7fafbdc7c,http://purl.org/ccf/1.5/007eb4d9-1694-4380-99e1-4aba832d9227,left kidney,UBERON:0004538,sc_bulk,https://purl.org/ccf/ASCTB-TEMP_cortical-collecting-duct-intercalated-type-a,Cortical Collecting Duct Intercalated Type A,3.448939999999999,0.00993972874772075
https://entity.api.hubmapconsortium.org/entities/f202f2c7fbe92f78292acef7fafbdc7c,http://purl.org/ccf/1.5/007eb4d9-1694-4380-99e1-4aba832d9227,left kidney,UBERON:0004538,sc_bulk,https://purl.org/ccf/ASCTB-TEMP_medullary-thick-ascending-limb,Medullary Thick Ascending Limb,3.137595999999999,0.009042445841311718
https://entity.api.hubmapconsortium.org/entities/f202f2c7fbe92f78292acef7fafbdc7c,http://purl.org/ccf/1.5/007eb4d9-1694-4380-99e1-4aba832d9227,left kidney,UBERON:0004538,sc_bulk,https://purl.org/ccf/ASCTB-TEMP_papillary-tip-epithelial,Papillary Tip Epithelial,2.672532,0.007702147079857475
https://entity.api.hubmapconsortium.org/entities/f202f2c7fbe92f78292acef7fafbdc7c,http://purl.org/ccf/1.5/007eb4d9-1694-4380-99e1-4aba832d9227,left kidney,UBERON:0004538,sc_bulk,https://purl.org/ccf/ASCTB-TEMP_tissue-resident-macrophage,Tissue-resident Macrophage,2.559315999999999,0.007375862386617825
https://entity.api.hubmapconsortium.org/entities/f202f2c7fbe92f78292acef7fafbdc7c,http://purl.org/ccf/1.5/007eb4d9-1694-4380-99e1-4aba832d9227,left kidney,UBERON:0004538,sc_bulk,https://purl.org/ccf/ASCTB-TEMP_vascular-smooth-muscle-pericyte,Vascular Smooth Muscle / Pericyte,2.520032,0.007262647223661827
https://entity.api.hubmapconsortium.org/entities/f202f2c7fbe92f78292acef7fafbdc7c,http://purl.org/ccf/1.5/007eb4d9-1694-4380-99e1-4aba832d9227,left kidney,UBERON:0004538,sc_bulk,https://purl.org/ccf/ASCTB-TEMP_descending-thin-limb-type-2,Descending Thin Limb Type 2,2.45342,0.007070673686475569
https://entity.api.hubmapconsortium.org/entities/f202f2c7fbe92f78292acef7fafbdc7c,http://purl.org/ccf/1.5/007eb4d9-1694-4380-99e1-4aba832d9227,left kidney,UBERON:0004538,sc_bulk,https://purl.org/ccf/ASCTB-TEMP_cortical-thick-ascending-limb,Cortical Thick Ascending Limb,2.377536,0.006851978558032615
https://entity.api.hubmapconsortium.org/entities/f202f2c7fbe92f78292acef7fafbdc7c,http://purl.org/ccf/1.5/007eb4d9-1694-4380-99e1-4aba832d9227,left kidney,UBERON:0004538,sc_bulk,https://purl.org/ccf/ASCTB-TEMP_peritubular-capilary-endothelial,Peritubular Capilary Endothelial,2.321172,0.006689539411182703
https://entity.api.hubmapconsortium.org/entities/f202f2c7fbe92f78292acef7fafbdc7c,http://purl.org/ccf/1.5/007eb4d9-1694-4380-99e1-4aba832d9227,left kidney,UBERON:0004538,sc_bulk,https://purl.org/ccf/ASCTB-TEMP_connecting-tubule-principal,Connecting Tubule Principal,2.001044,0.005766941313056801
https://entity.api.hubmapconsortium.org/entities/f202f2c7fbe92f78292acef7fafbdc7c,http://purl.org/ccf/1.5/007eb4d9-1694-4380-99e1-4aba832d9227,left kidney,UBERON:0004538,sc_bulk,https://purl.org/ccf/ASCTB-TEMP_intercalated-type-b,Intercalated Type B,1.995188,0.005750064518578888
https://entity.api.hubmapconsortium.org/entities/f202f2c7fbe92f78292acef7fafbdc7c,http://purl.org/ccf/1.5/007eb4d9-1694-4380-99e1-4aba832d9227,left kidney,UBERON:0004538,sc_bulk,https://purl.org/ccf/ASCTB-TEMP_monocyte-derived,Monocyte-derived,1.77998,0.005129842321515591
https://entity.api.hubmapconsortium.org/entities/f202f2c7fbe92f78292acef7fafbdc7c,http://purl.org/ccf/1.5/007eb4d9-1694-4380-99e1-4aba832d9227,left kidney,UBERON:0004538,sc_bulk,https://purl.org/ccf/ASCTB-TEMP_macula-densa,Macula Densa,1.16266,0.003350746903635613
https://entity.api.hubmapconsortium.org/entities/f202f2c7fbe92f78292acef7fafbdc7c,http://purl.org/ccf/1.5/007eb4d9-1694-4380-99e1-4aba832d9227,left kidney,UBERON:0004538,sc_bulk,https://purl.org/ccf/ASCTB-TEMP_fibroblast,Fibroblast,1.158756,0.003339495707317004
https://entity.api.hubmapconsortium.org/entities/f202f2c7fbe92f78292acef7fafbdc7c,http://purl.org/ccf/1.5/007eb4d9-1694-4380-99e1-4aba832d9227,left kidney,UBERON:0004538,sc_bulk,https://purl.org/ccf/ASCTB-TEMP_podocyte,Podocyte,1.014308,0.002923201443528487
https://entity.api.hubmapconsortium.org/entities/f202f2c7fbe92f78292acef7fafbdc7c,http://purl.org/ccf/1.5/007eb4d9-1694-4380-99e1-4aba832d9227,left kidney,UBERON:0004538,sc_bulk,https://purl.org/ccf/ASCTB-TEMP_outer-medullary-collecting-duct-intercalated-type-a,Outer Medullary Collecting Duct Intercalated Type A,0.848632,0.002445728799757537
https://entity.api.hubmapconsortium.org/entities/f202f2c7fbe92f78292acef7fafbdc7c,http://purl.org/ccf/1.5/007eb4d9-1694-4380-99e1-4aba832d9227,left kidney,UBERON:0004538,sc_bulk,https://purl.org/ccf/ASCTB-TEMP_m2-macrophage,M2 Macrophage,0.8349679999999999,0.002406349612642406
https://entity.api.hubmapconsortium.org/entities/f202f2c7fbe92f78292acef7fafbdc7c,http://purl.org/ccf/1.5/007eb4d9-1694-4380-99e1-4aba832d9227,left kidney,UBERON:0004538,sc_bulk,https://purl.org/ccf/ASCTB-TEMP_glomerular-capillary-endothelial,Glomerular Capillary Endothelial,0.7395639999999999,0.002131398502606409
https://entity.api.hubmapconsortium.org/entities/f202f2c7fbe92f78292acef7fafbdc7c,http://purl.org/ccf/1.5/007eb4d9-1694-4380-99e1-4aba832d9227,left kidney,UBERON:0004538,sc_bulk,https://purl.org/ccf/ASCTB-TEMP_proximal-tubule-epithelial-segment-2,Proximal Tubule Epithelial Segment 2,0.68076,0.001961927358057368
https://entity.api.hubmapconsortium.org/entities/f202f2c7fbe92f78292acef7fafbdc7c,http://purl.org/ccf/1.5/007eb4d9-1694-4380-99e1-4aba832d9227,left kidney,UBERON:0004538,sc_bulk,https://purl.org/ccf/ASCTB-TEMP_afferent-efferent-arteriole-endothelial,Afferent / Efferent Arteriole Endothelial,0.501176,0.001444372327401374
https://entity.api.hubmapconsortium.org/entities/f202f2c7fbe92f78292acef7fafbdc7c,http://purl.org/ccf/1.5/007eb4d9-1694-4380-99e1-4aba832d9227,left kidney,UBERON:0004538,sc_bulk,https://purl.org/ccf/ASCTB-TEMP_parietal-epithelial,Parietal Epithelial,0.4318799999999999,0.001244663592746072
https://entity.api.hubmapconsortium.org/entities/f202f2c7fbe92f78292acef7fafbdc7c,http://purl.org/ccf/1.5/007eb4d9-1694-4380-99e1-4aba832d9227,left kidney,UBERON:0004538,sc_bulk,https://purl.org/ccf/ASCTB-TEMP_outer-medullary-collecting-duct-principal,Outer Medullary Collecting Duct Principal,0.422364,0.001217238801719464
https://entity.api.hubmapconsortium.org/entities/f202f2c7fbe92f78292acef7fafbdc7c,http://purl.org/ccf/1.5/007eb4d9-1694-4380-99e1-4aba832d9227,left kidney,UBERON:0004538,sc_bulk,https://purl.org/ccf/ASCTB-TEMP_b,B,0.370636,0.0010681604504979
https://entity.api.hubmapconsortium.org/entities/f202f2c7fbe92f78292acef7fafbdc7c,http://purl.org/ccf/1.5/007eb4d9-1694-4380-99e1-4aba832d9227,left kidney,UBERON:0004538,sc_bulk,https://purl.org/ccf/ASCTB-TEMP_cortical-vascular-smooth-muscle-pericyte,Cortical Vascular Smooth Muscle / Pericyte,0.2074,5.977198044260799E-4
https://entity.api.hubmapconsortium.org/entities/f202f2c7fbe92f78292acef7fafbdc7c,http://purl.org/ccf/1.5/007eb4d9-1694-4380-99e1-4aba832d9227,left kidney,UBERON:0004538,sc_bulk,https://purl.org/ccf/ASCTB-TEMP_natural-killer-natural-killer-t,Natural Killer / Natural Killer T,0.20496,5.906878067269495E-4
https://entity.api.hubmapconsortium.org/entities/f202f2c7fbe92f78292acef7fafbdc7c,http://purl.org/ccf/1.5/007eb4d9-1694-4380-99e1-4aba832d9227,left kidney,UBERON:0004538,sc_bulk,https://purl.org/ccf/ASCTB-TEMP_mast,Mast,0.196664,5.667790145499064E-4
https://entity.api.hubmapconsortium.org/entities/f202f2c7fbe92f78292acef7fafbdc7c,http://purl.org/ccf/1.5/007eb4d9-1694-4380-99e1-4aba832d9227,left kidney,UBERON:0004538,sc_bulk,https://purl.org/ccf/ASCTB-TEMP_lymphatic-endothelial,Lymphatic Endothelial,0.181536,5.231806288152982E-4
https://entity.api.hubmapconsortium.org/entities/f202f2c7fbe92f78292acef7fafbdc7c,http://purl.org/ccf/1.5/007eb4d9-1694-4380-99e1-4aba832d9227,left kidney,UBERON:0004538,sc_bulk,https://purl.org/ccf/ASCTB-TEMP_monocyte,Monocyte,0.177144,5.105230329568635E-4
https://entity.api.hubmapconsortium.org/entities/f202f2c7fbe92f78292acef7fafbdc7c,http://purl.org/ccf/1.5/007eb4d9-1694-4380-99e1-4aba832d9227,left kidney,UBERON:0004538,sc_bulk,https://purl.org/ccf/ASCTB-TEMP_plasma,Plasma,0.15128,4.359838573460818E-4
https://entity.api.hubmapconsortium.org/entities/f202f2c7fbe92f78292acef7fafbdc7c,http://purl.org/ccf/1.5/007eb4d9-1694-4380-99e1-4aba832d9227,left kidney,UBERON:0004538,sc_bulk,https://purl.org/ccf/ASCTB-TEMP_cycling-mononuclear-phagocyte,Cycling Mononuclear Phagocyte,0.148596,4.282486598770384E-4
https://entity.api.hubmapconsortium.org/entities/f202f2c7fbe92f78292acef7fafbdc7c,http://purl.org/ccf/1.5/007eb4d9-1694-4380-99e1-4aba832d9227,left kidney,UBERON:0004538,sc_bulk,https://purl.org/ccf/ASCTB-TEMP_mesangial,Mesangial,0.119316,3.438646874874742E-4
https://entity.api.hubmapconsortium.org/entities/f202f2c7fbe92f78292acef7fafbdc7c,http://purl.org/ccf/1.5/007eb4d9-1694-4380-99e1-4aba832d9227,left kidney,UBERON:0004538,sc_bulk,https://purl.org/ccf/ASCTB-TEMP_distal-convoluted-tubule-type-2,Distal Convoluted Tubule Type 2,0.090768,2.615903144076491E-4
https://entity.api.hubmapconsortium.org/entities/f202f2c7fbe92f78292acef7fafbdc7c,http://purl.org/ccf/1.5/007eb4d9-1694-4380-99e1-4aba832d9227,left kidney,UBERON:0004538,sc_bulk,https://purl.org/ccf/ASCTB-TEMP_plasmacytoid-dendritic,Plasmacytoid Dendritic,0.090768,2.615903144076491E-4
https://entity.api.hubmapconsortium.org/entities/f202f2c7fbe92f78292acef7fafbdc7c,http://purl.org/ccf/1.5/007eb4d9-1694-4380-99e1-4aba832d9227,left kidney,UBERON:0004538,sc_bulk,https://purl.org/ccf/ASCTB-TEMP_classical-dendritic,Classical Dendritic,0.090768,2.615903144076491E-4
https://entity.api.hubmapconsortium.org/entities/f202f2c7fbe92f78292acef7fafbdc7c,http://purl.org/ccf/1.5/007eb4d9-1694-4380-99e1-4aba832d9227,left kidney,UBERON:0004538,sc_bulk,https://purl.org/ccf/ASCTB-TEMP_neutrophil,Neutrophil,0.062952,1.814255406375631E-4
https://entity.api.hubmapconsortium.org/entities/f202f2c7fbe92f78292acef7fafbdc7c,http://purl.org/ccf/1.5/007eb4d9-1694-4380-99e1-4aba832d9227,left kidney,UBERON:0004538,sc_bulk,https://purl.org/ccf/ASCTB-TEMP_schwann-neural,Schwann / Neural,0.030256,8.719677146921636E-5
https://entity.api.hubmapconsortium.org/entities/f202f2c7fbe92f78292acef7fafbdc7c,http://purl.org/ccf/1.5/007eb4d9-1694-4380-99e1-4aba832d9227,left kidney,UBERON:0004538,sc_bulk,https://purl.org/ccf/ASCTB-TEMP_renin-positive-juxtaglomerular-granular,Renin-positive Juxtaglomerular Granular,0.020984,6.047518021252103E-5
https://entity.api.hubmapconsortium.org/entities/f202f2c7fbe92f78292acef7fafbdc7c,http://purl.org/ccf/1.5/007eb4d9-1694-4380-99e1-4aba832d9227,left kidney,UBERON:0004538,sc_bulk,https://purl.org/ccf/ASCTB-TEMP_connecting-tubule-intercalated-type-a,Connecting Tubule Intercalated Type A,0.015128,4.359838573460818E-5
https://entity.api.hubmapconsortium.org/entities/f44e0ee8c75dfe89f8ec0f02c1780c21,http://purl.org/ccf/1.5/67aecf90-24ce-4dfa-91db-8d7a081aa684,right kidney,UBERON:0004539,sc_bulk,https://purl.org/ccf/ASCTB-TEMP_inner-medullary-collecting-duct,Inner Medullary Collecting Duct,2962.530274,0.2886076777194524
https://entity.api.hubmapconsortium.org/entities/f44e0ee8c75dfe89f8ec0f02c1780c21,http://purl.org/ccf/1.5/67aecf90-24ce-4dfa-91db-8d7a081aa684,right kidney,UBERON:0004539,sc_bulk,https://purl.org/ccf/ASCTB-TEMP_descending-thin-limb-type-1,Descending Thin Limb Type 1,1508.278596,0.1469354716020418
https://entity.api.hubmapconsortium.org/entities/f44e0ee8c75dfe89f8ec0f02c1780c21,http://purl.org/ccf/1.5/67aecf90-24ce-4dfa-91db-8d7a081aa684,right kidney,UBERON:0004539,sc_bulk,https://purl.org/ccf/ASCTB-TEMP_medullary-thick-ascending-limb,Medullary Thick Ascending Limb,1277.981496,0.1245000852703494
https://entity.api.hubmapconsortium.org/entities/f44e0ee8c75dfe89f8ec0f02c1780c21,http://purl.org/ccf/1.5/67aecf90-24ce-4dfa-91db-8d7a081aa684,right kidney,UBERON:0004539,sc_bulk,https://purl.org/ccf/ASCTB-TEMP_connecting-tubule,Connecting Tubule,1199.809644,0.1168846367914763
https://entity.api.hubmapconsortium.org/entities/f44e0ee8c75dfe89f8ec0f02c1780c21,http://purl.org/ccf/1.5/67aecf90-24ce-4dfa-91db-8d7a081aa684,right kidney,UBERON:0004539,sc_bulk,https://purl.org/ccf/ASCTB-TEMP_fibroblast,Fibroblast,551.597398,0.05373624211371434
https://entity.api.hubmapconsortium.org/entities/f44e0ee8c75dfe89f8ec0f02c1780c21,http://purl.org/ccf/1.5/67aecf90-24ce-4dfa-91db-8d7a081aa684,right kidney,UBERON:0004539,sc_bulk,https://purl.org/ccf/ASCTB-TEMP_cortical-thick-ascending-limb,Cortical Thick Ascending Limb,399.1456920000001,0.03888450094530369
https://entity.api.hubmapconsortium.org/entities/f44e0ee8c75dfe89f8ec0f02c1780c21,http://purl.org/ccf/1.5/67aecf90-24ce-4dfa-91db-8d7a081aa684,right kidney,UBERON:0004539,sc_bulk,https://purl.org/ccf/ASCTB-TEMP_medullary-fibroblast,Medullary Fibroblast,347.4110859999999,0.03384455093148287
https://entity.api.hubmapconsortium.org/entities/f44e0ee8c75dfe89f8ec0f02c1780c21,http://purl.org/ccf/1.5/67aecf90-24ce-4dfa-91db-8d7a081aa684,right kidney,UBERON:0004539,sc_bulk,https://purl.org/ccf/ASCTB-TEMP_descending-thin-limb-type-2,Descending Thin Limb Type 2,296.964756,0.02893010388648734
https://entity.api.hubmapconsortium.org/entities/f44e0ee8c75dfe89f8ec0f02c1780c21,http://purl.org/ccf/1.5/67aecf90-24ce-4dfa-91db-8d7a081aa684,right kidney,UBERON:0004539,sc_bulk,https://purl.org/ccf/ASCTB-TEMP_proximal-tubule-epithelial-segment-3,Proximal Tubule Epithelial Segment 3,189.290046,0.01844050711343661
https://entity.api.hubmapconsortium.org/entities/f44e0ee8c75dfe89f8ec0f02c1780c21,http://purl.org/ccf/1.5/67aecf90-24ce-4dfa-91db-8d7a081aa684,right kidney,UBERON:0004539,sc_bulk,https://purl.org/ccf/ASCTB-TEMP_outer-medullary-collecting-duct-principal,Outer Medullary Collecting Duct Principal,182.152696,0.01774519134682685
https://entity.api.hubmapconsortium.org/entities/f44e0ee8c75dfe89f8ec0f02c1780c21,http://purl.org/ccf/1.5/67aecf90-24ce-4dfa-91db-8d7a081aa684,right kidney,UBERON:0004539,sc_bulk,https://purl.org/ccf/ASCTB-TEMP_distal-convoluted-tubule-type-1,Distal Convoluted Tubule Type 1,164.784796,0.01605322238034746
https://entity.api.hubmapconsortium.org/entities/f44e0ee8c75dfe89f8ec0f02c1780c21,http://purl.org/ccf/1.5/67aecf90-24ce-4dfa-91db-8d7a081aa684,right kidney,UBERON:0004539,sc_bulk,https://purl.org/ccf/ASCTB-TEMP_papillary-tip-epithelial,Papillary Tip Epithelial,149.581718,0.01457214889587522
https://entity.api.hubmapconsortium.org/entities/f44e0ee8c75dfe89f8ec0f02c1780c21,http://purl.org/ccf/1.5/67aecf90-24ce-4dfa-91db-8d7a081aa684,right kidney,UBERON:0004539,sc_bulk,https://purl.org/ccf/ASCTB-TEMP_proximal-tubule-epithelial-segment-1,Proximal Tubule Epithelial Segment 1,147.567794,0.01437595379405818
https://entity.api.hubmapconsortium.org/entities/f44e0ee8c75dfe89f8ec0f02c1780c21,http://purl.org/ccf/1.5/67aecf90-24ce-4dfa-91db-8d7a081aa684,right kidney,UBERON:0004539,sc_bulk,https://purl.org/ccf/ASCTB-TEMP_descending-vasa-recta-endothelial,Descending Vasa Recta Endothelial,127.655528,0.01243611442808517
https://entity.api.hubmapconsortium.org/entities/f44e0ee8c75dfe89f8ec0f02c1780c21,http://purl.org/ccf/1.5/67aecf90-24ce-4dfa-91db-8d7a081aa684,right kidney,UBERON:0004539,sc_bulk,https://purl.org/ccf/ASCTB-TEMP_ascending-vasa-recta-endothelial,Ascending Vasa Recta Endothelial,103.911038,0.01012294241506805
https://entity.api.hubmapconsortium.org/entities/f44e0ee8c75dfe89f8ec0f02c1780c21,http://purl.org/ccf/1.5/67aecf90-24ce-4dfa-91db-8d7a081aa684,right kidney,UBERON:0004539,sc_bulk,https://purl.org/ccf/ASCTB-TEMP_cortical-collecting-duct-principal,Cortical Collecting Duct Principal,94.55327199999999,0.00921131523690742
https://entity.api.hubmapconsortium.org/entities/f44e0ee8c75dfe89f8ec0f02c1780c21,http://purl.org/ccf/1.5/67aecf90-24ce-4dfa-91db-8d7a081aa684,right kidney,UBERON:0004539,sc_bulk,https://purl.org/ccf/ASCTB-TEMP_vascular-smooth-muscle-pericyte,Vascular Smooth Muscle / Pericyte,90.73526000000001,0.00883936711320531
https://entity.api.hubmapconsortium.org/entities/f44e0ee8c75dfe89f8ec0f02c1780c21,http://purl.org/ccf/1.5/67aecf90-24ce-4dfa-91db-8d7a081aa684,right kidney,UBERON:0004539,sc_bulk,https://purl.org/ccf/ASCTB-TEMP_mesangial,Mesangial,69.17858199999999,0.006739330252307391
https://entity.api.hubmapconsortium.org/entities/f44e0ee8c75dfe89f8ec0f02c1780c21,http://purl.org/ccf/1.5/67aecf90-24ce-4dfa-91db-8d7a081aa684,right kidney,UBERON:0004539,sc_bulk,https://purl.org/ccf/ASCTB-TEMP_peritubular-capilary-endothelial,Peritubular Capilary Endothelial,60.41939199999999,0.005886015939610025
https://entity.api.hubmapconsortium.org/entities/f44e0ee8c75dfe89f8ec0f02c1780c21,http://purl.org/ccf/1.5/67aecf90-24ce-4dfa-91db-8d7a081aa684,right kidney,UBERON:0004539,sc_bulk,https://purl.org/ccf/ASCTB-TEMP_m2-macrophage,M2 Macrophage,57.940652,0.005644538780254484
https://entity.api.hubmapconsortium.org/entities/f44e0ee8c75dfe89f8ec0f02c1780c21,http://purl.org/ccf/1.5/67aecf90-24ce-4dfa-91db-8d7a081aa684,right kidney,UBERON:0004539,sc_bulk,https://purl.org/ccf/ASCTB-TEMP_cortical-vascular-smooth-muscle-pericyte,Cortical Vascular Smooth Muscle / Pericyte,46.64336600000001,0.004543964887184968
https://entity.api.hubmapconsortium.org/entities/f44e0ee8c75dfe89f8ec0f02c1780c21,http://purl.org/ccf/1.5/67aecf90-24ce-4dfa-91db-8d7a081aa684,right kidney,UBERON:0004539,sc_bulk,https://purl.org/ccf/ASCTB-TEMP_cortical-collecting-duct-intercalated-type-a,Cortical Collecting Duct Intercalated Type A,44.15125,0.00430118464703695
https://entity.api.hubmapconsortium.org/entities/f44e0ee8c75dfe89f8ec0f02c1780c21,http://purl.org/ccf/1.5/67aecf90-24ce-4dfa-91db-8d7a081aa684,right kidney,UBERON:0004539,sc_bulk,https://purl.org/ccf/ASCTB-TEMP_outer-medullary-collecting-duct-intercalated-type-a,Outer Medullary Collecting Duct Intercalated Type A,35.44514599999999,0.00345304193623472
https://entity.api.hubmapconsortium.org/entities/f44e0ee8c75dfe89f8ec0f02c1780c21,http://purl.org/ccf/1.5/67aecf90-24ce-4dfa-91db-8d7a081aa684,right kidney,UBERON:0004539,sc_bulk,https://purl.org/ccf/ASCTB-TEMP_ascending-thin-limb,Ascending Thin Limb,25.918508,0.002524963363069095
https://entity.api.hubmapconsortium.org/entities/f44e0ee8c75dfe89f8ec0f02c1780c21,http://purl.org/ccf/1.5/67aecf90-24ce-4dfa-91db-8d7a081aa684,right kidney,UBERON:0004539,sc_bulk,https://purl.org/ccf/ASCTB-TEMP_macula-densa,Macula Densa,19.615904,0.001910967982164734
https://entity.api.hubmapconsortium.org/entities/f44e0ee8c75dfe89f8ec0f02c1780c21,http://purl.org/ccf/1.5/67aecf90-24ce-4dfa-91db-8d7a081aa684,right kidney,UBERON:0004539,sc_bulk,https://purl.org/ccf/ASCTB-TEMP_connecting-tubule-principal,Connecting Tubule Principal,16.067502,0.001565285080685949
https://entity.api.hubmapconsortium.org/entities/f44e0ee8c75dfe89f8ec0f02c1780c21,http://purl.org/ccf/1.5/67aecf90-24ce-4dfa-91db-8d7a081aa684,right kidney,UBERON:0004539,sc_bulk,https://purl.org/ccf/ASCTB-TEMP_afferent-efferent-arteriole-endothelial,Afferent / Efferent Arteriole Endothelial,13.207964,0.001286710840019631
https://entity.api.hubmapconsortium.org/entities/f44e0ee8c75dfe89f8ec0f02c1780c21,http://purl.org/ccf/1.5/67aecf90-24ce-4dfa-91db-8d7a081aa684,right kidney,UBERON:0004539,sc_bulk,https://purl.org/ccf/ASCTB-TEMP_glomerular-capillary-endothelial,Glomerular Capillary Endothelial,10.676138,0.001040062078768954
https://entity.api.hubmapconsortium.org/entities/f44e0ee8c75dfe89f8ec0f02c1780c21,http://purl.org/ccf/1.5/67aecf90-24ce-4dfa-91db-8d7a081aa684,right kidney,UBERON:0004539,sc_bulk,https://purl.org/ccf/ASCTB-TEMP_descending-thin-limb-type-3,Descending Thin Limb Type 3,10.623052,0.001034890476873818
https://entity.api.hubmapconsortium.org/entities/f44e0ee8c75dfe89f8ec0f02c1780c21,http://purl.org/ccf/1.5/67aecf90-24ce-4dfa-91db-8d7a081aa684,right kidney,UBERON:0004539,sc_bulk,https://purl.org/ccf/ASCTB-TEMP_tissue-resident-macrophage,Tissue-resident Macrophage,10.016952,9.758446284647903E-4
https://entity.api.hubmapconsortium.org/entities/f44e0ee8c75dfe89f8ec0f02c1780c21,http://purl.org/ccf/1.5/67aecf90-24ce-4dfa-91db-8d7a081aa684,right kidney,UBERON:0004539,sc_bulk,https://purl.org/ccf/ASCTB-TEMP_podocyte,Podocyte,9.591846,9.344310920289411E-4
https://entity.api.hubmapconsortium.org/entities/f44e0ee8c75dfe89f8ec0f02c1780c21,http://purl.org/ccf/1.5/67aecf90-24ce-4dfa-91db-8d7a081aa684,right kidney,UBERON:0004539,sc_bulk,https://purl.org/ccf/ASCTB-TEMP_parietal-epithelial,Parietal Epithelial,7.800716,7.599404296615723E-4
https://entity.api.hubmapconsortium.org/entities/f44e0ee8c75dfe89f8ec0f02c1780c21,http://purl.org/ccf/1.5/67aecf90-24ce-4dfa-91db-8d7a081aa684,right kidney,UBERON:0004539,sc_bulk,https://purl.org/ccf/ASCTB-TEMP_monocyte-derived,Monocyte-derived,6.074376,5.917615648827547E-4
https://entity.api.hubmapconsortium.org/entities/f44e0ee8c75dfe89f8ec0f02c1780c21,http://purl.org/ccf/1.5/67aecf90-24ce-4dfa-91db-8d7a081aa684,right kidney,UBERON:0004539,sc_bulk,https://purl.org/ccf/ASCTB-TEMP_t,T,5.671424,5.525062560094423E-4
https://entity.api.hubmapconsortium.org/entities/f44e0ee8c75dfe89f8ec0f02c1780c21,http://purl.org/ccf/1.5/67aecf90-24ce-4dfa-91db-8d7a081aa684,right kidney,UBERON:0004539,sc_bulk,https://purl.org/ccf/ASCTB-TEMP_intercalated-type-b,Intercalated Type B,4.903557999999999,4.777012742664186E-4
https://entity.api.hubmapconsortium.org/entities/f44e0ee8c75dfe89f8ec0f02c1780c21,http://purl.org/ccf/1.5/67aecf90-24ce-4dfa-91db-8d7a081aa684,right kidney,UBERON:0004539,sc_bulk,https://purl.org/ccf/ASCTB-TEMP_lymphatic-endothelial,Lymphatic Endothelial,4.610958,4.491963819310258E-4
https://entity.api.hubmapconsortium.org/entities/f44e0ee8c75dfe89f8ec0f02c1780c21,http://purl.org/ccf/1.5/67aecf90-24ce-4dfa-91db-8d7a081aa684,right kidney,UBERON:0004539,sc_bulk,https://purl.org/ccf/ASCTB-TEMP_monocyte,Monocyte,2.141832,2.086558118950754E-4
https://entity.api.hubmapconsortium.org/entities/f44e0ee8c75dfe89f8ec0f02c1780c21,http://purl.org/ccf/1.5/67aecf90-24ce-4dfa-91db-8d7a081aa684,right kidney,UBERON:0004539,sc_bulk,https://purl.org/ccf/ASCTB-TEMP_proximal-tubule-epithelial-segment-2,Proximal Tubule Epithelial Segment 2,1.957076,1.90657008449013E-4
https://entity.api.hubmapconsortium.org/entities/f44e0ee8c75dfe89f8ec0f02c1780c21,http://purl.org/ccf/1.5/67aecf90-24ce-4dfa-91db-8d7a081aa684,right kidney,UBERON:0004539,sc_bulk,https://purl.org/ccf/ASCTB-TEMP_schwann-neural,Schwann / Neural,1.916948,1.867477660715877E-4
https://entity.api.hubmapconsortium.org/entities/f44e0ee8c75dfe89f8ec0f02c1780c21,http://purl.org/ccf/1.5/67aecf90-24ce-4dfa-91db-8d7a081aa684,right kidney,UBERON:0004539,sc_bulk,https://purl.org/ccf/ASCTB-TEMP_natural-killer-natural-killer-t,Natural Killer / Natural Killer T,1.795728,1.749385963897821E-4
https://entity.api.hubmapconsortium.org/entities/f44e0ee8c75dfe89f8ec0f02c1780c21,http://purl.org/ccf/1.5/67aecf90-24ce-4dfa-91db-8d7a081aa684,right kidney,UBERON:0004539,sc_bulk,https://purl.org/ccf/ASCTB-TEMP_distal-convoluted-tubule-type-2,Distal Convoluted Tubule Type 2,1.19339,1.162592394536378E-4
https://entity.api.hubmapconsortium.org/entities/f44e0ee8c75dfe89f8ec0f02c1780c21,http://purl.org/ccf/1.5/67aecf90-24ce-4dfa-91db-8d7a081aa684,right kidney,UBERON:0004539,sc_bulk,https://purl.org/ccf/ASCTB-TEMP_b,B,0.9881519999999999,9.626509354409799E-5
https://entity.api.hubmapconsortium.org/entities/f44e0ee8c75dfe89f8ec0f02c1780c21,http://purl.org/ccf/1.5/67aecf90-24ce-4dfa-91db-8d7a081aa684,right kidney,UBERON:0004539,sc_bulk,https://purl.org/ccf/ASCTB-TEMP_plasma,Plasma,0.596486,5.810925908943648E-5
https://entity.api.hubmapconsortium.org/entities/f44e0ee8c75dfe89f8ec0f02c1780c21,http://purl.org/ccf/1.5/67aecf90-24ce-4dfa-91db-8d7a081aa684,right kidney,UBERON:0004539,sc_bulk,https://purl.org/ccf/ASCTB-TEMP_mast,Mast,0.436392,4.251301085450013E-5
https://entity.api.hubmapconsortium.org/entities/f44e0ee8c75dfe89f8ec0f02c1780c21,http://purl.org/ccf/1.5/67aecf90-24ce-4dfa-91db-8d7a081aa684,right kidney,UBERON:0004539,sc_bulk,https://purl.org/ccf/ASCTB-TEMP_classical-dendritic,Classical Dendritic,0.396264,3.860376847707483E-5
https://entity.api.hubmapconsortium.org/entities/f44e0ee8c75dfe89f8ec0f02c1780c21,http://purl.org/ccf/1.5/67aecf90-24ce-4dfa-91db-8d7a081aa684,right kidney,UBERON:0004539,sc_bulk,https://purl.org/ccf/ASCTB-TEMP_cycling-mononuclear-phagocyte,Cycling Mononuclear Phagocyte,0.368676,3.591616434259494E-5
https://entity.api.hubmapconsortium.org/entities/f44e0ee8c75dfe89f8ec0f02c1780c21,http://purl.org/ccf/1.5/67aecf90-24ce-4dfa-91db-8d7a081aa684,right kidney,UBERON:0004539,sc_bulk,https://purl.org/ccf/ASCTB-TEMP_renin-positive-juxtaglomerular-granular,Renin-positive Juxtaglomerular Granular,0.350284,3.412442825294168E-5
https://entity.api.hubmapconsortium.org/entities/f44e0ee8c75dfe89f8ec0f02c1780c21,http://purl.org/ccf/1.5/67aecf90-24ce-4dfa-91db-8d7a081aa684,right kidney,UBERON:0004539,sc_bulk,https://purl.org/ccf/ASCTB-TEMP_non-classical-monocyte,Non-classical monocyte,0.122474,1.193133350610013E-5
https://entity.api.hubmapconsortium.org/entities/f44e0ee8c75dfe89f8ec0f02c1780c21,http://purl.org/ccf/1.5/67aecf90-24ce-4dfa-91db-8d7a081aa684,right kidney,UBERON:0004539,sc_bulk,https://purl.org/ccf/ASCTB-TEMP_connecting-tubule-intercalated-type-a,Connecting Tubule Intercalated Type A,0.122474,1.193133350610013E-5
https://entity.api.hubmapconsortium.org/entities/f44e0ee8c75dfe89f8ec0f02c1780c21,http://purl.org/ccf/1.5/67aecf90-24ce-4dfa-91db-8d7a081aa684,right kidney,UBERON:0004539,sc_bulk,https://purl.org/ccf/ASCTB-TEMP_neutrophil,Neutrophil,0.005016,4.886552971781624E-7
https://entity.api.hubmapconsortium.org/entities/f44e0ee8c75dfe89f8ec0f02c1780c21,http://purl.org/ccf/1.5/67aecf90-24ce-4dfa-91db-8d7a081aa684,right kidney,UBERON:0004539,sc_bulk,https://purl.org/ccf/ASCTB-TEMP_natural-killer-t,Natural Killer T,0.002508,2.443276485890812E-7
https://entity.api.hubmapconsortium.org/entities/f44e0ee8c75dfe89f8ec0f02c1780c21,http://purl.org/ccf/1.5/67aecf90-24ce-4dfa-91db-8d7a081aa684,right kidney,UBERON:0004539,sc_bulk,https://purl.org/ccf/ASCTB-TEMP_plasmacytoid-dendritic,Plasmacytoid Dendritic,0.002508,2.443276485890812E-7
https://entity.api.hubmapconsortium.org/entities/f547dd2314220d545cd16c5dc41197f6,http://purl.org/ccf/1.5/decfd5b4-07de-4894-bc83-6698cfb1ef8c,right kidney,UBERON:0004539,sc_bulk,https://purl.org/ccf/ASCTB-TEMP_cortical-thick-ascending-limb,Cortical Thick Ascending Limb,218880.615,0.1923133852731772
https://entity.api.hubmapconsortium.org/entities/f547dd2314220d545cd16c5dc41197f6,http://purl.org/ccf/1.5/decfd5b4-07de-4894-bc83-6698cfb1ef8c,right kidney,UBERON:0004539,sc_bulk,https://purl.org/ccf/ASCTB-TEMP_inner-medullary-collecting-duct,Inner Medullary Collecting Duct,127470.332,0.1119982738938111
https://entity.api.hubmapconsortium.org/entities/f547dd2314220d545cd16c5dc41197f6,http://purl.org/ccf/1.5/decfd5b4-07de-4894-bc83-6698cfb1ef8c,right kidney,UBERON:0004539,sc_bulk,https://purl.org/ccf/ASCTB-TEMP_connecting-tubule,Connecting Tubule,92264.948,0.08106603909137255
https://entity.api.hubmapconsortium.org/entities/f547dd2314220d545cd16c5dc41197f6,http://purl.org/ccf/1.5/decfd5b4-07de-4894-bc83-6698cfb1ef8c,right kidney,UBERON:0004539,sc_bulk,https://purl.org/ccf/ASCTB-TEMP_proximal-tubule-epithelial-segment-1,Proximal Tubule Epithelial Segment 1,89542.50000000001,0.07867403561902217
https://entity.api.hubmapconsortium.org/entities/f547dd2314220d545cd16c5dc41197f6,http://purl.org/ccf/1.5/decfd5b4-07de-4894-bc83-6698cfb1ef8c,right kidney,UBERON:0004539,sc_bulk,https://purl.org/ccf/ASCTB-TEMP_distal-convoluted-tubule-type-1,Distal Convoluted Tubule Type 1,85983.65000000002,0.0755471507133879
https://entity.api.hubmapconsortium.org/entities/f547dd2314220d545cd16c5dc41197f6,http://purl.org/ccf/1.5/decfd5b4-07de-4894-bc83-6698cfb1ef8c,right kidney,UBERON:0004539,sc_bulk,https://purl.org/ccf/ASCTB-TEMP_descending-thin-limb-type-1,Descending Thin Limb Type 1,74780.35,0.06570368170983548
https://entity.api.hubmapconsortium.org/entities/f547dd2314220d545cd16c5dc41197f6,http://purl.org/ccf/1.5/decfd5b4-07de-4894-bc83-6698cfb1ef8c,right kidney,UBERON:0004539,sc_bulk,https://purl.org/ccf/ASCTB-TEMP_descending-thin-limb-type-2,Descending Thin Limb Type 2,73242.46599999999,0.06435246256145426
https://entity.api.hubmapconsortium.org/entities/f547dd2314220d545cd16c5dc41197f6,http://purl.org/ccf/1.5/decfd5b4-07de-4894-bc83-6698cfb1ef8c,right kidney,UBERON:0004539,sc_bulk,https://purl.org/ccf/ASCTB-TEMP_ascending-thin-limb,Ascending Thin Limb,72502.091,0.0637019525899722
https://entity.api.hubmapconsortium.org/entities/f547dd2314220d545cd16c5dc41197f6,http://purl.org/ccf/1.5/decfd5b4-07de-4894-bc83-6698cfb1ef8c,right kidney,UBERON:0004539,sc_bulk,https://purl.org/ccf/ASCTB-TEMP_fibroblast,Fibroblast,50721.21700000001,0.0445647913884262
https://entity.api.hubmapconsortium.org/entities/f547dd2314220d545cd16c5dc41197f6,http://purl.org/ccf/1.5/decfd5b4-07de-4894-bc83-6698cfb1ef8c,right kidney,UBERON:0004539,sc_bulk,https://purl.org/ccf/ASCTB-TEMP_proximal-tubule-epithelial-segment-3,Proximal Tubule Epithelial Segment 3,48407.02699999999,0.04253149249137522
https://entity.api.hubmapconsortium.org/entities/f547dd2314220d545cd16c5dc41197f6,http://purl.org/ccf/1.5/decfd5b4-07de-4894-bc83-6698cfb1ef8c,right kidney,UBERON:0004539,sc_bulk,https://purl.org/ccf/ASCTB-TEMP_medullary-thick-ascending-limb,Medullary Thick Ascending Limb,34198.027,0.0300471484970632
https://entity.api.hubmapconsortium.org/entities/f547dd2314220d545cd16c5dc41197f6,http://purl.org/ccf/1.5/decfd5b4-07de-4894-bc83-6698cfb1ef8c,right kidney,UBERON:0004539,sc_bulk,https://purl.org/ccf/ASCTB-TEMP_cortical-collecting-duct-principal,Cortical Collecting Duct Principal,26503.50400000001,0.02328656914565594
https://entity.api.hubmapconsortium.org/entities/f547dd2314220d545cd16c5dc41197f6,http://purl.org/ccf/1.5/decfd5b4-07de-4894-bc83-6698cfb1ef8c,right kidney,UBERON:0004539,sc_bulk,https://purl.org/ccf/ASCTB-TEMP_cortical-collecting-duct-intercalated-type-a,Cortical Collecting Duct Intercalated Type A,13369.98,0.01174716232789585
https://entity.api.hubmapconsortium.org/entities/f547dd2314220d545cd16c5dc41197f6,http://purl.org/ccf/1.5/decfd5b4-07de-4894-bc83-6698cfb1ef8c,right kidney,UBERON:0004539,sc_bulk,https://purl.org/ccf/ASCTB-TEMP_podocyte,Podocyte,12591.483,0.01106315751780788
https://entity.api.hubmapconsortium.org/entities/f547dd2314220d545cd16c5dc41197f6,http://purl.org/ccf/1.5/decfd5b4-07de-4894-bc83-6698cfb1ef8c,right kidney,UBERON:0004539,sc_bulk,https://purl.org/ccf/ASCTB-TEMP_mesangial,Mesangial,12278.113,0.01078782365353189
https://entity.api.hubmapconsortium.org/entities/f547dd2314220d545cd16c5dc41197f6,http://purl.org/ccf/1.5/decfd5b4-07de-4894-bc83-6698cfb1ef8c,right kidney,UBERON:0004539,sc_bulk,https://purl.org/ccf/ASCTB-TEMP_peritubular-capilary-endothelial,Peritubular Capilary Endothelial,11271.73,0.009903593126258485
https://entity.api.hubmapconsortium.org/entities/f547dd2314220d545cd16c5dc41197f6,http://purl.org/ccf/1.5/decfd5b4-07de-4894-bc83-6698cfb1ef8c,right kidney,UBERON:0004539,sc_bulk,https://purl.org/ccf/ASCTB-TEMP_outer-medullary-collecting-duct-intercalated-type-a,Outer Medullary Collecting Duct Intercalated Type A,8190.706,0.007196536790785811
https://entity.api.hubmapconsortium.org/entities/f547dd2314220d545cd16c5dc41197f6,http://purl.org/ccf/1.5/decfd5b4-07de-4894-bc83-6698cfb1ef8c,right kidney,UBERON:0004539,sc_bulk,https://purl.org/ccf/ASCTB-TEMP_outer-medullary-collecting-duct-principal,Outer Medullary Collecting Duct Principal,7995.797,0.007025285400569231
https://entity.api.hubmapconsortium.org/entities/f547dd2314220d545cd16c5dc41197f6,http://purl.org/ccf/1.5/decfd5b4-07de-4894-bc83-6698cfb1ef8c,right kidney,UBERON:0004539,sc_bulk,https://purl.org/ccf/ASCTB-TEMP_parietal-epithelial,Parietal Epithelial,7860.065000000001,0.006906028241090313
https://entity.api.hubmapconsortium.org/entities/f547dd2314220d545cd16c5dc41197f6,http://purl.org/ccf/1.5/decfd5b4-07de-4894-bc83-6698cfb1ef8c,right kidney,UBERON:0004539,sc_bulk,https://purl.org/ccf/ASCTB-TEMP_intercalated-type-b,Intercalated Type B,7618.814000000001,0.006694059737115948
https://entity.api.hubmapconsortium.org/entities/f547dd2314220d545cd16c5dc41197f6,http://purl.org/ccf/1.5/decfd5b4-07de-4894-bc83-6698cfb1ef8c,right kidney,UBERON:0004539,sc_bulk,https://purl.org/ccf/ASCTB-TEMP_ascending-vasa-recta-endothelial,Ascending Vasa Recta Endothelial,6291.872,0.005528178929986634
https://entity.api.hubmapconsortium.org/entities/f547dd2314220d545cd16c5dc41197f6,http://purl.org/ccf/1.5/decfd5b4-07de-4894-bc83-6698cfb1ef8c,right kidney,UBERON:0004539,sc_bulk,https://purl.org/ccf/ASCTB-TEMP_classical-dendritic,Classical Dendritic,6157.746,0.005410332837891406
https://entity.api.hubmapconsortium.org/entities/f547dd2314220d545cd16c5dc41197f6,http://purl.org/ccf/1.5/decfd5b4-07de-4894-bc83-6698cfb1ef8c,right kidney,UBERON:0004539,sc_bulk,https://purl.org/ccf/ASCTB-TEMP_macula-densa,Macula Densa,6129.017999999999,0.005385091776995593
https://entity.api.hubmapconsortium.org/entities/f547dd2314220d545cd16c5dc41197f6,http://purl.org/ccf/1.5/decfd5b4-07de-4894-bc83-6698cfb1ef8c,right kidney,UBERON:0004539,sc_bulk,https://purl.org/ccf/ASCTB-TEMP_glomerular-capillary-endothelial,Glomerular Capillary Endothelial,5883.353999999999,0.00516924591289406
https://entity.api.hubmapconsortium.org/entities/f547dd2314220d545cd16c5dc41197f6,http://purl.org/ccf/1.5/decfd5b4-07de-4894-bc83-6698cfb1ef8c,right kidney,UBERON:0004539,sc_bulk,https://purl.org/ccf/ASCTB-TEMP_medullary-fibroblast,Medullary Fibroblast,4830.841999999999,0.004244485418408779
https://entity.api.hubmapconsortium.org/entities/f547dd2314220d545cd16c5dc41197f6,http://purl.org/ccf/1.5/decfd5b4-07de-4894-bc83-6698cfb1ef8c,right kidney,UBERON:0004539,sc_bulk,https://purl.org/ccf/ASCTB-TEMP_cortical-vascular-smooth-muscle-pericyte,Cortical Vascular Smooth Muscle / Pericyte,3701.618,0.003252324051484084
https://entity.api.hubmapconsortium.org/entities/f547dd2314220d545cd16c5dc41197f6,http://purl.org/ccf/1.5/decfd5b4-07de-4894-bc83-6698cfb1ef8c,right kidney,UBERON:0004539,sc_bulk,https://purl.org/ccf/ASCTB-TEMP_connecting-tubule-principal,Connecting Tubule Principal,3474.940000000001,0.003053159710014405
https://entity.api.hubmapconsortium.org/entities/f547dd2314220d545cd16c5dc41197f6,http://purl.org/ccf/1.5/decfd5b4-07de-4894-bc83-6698cfb1ef8c,right kidney,UBERON:0004539,sc_bulk,https://purl.org/ccf/ASCTB-TEMP_vascular-smooth-muscle-pericyte,Vascular Smooth Muscle / Pericyte,3381.532999999999,0.002971090238589483
https://entity.api.hubmapconsortium.org/entities/f547dd2314220d545cd16c5dc41197f6,http://purl.org/ccf/1.5/decfd5b4-07de-4894-bc83-6698cfb1ef8c,right kidney,UBERON:0004539,sc_bulk,https://purl.org/ccf/ASCTB-TEMP_m2-macrophage,M2 Macrophage,3375.679999999999,0.002965947662377314
https://entity.api.hubmapconsortium.org/entities/f547dd2314220d545cd16c5dc41197f6,http://purl.org/ccf/1.5/decfd5b4-07de-4894-bc83-6698cfb1ef8c,right kidney,UBERON:0004539,sc_bulk,https://purl.org/ccf/ASCTB-TEMP_descending-thin-limb-type-3,Descending Thin Limb Type 3,3154.318,0.002771454076954773
https://entity.api.hubmapconsortium.org/entities/f547dd2314220d545cd16c5dc41197f6,http://purl.org/ccf/1.5/decfd5b4-07de-4894-bc83-6698cfb1ef8c,right kidney,UBERON:0004539,sc_bulk,https://purl.org/ccf/ASCTB-TEMP_monocyte-derived,Monocyte-derived,2979.315,0.002617692541868799
https://entity.api.hubmapconsortium.org/entities/f547dd2314220d545cd16c5dc41197f6,http://purl.org/ccf/1.5/decfd5b4-07de-4894-bc83-6698cfb1ef8c,right kidney,UBERON:0004539,sc_bulk,https://purl.org/ccf/ASCTB-TEMP_descending-vasa-recta-endothelial,Descending Vasa Recta Endothelial,2757.939999999999,0.0024231875343566
https://entity.api.hubmapconsortium.org/entities/f547dd2314220d545cd16c5dc41197f6,http://purl.org/ccf/1.5/decfd5b4-07de-4894-bc83-6698cfb1ef8c,right kidney,UBERON:0004539,sc_bulk,https://purl.org/ccf/ASCTB-TEMP_t,T,1828.118,0.001606225207558149
https://entity.api.hubmapconsortium.org/entities/f547dd2314220d545cd16c5dc41197f6,http://purl.org/ccf/1.5/decfd5b4-07de-4894-bc83-6698cfb1ef8c,right kidney,UBERON:0004539,sc_bulk,https://purl.org/ccf/ASCTB-TEMP_distal-convoluted-tubule-type-2,Distal Convoluted Tubule Type 2,1561.651,0.001372101364139728
https://entity.api.hubmapconsortium.org/entities/f547dd2314220d545cd16c5dc41197f6,http://purl.org/ccf/1.5/decfd5b4-07de-4894-bc83-6698cfb1ef8c,right kidney,UBERON:0004539,sc_bulk,https://purl.org/ccf/ASCTB-TEMP_afferent-efferent-arteriole-endothelial,Afferent / Efferent Arteriole Endothelial,1489.726,0.001308906456560665
https://entity.api.hubmapconsortium.org/entities/f547dd2314220d545cd16c5dc41197f6,http://purl.org/ccf/1.5/decfd5b4-07de-4894-bc83-6698cfb1ef8c,right kidney,UBERON:0004539,sc_bulk,https://purl.org/ccf/ASCTB-TEMP_proximal-tubule-epithelial-segment-2,Proximal Tubule Epithelial Segment 2,1179.154,0.001036030977427617
https://entity.api.hubmapconsortium.org/entities/f547dd2314220d545cd16c5dc41197f6,http://purl.org/ccf/1.5/decfd5b4-07de-4894-bc83-6698cfb1ef8c,right kidney,UBERON:0004539,sc_bulk,https://purl.org/ccf/ASCTB-TEMP_mast,Mast,809.054,7.108528711361906E-4
https://entity.api.hubmapconsortium.org/entities/f547dd2314220d545cd16c5dc41197f6,http://purl.org/ccf/1.5/decfd5b4-07de-4894-bc83-6698cfb1ef8c,right kidney,UBERON:0004539,sc_bulk,https://purl.org/ccf/ASCTB-TEMP_b,B,619.965,5.447150625964997E-4
https://entity.api.hubmapconsortium.org/entities/f547dd2314220d545cd16c5dc41197f6,http://purl.org/ccf/1.5/decfd5b4-07de-4894-bc83-6698cfb1ef8c,right kidney,UBERON:0004539,sc_bulk,https://purl.org/ccf/ASCTB-TEMP_schwann-neural,Schwann / Neural,534.555,4.69671933554752E-4
https://entity.api.hubmapconsortium.org/entities/f547dd2314220d545cd16c5dc41197f6,http://purl.org/ccf/1.5/decfd5b4-07de-4894-bc83-6698cfb1ef8c,right kidney,UBERON:0004539,sc_bulk,https://purl.org/ccf/ASCTB-TEMP_plasma,Plasma,476.39,4.185668685657198E-4
https://entity.api.hubmapconsortium.org/entities/f547dd2314220d545cd16c5dc41197f6,http://purl.org/ccf/1.5/decfd5b4-07de-4894-bc83-6698cfb1ef8c,right kidney,UBERON:0004539,sc_bulk,https://purl.org/ccf/ASCTB-TEMP_lymphatic-endothelial,Lymphatic Endothelial,475.712,4.179711626590308E-4
https://entity.api.hubmapconsortium.org/entities/f547dd2314220d545cd16c5dc41197f6,http://purl.org/ccf/1.5/decfd5b4-07de-4894-bc83-6698cfb1ef8c,right kidney,UBERON:0004539,sc_bulk,https://purl.org/ccf/ASCTB-TEMP_tissue-resident-macrophage,Tissue-resident Macrophage,460.422,4.045370279786851E-4
https://entity.api.hubmapconsortium.org/entities/f547dd2314220d545cd16c5dc41197f6,http://purl.org/ccf/1.5/decfd5b4-07de-4894-bc83-6698cfb1ef8c,right kidney,UBERON:0004539,sc_bulk,https://purl.org/ccf/ASCTB-TEMP_papillary-tip-epithelial,Papillary Tip Epithelial,263.383,2.314141723030395E-4
https://entity.api.hubmapconsortium.org/entities/f547dd2314220d545cd16c5dc41197f6,http://purl.org/ccf/1.5/decfd5b4-07de-4894-bc83-6698cfb1ef8c,right kidney,UBERON:0004539,sc_bulk,https://purl.org/ccf/ASCTB-TEMP_connecting-tubule-intercalated-type-a,Connecting Tubule Intercalated Type A,245.422,2.156332375094693E-4
https://entity.api.hubmapconsortium.org/entities/f547dd2314220d545cd16c5dc41197f6,http://purl.org/ccf/1.5/decfd5b4-07de-4894-bc83-6698cfb1ef8c,right kidney,UBERON:0004539,sc_bulk,https://purl.org/ccf/ASCTB-TEMP_natural-killer-natural-killer-t,Natural Killer / Natural Killer T,79.75000000000001,7.007012692986032E-5
https://entity.api.hubmapconsortium.org/entities/f547dd2314220d545cd16c5dc41197f6,http://purl.org/ccf/1.5/decfd5b4-07de-4894-bc83-6698cfb1ef8c,right kidney,UBERON:0004539,sc_bulk,https://purl.org/ccf/ASCTB-TEMP_non-classical-monocyte,Non-classical monocyte,75.5,6.63359822345386E-5
https://entity.api.hubmapconsortium.org/entities/f547dd2314220d545cd16c5dc41197f6,http://purl.org/ccf/1.5/decfd5b4-07de-4894-bc83-6698cfb1ef8c,right kidney,UBERON:0004539,sc_bulk,https://purl.org/ccf/ASCTB-TEMP_neutrophil,Neutrophil,53.711,4.719168134833514E-5
https://entity.api.hubmapconsortium.org/entities/f547dd2314220d545cd16c5dc41197f6,http://purl.org/ccf/1.5/decfd5b4-07de-4894-bc83-6698cfb1ef8c,right kidney,UBERON:0004539,sc_bulk,https://purl.org/ccf/ASCTB-TEMP_renin-positive-juxtaglomerular-granular,Renin-positive Juxtaglomerular Granular,51.48,4.523147503886155E-5
https://entity.api.hubmapconsortium.org/entities/f547dd2314220d545cd16c5dc41197f6,http://purl.org/ccf/1.5/decfd5b4-07de-4894-bc83-6698cfb1ef8c,right kidney,UBERON:0004539,sc_bulk,https://purl.org/ccf/ASCTB-TEMP_monocyte,Monocyte,46.924,4.122847192547668E-5
https://entity.api.hubmapconsortium.org/entities/f547dd2314220d545cd16c5dc41197f6,http://purl.org/ccf/1.5/decfd5b4-07de-4894-bc83-6698cfb1ef8c,right kidney,UBERON:0004539,sc_bulk,https://purl.org/ccf/ASCTB-TEMP_natural-killer-t,Natural Killer T,43.343,3.808212553631267E-5
https://entity.api.hubmapconsortium.org/entities/f547dd2314220d545cd16c5dc41197f6,http://purl.org/ccf/1.5/decfd5b4-07de-4894-bc83-6698cfb1ef8c,right kidney,UBERON:0004539,sc_bulk,https://purl.org/ccf/ASCTB-TEMP_plasmacytoid-dendritic,Plasmacytoid Dendritic,38.875,3.415644118367799E-5
https://entity.api.hubmapconsortium.org/entities/f547dd2314220d545cd16c5dc41197f6,http://purl.org/ccf/1.5/decfd5b4-07de-4894-bc83-6698cfb1ef8c,right kidney,UBERON:0004539,sc_bulk,https://purl.org/ccf/ASCTB-TEMP_cycling-mononuclear-phagocyte,Cycling Mononuclear Phagocyte,20.779,1.825689238213877E-5
https://entity.api.hubmapconsortium.org/entities/f67a8d11109490b31b0c28cd305795b8,http://purl.org/ccf/1.5/d674ff95-4757-404a-b521-0bf66631401e,right kidney,UBERON:0004539,sc_bulk,https://purl.org/ccf/ASCTB-TEMP_cortical-thick-ascending-limb,Cortical Thick Ascending Limb,218880.615,0.1923133852731772
https://entity.api.hubmapconsortium.org/entities/f67a8d11109490b31b0c28cd305795b8,http://purl.org/ccf/1.5/d674ff95-4757-404a-b521-0bf66631401e,right kidney,UBERON:0004539,sc_bulk,https://purl.org/ccf/ASCTB-TEMP_inner-medullary-collecting-duct,Inner Medullary Collecting Duct,127470.332,0.1119982738938111
https://entity.api.hubmapconsortium.org/entities/f67a8d11109490b31b0c28cd305795b8,http://purl.org/ccf/1.5/d674ff95-4757-404a-b521-0bf66631401e,right kidney,UBERON:0004539,sc_bulk,https://purl.org/ccf/ASCTB-TEMP_connecting-tubule,Connecting Tubule,92264.948,0.08106603909137255
https://entity.api.hubmapconsortium.org/entities/f67a8d11109490b31b0c28cd305795b8,http://purl.org/ccf/1.5/d674ff95-4757-404a-b521-0bf66631401e,right kidney,UBERON:0004539,sc_bulk,https://purl.org/ccf/ASCTB-TEMP_proximal-tubule-epithelial-segment-1,Proximal Tubule Epithelial Segment 1,89542.50000000001,0.07867403561902217
https://entity.api.hubmapconsortium.org/entities/f67a8d11109490b31b0c28cd305795b8,http://purl.org/ccf/1.5/d674ff95-4757-404a-b521-0bf66631401e,right kidney,UBERON:0004539,sc_bulk,https://purl.org/ccf/ASCTB-TEMP_distal-convoluted-tubule-type-1,Distal Convoluted Tubule Type 1,85983.65000000002,0.0755471507133879
https://entity.api.hubmapconsortium.org/entities/f67a8d11109490b31b0c28cd305795b8,http://purl.org/ccf/1.5/d674ff95-4757-404a-b521-0bf66631401e,right kidney,UBERON:0004539,sc_bulk,https://purl.org/ccf/ASCTB-TEMP_descending-thin-limb-type-1,Descending Thin Limb Type 1,74780.35,0.06570368170983548
https://entity.api.hubmapconsortium.org/entities/f67a8d11109490b31b0c28cd305795b8,http://purl.org/ccf/1.5/d674ff95-4757-404a-b521-0bf66631401e,right kidney,UBERON:0004539,sc_bulk,https://purl.org/ccf/ASCTB-TEMP_descending-thin-limb-type-2,Descending Thin Limb Type 2,73242.46599999999,0.06435246256145426
https://entity.api.hubmapconsortium.org/entities/f67a8d11109490b31b0c28cd305795b8,http://purl.org/ccf/1.5/d674ff95-4757-404a-b521-0bf66631401e,right kidney,UBERON:0004539,sc_bulk,https://purl.org/ccf/ASCTB-TEMP_ascending-thin-limb,Ascending Thin Limb,72502.091,0.0637019525899722
https://entity.api.hubmapconsortium.org/entities/f67a8d11109490b31b0c28cd305795b8,http://purl.org/ccf/1.5/d674ff95-4757-404a-b521-0bf66631401e,right kidney,UBERON:0004539,sc_bulk,https://purl.org/ccf/ASCTB-TEMP_fibroblast,Fibroblast,50721.21700000001,0.0445647913884262
https://entity.api.hubmapconsortium.org/entities/f67a8d11109490b31b0c28cd305795b8,http://purl.org/ccf/1.5/d674ff95-4757-404a-b521-0bf66631401e,right kidney,UBERON:0004539,sc_bulk,https://purl.org/ccf/ASCTB-TEMP_proximal-tubule-epithelial-segment-3,Proximal Tubule Epithelial Segment 3,48407.02699999999,0.04253149249137522
https://entity.api.hubmapconsortium.org/entities/f67a8d11109490b31b0c28cd305795b8,http://purl.org/ccf/1.5/d674ff95-4757-404a-b521-0bf66631401e,right kidney,UBERON:0004539,sc_bulk,https://purl.org/ccf/ASCTB-TEMP_medullary-thick-ascending-limb,Medullary Thick Ascending Limb,34198.027,0.0300471484970632
https://entity.api.hubmapconsortium.org/entities/f67a8d11109490b31b0c28cd305795b8,http://purl.org/ccf/1.5/d674ff95-4757-404a-b521-0bf66631401e,right kidney,UBERON:0004539,sc_bulk,https://purl.org/ccf/ASCTB-TEMP_cortical-collecting-duct-principal,Cortical Collecting Duct Principal,26503.50400000001,0.02328656914565594
https://entity.api.hubmapconsortium.org/entities/f67a8d11109490b31b0c28cd305795b8,http://purl.org/ccf/1.5/d674ff95-4757-404a-b521-0bf66631401e,right kidney,UBERON:0004539,sc_bulk,https://purl.org/ccf/ASCTB-TEMP_cortical-collecting-duct-intercalated-type-a,Cortical Collecting Duct Intercalated Type A,13369.98,0.01174716232789585
https://entity.api.hubmapconsortium.org/entities/f67a8d11109490b31b0c28cd305795b8,http://purl.org/ccf/1.5/d674ff95-4757-404a-b521-0bf66631401e,right kidney,UBERON:0004539,sc_bulk,https://purl.org/ccf/ASCTB-TEMP_podocyte,Podocyte,12591.483,0.01106315751780788
https://entity.api.hubmapconsortium.org/entities/f67a8d11109490b31b0c28cd305795b8,http://purl.org/ccf/1.5/d674ff95-4757-404a-b521-0bf66631401e,right kidney,UBERON:0004539,sc_bulk,https://purl.org/ccf/ASCTB-TEMP_mesangial,Mesangial,12278.113,0.01078782365353189
https://entity.api.hubmapconsortium.org/entities/f67a8d11109490b31b0c28cd305795b8,http://purl.org/ccf/1.5/d674ff95-4757-404a-b521-0bf66631401e,right kidney,UBERON:0004539,sc_bulk,https://purl.org/ccf/ASCTB-TEMP_peritubular-capilary-endothelial,Peritubular Capilary Endothelial,11271.73,0.009903593126258485
https://entity.api.hubmapconsortium.org/entities/f67a8d11109490b31b0c28cd305795b8,http://purl.org/ccf/1.5/d674ff95-4757-404a-b521-0bf66631401e,right kidney,UBERON:0004539,sc_bulk,https://purl.org/ccf/ASCTB-TEMP_outer-medullary-collecting-duct-intercalated-type-a,Outer Medullary Collecting Duct Intercalated Type A,8190.706,0.007196536790785811
https://entity.api.hubmapconsortium.org/entities/f67a8d11109490b31b0c28cd305795b8,http://purl.org/ccf/1.5/d674ff95-4757-404a-b521-0bf66631401e,right kidney,UBERON:0004539,sc_bulk,https://purl.org/ccf/ASCTB-TEMP_outer-medullary-collecting-duct-principal,Outer Medullary Collecting Duct Principal,7995.797,0.007025285400569231
https://entity.api.hubmapconsortium.org/entities/f67a8d11109490b31b0c28cd305795b8,http://purl.org/ccf/1.5/d674ff95-4757-404a-b521-0bf66631401e,right kidney,UBERON:0004539,sc_bulk,https://purl.org/ccf/ASCTB-TEMP_parietal-epithelial,Parietal Epithelial,7860.065000000001,0.006906028241090313
https://entity.api.hubmapconsortium.org/entities/f67a8d11109490b31b0c28cd305795b8,http://purl.org/ccf/1.5/d674ff95-4757-404a-b521-0bf66631401e,right kidney,UBERON:0004539,sc_bulk,https://purl.org/ccf/ASCTB-TEMP_intercalated-type-b,Intercalated Type B,7618.814000000001,0.006694059737115948
https://entity.api.hubmapconsortium.org/entities/f67a8d11109490b31b0c28cd305795b8,http://purl.org/ccf/1.5/d674ff95-4757-404a-b521-0bf66631401e,right kidney,UBERON:0004539,sc_bulk,https://purl.org/ccf/ASCTB-TEMP_ascending-vasa-recta-endothelial,Ascending Vasa Recta Endothelial,6291.872,0.005528178929986634
https://entity.api.hubmapconsortium.org/entities/f67a8d11109490b31b0c28cd305795b8,http://purl.org/ccf/1.5/d674ff95-4757-404a-b521-0bf66631401e,right kidney,UBERON:0004539,sc_bulk,https://purl.org/ccf/ASCTB-TEMP_classical-dendritic,Classical Dendritic,6157.746,0.005410332837891406
https://entity.api.hubmapconsortium.org/entities/f67a8d11109490b31b0c28cd305795b8,http://purl.org/ccf/1.5/d674ff95-4757-404a-b521-0bf66631401e,right kidney,UBERON:0004539,sc_bulk,https://purl.org/ccf/ASCTB-TEMP_macula-densa,Macula Densa,6129.017999999999,0.005385091776995593
https://entity.api.hubmapconsortium.org/entities/f67a8d11109490b31b0c28cd305795b8,http://purl.org/ccf/1.5/d674ff95-4757-404a-b521-0bf66631401e,right kidney,UBERON:0004539,sc_bulk,https://purl.org/ccf/ASCTB-TEMP_glomerular-capillary-endothelial,Glomerular Capillary Endothelial,5883.353999999999,0.00516924591289406
https://entity.api.hubmapconsortium.org/entities/f67a8d11109490b31b0c28cd305795b8,http://purl.org/ccf/1.5/d674ff95-4757-404a-b521-0bf66631401e,right kidney,UBERON:0004539,sc_bulk,https://purl.org/ccf/ASCTB-TEMP_medullary-fibroblast,Medullary Fibroblast,4830.841999999999,0.004244485418408779
https://entity.api.hubmapconsortium.org/entities/f67a8d11109490b31b0c28cd305795b8,http://purl.org/ccf/1.5/d674ff95-4757-404a-b521-0bf66631401e,right kidney,UBERON:0004539,sc_bulk,https://purl.org/ccf/ASCTB-TEMP_cortical-vascular-smooth-muscle-pericyte,Cortical Vascular Smooth Muscle / Pericyte,3701.618,0.003252324051484084
https://entity.api.hubmapconsortium.org/entities/f67a8d11109490b31b0c28cd305795b8,http://purl.org/ccf/1.5/d674ff95-4757-404a-b521-0bf66631401e,right kidney,UBERON:0004539,sc_bulk,https://purl.org/ccf/ASCTB-TEMP_connecting-tubule-principal,Connecting Tubule Principal,3474.940000000001,0.003053159710014405
https://entity.api.hubmapconsortium.org/entities/f67a8d11109490b31b0c28cd305795b8,http://purl.org/ccf/1.5/d674ff95-4757-404a-b521-0bf66631401e,right kidney,UBERON:0004539,sc_bulk,https://purl.org/ccf/ASCTB-TEMP_vascular-smooth-muscle-pericyte,Vascular Smooth Muscle / Pericyte,3381.532999999999,0.002971090238589483
https://entity.api.hubmapconsortium.org/entities/f67a8d11109490b31b0c28cd305795b8,http://purl.org/ccf/1.5/d674ff95-4757-404a-b521-0bf66631401e,right kidney,UBERON:0004539,sc_bulk,https://purl.org/ccf/ASCTB-TEMP_m2-macrophage,M2 Macrophage,3375.679999999999,0.002965947662377314
https://entity.api.hubmapconsortium.org/entities/f67a8d11109490b31b0c28cd305795b8,http://purl.org/ccf/1.5/d674ff95-4757-404a-b521-0bf66631401e,right kidney,UBERON:0004539,sc_bulk,https://purl.org/ccf/ASCTB-TEMP_descending-thin-limb-type-3,Descending Thin Limb Type 3,3154.318,0.002771454076954773
https://entity.api.hubmapconsortium.org/entities/f67a8d11109490b31b0c28cd305795b8,http://purl.org/ccf/1.5/d674ff95-4757-404a-b521-0bf66631401e,right kidney,UBERON:0004539,sc_bulk,https://purl.org/ccf/ASCTB-TEMP_monocyte-derived,Monocyte-derived,2979.315,0.002617692541868799
https://entity.api.hubmapconsortium.org/entities/f67a8d11109490b31b0c28cd305795b8,http://purl.org/ccf/1.5/d674ff95-4757-404a-b521-0bf66631401e,right kidney,UBERON:0004539,sc_bulk,https://purl.org/ccf/ASCTB-TEMP_descending-vasa-recta-endothelial,Descending Vasa Recta Endothelial,2757.939999999999,0.0024231875343566
https://entity.api.hubmapconsortium.org/entities/f67a8d11109490b31b0c28cd305795b8,http://purl.org/ccf/1.5/d674ff95-4757-404a-b521-0bf66631401e,right kidney,UBERON:0004539,sc_bulk,https://purl.org/ccf/ASCTB-TEMP_t,T,1828.118,0.001606225207558149
https://entity.api.hubmapconsortium.org/entities/f67a8d11109490b31b0c28cd305795b8,http://purl.org/ccf/1.5/d674ff95-4757-404a-b521-0bf66631401e,right kidney,UBERON:0004539,sc_bulk,https://purl.org/ccf/ASCTB-TEMP_distal-convoluted-tubule-type-2,Distal Convoluted Tubule Type 2,1561.651,0.001372101364139728
https://entity.api.hubmapconsortium.org/entities/f67a8d11109490b31b0c28cd305795b8,http://purl.org/ccf/1.5/d674ff95-4757-404a-b521-0bf66631401e,right kidney,UBERON:0004539,sc_bulk,https://purl.org/ccf/ASCTB-TEMP_afferent-efferent-arteriole-endothelial,Afferent / Efferent Arteriole Endothelial,1489.726,0.001308906456560665
https://entity.api.hubmapconsortium.org/entities/f67a8d11109490b31b0c28cd305795b8,http://purl.org/ccf/1.5/d674ff95-4757-404a-b521-0bf66631401e,right kidney,UBERON:0004539,sc_bulk,https://purl.org/ccf/ASCTB-TEMP_proximal-tubule-epithelial-segment-2,Proximal Tubule Epithelial Segment 2,1179.154,0.001036030977427617
https://entity.api.hubmapconsortium.org/entities/f67a8d11109490b31b0c28cd305795b8,http://purl.org/ccf/1.5/d674ff95-4757-404a-b521-0bf66631401e,right kidney,UBERON:0004539,sc_bulk,https://purl.org/ccf/ASCTB-TEMP_mast,Mast,809.054,7.108528711361906E-4
https://entity.api.hubmapconsortium.org/entities/f67a8d11109490b31b0c28cd305795b8,http://purl.org/ccf/1.5/d674ff95-4757-404a-b521-0bf66631401e,right kidney,UBERON:0004539,sc_bulk,https://purl.org/ccf/ASCTB-TEMP_b,B,619.965,5.447150625964997E-4
https://entity.api.hubmapconsortium.org/entities/f67a8d11109490b31b0c28cd305795b8,http://purl.org/ccf/1.5/d674ff95-4757-404a-b521-0bf66631401e,right kidney,UBERON:0004539,sc_bulk,https://purl.org/ccf/ASCTB-TEMP_schwann-neural,Schwann / Neural,534.555,4.69671933554752E-4
https://entity.api.hubmapconsortium.org/entities/f67a8d11109490b31b0c28cd305795b8,http://purl.org/ccf/1.5/d674ff95-4757-404a-b521-0bf66631401e,right kidney,UBERON:0004539,sc_bulk,https://purl.org/ccf/ASCTB-TEMP_plasma,Plasma,476.39,4.185668685657198E-4
https://entity.api.hubmapconsortium.org/entities/f67a8d11109490b31b0c28cd305795b8,http://purl.org/ccf/1.5/d674ff95-4757-404a-b521-0bf66631401e,right kidney,UBERON:0004539,sc_bulk,https://purl.org/ccf/ASCTB-TEMP_lymphatic-endothelial,Lymphatic Endothelial,475.712,4.179711626590308E-4
https://entity.api.hubmapconsortium.org/entities/f67a8d11109490b31b0c28cd305795b8,http://purl.org/ccf/1.5/d674ff95-4757-404a-b521-0bf66631401e,right kidney,UBERON:0004539,sc_bulk,https://purl.org/ccf/ASCTB-TEMP_tissue-resident-macrophage,Tissue-resident Macrophage,460.422,4.045370279786851E-4
https://entity.api.hubmapconsortium.org/entities/f67a8d11109490b31b0c28cd305795b8,http://purl.org/ccf/1.5/d674ff95-4757-404a-b521-0bf66631401e,right kidney,UBERON:0004539,sc_bulk,https://purl.org/ccf/ASCTB-TEMP_papillary-tip-epithelial,Papillary Tip Epithelial,263.383,2.314141723030395E-4
https://entity.api.hubmapconsortium.org/entities/f67a8d11109490b31b0c28cd305795b8,http://purl.org/ccf/1.5/d674ff95-4757-404a-b521-0bf66631401e,right kidney,UBERON:0004539,sc_bulk,https://purl.org/ccf/ASCTB-TEMP_connecting-tubule-intercalated-type-a,Connecting Tubule Intercalated Type A,245.422,2.156332375094693E-4
https://entity.api.hubmapconsortium.org/entities/f67a8d11109490b31b0c28cd305795b8,http://purl.org/ccf/1.5/d674ff95-4757-404a-b521-0bf66631401e,right kidney,UBERON:0004539,sc_bulk,https://purl.org/ccf/ASCTB-TEMP_natural-killer-natural-killer-t,Natural Killer / Natural Killer T,79.75000000000001,7.007012692986032E-5
https://entity.api.hubmapconsortium.org/entities/f67a8d11109490b31b0c28cd305795b8,http://purl.org/ccf/1.5/d674ff95-4757-404a-b521-0bf66631401e,right kidney,UBERON:0004539,sc_bulk,https://purl.org/ccf/ASCTB-TEMP_non-classical-monocyte,Non-classical monocyte,75.5,6.63359822345386E-5
https://entity.api.hubmapconsortium.org/entities/f67a8d11109490b31b0c28cd305795b8,http://purl.org/ccf/1.5/d674ff95-4757-404a-b521-0bf66631401e,right kidney,UBERON:0004539,sc_bulk,https://purl.org/ccf/ASCTB-TEMP_neutrophil,Neutrophil,53.711,4.719168134833514E-5
https://entity.api.hubmapconsortium.org/entities/f67a8d11109490b31b0c28cd305795b8,http://purl.org/ccf/1.5/d674ff95-4757-404a-b521-0bf66631401e,right kidney,UBERON:0004539,sc_bulk,https://purl.org/ccf/ASCTB-TEMP_renin-positive-juxtaglomerular-granular,Renin-positive Juxtaglomerular Granular,51.48,4.523147503886155E-5
https://entity.api.hubmapconsortium.org/entities/f67a8d11109490b31b0c28cd305795b8,http://purl.org/ccf/1.5/d674ff95-4757-404a-b521-0bf66631401e,right kidney,UBERON:0004539,sc_bulk,https://purl.org/ccf/ASCTB-TEMP_monocyte,Monocyte,46.924,4.122847192547668E-5
https://entity.api.hubmapconsortium.org/entities/f67a8d11109490b31b0c28cd305795b8,http://purl.org/ccf/1.5/d674ff95-4757-404a-b521-0bf66631401e,right kidney,UBERON:0004539,sc_bulk,https://purl.org/ccf/ASCTB-TEMP_natural-killer-t,Natural Killer T,43.343,3.808212553631267E-5
https://entity.api.hubmapconsortium.org/entities/f67a8d11109490b31b0c28cd305795b8,http://purl.org/ccf/1.5/d674ff95-4757-404a-b521-0bf66631401e,right kidney,UBERON:0004539,sc_bulk,https://purl.org/ccf/ASCTB-TEMP_plasmacytoid-dendritic,Plasmacytoid Dendritic,38.875,3.415644118367799E-5
https://entity.api.hubmapconsortium.org/entities/f67a8d11109490b31b0c28cd305795b8,http://purl.org/ccf/1.5/d674ff95-4757-404a-b521-0bf66631401e,right kidney,UBERON:0004539,sc_bulk,https://purl.org/ccf/ASCTB-TEMP_cycling-mononuclear-phagocyte,Cycling Mononuclear Phagocyte,20.779,1.825689238213877E-5
https://entity.api.hubmapconsortium.org/entities/f6c2d8d271f3c3d73bc970a6f168411d,http://purl.org/ccf/1.5/1635e4cb-3cbf-40ec-8dae-1c9bf10e68eb,heart,UBERON:0000948,sc_bulk,http://purl.obolibrary.org/obo/CL_0002131,regular ventricular cardiac myocyte,13264.88553,0.2906960807811061
https://entity.api.hubmapconsortium.org/entities/f6c2d8d271f3c3d73bc970a6f168411d,http://purl.org/ccf/1.5/1635e4cb-3cbf-40ec-8dae-1c9bf10e68eb,heart,UBERON:0000948,sc_bulk,http://purl.obolibrary.org/obo/CL_0000669,pericyte,5636.40302,0.1235201211432384
https://entity.api.hubmapconsortium.org/entities/f6c2d8d271f3c3d73bc970a6f168411d,http://purl.org/ccf/1.5/1635e4cb-3cbf-40ec-8dae-1c9bf10e68eb,heart,UBERON:0000948,sc_bulk,https://purl.org/ccf/ASCTB-TEMP_fibroblast,Fibroblast,5444.90768,0.119323556860799
https://entity.api.hubmapconsortium.org/entities/f6c2d8d271f3c3d73bc970a6f168411d,http://purl.org/ccf/1.5/1635e4cb-3cbf-40ec-8dae-1c9bf10e68eb,heart,UBERON:0000948,sc_bulk,http://purl.obolibrary.org/obo/CL_0002144,capillary endothelial cell,3933.802539999999,0.08620813035728926
https://entity.api.hubmapconsortium.org/entities/f6c2d8d271f3c3d73bc970a6f168411d,http://purl.org/ccf/1.5/1635e4cb-3cbf-40ec-8dae-1c9bf10e68eb,heart,UBERON:0000948,sc_bulk,http://purl.obolibrary.org/obo/CL_0000057,fibroblast,3834.118649999999,0.08402358710778451
https://entity.api.hubmapconsortium.org/entities/f6c2d8d271f3c3d73bc970a6f168411d,http://purl.org/ccf/1.5/1635e4cb-3cbf-40ec-8dae-1c9bf10e68eb,heart,UBERON:0000948,sc_bulk,https://purl.org/ccf/ASCTB-TEMP_ventricular-cardiomycoyte,Ventricular Cardiomycoyte,3090.80388,0.06773406165827925
https://entity.api.hubmapconsortium.org/entities/f6c2d8d271f3c3d73bc970a6f168411d,http://purl.org/ccf/1.5/1635e4cb-3cbf-40ec-8dae-1c9bf10e68eb,heart,UBERON:0000948,sc_bulk,http://purl.obolibrary.org/obo/CL_0000003,native cell,2912.32593,0.06382276966457848
https://entity.api.hubmapconsortium.org/entities/f6c2d8d271f3c3d73bc970a6f168411d,http://purl.org/ccf/1.5/1635e4cb-3cbf-40ec-8dae-1c9bf10e68eb,heart,UBERON:0000948,sc_bulk,http://purl.obolibrary.org/obo/CL_1000413,endothelial cell of artery,1353.92896,0.02967095655955042
https://entity.api.hubmapconsortium.org/entities/f6c2d8d271f3c3d73bc970a6f168411d,http://purl.org/ccf/1.5/1635e4cb-3cbf-40ec-8dae-1c9bf10e68eb,heart,UBERON:0000948,sc_bulk,http://purl.obolibrary.org/obo/CL_0000192,smooth muscle cell,963.6970799999999,0.02111913921779588
https://entity.api.hubmapconsortium.org/entities/f6c2d8d271f3c3d73bc970a6f168411d,http://purl.org/ccf/1.5/1635e4cb-3cbf-40ec-8dae-1c9bf10e68eb,heart,UBERON:0000948,sc_bulk,http://purl.obolibrary.org/obo/CL_0000235,macrophage,844.48474,0.01850663570690092
https://entity.api.hubmapconsortium.org/entities/f6c2d8d271f3c3d73bc970a6f168411d,http://purl.org/ccf/1.5/1635e4cb-3cbf-40ec-8dae-1c9bf10e68eb,heart,UBERON:0000948,sc_bulk,http://purl.obolibrary.org/obo/CL_0000115,endothelial cell,630.8555799999999,0.0138250152426978
https://entity.api.hubmapconsortium.org/entities/f6c2d8d271f3c3d73bc970a6f168411d,http://purl.org/ccf/1.5/1635e4cb-3cbf-40ec-8dae-1c9bf10e68eb,heart,UBERON:0000948,sc_bulk,http://purl.obolibrary.org/obo/CL_0002543,vein endothelial cell,423.44078,0.00927958065755691
https://entity.api.hubmapconsortium.org/entities/f6c2d8d271f3c3d73bc970a6f168411d,http://purl.org/ccf/1.5/1635e4cb-3cbf-40ec-8dae-1c9bf10e68eb,heart,UBERON:0000948,sc_bulk,https://purl.org/ccf/ASCTB-TEMP_b,B,404.73535,0.008869656638384066
https://entity.api.hubmapconsortium.org/entities/f6c2d8d271f3c3d73bc970a6f168411d,http://purl.org/ccf/1.5/1635e4cb-3cbf-40ec-8dae-1c9bf10e68eb,heart,UBERON:0000948,sc_bulk,http://purl.obolibrary.org/obo/CL_0000623,natural killer cell,215.79722,0.004729132864025411
https://entity.api.hubmapconsortium.org/entities/f6c2d8d271f3c3d73bc970a6f168411d,http://purl.org/ccf/1.5/1635e4cb-3cbf-40ec-8dae-1c9bf10e68eb,heart,UBERON:0000948,sc_bulk,http://purl.obolibrary.org/obo/CL_0000934,"CD4-positive, alpha-beta cytotoxic T cell",208.95807,0.004579254895129429
https://entity.api.hubmapconsortium.org/entities/f6c2d8d271f3c3d73bc970a6f168411d,http://purl.org/ccf/1.5/1635e4cb-3cbf-40ec-8dae-1c9bf10e68eb,heart,UBERON:0000948,sc_bulk,https://purl.org/ccf/ASCTB-TEMP_monocyte-cdc,Monocyte/cDC,194.79258,0.004268822331197311
https://entity.api.hubmapconsortium.org/entities/f6c2d8d271f3c3d73bc970a6f168411d,http://purl.org/ccf/1.5/1635e4cb-3cbf-40ec-8dae-1c9bf10e68eb,heart,UBERON:0000948,sc_bulk,http://purl.obolibrary.org/obo/CL_0002397,"CD14-positive, CD16-positive monocyte",190.40142,0.004172591346075288
https://entity.api.hubmapconsortium.org/entities/f6c2d8d271f3c3d73bc970a6f168411d,http://purl.org/ccf/1.5/1635e4cb-3cbf-40ec-8dae-1c9bf10e68eb,heart,UBERON:0000948,sc_bulk,http://purl.obolibrary.org/obo/CL_0002319,neural cell,188.9807,0.004141456683438864
https://entity.api.hubmapconsortium.org/entities/f6c2d8d271f3c3d73bc970a6f168411d,http://purl.org/ccf/1.5/1635e4cb-3cbf-40ec-8dae-1c9bf10e68eb,heart,UBERON:0000948,sc_bulk,http://purl.obolibrary.org/obo/CL_0000906,"activated CD8-positive, alpha-beta T cell",176.37611,0.003865230785781025
https://entity.api.hubmapconsortium.org/entities/f6c2d8d271f3c3d73bc970a6f168411d,http://purl.org/ccf/1.5/1635e4cb-3cbf-40ec-8dae-1c9bf10e68eb,heart,UBERON:0000948,sc_bulk,https://purl.org/ccf/ASCTB-TEMP_capillary-endothelial,Capillary Endothelial,149.72557,0.003281192008274885
https://entity.api.hubmapconsortium.org/entities/f6c2d8d271f3c3d73bc970a6f168411d,http://purl.org/ccf/1.5/1635e4cb-3cbf-40ec-8dae-1c9bf10e68eb,heart,UBERON:0000948,sc_bulk,https://purl.org/ccf/ASCTB-TEMP_pericyte,Pericyte,143.7103,0.003149369128244335
https://entity.api.hubmapconsortium.org/entities/f6c2d8d271f3c3d73bc970a6f168411d,http://purl.org/ccf/1.5/1635e4cb-3cbf-40ec-8dae-1c9bf10e68eb,heart,UBERON:0000948,sc_bulk,http://purl.obolibrary.org/obo/CL_1000309,epicardial adipocyte,141.88409,0.003109348271035832
https://entity.api.hubmapconsortium.org/entities/f6c2d8d271f3c3d73bc970a6f168411d,http://purl.org/ccf/1.5/1635e4cb-3cbf-40ec-8dae-1c9bf10e68eb,heart,UBERON:0000948,sc_bulk,https://purl.org/ccf/ASCTB-TEMP_macrophage,Macrophage,140.95099,0.003088899657863604
https://entity.api.hubmapconsortium.org/entities/f6c2d8d271f3c3d73bc970a6f168411d,http://purl.org/ccf/1.5/1635e4cb-3cbf-40ec-8dae-1c9bf10e68eb,heart,UBERON:0000948,sc_bulk,http://purl.obolibrary.org/obo/CL_0000794,"CD8-positive, alpha-beta cytotoxic T cell",138.58814,0.00303711849225006
https://entity.api.hubmapconsortium.org/entities/f6c2d8d271f3c3d73bc970a6f168411d,http://purl.org/ccf/1.5/1635e4cb-3cbf-40ec-8dae-1c9bf10e68eb,heart,UBERON:0000948,sc_bulk,http://purl.obolibrary.org/obo/CL_0000576,monocyte,114.44579,0.002508045963883829
https://entity.api.hubmapconsortium.org/entities/f6c2d8d271f3c3d73bc970a6f168411d,http://purl.org/ccf/1.5/1635e4cb-3cbf-40ec-8dae-1c9bf10e68eb,heart,UBERON:0000948,sc_bulk,http://purl.obolibrary.org/obo/CL_0001054,CD14-positive monocyte,106.90144,0.002342713743558145
https://entity.api.hubmapconsortium.org/entities/f6c2d8d271f3c3d73bc970a6f168411d,http://purl.org/ccf/1.5/1635e4cb-3cbf-40ec-8dae-1c9bf10e68eb,heart,UBERON:0000948,sc_bulk,http://purl.obolibrary.org/obo/CL_0000097,mast cell,94.89153999999998,0.002079520303051085
https://entity.api.hubmapconsortium.org/entities/f6c2d8d271f3c3d73bc970a6f168411d,http://purl.org/ccf/1.5/1635e4cb-3cbf-40ec-8dae-1c9bf10e68eb,heart,UBERON:0000948,sc_bulk,https://purl.org/ccf/ASCTB-TEMP_mesothelial,Mesothelial,92.235,0.002021303007116513
https://entity.api.hubmapconsortium.org/entities/f6c2d8d271f3c3d73bc970a6f168411d,http://purl.org/ccf/1.5/1635e4cb-3cbf-40ec-8dae-1c9bf10e68eb,heart,UBERON:0000948,sc_bulk,http://purl.obolibrary.org/obo/CL_0000814,mature NK T cell,83.14221999999998,0.001822037396913782
https://entity.api.hubmapconsortium.org/entities/f6c2d8d271f3c3d73bc970a6f168411d,http://purl.org/ccf/1.5/1635e4cb-3cbf-40ec-8dae-1c9bf10e68eb,heart,UBERON:0000948,sc_bulk,http://purl.obolibrary.org/obo/CL_0000451,dendritic cell,62.34956999999999,0.001366372562838635
https://entity.api.hubmapconsortium.org/entities/f6c2d8d271f3c3d73bc970a6f168411d,http://purl.org/ccf/1.5/1635e4cb-3cbf-40ec-8dae-1c9bf10e68eb,heart,UBERON:0000948,sc_bulk,http://purl.obolibrary.org/obo/CL_0002138,endothelial cell of lymphatic vessel,57.68836999999998,0.001264223730217922
https://entity.api.hubmapconsortium.org/entities/f6c2d8d271f3c3d73bc970a6f168411d,http://purl.org/ccf/1.5/1635e4cb-3cbf-40ec-8dae-1c9bf10e68eb,heart,UBERON:0000948,sc_bulk,http://purl.obolibrary.org/obo/CL_0000236,B cell,50.2756,0.001101775047049243
https://entity.api.hubmapconsortium.org/entities/f6c2d8d271f3c3d73bc970a6f168411d,http://purl.org/ccf/1.5/1635e4cb-3cbf-40ec-8dae-1c9bf10e68eb,heart,UBERON:0000948,sc_bulk,https://purl.org/ccf/ASCTB-TEMP_nk,NK,49.57986,0.001086528108748476
https://entity.api.hubmapconsortium.org/entities/f6c2d8d271f3c3d73bc970a6f168411d,http://purl.org/ccf/1.5/1635e4cb-3cbf-40ec-8dae-1c9bf10e68eb,heart,UBERON:0000948,sc_bulk,http://purl.obolibrary.org/obo/CL_0000896,"activated CD4-positive, alpha-beta T cell",48.77661999999999,0.001068925339437084
https://entity.api.hubmapconsortium.org/entities/f6c2d8d271f3c3d73bc970a6f168411d,http://purl.org/ccf/1.5/1635e4cb-3cbf-40ec-8dae-1c9bf10e68eb,heart,UBERON:0000948,sc_bulk,https://purl.org/ccf/ASCTB-TEMP_smooth-muscle,Smooth Muscle,46.54190999999999,0.001019952324388205
https://entity.api.hubmapconsortium.org/entities/f6c2d8d271f3c3d73bc970a6f168411d,http://purl.org/ccf/1.5/1635e4cb-3cbf-40ec-8dae-1c9bf10e68eb,heart,UBERON:0000948,sc_bulk,https://purl.org/ccf/ASCTB-TEMP_venous-endothelial,Venous Endothelial,38.50607,8.438492446819424E-4
https://entity.api.hubmapconsortium.org/entities/f6c2d8d271f3c3d73bc970a6f168411d,http://purl.org/ccf/1.5/1635e4cb-3cbf-40ec-8dae-1c9bf10e68eb,heart,UBERON:0000948,sc_bulk,https://purl.org/ccf/ASCTB-TEMP_arterial-endothelial,Arterial Endothelial,35.10047,7.692165182653326E-4
https://entity.api.hubmapconsortium.org/entities/f6c2d8d271f3c3d73bc970a6f168411d,http://purl.org/ccf/1.5/1635e4cb-3cbf-40ec-8dae-1c9bf10e68eb,heart,UBERON:0000948,sc_bulk,https://purl.org/ccf/ASCTB-TEMP_t,T,29.04607,6.365361157469155E-4
https://entity.api.hubmapconsortium.org/entities/f6c2d8d271f3c3d73bc970a6f168411d,http://purl.org/ccf/1.5/1635e4cb-3cbf-40ec-8dae-1c9bf10e68eb,heart,UBERON:0000948,sc_bulk,https://purl.org/ccf/ASCTB-TEMP_endocardial,Endocardial,28.26261,6.193668193414781E-4
https://entity.api.hubmapconsortium.org/entities/f6c2d8d271f3c3d73bc970a6f168411d,http://purl.org/ccf/1.5/1635e4cb-3cbf-40ec-8dae-1c9bf10e68eb,heart,UBERON:0000948,sc_bulk,https://purl.org/ccf/ASCTB-TEMP_lymphatic-endothelial,Lymphatic Endothelial,20.41554,4.474005788898732E-4
https://entity.api.hubmapconsortium.org/entities/f6c2d8d271f3c3d73bc970a6f168411d,http://purl.org/ccf/1.5/1635e4cb-3cbf-40ec-8dae-1c9bf10e68eb,heart,UBERON:0000948,sc_bulk,https://purl.org/ccf/ASCTB-TEMP_mast,Mast,18.92602,4.14758184406649E-4
https://entity.api.hubmapconsortium.org/entities/f6c2d8d271f3c3d73bc970a6f168411d,http://purl.org/ccf/1.5/1635e4cb-3cbf-40ec-8dae-1c9bf10e68eb,heart,UBERON:0000948,sc_bulk,https://purl.org/ccf/ASCTB-TEMP_adipocyte,Adipocyte,9.21877,2.020266441471838E-4
https://entity.api.hubmapconsortium.org/entities/f6c2d8d271f3c3d73bc970a6f168411d,http://purl.org/ccf/1.5/1635e4cb-3cbf-40ec-8dae-1c9bf10e68eb,heart,UBERON:0000948,sc_bulk,http://purl.obolibrary.org/obo/CL_0000077,mesothelial cell,6.6693,1.46155755899194E-4
https://entity.api.hubmapconsortium.org/entities/f6c2d8d271f3c3d73bc970a6f168411d,http://purl.org/ccf/1.5/1635e4cb-3cbf-40ec-8dae-1c9bf10e68eb,heart,UBERON:0000948,sc_bulk,https://purl.org/ccf/ASCTB-TEMP_neuronal,Neuronal,6.01355,1.317851867343797E-4
https://entity.api.hubmapconsortium.org/entities/f6c2d8d271f3c3d73bc970a6f168411d,http://purl.org/ccf/1.5/1635e4cb-3cbf-40ec-8dae-1c9bf10e68eb,heart,UBERON:0000948,sc_bulk,https://purl.org/ccf/ASCTB-TEMP_atrial-cardiomyocyte,Atrial Cardiomyocyte,3.84721,8.431048020825846E-5
https://entity.api.hubmapconsortium.org/entities/f6c2d8d271f3c3d73bc970a6f168411d,http://purl.org/ccf/1.5/1635e4cb-3cbf-40ec-8dae-1c9bf10e68eb,heart,UBERON:0000948,sc_bulk,https://purl.org/ccf/ASCTB-TEMP_endothelial,Endothelial,0.06794,1.488885198715194E-6
https://entity.api.hubmapconsortium.org/entities/fbc2a3c2689708eb045b3892e9fe5005,http://purl.org/ccf/1.5/02ae63f0-4a35-4ff5-858e-689242c26828,right kidney,UBERON:0004539,sc_bulk,https://purl.org/ccf/ASCTB-TEMP_cortical-thick-ascending-limb,Cortical Thick Ascending Limb,91929.85829999999,0.1923133852731772
https://entity.api.hubmapconsortium.org/entities/fbc2a3c2689708eb045b3892e9fe5005,http://purl.org/ccf/1.5/02ae63f0-4a35-4ff5-858e-689242c26828,right kidney,UBERON:0004539,sc_bulk,https://purl.org/ccf/ASCTB-TEMP_inner-medullary-collecting-duct,Inner Medullary Collecting Duct,53537.53944000001,0.1119982738938111
https://entity.api.hubmapconsortium.org/entities/fbc2a3c2689708eb045b3892e9fe5005,http://purl.org/ccf/1.5/02ae63f0-4a35-4ff5-858e-689242c26828,right kidney,UBERON:0004539,sc_bulk,https://purl.org/ccf/ASCTB-TEMP_connecting-tubule,Connecting Tubule,38751.27816,0.08106603909137253
https://entity.api.hubmapconsortium.org/entities/fbc2a3c2689708eb045b3892e9fe5005,http://purl.org/ccf/1.5/02ae63f0-4a35-4ff5-858e-689242c26828,right kidney,UBERON:0004539,sc_bulk,https://purl.org/ccf/ASCTB-TEMP_proximal-tubule-epithelial-segment-1,Proximal Tubule Epithelial Segment 1,37607.85000000001,0.07867403561902214
https://entity.api.hubmapconsortium.org/entities/fbc2a3c2689708eb045b3892e9fe5005,http://purl.org/ccf/1.5/02ae63f0-4a35-4ff5-858e-689242c26828,right kidney,UBERON:0004539,sc_bulk,https://purl.org/ccf/ASCTB-TEMP_distal-convoluted-tubule-type-1,Distal Convoluted Tubule Type 1,36113.13300000001,0.07554715071338787
https://entity.api.hubmapconsortium.org/entities/fbc2a3c2689708eb045b3892e9fe5005,http://purl.org/ccf/1.5/02ae63f0-4a35-4ff5-858e-689242c26828,right kidney,UBERON:0004539,sc_bulk,https://purl.org/ccf/ASCTB-TEMP_descending-thin-limb-type-1,Descending Thin Limb Type 1,31407.747,0.06570368170983547
https://entity.api.hubmapconsortium.org/entities/fbc2a3c2689708eb045b3892e9fe5005,http://purl.org/ccf/1.5/02ae63f0-4a35-4ff5-858e-689242c26828,right kidney,UBERON:0004539,sc_bulk,https://purl.org/ccf/ASCTB-TEMP_descending-thin-limb-type-2,Descending Thin Limb Type 2,30761.83571999999,0.06435246256145423
https://entity.api.hubmapconsortium.org/entities/fbc2a3c2689708eb045b3892e9fe5005,http://purl.org/ccf/1.5/02ae63f0-4a35-4ff5-858e-689242c26828,right kidney,UBERON:0004539,sc_bulk,https://purl.org/ccf/ASCTB-TEMP_ascending-thin-limb,Ascending Thin Limb,30450.87822,0.06370195258997217
https://entity.api.hubmapconsortium.org/entities/fbc2a3c2689708eb045b3892e9fe5005,http://purl.org/ccf/1.5/02ae63f0-4a35-4ff5-858e-689242c26828,right kidney,UBERON:0004539,sc_bulk,https://purl.org/ccf/ASCTB-TEMP_fibroblast,Fibroblast,21302.91114,0.04456479138842618
https://entity.api.hubmapconsortium.org/entities/fbc2a3c2689708eb045b3892e9fe5005,http://purl.org/ccf/1.5/02ae63f0-4a35-4ff5-858e-689242c26828,right kidney,UBERON:0004539,sc_bulk,https://purl.org/ccf/ASCTB-TEMP_proximal-tubule-epithelial-segment-3,Proximal Tubule Epithelial Segment 3,20330.95133999999,0.04253149249137521
https://entity.api.hubmapconsortium.org/entities/fbc2a3c2689708eb045b3892e9fe5005,http://purl.org/ccf/1.5/02ae63f0-4a35-4ff5-858e-689242c26828,right kidney,UBERON:0004539,sc_bulk,https://purl.org/ccf/ASCTB-TEMP_medullary-thick-ascending-limb,Medullary Thick Ascending Limb,14363.17134,0.03004714849706319
https://entity.api.hubmapconsortium.org/entities/fbc2a3c2689708eb045b3892e9fe5005,http://purl.org/ccf/1.5/02ae63f0-4a35-4ff5-858e-689242c26828,right kidney,UBERON:0004539,sc_bulk,https://purl.org/ccf/ASCTB-TEMP_cortical-collecting-duct-principal,Cortical Collecting Duct Principal,11131.47168,0.02328656914565593
https://entity.api.hubmapconsortium.org/entities/fbc2a3c2689708eb045b3892e9fe5005,http://purl.org/ccf/1.5/02ae63f0-4a35-4ff5-858e-689242c26828,right kidney,UBERON:0004539,sc_bulk,https://purl.org/ccf/ASCTB-TEMP_cortical-collecting-duct-intercalated-type-a,Cortical Collecting Duct Intercalated Type A,5615.3916,0.01174716232789584
https://entity.api.hubmapconsortium.org/entities/fbc2a3c2689708eb045b3892e9fe5005,http://purl.org/ccf/1.5/02ae63f0-4a35-4ff5-858e-689242c26828,right kidney,UBERON:0004539,sc_bulk,https://purl.org/ccf/ASCTB-TEMP_podocyte,Podocyte,5288.422859999999,0.01106315751780787
https://entity.api.hubmapconsortium.org/entities/fbc2a3c2689708eb045b3892e9fe5005,http://purl.org/ccf/1.5/02ae63f0-4a35-4ff5-858e-689242c26828,right kidney,UBERON:0004539,sc_bulk,https://purl.org/ccf/ASCTB-TEMP_mesangial,Mesangial,5156.80746,0.01078782365353188
https://entity.api.hubmapconsortium.org/entities/fbc2a3c2689708eb045b3892e9fe5005,http://purl.org/ccf/1.5/02ae63f0-4a35-4ff5-858e-689242c26828,right kidney,UBERON:0004539,sc_bulk,https://purl.org/ccf/ASCTB-TEMP_peritubular-capilary-endothelial,Peritubular Capilary Endothelial,4734.126599999999,0.009903593126258482
https://entity.api.hubmapconsortium.org/entities/fbc2a3c2689708eb045b3892e9fe5005,http://purl.org/ccf/1.5/02ae63f0-4a35-4ff5-858e-689242c26828,right kidney,UBERON:0004539,sc_bulk,https://purl.org/ccf/ASCTB-TEMP_outer-medullary-collecting-duct-intercalated-type-a,Outer Medullary Collecting Duct Intercalated Type A,3440.09652,0.007196536790785809
https://entity.api.hubmapconsortium.org/entities/fbc2a3c2689708eb045b3892e9fe5005,http://purl.org/ccf/1.5/02ae63f0-4a35-4ff5-858e-689242c26828,right kidney,UBERON:0004539,sc_bulk,https://purl.org/ccf/ASCTB-TEMP_outer-medullary-collecting-duct-principal,Outer Medullary Collecting Duct Principal,3358.23474,0.00702528540056923
https://entity.api.hubmapconsortium.org/entities/fbc2a3c2689708eb045b3892e9fe5005,http://purl.org/ccf/1.5/02ae63f0-4a35-4ff5-858e-689242c26828,right kidney,UBERON:0004539,sc_bulk,https://purl.org/ccf/ASCTB-TEMP_parietal-epithelial,Parietal Epithelial,3301.2273,0.006906028241090311
https://entity.api.hubmapconsortium.org/entities/fbc2a3c2689708eb045b3892e9fe5005,http://purl.org/ccf/1.5/02ae63f0-4a35-4ff5-858e-689242c26828,right kidney,UBERON:0004539,sc_bulk,https://purl.org/ccf/ASCTB-TEMP_intercalated-type-b,Intercalated Type B,3199.90188,0.006694059737115945
https://entity.api.hubmapconsortium.org/entities/fbc2a3c2689708eb045b3892e9fe5005,http://purl.org/ccf/1.5/02ae63f0-4a35-4ff5-858e-689242c26828,right kidney,UBERON:0004539,sc_bulk,https://purl.org/ccf/ASCTB-TEMP_ascending-vasa-recta-endothelial,Ascending Vasa Recta Endothelial,2642.58624,0.005528178929986632
https://entity.api.hubmapconsortium.org/entities/fbc2a3c2689708eb045b3892e9fe5005,http://purl.org/ccf/1.5/02ae63f0-4a35-4ff5-858e-689242c26828,right kidney,UBERON:0004539,sc_bulk,https://purl.org/ccf/ASCTB-TEMP_classical-dendritic,Classical Dendritic,2586.25332,0.005410332837891403
https://entity.api.hubmapconsortium.org/entities/fbc2a3c2689708eb045b3892e9fe5005,http://purl.org/ccf/1.5/02ae63f0-4a35-4ff5-858e-689242c26828,right kidney,UBERON:0004539,sc_bulk,https://purl.org/ccf/ASCTB-TEMP_macula-densa,Macula Densa,2574.187559999999,0.00538509177699559
https://entity.api.hubmapconsortium.org/entities/fbc2a3c2689708eb045b3892e9fe5005,http://purl.org/ccf/1.5/02ae63f0-4a35-4ff5-858e-689242c26828,right kidney,UBERON:0004539,sc_bulk,https://purl.org/ccf/ASCTB-TEMP_glomerular-capillary-endothelial,Glomerular Capillary Endothelial,2471.008679999999,0.005169245912894058
https://entity.api.hubmapconsortium.org/entities/fbc2a3c2689708eb045b3892e9fe5005,http://purl.org/ccf/1.5/02ae63f0-4a35-4ff5-858e-689242c26828,right kidney,UBERON:0004539,sc_bulk,https://purl.org/ccf/ASCTB-TEMP_medullary-fibroblast,Medullary Fibroblast,2028.953639999999,0.004244485418408778
https://entity.api.hubmapconsortium.org/entities/fbc2a3c2689708eb045b3892e9fe5005,http://purl.org/ccf/1.5/02ae63f0-4a35-4ff5-858e-689242c26828,right kidney,UBERON:0004539,sc_bulk,https://purl.org/ccf/ASCTB-TEMP_cortical-vascular-smooth-muscle-pericyte,Cortical Vascular Smooth Muscle / Pericyte,1554.67956,0.003252324051484082
https://entity.api.hubmapconsortium.org/entities/fbc2a3c2689708eb045b3892e9fe5005,http://purl.org/ccf/1.5/02ae63f0-4a35-4ff5-858e-689242c26828,right kidney,UBERON:0004539,sc_bulk,https://purl.org/ccf/ASCTB-TEMP_connecting-tubule-principal,Connecting Tubule Principal,1459.4748,0.003053159710014404
https://entity.api.hubmapconsortium.org/entities/fbc2a3c2689708eb045b3892e9fe5005,http://purl.org/ccf/1.5/02ae63f0-4a35-4ff5-858e-689242c26828,right kidney,UBERON:0004539,sc_bulk,https://purl.org/ccf/ASCTB-TEMP_vascular-smooth-muscle-pericyte,Vascular Smooth Muscle / Pericyte,1420.24386,0.002971090238589482
https://entity.api.hubmapconsortium.org/entities/fbc2a3c2689708eb045b3892e9fe5005,http://purl.org/ccf/1.5/02ae63f0-4a35-4ff5-858e-689242c26828,right kidney,UBERON:0004539,sc_bulk,https://purl.org/ccf/ASCTB-TEMP_m2-macrophage,M2 Macrophage,1417.7856,0.002965947662377313
https://entity.api.hubmapconsortium.org/entities/fbc2a3c2689708eb045b3892e9fe5005,http://purl.org/ccf/1.5/02ae63f0-4a35-4ff5-858e-689242c26828,right kidney,UBERON:0004539,sc_bulk,https://purl.org/ccf/ASCTB-TEMP_descending-thin-limb-type-3,Descending Thin Limb Type 3,1324.81356,0.002771454076954772
https://entity.api.hubmapconsortium.org/entities/fbc2a3c2689708eb045b3892e9fe5005,http://purl.org/ccf/1.5/02ae63f0-4a35-4ff5-858e-689242c26828,right kidney,UBERON:0004539,sc_bulk,https://purl.org/ccf/ASCTB-TEMP_monocyte-derived,Monocyte-derived,1251.3123,0.002617692541868799
https://entity.api.hubmapconsortium.org/entities/fbc2a3c2689708eb045b3892e9fe5005,http://purl.org/ccf/1.5/02ae63f0-4a35-4ff5-858e-689242c26828,right kidney,UBERON:0004539,sc_bulk,https://purl.org/ccf/ASCTB-TEMP_descending-vasa-recta-endothelial,Descending Vasa Recta Endothelial,1158.3348,0.0024231875343566
https://entity.api.hubmapconsortium.org/entities/fbc2a3c2689708eb045b3892e9fe5005,http://purl.org/ccf/1.5/02ae63f0-4a35-4ff5-858e-689242c26828,right kidney,UBERON:0004539,sc_bulk,https://purl.org/ccf/ASCTB-TEMP_t,T,767.8095599999999,0.001606225207558148
https://entity.api.hubmapconsortium.org/entities/fbc2a3c2689708eb045b3892e9fe5005,http://purl.org/ccf/1.5/02ae63f0-4a35-4ff5-858e-689242c26828,right kidney,UBERON:0004539,sc_bulk,https://purl.org/ccf/ASCTB-TEMP_distal-convoluted-tubule-type-2,Distal Convoluted Tubule Type 2,655.89342,0.001372101364139727
https://entity.api.hubmapconsortium.org/entities/fbc2a3c2689708eb045b3892e9fe5005,http://purl.org/ccf/1.5/02ae63f0-4a35-4ff5-858e-689242c26828,right kidney,UBERON:0004539,sc_bulk,https://purl.org/ccf/ASCTB-TEMP_afferent-efferent-arteriole-endothelial,Afferent / Efferent Arteriole Endothelial,625.6849199999999,0.001308906456560665
https://entity.api.hubmapconsortium.org/entities/fbc2a3c2689708eb045b3892e9fe5005,http://purl.org/ccf/1.5/02ae63f0-4a35-4ff5-858e-689242c26828,right kidney,UBERON:0004539,sc_bulk,https://purl.org/ccf/ASCTB-TEMP_proximal-tubule-epithelial-segment-2,Proximal Tubule Epithelial Segment 2,495.2446799999999,0.001036030977427617
https://entity.api.hubmapconsortium.org/entities/fbc2a3c2689708eb045b3892e9fe5005,http://purl.org/ccf/1.5/02ae63f0-4a35-4ff5-858e-689242c26828,right kidney,UBERON:0004539,sc_bulk,https://purl.org/ccf/ASCTB-TEMP_mast,Mast,339.80268,7.108528711361903E-4
https://entity.api.hubmapconsortium.org/entities/fbc2a3c2689708eb045b3892e9fe5005,http://purl.org/ccf/1.5/02ae63f0-4a35-4ff5-858e-689242c26828,right kidney,UBERON:0004539,sc_bulk,https://purl.org/ccf/ASCTB-TEMP_b,B,260.3853,5.447150625964996E-4
https://entity.api.hubmapconsortium.org/entities/fbc2a3c2689708eb045b3892e9fe5005,http://purl.org/ccf/1.5/02ae63f0-4a35-4ff5-858e-689242c26828,right kidney,UBERON:0004539,sc_bulk,https://purl.org/ccf/ASCTB-TEMP_schwann-neural,Schwann / Neural,224.5131,4.696719335547519E-4
https://entity.api.hubmapconsortium.org/entities/fbc2a3c2689708eb045b3892e9fe5005,http://purl.org/ccf/1.5/02ae63f0-4a35-4ff5-858e-689242c26828,right kidney,UBERON:0004539,sc_bulk,https://purl.org/ccf/ASCTB-TEMP_plasma,Plasma,200.0838,4.185668685657197E-4
https://entity.api.hubmapconsortium.org/entities/fbc2a3c2689708eb045b3892e9fe5005,http://purl.org/ccf/1.5/02ae63f0-4a35-4ff5-858e-689242c26828,right kidney,UBERON:0004539,sc_bulk,https://purl.org/ccf/ASCTB-TEMP_lymphatic-endothelial,Lymphatic Endothelial,199.79904,4.179711626590307E-4
https://entity.api.hubmapconsortium.org/entities/fbc2a3c2689708eb045b3892e9fe5005,http://purl.org/ccf/1.5/02ae63f0-4a35-4ff5-858e-689242c26828,right kidney,UBERON:0004539,sc_bulk,https://purl.org/ccf/ASCTB-TEMP_tissue-resident-macrophage,Tissue-resident Macrophage,193.37724,4.04537027978685E-4
https://entity.api.hubmapconsortium.org/entities/fbc2a3c2689708eb045b3892e9fe5005,http://purl.org/ccf/1.5/02ae63f0-4a35-4ff5-858e-689242c26828,right kidney,UBERON:0004539,sc_bulk,https://purl.org/ccf/ASCTB-TEMP_papillary-tip-epithelial,Papillary Tip Epithelial,110.62086,2.314141723030394E-4
https://entity.api.hubmapconsortium.org/entities/fbc2a3c2689708eb045b3892e9fe5005,http://purl.org/ccf/1.5/02ae63f0-4a35-4ff5-858e-689242c26828,right kidney,UBERON:0004539,sc_bulk,https://purl.org/ccf/ASCTB-TEMP_connecting-tubule-intercalated-type-a,Connecting Tubule Intercalated Type A,103.07724,2.156332375094692E-4
https://entity.api.hubmapconsortium.org/entities/fbc2a3c2689708eb045b3892e9fe5005,http://purl.org/ccf/1.5/02ae63f0-4a35-4ff5-858e-689242c26828,right kidney,UBERON:0004539,sc_bulk,https://purl.org/ccf/ASCTB-TEMP_natural-killer-natural-killer-t,Natural Killer / Natural Killer T,33.495,7.00701269298603E-5
https://entity.api.hubmapconsortium.org/entities/fbc2a3c2689708eb045b3892e9fe5005,http://purl.org/ccf/1.5/02ae63f0-4a35-4ff5-858e-689242c26828,right kidney,UBERON:0004539,sc_bulk,https://purl.org/ccf/ASCTB-TEMP_non-classical-monocyte,Non-classical monocyte,31.71,6.633598223453857E-5
https://entity.api.hubmapconsortium.org/entities/fbc2a3c2689708eb045b3892e9fe5005,http://purl.org/ccf/1.5/02ae63f0-4a35-4ff5-858e-689242c26828,right kidney,UBERON:0004539,sc_bulk,https://purl.org/ccf/ASCTB-TEMP_neutrophil,Neutrophil,22.55862,4.719168134833512E-5
https://entity.api.hubmapconsortium.org/entities/fbc2a3c2689708eb045b3892e9fe5005,http://purl.org/ccf/1.5/02ae63f0-4a35-4ff5-858e-689242c26828,right kidney,UBERON:0004539,sc_bulk,https://purl.org/ccf/ASCTB-TEMP_renin-positive-juxtaglomerular-granular,Renin-positive Juxtaglomerular Granular,21.6216,4.523147503886154E-5
https://entity.api.hubmapconsortium.org/entities/fbc2a3c2689708eb045b3892e9fe5005,http://purl.org/ccf/1.5/02ae63f0-4a35-4ff5-858e-689242c26828,right kidney,UBERON:0004539,sc_bulk,https://purl.org/ccf/ASCTB-TEMP_monocyte,Monocyte,19.70808,4.122847192547666E-5
https://entity.api.hubmapconsortium.org/entities/fbc2a3c2689708eb045b3892e9fe5005,http://purl.org/ccf/1.5/02ae63f0-4a35-4ff5-858e-689242c26828,right kidney,UBERON:0004539,sc_bulk,https://purl.org/ccf/ASCTB-TEMP_natural-killer-t,Natural Killer T,18.20406,3.808212553631266E-5
https://entity.api.hubmapconsortium.org/entities/fbc2a3c2689708eb045b3892e9fe5005,http://purl.org/ccf/1.5/02ae63f0-4a35-4ff5-858e-689242c26828,right kidney,UBERON:0004539,sc_bulk,https://purl.org/ccf/ASCTB-TEMP_plasmacytoid-dendritic,Plasmacytoid Dendritic,16.3275,3.415644118367798E-5
https://entity.api.hubmapconsortium.org/entities/fbc2a3c2689708eb045b3892e9fe5005,http://purl.org/ccf/1.5/02ae63f0-4a35-4ff5-858e-689242c26828,right kidney,UBERON:0004539,sc_bulk,https://purl.org/ccf/ASCTB-TEMP_cycling-mononuclear-phagocyte,Cycling Mononuclear Phagocyte,8.727179999999999,1.825689238213877E-5
https://entity.api.hubmapconsortium.org/entities/fc0711fa8f09cc48d596020fe816338a,http://purl.org/ccf/1.5/37000e7b-f8a6-42c5-b086-1778ce47e2c7,right kidney,UBERON:0004539,sc_bulk,https://purl.org/ccf/ASCTB-TEMP_inner-medullary-collecting-duct,Inner Medullary Collecting Duct,1261.555954,0.2886076777194523
https://entity.api.hubmapconsortium.org/entities/fc0711fa8f09cc48d596020fe816338a,http://purl.org/ccf/1.5/37000e7b-f8a6-42c5-b086-1778ce47e2c7,right kidney,UBERON:0004539,sc_bulk,https://purl.org/ccf/ASCTB-TEMP_descending-thin-limb-type-1,Descending Thin Limb Type 1,642.281316,0.1469354716020417
https://entity.api.hubmapconsortium.org/entities/fc0711fa8f09cc48d596020fe816338a,http://purl.org/ccf/1.5/37000e7b-f8a6-42c5-b086-1778ce47e2c7,right kidney,UBERON:0004539,sc_bulk,https://purl.org/ccf/ASCTB-TEMP_medullary-thick-ascending-limb,Medullary Thick Ascending Limb,544.2122160000001,0.1245000852703494
https://entity.api.hubmapconsortium.org/entities/fc0711fa8f09cc48d596020fe816338a,http://purl.org/ccf/1.5/37000e7b-f8a6-42c5-b086-1778ce47e2c7,right kidney,UBERON:0004539,sc_bulk,https://purl.org/ccf/ASCTB-TEMP_connecting-tubule,Connecting Tubule,510.9237240000001,0.1168846367914763
https://entity.api.hubmapconsortium.org/entities/fc0711fa8f09cc48d596020fe816338a,http://purl.org/ccf/1.5/37000e7b-f8a6-42c5-b086-1778ce47e2c7,right kidney,UBERON:0004539,sc_bulk,https://purl.org/ccf/ASCTB-TEMP_fibroblast,Fibroblast,234.890758,0.05373624211371433
https://entity.api.hubmapconsortium.org/entities/fc0711fa8f09cc48d596020fe816338a,http://purl.org/ccf/1.5/37000e7b-f8a6-42c5-b086-1778ce47e2c7,right kidney,UBERON:0004539,sc_bulk,https://purl.org/ccf/ASCTB-TEMP_cortical-thick-ascending-limb,Cortical Thick Ascending Limb,169.971132,0.03888450094530368
https://entity.api.hubmapconsortium.org/entities/fc0711fa8f09cc48d596020fe816338a,http://purl.org/ccf/1.5/37000e7b-f8a6-42c5-b086-1778ce47e2c7,right kidney,UBERON:0004539,sc_bulk,https://purl.org/ccf/ASCTB-TEMP_medullary-fibroblast,Medullary Fibroblast,147.940606,0.03384455093148286
https://entity.api.hubmapconsortium.org/entities/fc0711fa8f09cc48d596020fe816338a,http://purl.org/ccf/1.5/37000e7b-f8a6-42c5-b086-1778ce47e2c7,right kidney,UBERON:0004539,sc_bulk,https://purl.org/ccf/ASCTB-TEMP_descending-thin-limb-type-2,Descending Thin Limb Type 2,126.458676,0.02893010388648732
https://entity.api.hubmapconsortium.org/entities/fc0711fa8f09cc48d596020fe816338a,http://purl.org/ccf/1.5/37000e7b-f8a6-42c5-b086-1778ce47e2c7,right kidney,UBERON:0004539,sc_bulk,https://purl.org/ccf/ASCTB-TEMP_proximal-tubule-epithelial-segment-3,Proximal Tubule Epithelial Segment 3,80.60676599999998,0.0184405071134366
https://entity.api.hubmapconsortium.org/entities/fc0711fa8f09cc48d596020fe816338a,http://purl.org/ccf/1.5/37000e7b-f8a6-42c5-b086-1778ce47e2c7,right kidney,UBERON:0004539,sc_bulk,https://purl.org/ccf/ASCTB-TEMP_outer-medullary-collecting-duct-principal,Outer Medullary Collecting Duct Principal,77.56741599999998,0.01774519134682684
https://entity.api.hubmapconsortium.org/entities/fc0711fa8f09cc48d596020fe816338a,http://purl.org/ccf/1.5/37000e7b-f8a6-42c5-b086-1778ce47e2c7,right kidney,UBERON:0004539,sc_bulk,https://purl.org/ccf/ASCTB-TEMP_distal-convoluted-tubule-type-1,Distal Convoluted Tubule Type 1,70.17151599999998,0.01605322238034745
https://entity.api.hubmapconsortium.org/entities/fc0711fa8f09cc48d596020fe816338a,http://purl.org/ccf/1.5/37000e7b-f8a6-42c5-b086-1778ce47e2c7,right kidney,UBERON:0004539,sc_bulk,https://purl.org/ccf/ASCTB-TEMP_papillary-tip-epithelial,Papillary Tip Epithelial,63.697478,0.01457214889587521
https://entity.api.hubmapconsortium.org/entities/fc0711fa8f09cc48d596020fe816338a,http://purl.org/ccf/1.5/37000e7b-f8a6-42c5-b086-1778ce47e2c7,right kidney,UBERON:0004539,sc_bulk,https://purl.org/ccf/ASCTB-TEMP_proximal-tubule-epithelial-segment-1,Proximal Tubule Epithelial Segment 1,62.83987399999999,0.01437595379405818
https://entity.api.hubmapconsortium.org/entities/fc0711fa8f09cc48d596020fe816338a,http://purl.org/ccf/1.5/37000e7b-f8a6-42c5-b086-1778ce47e2c7,right kidney,UBERON:0004539,sc_bulk,https://purl.org/ccf/ASCTB-TEMP_descending-vasa-recta-endothelial,Descending Vasa Recta Endothelial,54.360488,0.01243611442808517
https://entity.api.hubmapconsortium.org/entities/fc0711fa8f09cc48d596020fe816338a,http://purl.org/ccf/1.5/37000e7b-f8a6-42c5-b086-1778ce47e2c7,right kidney,UBERON:0004539,sc_bulk,https://purl.org/ccf/ASCTB-TEMP_ascending-vasa-recta-endothelial,Ascending Vasa Recta Endothelial,44.24919799999999,0.01012294241506804
https://entity.api.hubmapconsortium.org/entities/fc0711fa8f09cc48d596020fe816338a,http://purl.org/ccf/1.5/37000e7b-f8a6-42c5-b086-1778ce47e2c7,right kidney,UBERON:0004539,sc_bulk,https://purl.org/ccf/ASCTB-TEMP_cortical-collecting-duct-principal,Cortical Collecting Duct Principal,40.264312,0.009211315236907417
https://entity.api.hubmapconsortium.org/entities/fc0711fa8f09cc48d596020fe816338a,http://purl.org/ccf/1.5/37000e7b-f8a6-42c5-b086-1778ce47e2c7,right kidney,UBERON:0004539,sc_bulk,https://purl.org/ccf/ASCTB-TEMP_vascular-smooth-muscle-pericyte,Vascular Smooth Muscle / Pericyte,38.63846000000001,0.008839367113205309
https://entity.api.hubmapconsortium.org/entities/fc0711fa8f09cc48d596020fe816338a,http://purl.org/ccf/1.5/37000e7b-f8a6-42c5-b086-1778ce47e2c7,right kidney,UBERON:0004539,sc_bulk,https://purl.org/ccf/ASCTB-TEMP_mesangial,Mesangial,29.458822,0.006739330252307389
https://entity.api.hubmapconsortium.org/entities/fc0711fa8f09cc48d596020fe816338a,http://purl.org/ccf/1.5/37000e7b-f8a6-42c5-b086-1778ce47e2c7,right kidney,UBERON:0004539,sc_bulk,https://purl.org/ccf/ASCTB-TEMP_peritubular-capilary-endothelial,Peritubular Capilary Endothelial,25.728832,0.005886015939610023
https://entity.api.hubmapconsortium.org/entities/fc0711fa8f09cc48d596020fe816338a,http://purl.org/ccf/1.5/37000e7b-f8a6-42c5-b086-1778ce47e2c7,right kidney,UBERON:0004539,sc_bulk,https://purl.org/ccf/ASCTB-TEMP_m2-macrophage,M2 Macrophage,24.673292,0.005644538780254482
https://entity.api.hubmapconsortium.org/entities/fc0711fa8f09cc48d596020fe816338a,http://purl.org/ccf/1.5/37000e7b-f8a6-42c5-b086-1778ce47e2c7,right kidney,UBERON:0004539,sc_bulk,https://purl.org/ccf/ASCTB-TEMP_cortical-vascular-smooth-muscle-pericyte,Cortical Vascular Smooth Muscle / Pericyte,19.862486,0.004543964887184966
https://entity.api.hubmapconsortium.org/entities/fc0711fa8f09cc48d596020fe816338a,http://purl.org/ccf/1.5/37000e7b-f8a6-42c5-b086-1778ce47e2c7,right kidney,UBERON:0004539,sc_bulk,https://purl.org/ccf/ASCTB-TEMP_cortical-collecting-duct-intercalated-type-a,Cortical Collecting Duct Intercalated Type A,18.80125,0.004301184647036949
https://entity.api.hubmapconsortium.org/entities/fc0711fa8f09cc48d596020fe816338a,http://purl.org/ccf/1.5/37000e7b-f8a6-42c5-b086-1778ce47e2c7,right kidney,UBERON:0004539,sc_bulk,https://purl.org/ccf/ASCTB-TEMP_outer-medullary-collecting-duct-intercalated-type-a,Outer Medullary Collecting Duct Intercalated Type A,15.093866,0.003453041936234718
https://entity.api.hubmapconsortium.org/entities/fc0711fa8f09cc48d596020fe816338a,http://purl.org/ccf/1.5/37000e7b-f8a6-42c5-b086-1778ce47e2c7,right kidney,UBERON:0004539,sc_bulk,https://purl.org/ccf/ASCTB-TEMP_ascending-thin-limb,Ascending Thin Limb,11.037068,0.002524963363069094
https://entity.api.hubmapconsortium.org/entities/fc0711fa8f09cc48d596020fe816338a,http://purl.org/ccf/1.5/37000e7b-f8a6-42c5-b086-1778ce47e2c7,right kidney,UBERON:0004539,sc_bulk,https://purl.org/ccf/ASCTB-TEMP_macula-densa,Macula Densa,8.353183999999999,0.001910967982164733
https://entity.api.hubmapconsortium.org/entities/fc0711fa8f09cc48d596020fe816338a,http://purl.org/ccf/1.5/37000e7b-f8a6-42c5-b086-1778ce47e2c7,right kidney,UBERON:0004539,sc_bulk,https://purl.org/ccf/ASCTB-TEMP_connecting-tubule-principal,Connecting Tubule Principal,6.842142,0.001565285080685948
https://entity.api.hubmapconsortium.org/entities/fc0711fa8f09cc48d596020fe816338a,http://purl.org/ccf/1.5/37000e7b-f8a6-42c5-b086-1778ce47e2c7,right kidney,UBERON:0004539,sc_bulk,https://purl.org/ccf/ASCTB-TEMP_afferent-efferent-arteriole-endothelial,Afferent / Efferent Arteriole Endothelial,5.624444,0.001286710840019631
https://entity.api.hubmapconsortium.org/entities/fc0711fa8f09cc48d596020fe816338a,http://purl.org/ccf/1.5/37000e7b-f8a6-42c5-b086-1778ce47e2c7,right kidney,UBERON:0004539,sc_bulk,https://purl.org/ccf/ASCTB-TEMP_glomerular-capillary-endothelial,Glomerular Capillary Endothelial,4.546298,0.001040062078768954
https://entity.api.hubmapconsortium.org/entities/fc0711fa8f09cc48d596020fe816338a,http://purl.org/ccf/1.5/37000e7b-f8a6-42c5-b086-1778ce47e2c7,right kidney,UBERON:0004539,sc_bulk,https://purl.org/ccf/ASCTB-TEMP_descending-thin-limb-type-3,Descending Thin Limb Type 3,4.523692,0.001034890476873818
https://entity.api.hubmapconsortium.org/entities/fc0711fa8f09cc48d596020fe816338a,http://purl.org/ccf/1.5/37000e7b-f8a6-42c5-b086-1778ce47e2c7,right kidney,UBERON:0004539,sc_bulk,https://purl.org/ccf/ASCTB-TEMP_tissue-resident-macrophage,Tissue-resident Macrophage,4.265592,9.7584462846479E-4
https://entity.api.hubmapconsortium.org/entities/fc0711fa8f09cc48d596020fe816338a,http://purl.org/ccf/1.5/37000e7b-f8a6-42c5-b086-1778ce47e2c7,right kidney,UBERON:0004539,sc_bulk,https://purl.org/ccf/ASCTB-TEMP_podocyte,Podocyte,4.084566000000001,9.344310920289409E-4
https://entity.api.hubmapconsortium.org/entities/fc0711fa8f09cc48d596020fe816338a,http://purl.org/ccf/1.5/37000e7b-f8a6-42c5-b086-1778ce47e2c7,right kidney,UBERON:0004539,sc_bulk,https://purl.org/ccf/ASCTB-TEMP_parietal-epithelial,Parietal Epithelial,3.321836,7.599404296615721E-4
https://entity.api.hubmapconsortium.org/entities/fc0711fa8f09cc48d596020fe816338a,http://purl.org/ccf/1.5/37000e7b-f8a6-42c5-b086-1778ce47e2c7,right kidney,UBERON:0004539,sc_bulk,https://purl.org/ccf/ASCTB-TEMP_monocyte-derived,Monocyte-derived,2.586696,5.917615648827545E-4
https://entity.api.hubmapconsortium.org/entities/fc0711fa8f09cc48d596020fe816338a,http://purl.org/ccf/1.5/37000e7b-f8a6-42c5-b086-1778ce47e2c7,right kidney,UBERON:0004539,sc_bulk,https://purl.org/ccf/ASCTB-TEMP_t,T,2.415104,5.525062560094421E-4
https://entity.api.hubmapconsortium.org/entities/fc0711fa8f09cc48d596020fe816338a,http://purl.org/ccf/1.5/37000e7b-f8a6-42c5-b086-1778ce47e2c7,right kidney,UBERON:0004539,sc_bulk,https://purl.org/ccf/ASCTB-TEMP_intercalated-type-b,Intercalated Type B,2.088118,4.777012742664184E-4
https://entity.api.hubmapconsortium.org/entities/fc0711fa8f09cc48d596020fe816338a,http://purl.org/ccf/1.5/37000e7b-f8a6-42c5-b086-1778ce47e2c7,right kidney,UBERON:0004539,sc_bulk,https://purl.org/ccf/ASCTB-TEMP_lymphatic-endothelial,Lymphatic Endothelial,1.963518,4.491963819310257E-4
https://entity.api.hubmapconsortium.org/entities/fc0711fa8f09cc48d596020fe816338a,http://purl.org/ccf/1.5/37000e7b-f8a6-42c5-b086-1778ce47e2c7,right kidney,UBERON:0004539,sc_bulk,https://purl.org/ccf/ASCTB-TEMP_monocyte,Monocyte,0.9120719999999999,2.086558118950753E-4
https://entity.api.hubmapconsortium.org/entities/fc0711fa8f09cc48d596020fe816338a,http://purl.org/ccf/1.5/37000e7b-f8a6-42c5-b086-1778ce47e2c7,right kidney,UBERON:0004539,sc_bulk,https://purl.org/ccf/ASCTB-TEMP_proximal-tubule-epithelial-segment-2,Proximal Tubule Epithelial Segment 2,0.8333959999999999,1.90657008449013E-4
https://entity.api.hubmapconsortium.org/entities/fc0711fa8f09cc48d596020fe816338a,http://purl.org/ccf/1.5/37000e7b-f8a6-42c5-b086-1778ce47e2c7,right kidney,UBERON:0004539,sc_bulk,https://purl.org/ccf/ASCTB-TEMP_schwann-neural,Schwann / Neural,0.816308,1.867477660715877E-4
https://entity.api.hubmapconsortium.org/entities/fc0711fa8f09cc48d596020fe816338a,http://purl.org/ccf/1.5/37000e7b-f8a6-42c5-b086-1778ce47e2c7,right kidney,UBERON:0004539,sc_bulk,https://purl.org/ccf/ASCTB-TEMP_natural-killer-natural-killer-t,Natural Killer / Natural Killer T,0.7646879999999998,1.74938596389782E-4
https://entity.api.hubmapconsortium.org/entities/fc0711fa8f09cc48d596020fe816338a,http://purl.org/ccf/1.5/37000e7b-f8a6-42c5-b086-1778ce47e2c7,right kidney,UBERON:0004539,sc_bulk,https://purl.org/ccf/ASCTB-TEMP_distal-convoluted-tubule-type-2,Distal Convoluted Tubule Type 2,0.5081899999999999,1.162592394536378E-4
https://entity.api.hubmapconsortium.org/entities/fc0711fa8f09cc48d596020fe816338a,http://purl.org/ccf/1.5/37000e7b-f8a6-42c5-b086-1778ce47e2c7,right kidney,UBERON:0004539,sc_bulk,https://purl.org/ccf/ASCTB-TEMP_b,B,0.4207919999999999,9.626509354409795E-5
https://entity.api.hubmapconsortium.org/entities/fc0711fa8f09cc48d596020fe816338a,http://purl.org/ccf/1.5/37000e7b-f8a6-42c5-b086-1778ce47e2c7,right kidney,UBERON:0004539,sc_bulk,https://purl.org/ccf/ASCTB-TEMP_plasma,Plasma,0.254006,5.810925908943646E-5
https://entity.api.hubmapconsortium.org/entities/fc0711fa8f09cc48d596020fe816338a,http://purl.org/ccf/1.5/37000e7b-f8a6-42c5-b086-1778ce47e2c7,right kidney,UBERON:0004539,sc_bulk,https://purl.org/ccf/ASCTB-TEMP_mast,Mast,0.185832,4.251301085450012E-5
https://entity.api.hubmapconsortium.org/entities/fc0711fa8f09cc48d596020fe816338a,http://purl.org/ccf/1.5/37000e7b-f8a6-42c5-b086-1778ce47e2c7,right kidney,UBERON:0004539,sc_bulk,https://purl.org/ccf/ASCTB-TEMP_classical-dendritic,Classical Dendritic,0.168744,3.860376847707482E-5
https://entity.api.hubmapconsortium.org/entities/fc0711fa8f09cc48d596020fe816338a,http://purl.org/ccf/1.5/37000e7b-f8a6-42c5-b086-1778ce47e2c7,right kidney,UBERON:0004539,sc_bulk,https://purl.org/ccf/ASCTB-TEMP_cycling-mononuclear-phagocyte,Cycling Mononuclear Phagocyte,0.156996,3.591616434259493E-5
https://entity.api.hubmapconsortium.org/entities/fc0711fa8f09cc48d596020fe816338a,http://purl.org/ccf/1.5/37000e7b-f8a6-42c5-b086-1778ce47e2c7,right kidney,UBERON:0004539,sc_bulk,https://purl.org/ccf/ASCTB-TEMP_renin-positive-juxtaglomerular-granular,Renin-positive Juxtaglomerular Granular,0.149164,3.412442825294167E-5
https://entity.api.hubmapconsortium.org/entities/fc0711fa8f09cc48d596020fe816338a,http://purl.org/ccf/1.5/37000e7b-f8a6-42c5-b086-1778ce47e2c7,right kidney,UBERON:0004539,sc_bulk,https://purl.org/ccf/ASCTB-TEMP_connecting-tubule-intercalated-type-a,Connecting Tubule Intercalated Type A,0.05215399999999999,1.193133350610013E-5
https://entity.api.hubmapconsortium.org/entities/fc0711fa8f09cc48d596020fe816338a,http://purl.org/ccf/1.5/37000e7b-f8a6-42c5-b086-1778ce47e2c7,right kidney,UBERON:0004539,sc_bulk,https://purl.org/ccf/ASCTB-TEMP_non-classical-monocyte,Non-classical monocyte,0.05215399999999999,1.193133350610013E-5
https://entity.api.hubmapconsortium.org/entities/fc0711fa8f09cc48d596020fe816338a,http://purl.org/ccf/1.5/37000e7b-f8a6-42c5-b086-1778ce47e2c7,right kidney,UBERON:0004539,sc_bulk,https://purl.org/ccf/ASCTB-TEMP_neutrophil,Neutrophil,0.002136,4.886552971781623E-7
https://entity.api.hubmapconsortium.org/entities/fc0711fa8f09cc48d596020fe816338a,http://purl.org/ccf/1.5/37000e7b-f8a6-42c5-b086-1778ce47e2c7,right kidney,UBERON:0004539,sc_bulk,https://purl.org/ccf/ASCTB-TEMP_plasmacytoid-dendritic,Plasmacytoid Dendritic,0.001068,2.443276485890811E-7
https://entity.api.hubmapconsortium.org/entities/fc0711fa8f09cc48d596020fe816338a,http://purl.org/ccf/1.5/37000e7b-f8a6-42c5-b086-1778ce47e2c7,right kidney,UBERON:0004539,sc_bulk,https://purl.org/ccf/ASCTB-TEMP_natural-killer-t,Natural Killer T,0.001068,2.443276485890811E-7
https://gtexportal.org/home/tissue/Colon_Sigmoid#FDonors_TissueBlock1,http://purl.org/ccf/1.5/8e476601-a5e6-4d15-86a4-e6d3da9abb7e,large intestine,UBERON:0000059,spatial,https://purl.org/ccf/ASCTB-TEMP_smooth-muscle,Smooth muscle,6193.949688000001,0.1673809084772143
https://gtexportal.org/home/tissue/Colon_Sigmoid#FDonors_TissueBlock1,http://purl.org/ccf/1.5/8e476601-a5e6-4d15-86a4-e6d3da9abb7e,large intestine,UBERON:0000059,spatial,https://purl.org/ccf/ASCTB-TEMP_enterocyte,Enterocyte,5648.914872000001,0.1526522737208592
https://gtexportal.org/home/tissue/Colon_Sigmoid#FDonors_TissueBlock1,http://purl.org/ccf/1.5/8e476601-a5e6-4d15-86a4-e6d3da9abb7e,large intestine,UBERON:0000059,spatial,https://purl.org/ccf/ASCTB-TEMP_stroma,Stroma,3904.968204,0.1055250944040532
https://gtexportal.org/home/tissue/Colon_Sigmoid#FDonors_TissueBlock1,http://purl.org/ccf/1.5/8e476601-a5e6-4d15-86a4-e6d3da9abb7e,large intestine,UBERON:0000059,spatial,https://purl.org/ccf/ASCTB-TEMP_endothelial,Endothelial,3018.952548000001,0.08158203498372375
https://gtexportal.org/home/tissue/Colon_Sigmoid#FDonors_TissueBlock1,http://purl.org/ccf/1.5/8e476601-a5e6-4d15-86a4-e6d3da9abb7e,large intestine,UBERON:0000059,spatial,https://purl.org/ccf/ASCTB-TEMP_goblet,Goblet,2310.370956,0.06243382801185098
https://gtexportal.org/home/tissue/Colon_Sigmoid#FDonors_TissueBlock1,http://purl.org/ccf/1.5/8e476601-a5e6-4d15-86a4-e6d3da9abb7e,large intestine,UBERON:0000059,spatial,https://purl.org/ccf/ASCTB-TEMP_cd66-enterocyte,CD66+ Enterocyte,2223.622908,0.06008961021637944
https://gtexportal.org/home/tissue/Colon_Sigmoid#FDonors_TissueBlock1,http://purl.org/ccf/1.5/8e476601-a5e6-4d15-86a4-e6d3da9abb7e,large intestine,UBERON:0000059,spatial,https://purl.org/ccf/ASCTB-TEMP_plasma,Plasma,2161.15308,0.05840146983911531
https://gtexportal.org/home/tissue/Colon_Sigmoid#FDonors_TissueBlock1,http://purl.org/ccf/1.5/8e476601-a5e6-4d15-86a4-e6d3da9abb7e,large intestine,UBERON:0000059,spatial,https://purl.org/ccf/ASCTB-TEMP_m2-macrophage,M2 Macrophage,1939.100544,0.0524008794117574
https://gtexportal.org/home/tissue/Colon_Sigmoid#FDonors_TissueBlock1,http://purl.org/ccf/1.5/8e476601-a5e6-4d15-86a4-e6d3da9abb7e,large intestine,UBERON:0000059,spatial,https://purl.org/ccf/ASCTB-TEMP_cd4-t-cell,CD4+ T cell,1519.191216,0.04105354720225228
https://gtexportal.org/home/tissue/Colon_Sigmoid#FDonors_TissueBlock1,http://purl.org/ccf/1.5/8e476601-a5e6-4d15-86a4-e6d3da9abb7e,large intestine,UBERON:0000059,spatial,https://purl.org/ccf/ASCTB-TEMP_cd8-t,CD8+ T,1495.035144,0.04040077062506531
https://gtexportal.org/home/tissue/Colon_Sigmoid#FDonors_TissueBlock1,http://purl.org/ccf/1.5/8e476601-a5e6-4d15-86a4-e6d3da9abb7e,large intestine,UBERON:0000059,spatial,https://purl.org/ccf/ASCTB-TEMP_nerve,Nerve,1219.780368,0.03296248055325029
https://gtexportal.org/home/tissue/Colon_Sigmoid#FDonors_TissueBlock1,http://purl.org/ccf/1.5/8e476601-a5e6-4d15-86a4-e6d3da9abb7e,large intestine,UBERON:0000059,spatial,https://purl.org/ccf/ASCTB-TEMP_lymphatic,Lymphatic,1155.837456,0.03123453259752602
https://gtexportal.org/home/tissue/Colon_Sigmoid#FDonors_TissueBlock1,http://purl.org/ccf/1.5/8e476601-a5e6-4d15-86a4-e6d3da9abb7e,large intestine,UBERON:0000059,spatial,https://purl.org/ccf/ASCTB-TEMP_cycling-ta,Cycling TA,972.4035240000001,0.02627754396663814
https://gtexportal.org/home/tissue/Colon_Sigmoid#FDonors_TissueBlock1,http://purl.org/ccf/1.5/8e476601-a5e6-4d15-86a4-e6d3da9abb7e,large intestine,UBERON:0000059,spatial,https://purl.org/ccf/ASCTB-TEMP_icc,ICC,612.568044,0.01655360486822704
https://gtexportal.org/home/tissue/Colon_Sigmoid#FDonors_TissueBlock1,http://purl.org/ccf/1.5/8e476601-a5e6-4d15-86a4-e6d3da9abb7e,large intestine,UBERON:0000059,spatial,https://purl.org/ccf/ASCTB-TEMP_m1-macrophage,M1 Macrophage,572.711256,0.01547654326449001
https://gtexportal.org/home/tissue/Colon_Sigmoid#FDonors_TissueBlock1,http://purl.org/ccf/1.5/8e476601-a5e6-4d15-86a4-e6d3da9abb7e,large intestine,UBERON:0000059,spatial,https://purl.org/ccf/ASCTB-TEMP_dc,DC,559.3699799999999,0.01511601807303559
https://gtexportal.org/home/tissue/Colon_Sigmoid#FDonors_TissueBlock1,http://purl.org/ccf/1.5/8e476601-a5e6-4d15-86a4-e6d3da9abb7e,large intestine,UBERON:0000059,spatial,https://purl.org/ccf/ASCTB-TEMP_ta,TA,476.2101600000001,0.01286876600907895
https://gtexportal.org/home/tissue/Colon_Sigmoid#FDonors_TissueBlock1,http://purl.org/ccf/1.5/8e476601-a5e6-4d15-86a4-e6d3da9abb7e,large intestine,UBERON:0000059,spatial,https://purl.org/ccf/ASCTB-TEMP_b,B,302.130468,0.008164559733260447
https://gtexportal.org/home/tissue/Colon_Sigmoid#FDonors_TissueBlock1,http://purl.org/ccf/1.5/8e476601-a5e6-4d15-86a4-e6d3da9abb7e,large intestine,UBERON:0000059,spatial,https://purl.org/ccf/ASCTB-TEMP_muc1-enterocyte,MUC1+ Enterocyte,295.84872,0.007994806225397449
https://gtexportal.org/home/tissue/Colon_Sigmoid#FDonors_TissueBlock1,http://purl.org/ccf/1.5/8e476601-a5e6-4d15-86a4-e6d3da9abb7e,large intestine,UBERON:0000059,spatial,https://purl.org/ccf/ASCTB-TEMP_neutrophil,Neutrophil,180.95652,0.004890040804037475
https://gtexportal.org/home/tissue/Colon_Sigmoid#FDonors_TissueBlock1,http://purl.org/ccf/1.5/8e476601-a5e6-4d15-86a4-e6d3da9abb7e,large intestine,UBERON:0000059,spatial,https://purl.org/ccf/ASCTB-TEMP_neuroendocrine,Neuroendocrine,98.32287600000001,0.002657007747553484
https://gtexportal.org/home/tissue/Colon_Sigmoid#FDonors_TissueBlock1,http://purl.org/ccf/1.5/8e476601-a5e6-4d15-86a4-e6d3da9abb7e,large intestine,UBERON:0000059,spatial,https://purl.org/ccf/ASCTB-TEMP_nk,NK,64.972296,0.001755765299708465
https://gtexportal.org/home/tissue/Colon_Sigmoid#FDonors_TissueBlock1,http://purl.org/ccf/1.5/8e476601-a5e6-4d15-86a4-e6d3da9abb7e,large intestine,UBERON:0000059,spatial,https://purl.org/ccf/ASCTB-TEMP_cd7-immune,CD7+ Immune,44.267688,0.001196258640586148
https://gtexportal.org/home/tissue/Colon_Sigmoid#FDonors_TissueBlock1,http://purl.org/ccf/1.5/8e476601-a5e6-4d15-86a4-e6d3da9abb7e,large intestine,UBERON:0000059,spatial,https://purl.org/ccf/ASCTB-TEMP_paneth,Paneth,23.729076,6.41237739773656E-4
https://gtexportal.org/home/tissue/Colon_Sigmoid#FDonors_TissueBlock1,http://purl.org/ccf/1.5/8e476601-a5e6-4d15-86a4-e6d3da9abb7e,large intestine,UBERON:0000059,spatial,https://purl.org/ccf/ASCTB-TEMP_cd57-enterocyte,CD57+ Enterocyte,10.746936,2.90417585165648E-4
https://gtexportal.org/home/tissue/Colon_Sigmoid#MDonors_TissueBlock1,http://purl.org/ccf/1.5/383d2c1a-4c8c-4aa3-b154-1ceacd3fa871,large intestine,UBERON:0000059,spatial,https://purl.org/ccf/ASCTB-TEMP_smooth-muscle,Smooth muscle,9373.98516,0.1673809084772142
https://gtexportal.org/home/tissue/Colon_Sigmoid#MDonors_TissueBlock1,http://purl.org/ccf/1.5/383d2c1a-4c8c-4aa3-b154-1ceacd3fa871,large intestine,UBERON:0000059,spatial,https://purl.org/ccf/ASCTB-TEMP_enterocyte,Enterocyte,8549.12404,0.1526522737208592
https://gtexportal.org/home/tissue/Colon_Sigmoid#MDonors_TissueBlock1,http://purl.org/ccf/1.5/383d2c1a-4c8c-4aa3-b154-1ceacd3fa871,large intestine,UBERON:0000059,spatial,https://purl.org/ccf/ASCTB-TEMP_stroma,Stroma,5909.817779999999,0.1055250944040532
https://gtexportal.org/home/tissue/Colon_Sigmoid#MDonors_TissueBlock1,http://purl.org/ccf/1.5/383d2c1a-4c8c-4aa3-b154-1ceacd3fa871,large intestine,UBERON:0000059,spatial,https://purl.org/ccf/ASCTB-TEMP_endothelial,Endothelial,4568.912860000001,0.08158203498372377
https://gtexportal.org/home/tissue/Colon_Sigmoid#MDonors_TissueBlock1,http://purl.org/ccf/1.5/383d2c1a-4c8c-4aa3-b154-1ceacd3fa871,large intestine,UBERON:0000059,spatial,https://purl.org/ccf/ASCTB-TEMP_goblet,Goblet,3496.538420000001,0.06243382801185098
https://gtexportal.org/home/tissue/Colon_Sigmoid#MDonors_TissueBlock1,http://purl.org/ccf/1.5/383d2c1a-4c8c-4aa3-b154-1ceacd3fa871,large intestine,UBERON:0000059,spatial,https://purl.org/ccf/ASCTB-TEMP_cd66-enterocyte,CD66+ Enterocyte,3365.25306,0.06008961021637944
https://gtexportal.org/home/tissue/Colon_Sigmoid#MDonors_TissueBlock1,http://purl.org/ccf/1.5/383d2c1a-4c8c-4aa3-b154-1ceacd3fa871,large intestine,UBERON:0000059,spatial,https://purl.org/ccf/ASCTB-TEMP_plasma,Plasma,3270.7106,0.05840146983911532
https://gtexportal.org/home/tissue/Colon_Sigmoid#MDonors_TissueBlock1,http://purl.org/ccf/1.5/383d2c1a-4c8c-4aa3-b154-1ceacd3fa871,large intestine,UBERON:0000059,spatial,https://purl.org/ccf/ASCTB-TEMP_m2-macrophage,M2 Macrophage,2934.65408,0.0524008794117574
https://gtexportal.org/home/tissue/Colon_Sigmoid#MDonors_TissueBlock1,http://purl.org/ccf/1.5/383d2c1a-4c8c-4aa3-b154-1ceacd3fa871,large intestine,UBERON:0000059,spatial,https://purl.org/ccf/ASCTB-TEMP_cd4-t-cell,CD4+ T cell,2299.15912,0.04105354720225229
https://gtexportal.org/home/tissue/Colon_Sigmoid#MDonors_TissueBlock1,http://purl.org/ccf/1.5/383d2c1a-4c8c-4aa3-b154-1ceacd3fa871,large intestine,UBERON:0000059,spatial,https://purl.org/ccf/ASCTB-TEMP_cd8-t,CD8+ T,2262.60108,0.04040077062506531
https://gtexportal.org/home/tissue/Colon_Sigmoid#MDonors_TissueBlock1,http://purl.org/ccf/1.5/383d2c1a-4c8c-4aa3-b154-1ceacd3fa871,large intestine,UBERON:0000059,spatial,https://purl.org/ccf/ASCTB-TEMP_nerve,Nerve,1846.02776,0.03296248055325029
https://gtexportal.org/home/tissue/Colon_Sigmoid#MDonors_TissueBlock1,http://purl.org/ccf/1.5/383d2c1a-4c8c-4aa3-b154-1ceacd3fa871,large intestine,UBERON:0000059,spatial,https://purl.org/ccf/ASCTB-TEMP_lymphatic,Lymphatic,1749.25592,0.03123453259752602
https://gtexportal.org/home/tissue/Colon_Sigmoid#MDonors_TissueBlock1,http://purl.org/ccf/1.5/383d2c1a-4c8c-4aa3-b154-1ceacd3fa871,large intestine,UBERON:0000059,spatial,https://purl.org/ccf/ASCTB-TEMP_cycling-ta,Cycling TA,1471.64518,0.02627754396663814
https://gtexportal.org/home/tissue/Colon_Sigmoid#MDonors_TissueBlock1,http://purl.org/ccf/1.5/383d2c1a-4c8c-4aa3-b154-1ceacd3fa871,large intestine,UBERON:0000059,spatial,https://purl.org/ccf/ASCTB-TEMP_icc,ICC,927.06658,0.01655360486822704
https://gtexportal.org/home/tissue/Colon_Sigmoid#MDonors_TissueBlock1,http://purl.org/ccf/1.5/383d2c1a-4c8c-4aa3-b154-1ceacd3fa871,large intestine,UBERON:0000059,spatial,https://purl.org/ccf/ASCTB-TEMP_m1-macrophage,M1 Macrophage,866.7469200000002,0.01547654326449002
https://gtexportal.org/home/tissue/Colon_Sigmoid#MDonors_TissueBlock1,http://purl.org/ccf/1.5/383d2c1a-4c8c-4aa3-b154-1ceacd3fa871,large intestine,UBERON:0000059,spatial,https://purl.org/ccf/ASCTB-TEMP_dc,DC,846.5561,0.01511601807303559
https://gtexportal.org/home/tissue/Colon_Sigmoid#MDonors_TissueBlock1,http://purl.org/ccf/1.5/383d2c1a-4c8c-4aa3-b154-1ceacd3fa871,large intestine,UBERON:0000059,spatial,https://purl.org/ccf/ASCTB-TEMP_ta,TA,720.7012000000002,0.01286876600907895
https://gtexportal.org/home/tissue/Colon_Sigmoid#MDonors_TissueBlock1,http://purl.org/ccf/1.5/383d2c1a-4c8c-4aa3-b154-1ceacd3fa871,large intestine,UBERON:0000059,spatial,https://purl.org/ccf/ASCTB-TEMP_b,B,457.24726,0.008164559733260445
https://gtexportal.org/home/tissue/Colon_Sigmoid#MDonors_TissueBlock1,http://purl.org/ccf/1.5/383d2c1a-4c8c-4aa3-b154-1ceacd3fa871,large intestine,UBERON:0000059,spatial,https://purl.org/ccf/ASCTB-TEMP_muc1-enterocyte,MUC1+ Enterocyte,447.7404,0.007994806225397449
https://gtexportal.org/home/tissue/Colon_Sigmoid#MDonors_TissueBlock1,http://purl.org/ccf/1.5/383d2c1a-4c8c-4aa3-b154-1ceacd3fa871,large intestine,UBERON:0000059,spatial,https://purl.org/ccf/ASCTB-TEMP_neutrophil,Neutrophil,273.8614,0.004890040804037475
https://gtexportal.org/home/tissue/Colon_Sigmoid#MDonors_TissueBlock1,http://purl.org/ccf/1.5/383d2c1a-4c8c-4aa3-b154-1ceacd3fa871,large intestine,UBERON:0000059,spatial,https://purl.org/ccf/ASCTB-TEMP_neuroendocrine,Neuroendocrine,148.80282,0.002657007747553484
https://gtexportal.org/home/tissue/Colon_Sigmoid#MDonors_TissueBlock1,http://purl.org/ccf/1.5/383d2c1a-4c8c-4aa3-b154-1ceacd3fa871,large intestine,UBERON:0000059,spatial,https://purl.org/ccf/ASCTB-TEMP_nk,NK,98.32972000000001,0.001755765299708465
https://gtexportal.org/home/tissue/Colon_Sigmoid#MDonors_TissueBlock1,http://purl.org/ccf/1.5/383d2c1a-4c8c-4aa3-b154-1ceacd3fa871,large intestine,UBERON:0000059,spatial,https://purl.org/ccf/ASCTB-TEMP_cd7-immune,CD7+ Immune,66.99516,0.001196258640586148
https://gtexportal.org/home/tissue/Colon_Sigmoid#MDonors_TissueBlock1,http://purl.org/ccf/1.5/383d2c1a-4c8c-4aa3-b154-1ceacd3fa871,large intestine,UBERON:0000059,spatial,https://purl.org/ccf/ASCTB-TEMP_paneth,Paneth,35.91182000000001,6.41237739773656E-4
https://gtexportal.org/home/tissue/Colon_Sigmoid#MDonors_TissueBlock1,http://purl.org/ccf/1.5/383d2c1a-4c8c-4aa3-b154-1ceacd3fa871,large intestine,UBERON:0000059,spatial,https://purl.org/ccf/ASCTB-TEMP_cd57-enterocyte,CD57+ Enterocyte,16.26452,2.90417585165648E-4
https://gtexportal.org/home/tissue/Colon_Transverse#MDonors_TissueBlock1,http://purl.org/ccf/1.5/fd7270d4-105a-4058-aece-2d2bb0668da2,large intestine,UBERON:0000059,spatial,https://purl.org/ccf/ASCTB-TEMP_smooth-muscle,Smooth muscle,4022.67671,0.2364065717217485
https://gtexportal.org/home/tissue/Colon_Transverse#MDonors_TissueBlock1,http://purl.org/ccf/1.5/fd7270d4-105a-4058-aece-2d2bb0668da2,large intestine,UBERON:0000059,spatial,https://purl.org/ccf/ASCTB-TEMP_enterocyte,Enterocyte,2002.332202,0.1176740079922753
https://gtexportal.org/home/tissue/Colon_Transverse#MDonors_TissueBlock1,http://purl.org/ccf/1.5/fd7270d4-105a-4058-aece-2d2bb0668da2,large intestine,UBERON:0000059,spatial,https://purl.org/ccf/ASCTB-TEMP_stroma,Stroma,1917.535854,0.1126906560178621
https://gtexportal.org/home/tissue/Colon_Transverse#MDonors_TissueBlock1,http://purl.org/ccf/1.5/fd7270d4-105a-4058-aece-2d2bb0668da2,large intestine,UBERON:0000059,spatial,https://purl.org/ccf/ASCTB-TEMP_goblet,Goblet,1363.749998,0.08014550632698529
https://gtexportal.org/home/tissue/Colon_Transverse#MDonors_TissueBlock1,http://purl.org/ccf/1.5/fd7270d4-105a-4058-aece-2d2bb0668da2,large intestine,UBERON:0000059,spatial,https://purl.org/ccf/ASCTB-TEMP_endothelial,Endothelial,1074.762156,0.063162131842366
https://gtexportal.org/home/tissue/Colon_Transverse#MDonors_TissueBlock1,http://purl.org/ccf/1.5/fd7270d4-105a-4058-aece-2d2bb0668da2,large intestine,UBERON:0000059,spatial,https://purl.org/ccf/ASCTB-TEMP_m2-macrophage,M2 Macrophage,929.65184,0.0546342200065129
https://gtexportal.org/home/tissue/Colon_Transverse#MDonors_TissueBlock1,http://purl.org/ccf/1.5/fd7270d4-105a-4058-aece-2d2bb0668da2,large intestine,UBERON:0000059,spatial,https://purl.org/ccf/ASCTB-TEMP_plasma,Plasma,799.1246380000001,0.0469633355268968
https://gtexportal.org/home/tissue/Colon_Transverse#MDonors_TissueBlock1,http://purl.org/ccf/1.5/fd7270d4-105a-4058-aece-2d2bb0668da2,large intestine,UBERON:0000059,spatial,https://purl.org/ccf/ASCTB-TEMP_cd4-t-cell,CD4+ T cell,679.1127200000001,0.03991041824184567
https://gtexportal.org/home/tissue/Colon_Transverse#MDonors_TissueBlock1,http://purl.org/ccf/1.5/fd7270d4-105a-4058-aece-2d2bb0668da2,large intestine,UBERON:0000059,spatial,https://purl.org/ccf/ASCTB-TEMP_cd66-enterocyte,CD66+ Enterocyte,551.618106,0.03241775433132037
https://gtexportal.org/home/tissue/Colon_Transverse#MDonors_TissueBlock1,http://purl.org/ccf/1.5/fd7270d4-105a-4058-aece-2d2bb0668da2,large intestine,UBERON:0000059,spatial,https://purl.org/ccf/ASCTB-TEMP_nerve,Nerve,531.1447440000001,0.03121456608852511
https://gtexportal.org/home/tissue/Colon_Transverse#MDonors_TissueBlock1,http://purl.org/ccf/1.5/fd7270d4-105a-4058-aece-2d2bb0668da2,large intestine,UBERON:0000059,spatial,https://purl.org/ccf/ASCTB-TEMP_cd8-t,CD8+ T,503.101976,0.02956653540587342
https://gtexportal.org/home/tissue/Colon_Transverse#MDonors_TissueBlock1,http://purl.org/ccf/1.5/fd7270d4-105a-4058-aece-2d2bb0668da2,large intestine,UBERON:0000059,spatial,https://purl.org/ccf/ASCTB-TEMP_lymphatic,Lymphatic,480.4133620000001,0.02823316018346882
https://gtexportal.org/home/tissue/Colon_Transverse#MDonors_TissueBlock1,http://purl.org/ccf/1.5/fd7270d4-105a-4058-aece-2d2bb0668da2,large intestine,UBERON:0000059,spatial,https://purl.org/ccf/ASCTB-TEMP_cycling-ta,Cycling TA,448.4859860000001,0.02635683701649197
https://gtexportal.org/home/tissue/Colon_Transverse#MDonors_TissueBlock1,http://purl.org/ccf/1.5/fd7270d4-105a-4058-aece-2d2bb0668da2,large intestine,UBERON:0000059,spatial,https://purl.org/ccf/ASCTB-TEMP_ta,TA,396.873932,0.02332367536188369
https://gtexportal.org/home/tissue/Colon_Transverse#MDonors_TissueBlock1,http://purl.org/ccf/1.5/fd7270d4-105a-4058-aece-2d2bb0668da2,large intestine,UBERON:0000059,spatial,https://purl.org/ccf/ASCTB-TEMP_dc,DC,313.519986,0.01842509115193365
https://gtexportal.org/home/tissue/Colon_Transverse#MDonors_TissueBlock1,http://purl.org/ccf/1.5/fd7270d4-105a-4058-aece-2d2bb0668da2,large intestine,UBERON:0000059,spatial,https://purl.org/ccf/ASCTB-TEMP_b,B,303.795648,0.01785360664682076
https://gtexportal.org/home/tissue/Colon_Transverse#MDonors_TissueBlock1,http://purl.org/ccf/1.5/fd7270d4-105a-4058-aece-2d2bb0668da2,large intestine,UBERON:0000059,spatial,https://purl.org/ccf/ASCTB-TEMP_icc,ICC,211.742804,0.01244380147575671
https://gtexportal.org/home/tissue/Colon_Transverse#MDonors_TissueBlock1,http://purl.org/ccf/1.5/fd7270d4-105a-4058-aece-2d2bb0668da2,large intestine,UBERON:0000059,spatial,https://purl.org/ccf/ASCTB-TEMP_muc1-enterocyte,MUC1+ Enterocyte,130.480454,0.007668137170992622
https://gtexportal.org/home/tissue/Colon_Transverse#MDonors_TissueBlock1,http://purl.org/ccf/1.5/fd7270d4-105a-4058-aece-2d2bb0668da2,large intestine,UBERON:0000059,spatial,https://purl.org/ccf/ASCTB-TEMP_m1-macrophage,M1 Macrophage,105.764334,0.006215608514902
https://gtexportal.org/home/tissue/Colon_Transverse#MDonors_TissueBlock1,http://purl.org/ccf/1.5/fd7270d4-105a-4058-aece-2d2bb0668da2,large intestine,UBERON:0000059,spatial,https://purl.org/ccf/ASCTB-TEMP_neutrophil,Neutrophil,94.71521800000002,0.005566268828314083
https://gtexportal.org/home/tissue/Colon_Transverse#MDonors_TissueBlock1,http://purl.org/ccf/1.5/fd7270d4-105a-4058-aece-2d2bb0668da2,large intestine,UBERON:0000059,spatial,https://purl.org/ccf/ASCTB-TEMP_neuroendocrine,Neuroendocrine,85.612176,0.005031296941035801
https://gtexportal.org/home/tissue/Colon_Transverse#MDonors_TissueBlock1,http://purl.org/ccf/1.5/fd7270d4-105a-4058-aece-2d2bb0668da2,large intestine,UBERON:0000059,spatial,https://purl.org/ccf/ASCTB-TEMP_cd7-immune,CD7+ Immune,32.558474,0.001913411833393811
https://gtexportal.org/home/tissue/Colon_Transverse#MDonors_TissueBlock1,http://purl.org/ccf/1.5/fd7270d4-105a-4058-aece-2d2bb0668da2,large intestine,UBERON:0000059,spatial,https://purl.org/ccf/ASCTB-TEMP_nk,NK,31.457634,0.001848717146453839
https://gtexportal.org/home/tissue/Colon_Transverse#MDonors_TissueBlock1,http://purl.org/ccf/1.5/fd7270d4-105a-4058-aece-2d2bb0668da2,large intestine,UBERON:0000059,spatial,https://purl.org/ccf/ASCTB-TEMP_cd57-enterocyte,CD57+ Enterocyte,5.174702,3.04109340047283E-4
https://gtexportal.org/home/tissue/Colon_Transverse#MDonors_TissueBlock1,http://purl.org/ccf/1.5/fd7270d4-105a-4058-aece-2d2bb0668da2,large intestine,UBERON:0000059,spatial,https://purl.org/ccf/ASCTB-TEMP_paneth,Paneth,0.5202600000000001,3.057488629354878E-5
https://gtexportal.org/home/tissue/Heart_Atrial_Appendage#FDonors_TissueBlock1,http://purl.org/ccf/1.5/cc1251a4-d367-4bb1-b2d9-05ae33209f0d,heart,UBERON:0000948,sc_bulk,https://purl.org/ccf/ASCTB-TEMP_fibroblast,Fibroblast,247437.4122999999,0.3330088912100683
https://gtexportal.org/home/tissue/Heart_Atrial_Appendage#FDonors_TissueBlock1,http://purl.org/ccf/1.5/cc1251a4-d367-4bb1-b2d9-05ae33209f0d,heart,UBERON:0000948,sc_bulk,https://purl.org/ccf/ASCTB-TEMP_ventricular-cardiomycoyte,Ventricular Cardiomycoyte,194957.896328,0.2623803421049386
https://gtexportal.org/home/tissue/Heart_Atrial_Appendage#FDonors_TissueBlock1,http://purl.org/ccf/1.5/cc1251a4-d367-4bb1-b2d9-05ae33209f0d,heart,UBERON:0000948,sc_bulk,http://purl.obolibrary.org/obo/CL_0002131,regular ventricular cardiac myocyte,70552.64528,0.09495192322874961
https://gtexportal.org/home/tissue/Heart_Atrial_Appendage#FDonors_TissueBlock1,http://purl.org/ccf/1.5/cc1251a4-d367-4bb1-b2d9-05ae33209f0d,heart,UBERON:0000948,sc_bulk,http://purl.obolibrary.org/obo/CL_0000669,pericyte,37497.18362,0.05046486472974054
https://gtexportal.org/home/tissue/Heart_Atrial_Appendage#FDonors_TissueBlock1,http://purl.org/ccf/1.5/cc1251a4-d367-4bb1-b2d9-05ae33209f0d,heart,UBERON:0000948,sc_bulk,http://purl.obolibrary.org/obo/CL_0002144,capillary endothelial cell,30125.164316,0.04054337407242712
https://gtexportal.org/home/tissue/Heart_Atrial_Appendage#FDonors_TissueBlock1,http://purl.org/ccf/1.5/cc1251a4-d367-4bb1-b2d9-05ae33209f0d,heart,UBERON:0000948,sc_bulk,https://purl.org/ccf/ASCTB-TEMP_b,B,29555.13376399999,0.03977620939707384
https://gtexportal.org/home/tissue/Heart_Atrial_Appendage#FDonors_TissueBlock1,http://purl.org/ccf/1.5/cc1251a4-d367-4bb1-b2d9-05ae33209f0d,heart,UBERON:0000948,sc_bulk,http://purl.obolibrary.org/obo/CL_0000057,fibroblast,21859.985108,0.0294198413045871
https://gtexportal.org/home/tissue/Heart_Atrial_Appendage#FDonors_TissueBlock1,http://purl.org/ccf/1.5/cc1251a4-d367-4bb1-b2d9-05ae33209f0d,heart,UBERON:0000948,sc_bulk,http://purl.obolibrary.org/obo/CL_0000003,native cell,15790.732724,0.02125165449692905
https://gtexportal.org/home/tissue/Heart_Atrial_Appendage#FDonors_TissueBlock1,http://purl.org/ccf/1.5/cc1251a4-d367-4bb1-b2d9-05ae33209f0d,heart,UBERON:0000948,sc_bulk,http://purl.obolibrary.org/obo/CL_1000413,endothelial cell of artery,10682.511892,0.01437685355430501
https://gtexportal.org/home/tissue/Heart_Atrial_Appendage#FDonors_TissueBlock1,http://purl.org/ccf/1.5/cc1251a4-d367-4bb1-b2d9-05ae33209f0d,heart,UBERON:0000948,sc_bulk,https://purl.org/ccf/ASCTB-TEMP_pericyte,Pericyte,9117.251155999998,0.01227027744156244
https://gtexportal.org/home/tissue/Heart_Atrial_Appendage#FDonors_TissueBlock1,http://purl.org/ccf/1.5/cc1251a4-d367-4bb1-b2d9-05ae33209f0d,heart,UBERON:0000948,sc_bulk,https://purl.org/ccf/ASCTB-TEMP_monocyte-cdc,Monocyte/cDC,8416.227612,0.01132681836263967
https://gtexportal.org/home/tissue/Heart_Atrial_Appendage#FDonors_TissueBlock1,http://purl.org/ccf/1.5/cc1251a4-d367-4bb1-b2d9-05ae33209f0d,heart,UBERON:0000948,sc_bulk,https://purl.org/ccf/ASCTB-TEMP_capillary-endothelial,Capillary Endothelial,8338.583655999999,0.01122232273501252
https://gtexportal.org/home/tissue/Heart_Atrial_Appendage#FDonors_TissueBlock1,http://purl.org/ccf/1.5/cc1251a4-d367-4bb1-b2d9-05ae33209f0d,heart,UBERON:0000948,sc_bulk,https://purl.org/ccf/ASCTB-TEMP_macrophage,Macrophage,7438.310151999998,0.01001070692248795
https://gtexportal.org/home/tissue/Heart_Atrial_Appendage#FDonors_TissueBlock1,http://purl.org/ccf/1.5/cc1251a4-d367-4bb1-b2d9-05ae33209f0d,heart,UBERON:0000948,sc_bulk,http://purl.obolibrary.org/obo/CL_0000192,smooth muscle cell,6924.529404000003,0.00931924496600289
https://gtexportal.org/home/tissue/Heart_Atrial_Appendage#FDonors_TissueBlock1,http://purl.org/ccf/1.5/cc1251a4-d367-4bb1-b2d9-05ae33209f0d,heart,UBERON:0000948,sc_bulk,http://purl.obolibrary.org/obo/CL_0000235,macrophage,5869.186335999999,0.007898931757688138
https://gtexportal.org/home/tissue/Heart_Atrial_Appendage#FDonors_TissueBlock1,http://purl.org/ccf/1.5/cc1251a4-d367-4bb1-b2d9-05ae33209f0d,heart,UBERON:0000948,sc_bulk,http://purl.obolibrary.org/obo/CL_0000115,endothelial cell,3833.89448,0.005159773285428921
https://gtexportal.org/home/tissue/Heart_Atrial_Appendage#FDonors_TissueBlock1,http://purl.org/ccf/1.5/cc1251a4-d367-4bb1-b2d9-05ae33209f0d,heart,UBERON:0000948,sc_bulk,http://purl.obolibrary.org/obo/CL_0002543,vein endothelial cell,3098.084444,0.004169497474055184
https://gtexportal.org/home/tissue/Heart_Atrial_Appendage#FDonors_TissueBlock1,http://purl.org/ccf/1.5/cc1251a4-d367-4bb1-b2d9-05ae33209f0d,heart,UBERON:0000948,sc_bulk,https://purl.org/ccf/ASCTB-TEMP_mesothelial,Mesothelial,3070.15072,0.004131903407862276
https://gtexportal.org/home/tissue/Heart_Atrial_Appendage#FDonors_TissueBlock1,http://purl.org/ccf/1.5/cc1251a4-d367-4bb1-b2d9-05ae33209f0d,heart,UBERON:0000948,sc_bulk,https://purl.org/ccf/ASCTB-TEMP_arterial-endothelial,Arterial Endothelial,2932.343492,0.003946438195587209
https://gtexportal.org/home/tissue/Heart_Atrial_Appendage#FDonors_TissueBlock1,http://purl.org/ccf/1.5/cc1251a4-d367-4bb1-b2d9-05ae33209f0d,heart,UBERON:0000948,sc_bulk,https://purl.org/ccf/ASCTB-TEMP_venous-endothelial,Venous Endothelial,2740.097464,0.003687707569410918
https://gtexportal.org/home/tissue/Heart_Atrial_Appendage#FDonors_TissueBlock1,http://purl.org/ccf/1.5/cc1251a4-d367-4bb1-b2d9-05ae33209f0d,heart,UBERON:0000948,sc_bulk,https://purl.org/ccf/ASCTB-TEMP_smooth-muscle,Smooth Muscle,2662.566140000001,0.00358336352539875
https://gtexportal.org/home/tissue/Heart_Atrial_Appendage#FDonors_TissueBlock1,http://purl.org/ccf/1.5/cc1251a4-d367-4bb1-b2d9-05ae33209f0d,heart,UBERON:0000948,sc_bulk,https://purl.org/ccf/ASCTB-TEMP_endocardial,Endocardial,1988.815348,0.00267660895619157
https://gtexportal.org/home/tissue/Heart_Atrial_Appendage#FDonors_TissueBlock1,http://purl.org/ccf/1.5/cc1251a4-d367-4bb1-b2d9-05ae33209f0d,heart,UBERON:0000948,sc_bulk,https://purl.org/ccf/ASCTB-TEMP_nk,NK,1984.222136,0.002670427269998707
https://gtexportal.org/home/tissue/Heart_Atrial_Appendage#FDonors_TissueBlock1,http://purl.org/ccf/1.5/cc1251a4-d367-4bb1-b2d9-05ae33209f0d,heart,UBERON:0000948,sc_bulk,http://purl.obolibrary.org/obo/CL_0000623,natural killer cell,1493.526996,0.002010034635858759
https://gtexportal.org/home/tissue/Heart_Atrial_Appendage#FDonors_TissueBlock1,http://purl.org/ccf/1.5/cc1251a4-d367-4bb1-b2d9-05ae33209f0d,heart,UBERON:0000948,sc_bulk,http://purl.obolibrary.org/obo/CL_0000934,"CD4-positive, alpha-beta cytotoxic T cell",1391.491296,0.001872711847825209
https://gtexportal.org/home/tissue/Heart_Atrial_Appendage#FDonors_TissueBlock1,http://purl.org/ccf/1.5/cc1251a4-d367-4bb1-b2d9-05ae33209f0d,heart,UBERON:0000948,sc_bulk,http://purl.obolibrary.org/obo/CL_0002319,neural cell,1231.37404,0.00165722111265897
https://gtexportal.org/home/tissue/Heart_Atrial_Appendage#FDonors_TissueBlock1,http://purl.org/ccf/1.5/cc1251a4-d367-4bb1-b2d9-05ae33209f0d,heart,UBERON:0000948,sc_bulk,http://purl.obolibrary.org/obo/CL_0002397,"CD14-positive, CD16-positive monocyte",1121.308864,0.001509092008495198
https://gtexportal.org/home/tissue/Heart_Atrial_Appendage#FDonors_TissueBlock1,http://purl.org/ccf/1.5/cc1251a4-d367-4bb1-b2d9-05ae33209f0d,heart,UBERON:0000948,sc_bulk,https://purl.org/ccf/ASCTB-TEMP_t,T,1120.79708,0.001508403233823676
https://gtexportal.org/home/tissue/Heart_Atrial_Appendage#FDonors_TissueBlock1,http://purl.org/ccf/1.5/cc1251a4-d367-4bb1-b2d9-05ae33209f0d,heart,UBERON:0000948,sc_bulk,http://purl.obolibrary.org/obo/CL_1000309,epicardial adipocyte,961.67474,0.001294251487256322
https://gtexportal.org/home/tissue/Heart_Atrial_Appendage#FDonors_TissueBlock1,http://purl.org/ccf/1.5/cc1251a4-d367-4bb1-b2d9-05ae33209f0d,heart,UBERON:0000948,sc_bulk,http://purl.obolibrary.org/obo/CL_0000794,"CD8-positive, alpha-beta cytotoxic T cell",909.001496,0.001223362213003767
https://gtexportal.org/home/tissue/Heart_Atrial_Appendage#FDonors_TissueBlock1,http://purl.org/ccf/1.5/cc1251a4-d367-4bb1-b2d9-05ae33209f0d,heart,UBERON:0000948,sc_bulk,http://purl.obolibrary.org/obo/CL_0000906,"activated CD8-positive, alpha-beta T cell",905.1097639999999,0.001218124600202371
https://gtexportal.org/home/tissue/Heart_Atrial_Appendage#FDonors_TissueBlock1,http://purl.org/ccf/1.5/cc1251a4-d367-4bb1-b2d9-05ae33209f0d,heart,UBERON:0000948,sc_bulk,https://purl.org/ccf/ASCTB-TEMP_adipocyte,Adipocyte,799.635824,0.001076174522869795
https://gtexportal.org/home/tissue/Heart_Atrial_Appendage#FDonors_TissueBlock1,http://purl.org/ccf/1.5/cc1251a4-d367-4bb1-b2d9-05ae33209f0d,heart,UBERON:0000948,sc_bulk,http://purl.obolibrary.org/obo/CL_0000097,mast cell,796.9040040000002,0.001072497955366404
https://gtexportal.org/home/tissue/Heart_Atrial_Appendage#FDonors_TissueBlock1,http://purl.org/ccf/1.5/cc1251a4-d367-4bb1-b2d9-05ae33209f0d,heart,UBERON:0000948,sc_bulk,https://purl.org/ccf/ASCTB-TEMP_neuronal,Neuronal,643.673108,8.662750956065449E-4
https://gtexportal.org/home/tissue/Heart_Atrial_Appendage#FDonors_TissueBlock1,http://purl.org/ccf/1.5/cc1251a4-d367-4bb1-b2d9-05ae33209f0d,heart,UBERON:0000948,sc_bulk,https://purl.org/ccf/ASCTB-TEMP_lymphatic-endothelial,Lymphatic Endothelial,634.2466000000001,8.535886107783863E-4
https://gtexportal.org/home/tissue/Heart_Atrial_Appendage#FDonors_TissueBlock1,http://purl.org/ccf/1.5/cc1251a4-d367-4bb1-b2d9-05ae33209f0d,heart,UBERON:0000948,sc_bulk,http://purl.obolibrary.org/obo/CL_0000814,mature NK T cell,626.42658,8.430641869847714E-4
https://gtexportal.org/home/tissue/Heart_Atrial_Appendage#FDonors_TissueBlock1,http://purl.org/ccf/1.5/cc1251a4-d367-4bb1-b2d9-05ae33209f0d,heart,UBERON:0000948,sc_bulk,http://purl.obolibrary.org/obo/CL_0001054,CD14-positive monocyte,607.406592,8.174665012676679E-4
https://gtexportal.org/home/tissue/Heart_Atrial_Appendage#FDonors_TissueBlock1,http://purl.org/ccf/1.5/cc1251a4-d367-4bb1-b2d9-05ae33209f0d,heart,UBERON:0000948,sc_bulk,https://purl.org/ccf/ASCTB-TEMP_mast,Mast,604.8190199999999,8.139840671659019E-4
https://gtexportal.org/home/tissue/Heart_Atrial_Appendage#FDonors_TissueBlock1,http://purl.org/ccf/1.5/cc1251a4-d367-4bb1-b2d9-05ae33209f0d,heart,UBERON:0000948,sc_bulk,http://purl.obolibrary.org/obo/CL_0000576,monocyte,586.814696,7.897532933451768E-4
https://gtexportal.org/home/tissue/Heart_Atrial_Appendage#FDonors_TissueBlock1,http://purl.org/ccf/1.5/cc1251a4-d367-4bb1-b2d9-05ae33209f0d,heart,UBERON:0000948,sc_bulk,http://purl.obolibrary.org/obo/CL_0000896,"activated CD4-positive, alpha-beta T cell",459.3310800000002,6.181819160946797E-4
https://gtexportal.org/home/tissue/Heart_Atrial_Appendage#FDonors_TissueBlock1,http://purl.org/ccf/1.5/cc1251a4-d367-4bb1-b2d9-05ae33209f0d,heart,UBERON:0000948,sc_bulk,http://purl.obolibrary.org/obo/CL_0002138,endothelial cell of lymphatic vessel,368.78582,4.963233161495355E-4
https://gtexportal.org/home/tissue/Heart_Atrial_Appendage#FDonors_TissueBlock1,http://purl.org/ccf/1.5/cc1251a4-d367-4bb1-b2d9-05ae33209f0d,heart,UBERON:0000948,sc_bulk,http://purl.obolibrary.org/obo/CL_0000236,B cell,317.707208,4.275801467615275E-4
https://gtexportal.org/home/tissue/Heart_Atrial_Appendage#FDonors_TissueBlock1,http://purl.org/ccf/1.5/cc1251a4-d367-4bb1-b2d9-05ae33209f0d,heart,UBERON:0000948,sc_bulk,http://purl.obolibrary.org/obo/CL_0000451,dendritic cell,303.77542,4.088303173346468E-4
https://gtexportal.org/home/tissue/Heart_Atrial_Appendage#FDonors_TissueBlock1,http://purl.org/ccf/1.5/cc1251a4-d367-4bb1-b2d9-05ae33209f0d,heart,UBERON:0000948,sc_bulk,https://purl.org/ccf/ASCTB-TEMP_atrial-cardiomyocyte,Atrial Cardiomyocyte,205.3064,2.763076771084176E-4
https://gtexportal.org/home/tissue/Heart_Atrial_Appendage#FDonors_TissueBlock1,http://purl.org/ccf/1.5/cc1251a4-d367-4bb1-b2d9-05ae33209f0d,heart,UBERON:0000948,sc_bulk,https://purl.org/ccf/ASCTB-TEMP_endothelial,Endothelial,39.69784,5.342657587207034E-5
https://gtexportal.org/home/tissue/Heart_Atrial_Appendage#FDonors_TissueBlock1,http://purl.org/ccf/1.5/cc1251a4-d367-4bb1-b2d9-05ae33209f0d,heart,UBERON:0000948,sc_bulk,http://purl.obolibrary.org/obo/CL_0000077,mesothelial cell,33.71055999999999,4.536871002376903E-5
https://gtexportal.org/home/tissue/Heart_Atrial_Appendage#MDonors_TissueBlock1,http://purl.org/ccf/1.5/676e549a-6234-48ee-b7cb-82258c17054b,heart,UBERON:0000948,sc_bulk,https://purl.org/ccf/ASCTB-TEMP_fibroblast,Fibroblast,250442.7249999999,0.3330088912100684
https://gtexportal.org/home/tissue/Heart_Atrial_Appendage#MDonors_TissueBlock1,http://purl.org/ccf/1.5/676e549a-6234-48ee-b7cb-82258c17054b,heart,UBERON:0000948,sc_bulk,https://purl.org/ccf/ASCTB-TEMP_ventricular-cardiomycoyte,Ventricular Cardiomycoyte,197325.806,0.2623803421049387
https://gtexportal.org/home/tissue/Heart_Atrial_Appendage#MDonors_TissueBlock1,http://purl.org/ccf/1.5/676e549a-6234-48ee-b7cb-82258c17054b,heart,UBERON:0000948,sc_bulk,http://purl.obolibrary.org/obo/CL_0002131,regular ventricular cardiac myocyte,71409.56,0.09495192322874962
https://gtexportal.org/home/tissue/Heart_Atrial_Appendage#MDonors_TissueBlock1,http://purl.org/ccf/1.5/676e549a-6234-48ee-b7cb-82258c17054b,heart,UBERON:0000948,sc_bulk,http://purl.obolibrary.org/obo/CL_0000669,pericyte,37952.61500000001,0.05046486472974055
https://gtexportal.org/home/tissue/Heart_Atrial_Appendage#MDonors_TissueBlock1,http://purl.org/ccf/1.5/676e549a-6234-48ee-b7cb-82258c17054b,heart,UBERON:0000948,sc_bulk,http://purl.obolibrary.org/obo/CL_0002144,capillary endothelial cell,30491.057,0.04054337407242712
https://gtexportal.org/home/tissue/Heart_Atrial_Appendage#MDonors_TissueBlock1,http://purl.org/ccf/1.5/676e549a-6234-48ee-b7cb-82258c17054b,heart,UBERON:0000948,sc_bulk,https://purl.org/ccf/ASCTB-TEMP_b,B,29914.103,0.03977620939707384
https://gtexportal.org/home/tissue/Heart_Atrial_Appendage#MDonors_TissueBlock1,http://purl.org/ccf/1.5/676e549a-6234-48ee-b7cb-82258c17054b,heart,UBERON:0000948,sc_bulk,http://purl.obolibrary.org/obo/CL_0000057,fibroblast,22125.491,0.0294198413045871
https://gtexportal.org/home/tissue/Heart_Atrial_Appendage#MDonors_TissueBlock1,http://purl.org/ccf/1.5/676e549a-6234-48ee-b7cb-82258c17054b,heart,UBERON:0000948,sc_bulk,http://purl.obolibrary.org/obo/CL_0000003,native cell,15982.523,0.02125165449692905
https://gtexportal.org/home/tissue/Heart_Atrial_Appendage#MDonors_TissueBlock1,http://purl.org/ccf/1.5/676e549a-6234-48ee-b7cb-82258c17054b,heart,UBERON:0000948,sc_bulk,http://purl.obolibrary.org/obo/CL_1000413,endothelial cell of artery,10812.259,0.01437685355430501
https://gtexportal.org/home/tissue/Heart_Atrial_Appendage#MDonors_TissueBlock1,http://purl.org/ccf/1.5/676e549a-6234-48ee-b7cb-82258c17054b,heart,UBERON:0000948,sc_bulk,https://purl.org/ccf/ASCTB-TEMP_pericyte,Pericyte,9227.987,0.01227027744156244
https://gtexportal.org/home/tissue/Heart_Atrial_Appendage#MDonors_TissueBlock1,http://purl.org/ccf/1.5/676e549a-6234-48ee-b7cb-82258c17054b,heart,UBERON:0000948,sc_bulk,https://purl.org/ccf/ASCTB-TEMP_monocyte-cdc,Monocyte/cDC,8518.449,0.01132681836263967
https://gtexportal.org/home/tissue/Heart_Atrial_Appendage#MDonors_TissueBlock1,http://purl.org/ccf/1.5/676e549a-6234-48ee-b7cb-82258c17054b,heart,UBERON:0000948,sc_bulk,https://purl.org/ccf/ASCTB-TEMP_capillary-endothelial,Capillary Endothelial,8439.862,0.01122232273501253
https://gtexportal.org/home/tissue/Heart_Atrial_Appendage#MDonors_TissueBlock1,http://purl.org/ccf/1.5/676e549a-6234-48ee-b7cb-82258c17054b,heart,UBERON:0000948,sc_bulk,https://purl.org/ccf/ASCTB-TEMP_macrophage,Macrophage,7528.653999999999,0.01001070692248795
https://gtexportal.org/home/tissue/Heart_Atrial_Appendage#MDonors_TissueBlock1,http://purl.org/ccf/1.5/676e549a-6234-48ee-b7cb-82258c17054b,heart,UBERON:0000948,sc_bulk,http://purl.obolibrary.org/obo/CL_0000192,smooth muscle cell,7008.633000000003,0.009319244966002891
https://gtexportal.org/home/tissue/Heart_Atrial_Appendage#MDonors_TissueBlock1,http://purl.org/ccf/1.5/676e549a-6234-48ee-b7cb-82258c17054b,heart,UBERON:0000948,sc_bulk,http://purl.obolibrary.org/obo/CL_0000235,macrophage,5940.471999999999,0.00789893175768814
https://gtexportal.org/home/tissue/Heart_Atrial_Appendage#MDonors_TissueBlock1,http://purl.org/ccf/1.5/676e549a-6234-48ee-b7cb-82258c17054b,heart,UBERON:0000948,sc_bulk,http://purl.obolibrary.org/obo/CL_0000115,endothelial cell,3880.46,0.005159773285428922
https://gtexportal.org/home/tissue/Heart_Atrial_Appendage#MDonors_TissueBlock1,http://purl.org/ccf/1.5/676e549a-6234-48ee-b7cb-82258c17054b,heart,UBERON:0000948,sc_bulk,http://purl.obolibrary.org/obo/CL_0002543,vein endothelial cell,3135.713,0.004169497474055185
https://gtexportal.org/home/tissue/Heart_Atrial_Appendage#MDonors_TissueBlock1,http://purl.org/ccf/1.5/676e549a-6234-48ee-b7cb-82258c17054b,heart,UBERON:0000948,sc_bulk,https://purl.org/ccf/ASCTB-TEMP_mesothelial,Mesothelial,3107.44,0.004131903407862277
https://gtexportal.org/home/tissue/Heart_Atrial_Appendage#MDonors_TissueBlock1,http://purl.org/ccf/1.5/676e549a-6234-48ee-b7cb-82258c17054b,heart,UBERON:0000948,sc_bulk,https://purl.org/ccf/ASCTB-TEMP_arterial-endothelial,Arterial Endothelial,2967.959,0.003946438195587209
https://gtexportal.org/home/tissue/Heart_Atrial_Appendage#MDonors_TissueBlock1,http://purl.org/ccf/1.5/676e549a-6234-48ee-b7cb-82258c17054b,heart,UBERON:0000948,sc_bulk,https://purl.org/ccf/ASCTB-TEMP_venous-endothelial,Venous Endothelial,2773.378,0.003687707569410919
https://gtexportal.org/home/tissue/Heart_Atrial_Appendage#MDonors_TissueBlock1,http://purl.org/ccf/1.5/676e549a-6234-48ee-b7cb-82258c17054b,heart,UBERON:0000948,sc_bulk,https://purl.org/ccf/ASCTB-TEMP_smooth-muscle,Smooth Muscle,2694.905000000001,0.00358336352539875
https://gtexportal.org/home/tissue/Heart_Atrial_Appendage#MDonors_TissueBlock1,http://purl.org/ccf/1.5/676e549a-6234-48ee-b7cb-82258c17054b,heart,UBERON:0000948,sc_bulk,https://purl.org/ccf/ASCTB-TEMP_endocardial,Endocardial,2012.971,0.002676608956191571
https://gtexportal.org/home/tissue/Heart_Atrial_Appendage#MDonors_TissueBlock1,http://purl.org/ccf/1.5/676e549a-6234-48ee-b7cb-82258c17054b,heart,UBERON:0000948,sc_bulk,https://purl.org/ccf/ASCTB-TEMP_nk,NK,2008.322,0.002670427269998707
https://gtexportal.org/home/tissue/Heart_Atrial_Appendage#MDonors_TissueBlock1,http://purl.org/ccf/1.5/676e549a-6234-48ee-b7cb-82258c17054b,heart,UBERON:0000948,sc_bulk,http://purl.obolibrary.org/obo/CL_0000623,natural killer cell,1511.667,0.00201003463585876
https://gtexportal.org/home/tissue/Heart_Atrial_Appendage#MDonors_TissueBlock1,http://purl.org/ccf/1.5/676e549a-6234-48ee-b7cb-82258c17054b,heart,UBERON:0000948,sc_bulk,http://purl.obolibrary.org/obo/CL_0000934,"CD4-positive, alpha-beta cytotoxic T cell",1408.392,0.001872711847825209
https://gtexportal.org/home/tissue/Heart_Atrial_Appendage#MDonors_TissueBlock1,http://purl.org/ccf/1.5/676e549a-6234-48ee-b7cb-82258c17054b,heart,UBERON:0000948,sc_bulk,http://purl.obolibrary.org/obo/CL_0002319,neural cell,1246.33,0.00165722111265897
https://gtexportal.org/home/tissue/Heart_Atrial_Appendage#MDonors_TissueBlock1,http://purl.org/ccf/1.5/676e549a-6234-48ee-b7cb-82258c17054b,heart,UBERON:0000948,sc_bulk,http://purl.obolibrary.org/obo/CL_0002397,"CD14-positive, CD16-positive monocyte",1134.928,0.001509092008495198
https://gtexportal.org/home/tissue/Heart_Atrial_Appendage#MDonors_TissueBlock1,http://purl.org/ccf/1.5/676e549a-6234-48ee-b7cb-82258c17054b,heart,UBERON:0000948,sc_bulk,https://purl.org/ccf/ASCTB-TEMP_t,T,1134.41,0.001508403233823677
https://gtexportal.org/home/tissue/Heart_Atrial_Appendage#MDonors_TissueBlock1,http://purl.org/ccf/1.5/676e549a-6234-48ee-b7cb-82258c17054b,heart,UBERON:0000948,sc_bulk,http://purl.obolibrary.org/obo/CL_1000309,epicardial adipocyte,973.355,0.001294251487256322
https://gtexportal.org/home/tissue/Heart_Atrial_Appendage#MDonors_TissueBlock1,http://purl.org/ccf/1.5/676e549a-6234-48ee-b7cb-82258c17054b,heart,UBERON:0000948,sc_bulk,http://purl.obolibrary.org/obo/CL_0000794,"CD8-positive, alpha-beta cytotoxic T cell",920.042,0.001223362213003767
https://gtexportal.org/home/tissue/Heart_Atrial_Appendage#MDonors_TissueBlock1,http://purl.org/ccf/1.5/676e549a-6234-48ee-b7cb-82258c17054b,heart,UBERON:0000948,sc_bulk,http://purl.obolibrary.org/obo/CL_0000906,"activated CD8-positive, alpha-beta T cell",916.103,0.001218124600202371
https://gtexportal.org/home/tissue/Heart_Atrial_Appendage#MDonors_TissueBlock1,http://purl.org/ccf/1.5/676e549a-6234-48ee-b7cb-82258c17054b,heart,UBERON:0000948,sc_bulk,https://purl.org/ccf/ASCTB-TEMP_adipocyte,Adipocyte,809.348,0.001076174522869796
https://gtexportal.org/home/tissue/Heart_Atrial_Appendage#MDonors_TissueBlock1,http://purl.org/ccf/1.5/676e549a-6234-48ee-b7cb-82258c17054b,heart,UBERON:0000948,sc_bulk,http://purl.obolibrary.org/obo/CL_0000097,mast cell,806.5830000000002,0.001072497955366404
https://gtexportal.org/home/tissue/Heart_Atrial_Appendage#MDonors_TissueBlock1,http://purl.org/ccf/1.5/676e549a-6234-48ee-b7cb-82258c17054b,heart,UBERON:0000948,sc_bulk,https://purl.org/ccf/ASCTB-TEMP_neuronal,Neuronal,651.491,8.662750956065452E-4
https://gtexportal.org/home/tissue/Heart_Atrial_Appendage#MDonors_TissueBlock1,http://purl.org/ccf/1.5/676e549a-6234-48ee-b7cb-82258c17054b,heart,UBERON:0000948,sc_bulk,https://purl.org/ccf/ASCTB-TEMP_lymphatic-endothelial,Lymphatic Endothelial,641.95,8.535886107783864E-4
https://gtexportal.org/home/tissue/Heart_Atrial_Appendage#MDonors_TissueBlock1,http://purl.org/ccf/1.5/676e549a-6234-48ee-b7cb-82258c17054b,heart,UBERON:0000948,sc_bulk,http://purl.obolibrary.org/obo/CL_0000814,mature NK T cell,634.035,8.430641869847716E-4
https://gtexportal.org/home/tissue/Heart_Atrial_Appendage#MDonors_TissueBlock1,http://purl.org/ccf/1.5/676e549a-6234-48ee-b7cb-82258c17054b,heart,UBERON:0000948,sc_bulk,http://purl.obolibrary.org/obo/CL_0001054,CD14-positive monocyte,614.7840000000001,8.174665012676681E-4
https://gtexportal.org/home/tissue/Heart_Atrial_Appendage#MDonors_TissueBlock1,http://purl.org/ccf/1.5/676e549a-6234-48ee-b7cb-82258c17054b,heart,UBERON:0000948,sc_bulk,https://purl.org/ccf/ASCTB-TEMP_mast,Mast,612.165,8.13984067165902E-4
https://gtexportal.org/home/tissue/Heart_Atrial_Appendage#MDonors_TissueBlock1,http://purl.org/ccf/1.5/676e549a-6234-48ee-b7cb-82258c17054b,heart,UBERON:0000948,sc_bulk,http://purl.obolibrary.org/obo/CL_0000576,monocyte,593.942,7.897532933451768E-4
https://gtexportal.org/home/tissue/Heart_Atrial_Appendage#MDonors_TissueBlock1,http://purl.org/ccf/1.5/676e549a-6234-48ee-b7cb-82258c17054b,heart,UBERON:0000948,sc_bulk,http://purl.obolibrary.org/obo/CL_0000896,"activated CD4-positive, alpha-beta T cell",464.9100000000001,6.181819160946798E-4
https://gtexportal.org/home/tissue/Heart_Atrial_Appendage#MDonors_TissueBlock1,http://purl.org/ccf/1.5/676e549a-6234-48ee-b7cb-82258c17054b,heart,UBERON:0000948,sc_bulk,http://purl.obolibrary.org/obo/CL_0002138,endothelial cell of lymphatic vessel,373.265,4.963233161495355E-4
https://gtexportal.org/home/tissue/Heart_Atrial_Appendage#MDonors_TissueBlock1,http://purl.org/ccf/1.5/676e549a-6234-48ee-b7cb-82258c17054b,heart,UBERON:0000948,sc_bulk,http://purl.obolibrary.org/obo/CL_0000236,B cell,321.566,4.275801467615275E-4
https://gtexportal.org/home/tissue/Heart_Atrial_Appendage#MDonors_TissueBlock1,http://purl.org/ccf/1.5/676e549a-6234-48ee-b7cb-82258c17054b,heart,UBERON:0000948,sc_bulk,http://purl.obolibrary.org/obo/CL_0000451,dendritic cell,307.465,4.088303173346468E-4
https://gtexportal.org/home/tissue/Heart_Atrial_Appendage#MDonors_TissueBlock1,http://purl.org/ccf/1.5/676e549a-6234-48ee-b7cb-82258c17054b,heart,UBERON:0000948,sc_bulk,https://purl.org/ccf/ASCTB-TEMP_atrial-cardiomyocyte,Atrial Cardiomyocyte,207.8,2.763076771084176E-4
https://gtexportal.org/home/tissue/Heart_Atrial_Appendage#MDonors_TissueBlock1,http://purl.org/ccf/1.5/676e549a-6234-48ee-b7cb-82258c17054b,heart,UBERON:0000948,sc_bulk,https://purl.org/ccf/ASCTB-TEMP_endothelial,Endothelial,40.18,5.342657587207035E-5
https://gtexportal.org/home/tissue/Heart_Atrial_Appendage#MDonors_TissueBlock1,http://purl.org/ccf/1.5/676e549a-6234-48ee-b7cb-82258c17054b,heart,UBERON:0000948,sc_bulk,http://purl.obolibrary.org/obo/CL_0000077,mesothelial cell,34.12,4.536871002376904E-5
https://gtexportal.org/home/tissue/Kidney_Cortex#FDonors_TissueBlock1,http://purl.org/ccf/1.5/c80e8f79-2b12-470d-be3c-f195a3686943,left kidney,UBERON:0004538,sc_bulk,https://purl.org/ccf/ASCTB-TEMP_descending-thin-limb-type-1,Descending Thin Limb Type 1,0.589282,0.2071914834069465
https://gtexportal.org/home/tissue/Kidney_Cortex#FDonors_TissueBlock1,http://purl.org/ccf/1.5/c80e8f79-2b12-470d-be3c-f195a3686943,left kidney,UBERON:0004538,sc_bulk,https://purl.org/ccf/ASCTB-TEMP_connecting-tubule,Connecting Tubule,0.460384,0.1618709614358214
https://gtexportal.org/home/tissue/Kidney_Cortex#FDonors_TissueBlock1,http://purl.org/ccf/1.5/c80e8f79-2b12-470d-be3c-f195a3686943,left kidney,UBERON:0004538,sc_bulk,https://purl.org/ccf/ASCTB-TEMP_inner-medullary-collecting-duct,Inner Medullary Collecting Duct,0.435978,0.1532898146435726
https://gtexportal.org/home/tissue/Kidney_Cortex#FDonors_TissueBlock1,http://purl.org/ccf/1.5/c80e8f79-2b12-470d-be3c-f195a3686943,left kidney,UBERON:0004538,sc_bulk,https://purl.org/ccf/ASCTB-TEMP_medullary-fibroblast,Medullary Fibroblast,0.306972,0.1079313198848721
https://gtexportal.org/home/tissue/Kidney_Cortex#FDonors_TissueBlock1,http://purl.org/ccf/1.5/c80e8f79-2b12-470d-be3c-f195a3686943,left kidney,UBERON:0004538,sc_bulk,https://purl.org/ccf/ASCTB-TEMP_ascending-thin-limb,Ascending Thin Limb,0.152372,0.05357397767059448
https://gtexportal.org/home/tissue/Kidney_Cortex#FDonors_TissueBlock1,http://purl.org/ccf/1.5/c80e8f79-2b12-470d-be3c-f195a3686943,left kidney,UBERON:0004538,sc_bulk,https://purl.org/ccf/ASCTB-TEMP_cortical-collecting-duct-principal,Cortical Collecting Duct Principal,0.145728,0.05123794803494338
https://gtexportal.org/home/tissue/Kidney_Cortex#FDonors_TissueBlock1,http://purl.org/ccf/1.5/c80e8f79-2b12-470d-be3c-f195a3686943,left kidney,UBERON:0004538,sc_bulk,https://purl.org/ccf/ASCTB-TEMP_descending-thin-limb-type-3,Descending Thin Limb Type 3,0.097084,0.03413472323111855
https://gtexportal.org/home/tissue/Kidney_Cortex#FDonors_TissueBlock1,http://purl.org/ccf/1.5/c80e8f79-2b12-470d-be3c-f195a3686943,left kidney,UBERON:0004538,sc_bulk,https://purl.org/ccf/ASCTB-TEMP_ascending-vasa-recta-endothelial,Ascending Vasa Recta Endothelial,0.08709399999999999,0.03062224038040293
https://gtexportal.org/home/tissue/Kidney_Cortex#FDonors_TissueBlock1,http://purl.org/ccf/1.5/c80e8f79-2b12-470d-be3c-f195a3686943,left kidney,UBERON:0004538,sc_bulk,https://purl.org/ccf/ASCTB-TEMP_proximal-tubule-epithelial-segment-1,Proximal Tubule Epithelial Segment 1,0.07132,0.02507610379509883
https://gtexportal.org/home/tissue/Kidney_Cortex#FDonors_TissueBlock1,http://purl.org/ccf/1.5/c80e8f79-2b12-470d-be3c-f195a3686943,left kidney,UBERON:0004538,sc_bulk,https://purl.org/ccf/ASCTB-TEMP_distal-convoluted-tubule-type-1,Distal Convoluted Tubule Type 1,0.070046,0.02462816554166422
https://gtexportal.org/home/tissue/Kidney_Cortex#FDonors_TissueBlock1,http://purl.org/ccf/1.5/c80e8f79-2b12-470d-be3c-f195a3686943,left kidney,UBERON:0004538,sc_bulk,https://purl.org/ccf/ASCTB-TEMP_descending-vasa-recta-endothelial,Descending Vasa Recta Endothelial,0.056492,0.01986258070096359
https://gtexportal.org/home/tissue/Kidney_Cortex#FDonors_TissueBlock1,http://purl.org/ccf/1.5/c80e8f79-2b12-470d-be3c-f195a3686943,left kidney,UBERON:0004538,sc_bulk,https://purl.org/ccf/ASCTB-TEMP_proximal-tubule-epithelial-segment-3,Proximal Tubule Epithelial Segment 3,0.036924,0.01298247415213445
https://gtexportal.org/home/tissue/Kidney_Cortex#FDonors_TissueBlock1,http://purl.org/ccf/1.5/c80e8f79-2b12-470d-be3c-f195a3686943,left kidney,UBERON:0004538,sc_bulk,https://purl.org/ccf/ASCTB-TEMP_t,T,0.029376,0.01032859822048266
https://gtexportal.org/home/tissue/Kidney_Cortex#FDonors_TissueBlock1,http://purl.org/ccf/1.5/c80e8f79-2b12-470d-be3c-f195a3686943,left kidney,UBERON:0004538,sc_bulk,https://purl.org/ccf/ASCTB-TEMP_cortical-collecting-duct-intercalated-type-a,Cortical Collecting Duct Intercalated Type A,0.02827,0.009939728747720748
https://gtexportal.org/home/tissue/Kidney_Cortex#FDonors_TissueBlock1,http://purl.org/ccf/1.5/c80e8f79-2b12-470d-be3c-f195a3686943,left kidney,UBERON:0004538,sc_bulk,https://purl.org/ccf/ASCTB-TEMP_medullary-thick-ascending-limb,Medullary Thick Ascending Limb,0.025718,0.009042445841311716
https://gtexportal.org/home/tissue/Kidney_Cortex#FDonors_TissueBlock1,http://purl.org/ccf/1.5/c80e8f79-2b12-470d-be3c-f195a3686943,left kidney,UBERON:0004538,sc_bulk,https://purl.org/ccf/ASCTB-TEMP_papillary-tip-epithelial,Papillary Tip Epithelial,0.021906,0.007702147079857473
https://gtexportal.org/home/tissue/Kidney_Cortex#FDonors_TissueBlock1,http://purl.org/ccf/1.5/c80e8f79-2b12-470d-be3c-f195a3686943,left kidney,UBERON:0004538,sc_bulk,https://purl.org/ccf/ASCTB-TEMP_tissue-resident-macrophage,Tissue-resident Macrophage,0.020978,0.007375862386617824
https://gtexportal.org/home/tissue/Kidney_Cortex#FDonors_TissueBlock1,http://purl.org/ccf/1.5/c80e8f79-2b12-470d-be3c-f195a3686943,left kidney,UBERON:0004538,sc_bulk,https://purl.org/ccf/ASCTB-TEMP_vascular-smooth-muscle-pericyte,Vascular Smooth Muscle / Pericyte,0.020656,0.007262647223661826
https://gtexportal.org/home/tissue/Kidney_Cortex#FDonors_TissueBlock1,http://purl.org/ccf/1.5/c80e8f79-2b12-470d-be3c-f195a3686943,left kidney,UBERON:0004538,sc_bulk,https://purl.org/ccf/ASCTB-TEMP_descending-thin-limb-type-2,Descending Thin Limb Type 2,0.02011,0.007070673686475567
https://gtexportal.org/home/tissue/Kidney_Cortex#FDonors_TissueBlock1,http://purl.org/ccf/1.5/c80e8f79-2b12-470d-be3c-f195a3686943,left kidney,UBERON:0004538,sc_bulk,https://purl.org/ccf/ASCTB-TEMP_cortical-thick-ascending-limb,Cortical Thick Ascending Limb,0.019488,0.006851978558032613
https://gtexportal.org/home/tissue/Kidney_Cortex#FDonors_TissueBlock1,http://purl.org/ccf/1.5/c80e8f79-2b12-470d-be3c-f195a3686943,left kidney,UBERON:0004538,sc_bulk,https://purl.org/ccf/ASCTB-TEMP_peritubular-capilary-endothelial,Peritubular Capilary Endothelial,0.019026,0.006689539411182703
https://gtexportal.org/home/tissue/Kidney_Cortex#FDonors_TissueBlock1,http://purl.org/ccf/1.5/c80e8f79-2b12-470d-be3c-f195a3686943,left kidney,UBERON:0004538,sc_bulk,https://purl.org/ccf/ASCTB-TEMP_connecting-tubule-principal,Connecting Tubule Principal,0.016402,0.005766941313056799
https://gtexportal.org/home/tissue/Kidney_Cortex#FDonors_TissueBlock1,http://purl.org/ccf/1.5/c80e8f79-2b12-470d-be3c-f195a3686943,left kidney,UBERON:0004538,sc_bulk,https://purl.org/ccf/ASCTB-TEMP_intercalated-type-b,Intercalated Type B,0.016354,0.005750064518578887
https://gtexportal.org/home/tissue/Kidney_Cortex#FDonors_TissueBlock1,http://purl.org/ccf/1.5/c80e8f79-2b12-470d-be3c-f195a3686943,left kidney,UBERON:0004538,sc_bulk,https://purl.org/ccf/ASCTB-TEMP_monocyte-derived,Monocyte-derived,0.01459,0.00512984232151559
https://gtexportal.org/home/tissue/Kidney_Cortex#FDonors_TissueBlock1,http://purl.org/ccf/1.5/c80e8f79-2b12-470d-be3c-f195a3686943,left kidney,UBERON:0004538,sc_bulk,https://purl.org/ccf/ASCTB-TEMP_macula-densa,Macula Densa,0.009530000000000002,0.003350746903635612
https://gtexportal.org/home/tissue/Kidney_Cortex#FDonors_TissueBlock1,http://purl.org/ccf/1.5/c80e8f79-2b12-470d-be3c-f195a3686943,left kidney,UBERON:0004538,sc_bulk,https://purl.org/ccf/ASCTB-TEMP_fibroblast,Fibroblast,0.009498000000000001,0.003339495707317004
https://gtexportal.org/home/tissue/Kidney_Cortex#FDonors_TissueBlock1,http://purl.org/ccf/1.5/c80e8f79-2b12-470d-be3c-f195a3686943,left kidney,UBERON:0004538,sc_bulk,https://purl.org/ccf/ASCTB-TEMP_podocyte,Podocyte,0.008314,0.002923201443528487
https://gtexportal.org/home/tissue/Kidney_Cortex#FDonors_TissueBlock1,http://purl.org/ccf/1.5/c80e8f79-2b12-470d-be3c-f195a3686943,left kidney,UBERON:0004538,sc_bulk,https://purl.org/ccf/ASCTB-TEMP_outer-medullary-collecting-duct-intercalated-type-a,Outer Medullary Collecting Duct Intercalated Type A,0.006956,0.002445728799757536
https://gtexportal.org/home/tissue/Kidney_Cortex#FDonors_TissueBlock1,http://purl.org/ccf/1.5/c80e8f79-2b12-470d-be3c-f195a3686943,left kidney,UBERON:0004538,sc_bulk,https://purl.org/ccf/ASCTB-TEMP_m2-macrophage,M2 Macrophage,0.006843999999999999,0.002406349612642405
https://gtexportal.org/home/tissue/Kidney_Cortex#FDonors_TissueBlock1,http://purl.org/ccf/1.5/c80e8f79-2b12-470d-be3c-f195a3686943,left kidney,UBERON:0004538,sc_bulk,https://purl.org/ccf/ASCTB-TEMP_glomerular-capillary-endothelial,Glomerular Capillary Endothelial,0.006062,0.002131398502606409
https://gtexportal.org/home/tissue/Kidney_Cortex#FDonors_TissueBlock1,http://purl.org/ccf/1.5/c80e8f79-2b12-470d-be3c-f195a3686943,left kidney,UBERON:0004538,sc_bulk,https://purl.org/ccf/ASCTB-TEMP_proximal-tubule-epithelial-segment-2,Proximal Tubule Epithelial Segment 2,0.00558,0.001961927358057368
https://gtexportal.org/home/tissue/Kidney_Cortex#FDonors_TissueBlock1,http://purl.org/ccf/1.5/c80e8f79-2b12-470d-be3c-f195a3686943,left kidney,UBERON:0004538,sc_bulk,https://purl.org/ccf/ASCTB-TEMP_afferent-efferent-arteriole-endothelial,Afferent / Efferent Arteriole Endothelial,0.004108,0.001444372327401374
https://gtexportal.org/home/tissue/Kidney_Cortex#FDonors_TissueBlock1,http://purl.org/ccf/1.5/c80e8f79-2b12-470d-be3c-f195a3686943,left kidney,UBERON:0004538,sc_bulk,https://purl.org/ccf/ASCTB-TEMP_parietal-epithelial,Parietal Epithelial,0.00354,0.001244663592746072
https://gtexportal.org/home/tissue/Kidney_Cortex#FDonors_TissueBlock1,http://purl.org/ccf/1.5/c80e8f79-2b12-470d-be3c-f195a3686943,left kidney,UBERON:0004538,sc_bulk,https://purl.org/ccf/ASCTB-TEMP_outer-medullary-collecting-duct-principal,Outer Medullary Collecting Duct Principal,0.003462,0.001217238801719464
https://gtexportal.org/home/tissue/Kidney_Cortex#FDonors_TissueBlock1,http://purl.org/ccf/1.5/c80e8f79-2b12-470d-be3c-f195a3686943,left kidney,UBERON:0004538,sc_bulk,https://purl.org/ccf/ASCTB-TEMP_b,B,0.003038,0.0010681604504979
https://gtexportal.org/home/tissue/Kidney_Cortex#FDonors_TissueBlock1,http://purl.org/ccf/1.5/c80e8f79-2b12-470d-be3c-f195a3686943,left kidney,UBERON:0004538,sc_bulk,https://purl.org/ccf/ASCTB-TEMP_cortical-vascular-smooth-muscle-pericyte,Cortical Vascular Smooth Muscle / Pericyte,0.0017,5.977198044260797E-4
https://gtexportal.org/home/tissue/Kidney_Cortex#FDonors_TissueBlock1,http://purl.org/ccf/1.5/c80e8f79-2b12-470d-be3c-f195a3686943,left kidney,UBERON:0004538,sc_bulk,https://purl.org/ccf/ASCTB-TEMP_natural-killer-natural-killer-t,Natural Killer / Natural Killer T,0.00168,5.906878067269495E-4
https://gtexportal.org/home/tissue/Kidney_Cortex#FDonors_TissueBlock1,http://purl.org/ccf/1.5/c80e8f79-2b12-470d-be3c-f195a3686943,left kidney,UBERON:0004538,sc_bulk,https://purl.org/ccf/ASCTB-TEMP_mast,Mast,0.001612,5.667790145499063E-4
https://gtexportal.org/home/tissue/Kidney_Cortex#FDonors_TissueBlock1,http://purl.org/ccf/1.5/c80e8f79-2b12-470d-be3c-f195a3686943,left kidney,UBERON:0004538,sc_bulk,https://purl.org/ccf/ASCTB-TEMP_lymphatic-endothelial,Lymphatic Endothelial,0.001488,5.23180628815298E-4
https://gtexportal.org/home/tissue/Kidney_Cortex#FDonors_TissueBlock1,http://purl.org/ccf/1.5/c80e8f79-2b12-470d-be3c-f195a3686943,left kidney,UBERON:0004538,sc_bulk,https://purl.org/ccf/ASCTB-TEMP_monocyte,Monocyte,0.001452,5.105230329568634E-4
https://gtexportal.org/home/tissue/Kidney_Cortex#FDonors_TissueBlock1,http://purl.org/ccf/1.5/c80e8f79-2b12-470d-be3c-f195a3686943,left kidney,UBERON:0004538,sc_bulk,https://purl.org/ccf/ASCTB-TEMP_plasma,Plasma,0.00124,4.359838573460817E-4
https://gtexportal.org/home/tissue/Kidney_Cortex#FDonors_TissueBlock1,http://purl.org/ccf/1.5/c80e8f79-2b12-470d-be3c-f195a3686943,left kidney,UBERON:0004538,sc_bulk,https://purl.org/ccf/ASCTB-TEMP_cycling-mononuclear-phagocyte,Cycling Mononuclear Phagocyte,0.001218,4.282486598770383E-4
https://gtexportal.org/home/tissue/Kidney_Cortex#FDonors_TissueBlock1,http://purl.org/ccf/1.5/c80e8f79-2b12-470d-be3c-f195a3686943,left kidney,UBERON:0004538,sc_bulk,https://purl.org/ccf/ASCTB-TEMP_mesangial,Mesangial,9.78E-4,3.438646874874741E-4
https://gtexportal.org/home/tissue/Kidney_Cortex#FDonors_TissueBlock1,http://purl.org/ccf/1.5/c80e8f79-2b12-470d-be3c-f195a3686943,left kidney,UBERON:0004538,sc_bulk,https://purl.org/ccf/ASCTB-TEMP_distal-convoluted-tubule-type-2,Distal Convoluted Tubule Type 2,7.44E-4,2.61590314407649E-4
https://gtexportal.org/home/tissue/Kidney_Cortex#FDonors_TissueBlock1,http://purl.org/ccf/1.5/c80e8f79-2b12-470d-be3c-f195a3686943,left kidney,UBERON:0004538,sc_bulk,https://purl.org/ccf/ASCTB-TEMP_classical-dendritic,Classical Dendritic,7.44E-4,2.61590314407649E-4
https://gtexportal.org/home/tissue/Kidney_Cortex#FDonors_TissueBlock1,http://purl.org/ccf/1.5/c80e8f79-2b12-470d-be3c-f195a3686943,left kidney,UBERON:0004538,sc_bulk,https://purl.org/ccf/ASCTB-TEMP_plasmacytoid-dendritic,Plasmacytoid Dendritic,7.44E-4,2.61590314407649E-4
https://gtexportal.org/home/tissue/Kidney_Cortex#FDonors_TissueBlock1,http://purl.org/ccf/1.5/c80e8f79-2b12-470d-be3c-f195a3686943,left kidney,UBERON:0004538,sc_bulk,https://purl.org/ccf/ASCTB-TEMP_neutrophil,Neutrophil,5.160000000000001E-4,1.814255406375631E-4
https://gtexportal.org/home/tissue/Kidney_Cortex#FDonors_TissueBlock1,http://purl.org/ccf/1.5/c80e8f79-2b12-470d-be3c-f195a3686943,left kidney,UBERON:0004538,sc_bulk,https://purl.org/ccf/ASCTB-TEMP_schwann-neural,Schwann / Neural,2.48E-4,8.719677146921635E-5
https://gtexportal.org/home/tissue/Kidney_Cortex#FDonors_TissueBlock1,http://purl.org/ccf/1.5/c80e8f79-2b12-470d-be3c-f195a3686943,left kidney,UBERON:0004538,sc_bulk,https://purl.org/ccf/ASCTB-TEMP_renin-positive-juxtaglomerular-granular,Renin-positive Juxtaglomerular Granular,1.72E-4,6.047518021252101E-5
https://gtexportal.org/home/tissue/Kidney_Cortex#FDonors_TissueBlock1,http://purl.org/ccf/1.5/c80e8f79-2b12-470d-be3c-f195a3686943,left kidney,UBERON:0004538,sc_bulk,https://purl.org/ccf/ASCTB-TEMP_connecting-tubule-intercalated-type-a,Connecting Tubule Intercalated Type A,1.24E-4,4.359838573460817E-5
https://gtexportal.org/home/tissue/Kidney_Cortex#MDonors_TissueBlock1,http://purl.org/ccf/1.5/c40d5540-f400-484c-b8d1-fbcb44194af7,left kidney,UBERON:0004538,sc_bulk,https://purl.org/ccf/ASCTB-TEMP_cortical-thick-ascending-limb,Cortical Thick Ascending Limb,217129.57008,0.1923133852731774
https://gtexportal.org/home/tissue/Kidney_Cortex#MDonors_TissueBlock1,http://purl.org/ccf/1.5/c40d5540-f400-484c-b8d1-fbcb44194af7,left kidney,UBERON:0004538,sc_bulk,https://purl.org/ccf/ASCTB-TEMP_inner-medullary-collecting-duct,Inner Medullary Collecting Duct,126450.569344,0.1119982738938112
https://gtexportal.org/home/tissue/Kidney_Cortex#MDonors_TissueBlock1,http://purl.org/ccf/1.5/c40d5540-f400-484c-b8d1-fbcb44194af7,left kidney,UBERON:0004538,sc_bulk,https://purl.org/ccf/ASCTB-TEMP_connecting-tubule,Connecting Tubule,91526.828416,0.08106603909137264
https://gtexportal.org/home/tissue/Kidney_Cortex#MDonors_TissueBlock1,http://purl.org/ccf/1.5/c40d5540-f400-484c-b8d1-fbcb44194af7,left kidney,UBERON:0004538,sc_bulk,https://purl.org/ccf/ASCTB-TEMP_proximal-tubule-epithelial-segment-1,Proximal Tubule Epithelial Segment 1,88826.16000000002,0.07867403561902224
https://gtexportal.org/home/tissue/Kidney_Cortex#MDonors_TissueBlock1,http://purl.org/ccf/1.5/c40d5540-f400-484c-b8d1-fbcb44194af7,left kidney,UBERON:0004538,sc_bulk,https://purl.org/ccf/ASCTB-TEMP_distal-convoluted-tubule-type-1,Distal Convoluted Tubule Type 1,85295.78080000002,0.07554715071338797
https://gtexportal.org/home/tissue/Kidney_Cortex#MDonors_TissueBlock1,http://purl.org/ccf/1.5/c40d5540-f400-484c-b8d1-fbcb44194af7,left kidney,UBERON:0004538,sc_bulk,https://purl.org/ccf/ASCTB-TEMP_descending-thin-limb-type-1,Descending Thin Limb Type 1,74182.1072,0.06570368170983554
https://gtexportal.org/home/tissue/Kidney_Cortex#MDonors_TissueBlock1,http://purl.org/ccf/1.5/c40d5540-f400-484c-b8d1-fbcb44194af7,left kidney,UBERON:0004538,sc_bulk,https://purl.org/ccf/ASCTB-TEMP_descending-thin-limb-type-2,Descending Thin Limb Type 2,72656.52627199999,0.06435246256145433
https://gtexportal.org/home/tissue/Kidney_Cortex#MDonors_TissueBlock1,http://purl.org/ccf/1.5/c40d5540-f400-484c-b8d1-fbcb44194af7,left kidney,UBERON:0004538,sc_bulk,https://purl.org/ccf/ASCTB-TEMP_ascending-thin-limb,Ascending Thin Limb,71922.074272,0.06370195258997226
https://gtexportal.org/home/tissue/Kidney_Cortex#MDonors_TissueBlock1,http://purl.org/ccf/1.5/c40d5540-f400-484c-b8d1-fbcb44194af7,left kidney,UBERON:0004538,sc_bulk,https://purl.org/ccf/ASCTB-TEMP_fibroblast,Fibroblast,50315.44726400001,0.04456479138842624
https://gtexportal.org/home/tissue/Kidney_Cortex#MDonors_TissueBlock1,http://purl.org/ccf/1.5/c40d5540-f400-484c-b8d1-fbcb44194af7,left kidney,UBERON:0004538,sc_bulk,https://purl.org/ccf/ASCTB-TEMP_proximal-tubule-epithelial-segment-3,Proximal Tubule Epithelial Segment 3,48019.77078399999,0.04253149249137526
https://gtexportal.org/home/tissue/Kidney_Cortex#MDonors_TissueBlock1,http://purl.org/ccf/1.5/c40d5540-f400-484c-b8d1-fbcb44194af7,left kidney,UBERON:0004538,sc_bulk,https://purl.org/ccf/ASCTB-TEMP_medullary-thick-ascending-limb,Medullary Thick Ascending Limb,33924.442784,0.03004714849706322
https://gtexportal.org/home/tissue/Kidney_Cortex#MDonors_TissueBlock1,http://purl.org/ccf/1.5/c40d5540-f400-484c-b8d1-fbcb44194af7,left kidney,UBERON:0004538,sc_bulk,https://purl.org/ccf/ASCTB-TEMP_cortical-collecting-duct-principal,Cortical Collecting Duct Principal,26291.47596800001,0.02328656914565596
https://gtexportal.org/home/tissue/Kidney_Cortex#MDonors_TissueBlock1,http://purl.org/ccf/1.5/c40d5540-f400-484c-b8d1-fbcb44194af7,left kidney,UBERON:0004538,sc_bulk,https://purl.org/ccf/ASCTB-TEMP_cortical-collecting-duct-intercalated-type-a,Cortical Collecting Duct Intercalated Type A,13263.02016,0.01174716232789586
https://gtexportal.org/home/tissue/Kidney_Cortex#MDonors_TissueBlock1,http://purl.org/ccf/1.5/c40d5540-f400-484c-b8d1-fbcb44194af7,left kidney,UBERON:0004538,sc_bulk,https://purl.org/ccf/ASCTB-TEMP_podocyte,Podocyte,12490.751136,0.01106315751780789
https://gtexportal.org/home/tissue/Kidney_Cortex#MDonors_TissueBlock1,http://purl.org/ccf/1.5/c40d5540-f400-484c-b8d1-fbcb44194af7,left kidney,UBERON:0004538,sc_bulk,https://purl.org/ccf/ASCTB-TEMP_mesangial,Mesangial,12179.888096,0.0107878236535319
https://gtexportal.org/home/tissue/Kidney_Cortex#MDonors_TissueBlock1,http://purl.org/ccf/1.5/c40d5540-f400-484c-b8d1-fbcb44194af7,left kidney,UBERON:0004538,sc_bulk,https://purl.org/ccf/ASCTB-TEMP_peritubular-capilary-endothelial,Peritubular Capilary Endothelial,11181.55616,0.009903593126258495
https://gtexportal.org/home/tissue/Kidney_Cortex#MDonors_TissueBlock1,http://purl.org/ccf/1.5/c40d5540-f400-484c-b8d1-fbcb44194af7,left kidney,UBERON:0004538,sc_bulk,https://purl.org/ccf/ASCTB-TEMP_outer-medullary-collecting-duct-intercalated-type-a,Outer Medullary Collecting Duct Intercalated Type A,8125.180352,0.007196536790785818
https://gtexportal.org/home/tissue/Kidney_Cortex#MDonors_TissueBlock1,http://purl.org/ccf/1.5/c40d5540-f400-484c-b8d1-fbcb44194af7,left kidney,UBERON:0004538,sc_bulk,https://purl.org/ccf/ASCTB-TEMP_outer-medullary-collecting-duct-principal,Outer Medullary Collecting Duct Principal,7931.830623999999,0.007025285400569238
https://gtexportal.org/home/tissue/Kidney_Cortex#MDonors_TissueBlock1,http://purl.org/ccf/1.5/c40d5540-f400-484c-b8d1-fbcb44194af7,left kidney,UBERON:0004538,sc_bulk,https://purl.org/ccf/ASCTB-TEMP_parietal-epithelial,Parietal Epithelial,7797.184480000001,0.00690602824109032
https://gtexportal.org/home/tissue/Kidney_Cortex#MDonors_TissueBlock1,http://purl.org/ccf/1.5/c40d5540-f400-484c-b8d1-fbcb44194af7,left kidney,UBERON:0004538,sc_bulk,https://purl.org/ccf/ASCTB-TEMP_intercalated-type-b,Intercalated Type B,7557.863488000001,0.006694059737115954
https://gtexportal.org/home/tissue/Kidney_Cortex#MDonors_TissueBlock1,http://purl.org/ccf/1.5/c40d5540-f400-484c-b8d1-fbcb44194af7,left kidney,UBERON:0004538,sc_bulk,https://purl.org/ccf/ASCTB-TEMP_ascending-vasa-recta-endothelial,Ascending Vasa Recta Endothelial,6241.537024,0.005528178929986639
https://gtexportal.org/home/tissue/Kidney_Cortex#MDonors_TissueBlock1,http://purl.org/ccf/1.5/c40d5540-f400-484c-b8d1-fbcb44194af7,left kidney,UBERON:0004538,sc_bulk,https://purl.org/ccf/ASCTB-TEMP_classical-dendritic,Classical Dendritic,6108.484032,0.005410332837891411
https://gtexportal.org/home/tissue/Kidney_Cortex#MDonors_TissueBlock1,http://purl.org/ccf/1.5/c40d5540-f400-484c-b8d1-fbcb44194af7,left kidney,UBERON:0004538,sc_bulk,https://purl.org/ccf/ASCTB-TEMP_macula-densa,Macula Densa,6079.985855999999,0.005385091776995598
https://gtexportal.org/home/tissue/Kidney_Cortex#MDonors_TissueBlock1,http://purl.org/ccf/1.5/c40d5540-f400-484c-b8d1-fbcb44194af7,left kidney,UBERON:0004538,sc_bulk,https://purl.org/ccf/ASCTB-TEMP_glomerular-capillary-endothelial,Glomerular Capillary Endothelial,5836.287167999999,0.005169245912894065
https://gtexportal.org/home/tissue/Kidney_Cortex#MDonors_TissueBlock1,http://purl.org/ccf/1.5/c40d5540-f400-484c-b8d1-fbcb44194af7,left kidney,UBERON:0004538,sc_bulk,https://purl.org/ccf/ASCTB-TEMP_medullary-fibroblast,Medullary Fibroblast,4792.195263999999,0.004244485418408783
https://gtexportal.org/home/tissue/Kidney_Cortex#MDonors_TissueBlock1,http://purl.org/ccf/1.5/c40d5540-f400-484c-b8d1-fbcb44194af7,left kidney,UBERON:0004538,sc_bulk,https://purl.org/ccf/ASCTB-TEMP_cortical-vascular-smooth-muscle-pericyte,Cortical Vascular Smooth Muscle / Pericyte,3672.005056,0.003252324051484087
https://gtexportal.org/home/tissue/Kidney_Cortex#MDonors_TissueBlock1,http://purl.org/ccf/1.5/c40d5540-f400-484c-b8d1-fbcb44194af7,left kidney,UBERON:0004538,sc_bulk,https://purl.org/ccf/ASCTB-TEMP_connecting-tubule-principal,Connecting Tubule Principal,3447.14048,0.003053159710014408
https://gtexportal.org/home/tissue/Kidney_Cortex#MDonors_TissueBlock1,http://purl.org/ccf/1.5/c40d5540-f400-484c-b8d1-fbcb44194af7,left kidney,UBERON:0004538,sc_bulk,https://purl.org/ccf/ASCTB-TEMP_vascular-smooth-muscle-pericyte,Vascular Smooth Muscle / Pericyte,3354.480736,0.002971090238589486
https://gtexportal.org/home/tissue/Kidney_Cortex#MDonors_TissueBlock1,http://purl.org/ccf/1.5/c40d5540-f400-484c-b8d1-fbcb44194af7,left kidney,UBERON:0004538,sc_bulk,https://purl.org/ccf/ASCTB-TEMP_m2-macrophage,M2 Macrophage,3348.674559999999,0.002965947662377317
https://gtexportal.org/home/tissue/Kidney_Cortex#MDonors_TissueBlock1,http://purl.org/ccf/1.5/c40d5540-f400-484c-b8d1-fbcb44194af7,left kidney,UBERON:0004538,sc_bulk,https://purl.org/ccf/ASCTB-TEMP_descending-thin-limb-type-3,Descending Thin Limb Type 3,3129.083456,0.002771454076954775
https://gtexportal.org/home/tissue/Kidney_Cortex#MDonors_TissueBlock1,http://purl.org/ccf/1.5/c40d5540-f400-484c-b8d1-fbcb44194af7,left kidney,UBERON:0004538,sc_bulk,https://purl.org/ccf/ASCTB-TEMP_monocyte-derived,Monocyte-derived,2955.48048,0.002617692541868802
https://gtexportal.org/home/tissue/Kidney_Cortex#MDonors_TissueBlock1,http://purl.org/ccf/1.5/c40d5540-f400-484c-b8d1-fbcb44194af7,left kidney,UBERON:0004538,sc_bulk,https://purl.org/ccf/ASCTB-TEMP_descending-vasa-recta-endothelial,Descending Vasa Recta Endothelial,2735.876479999999,0.002423187534356603
https://gtexportal.org/home/tissue/Kidney_Cortex#MDonors_TissueBlock1,http://purl.org/ccf/1.5/c40d5540-f400-484c-b8d1-fbcb44194af7,left kidney,UBERON:0004538,sc_bulk,https://purl.org/ccf/ASCTB-TEMP_t,T,1813.493056,0.00160622520755815
https://gtexportal.org/home/tissue/Kidney_Cortex#MDonors_TissueBlock1,http://purl.org/ccf/1.5/c40d5540-f400-484c-b8d1-fbcb44194af7,left kidney,UBERON:0004538,sc_bulk,https://purl.org/ccf/ASCTB-TEMP_distal-convoluted-tubule-type-2,Distal Convoluted Tubule Type 2,1549.157792,0.001372101364139729
https://gtexportal.org/home/tissue/Kidney_Cortex#MDonors_TissueBlock1,http://purl.org/ccf/1.5/c40d5540-f400-484c-b8d1-fbcb44194af7,left kidney,UBERON:0004538,sc_bulk,https://purl.org/ccf/ASCTB-TEMP_afferent-efferent-arteriole-endothelial,Afferent / Efferent Arteriole Endothelial,1477.808192,0.001308906456560667
https://gtexportal.org/home/tissue/Kidney_Cortex#MDonors_TissueBlock1,http://purl.org/ccf/1.5/c40d5540-f400-484c-b8d1-fbcb44194af7,left kidney,UBERON:0004538,sc_bulk,https://purl.org/ccf/ASCTB-TEMP_proximal-tubule-epithelial-segment-2,Proximal Tubule Epithelial Segment 2,1169.720768,0.001036030977427618
https://gtexportal.org/home/tissue/Kidney_Cortex#MDonors_TissueBlock1,http://purl.org/ccf/1.5/c40d5540-f400-484c-b8d1-fbcb44194af7,left kidney,UBERON:0004538,sc_bulk,https://purl.org/ccf/ASCTB-TEMP_mast,Mast,802.581568,7.108528711361913E-4
https://gtexportal.org/home/tissue/Kidney_Cortex#MDonors_TissueBlock1,http://purl.org/ccf/1.5/c40d5540-f400-484c-b8d1-fbcb44194af7,left kidney,UBERON:0004538,sc_bulk,https://purl.org/ccf/ASCTB-TEMP_b,B,615.00528,5.447150625965001E-4
https://gtexportal.org/home/tissue/Kidney_Cortex#MDonors_TissueBlock1,http://purl.org/ccf/1.5/c40d5540-f400-484c-b8d1-fbcb44194af7,left kidney,UBERON:0004538,sc_bulk,https://purl.org/ccf/ASCTB-TEMP_schwann-neural,Schwann / Neural,530.27856,4.696719335547525E-4
https://gtexportal.org/home/tissue/Kidney_Cortex#MDonors_TissueBlock1,http://purl.org/ccf/1.5/c40d5540-f400-484c-b8d1-fbcb44194af7,left kidney,UBERON:0004538,sc_bulk,https://purl.org/ccf/ASCTB-TEMP_plasma,Plasma,472.57888,4.185668685657202E-4
https://gtexportal.org/home/tissue/Kidney_Cortex#MDonors_TissueBlock1,http://purl.org/ccf/1.5/c40d5540-f400-484c-b8d1-fbcb44194af7,left kidney,UBERON:0004538,sc_bulk,https://purl.org/ccf/ASCTB-TEMP_lymphatic-endothelial,Lymphatic Endothelial,471.906304,4.179711626590312E-4
https://gtexportal.org/home/tissue/Kidney_Cortex#MDonors_TissueBlock1,http://purl.org/ccf/1.5/c40d5540-f400-484c-b8d1-fbcb44194af7,left kidney,UBERON:0004538,sc_bulk,https://purl.org/ccf/ASCTB-TEMP_tissue-resident-macrophage,Tissue-resident Macrophage,456.738624,4.045370279786855E-4
https://gtexportal.org/home/tissue/Kidney_Cortex#MDonors_TissueBlock1,http://purl.org/ccf/1.5/c40d5540-f400-484c-b8d1-fbcb44194af7,left kidney,UBERON:0004538,sc_bulk,https://purl.org/ccf/ASCTB-TEMP_papillary-tip-epithelial,Papillary Tip Epithelial,261.2759360000001,2.314141723030397E-4
https://gtexportal.org/home/tissue/Kidney_Cortex#MDonors_TissueBlock1,http://purl.org/ccf/1.5/c40d5540-f400-484c-b8d1-fbcb44194af7,left kidney,UBERON:0004538,sc_bulk,https://purl.org/ccf/ASCTB-TEMP_connecting-tubule-intercalated-type-a,Connecting Tubule Intercalated Type A,243.458624,2.156332375094695E-4
https://gtexportal.org/home/tissue/Kidney_Cortex#MDonors_TissueBlock1,http://purl.org/ccf/1.5/c40d5540-f400-484c-b8d1-fbcb44194af7,left kidney,UBERON:0004538,sc_bulk,https://purl.org/ccf/ASCTB-TEMP_natural-killer-natural-killer-t,Natural Killer / Natural Killer T,79.11200000000001,7.007012692986038E-5
https://gtexportal.org/home/tissue/Kidney_Cortex#MDonors_TissueBlock1,http://purl.org/ccf/1.5/c40d5540-f400-484c-b8d1-fbcb44194af7,left kidney,UBERON:0004538,sc_bulk,https://purl.org/ccf/ASCTB-TEMP_non-classical-monocyte,Non-classical monocyte,74.896,6.633598223453867E-5
https://gtexportal.org/home/tissue/Kidney_Cortex#MDonors_TissueBlock1,http://purl.org/ccf/1.5/c40d5540-f400-484c-b8d1-fbcb44194af7,left kidney,UBERON:0004538,sc_bulk,https://purl.org/ccf/ASCTB-TEMP_neutrophil,Neutrophil,53.281312,4.719168134833518E-5
https://gtexportal.org/home/tissue/Kidney_Cortex#MDonors_TissueBlock1,http://purl.org/ccf/1.5/c40d5540-f400-484c-b8d1-fbcb44194af7,left kidney,UBERON:0004538,sc_bulk,https://purl.org/ccf/ASCTB-TEMP_renin-positive-juxtaglomerular-granular,Renin-positive Juxtaglomerular Granular,51.06816000000001,4.52314750388616E-5
https://gtexportal.org/home/tissue/Kidney_Cortex#MDonors_TissueBlock1,http://purl.org/ccf/1.5/c40d5540-f400-484c-b8d1-fbcb44194af7,left kidney,UBERON:0004538,sc_bulk,https://purl.org/ccf/ASCTB-TEMP_monocyte,Monocyte,46.548608,4.122847192547672E-5
https://gtexportal.org/home/tissue/Kidney_Cortex#MDonors_TissueBlock1,http://purl.org/ccf/1.5/c40d5540-f400-484c-b8d1-fbcb44194af7,left kidney,UBERON:0004538,sc_bulk,https://purl.org/ccf/ASCTB-TEMP_natural-killer-t,Natural Killer T,42.996256,3.808212553631271E-5
https://gtexportal.org/home/tissue/Kidney_Cortex#MDonors_TissueBlock1,http://purl.org/ccf/1.5/c40d5540-f400-484c-b8d1-fbcb44194af7,left kidney,UBERON:0004538,sc_bulk,https://purl.org/ccf/ASCTB-TEMP_plasmacytoid-dendritic,Plasmacytoid Dendritic,38.564,3.415644118367802E-5
https://gtexportal.org/home/tissue/Kidney_Cortex#MDonors_TissueBlock1,http://purl.org/ccf/1.5/c40d5540-f400-484c-b8d1-fbcb44194af7,left kidney,UBERON:0004538,sc_bulk,https://purl.org/ccf/ASCTB-TEMP_cycling-mononuclear-phagocyte,Cycling Mononuclear Phagocyte,20.612768,1.825689238213879E-5
https://gtexportal.org/home/tissue/Skin_Not_Sun_Exposed_Suprapubic#FDonors_TissueBlock1,http://purl.org/ccf/1.5/2185217b-77ed-4043-b79b-1c2d33b6d524,skin of body,UBERON:0002097,spatial,https://purl.org/ccf/ASCTB-TEMP_t-helper,T-helper,4710.556097999999,0.7799656838724318
https://gtexportal.org/home/tissue/Skin_Not_Sun_Exposed_Suprapubic#FDonors_TissueBlock1,http://purl.org/ccf/1.5/2185217b-77ed-4043-b79b-1c2d33b6d524,skin of body,UBERON:0002097,spatial,https://purl.org/ccf/ASCTB-TEMP_t-reg,T-reg,641.434131,0.1062075475243675
https://gtexportal.org/home/tissue/Skin_Not_Sun_Exposed_Suprapubic#FDonors_TissueBlock1,http://purl.org/ccf/1.5/2185217b-77ed-4043-b79b-1c2d33b6d524,skin of body,UBERON:0002097,spatial,https://purl.org/ccf/ASCTB-TEMP_cd68-macrophage,CD68 / Macrophage,509.144076,0.08430319035910512
https://gtexportal.org/home/tissue/Skin_Not_Sun_Exposed_Suprapubic#FDonors_TissueBlock1,http://purl.org/ccf/1.5/2185217b-77ed-4043-b79b-1c2d33b6d524,skin of body,UBERON:0002097,spatial,https://purl.org/ccf/ASCTB-TEMP_t-killer,T-Killer,178.305885,0.02952357824409551
https://gtexportal.org/home/tissue/Skin_Not_Sun_Exposed_Suprapubic#MDonors_TissueBlock1,http://purl.org/ccf/1.5/ece78b3e-635e-45d1-8217-35fd50392cce,skin of body,UBERON:0002097,spatial,https://purl.org/ccf/ASCTB-TEMP_t-helper,T-helper,5395.825999999999,0.7799656838724319
https://gtexportal.org/home/tissue/Skin_Not_Sun_Exposed_Suprapubic#MDonors_TissueBlock1,http://purl.org/ccf/1.5/ece78b3e-635e-45d1-8217-35fd50392cce,skin of body,UBERON:0002097,spatial,https://purl.org/ccf/ASCTB-TEMP_t-reg,T-reg,734.747,0.1062075475243675
https://gtexportal.org/home/tissue/Skin_Not_Sun_Exposed_Suprapubic#MDonors_TissueBlock1,http://purl.org/ccf/1.5/ece78b3e-635e-45d1-8217-35fd50392cce,skin of body,UBERON:0002097,spatial,https://purl.org/ccf/ASCTB-TEMP_cd68-macrophage,CD68 / Macrophage,583.212,0.08430319035910513
https://gtexportal.org/home/tissue/Skin_Not_Sun_Exposed_Suprapubic#MDonors_TissueBlock1,http://purl.org/ccf/1.5/ece78b3e-635e-45d1-8217-35fd50392cce,skin of body,UBERON:0002097,spatial,https://purl.org/ccf/ASCTB-TEMP_t-killer,T-Killer,204.245,0.02952357824409551
https://gtexportal.org/home/tissue/Small_Intestine_Terminal_Ileum#FDonors_TissueBlock1,http://purl.org/ccf/1.5/ec1cc18d-9a48-4c09-a720-2b54c3f83bd9,small intestine,UBERON:0002108,spatial,https://purl.org/ccf/ASCTB-TEMP_enterocyte,Enterocyte,15769.94172,0.1766987947792169
https://gtexportal.org/home/tissue/Small_Intestine_Terminal_Ileum#FDonors_TissueBlock1,http://purl.org/ccf/1.5/ec1cc18d-9a48-4c09-a720-2b54c3f83bd9,small intestine,UBERON:0002108,spatial,https://purl.org/ccf/ASCTB-TEMP_smooth-muscle,Smooth muscle,12244.319928,0.1371949632144073
https://gtexportal.org/home/tissue/Small_Intestine_Terminal_Ileum#FDonors_TissueBlock1,http://purl.org/ccf/1.5/ec1cc18d-9a48-4c09-a720-2b54c3f83bd9,small intestine,UBERON:0002108,spatial,https://purl.org/ccf/ASCTB-TEMP_cd8-t,CD8+ T,8633.866224000001,0.09674060837720004
https://gtexportal.org/home/tissue/Small_Intestine_Terminal_Ileum#FDonors_TissueBlock1,http://purl.org/ccf/1.5/ec1cc18d-9a48-4c09-a720-2b54c3f83bd9,small intestine,UBERON:0002108,spatial,https://purl.org/ccf/ASCTB-TEMP_stroma,Stroma,7464.326712,0.08363617046066768
https://gtexportal.org/home/tissue/Small_Intestine_Terminal_Ileum#FDonors_TissueBlock1,http://purl.org/ccf/1.5/ec1cc18d-9a48-4c09-a720-2b54c3f83bd9,small intestine,UBERON:0002108,spatial,https://purl.org/ccf/ASCTB-TEMP_endothelial,Endothelial,6754.499976,0.07568271502118458
https://gtexportal.org/home/tissue/Small_Intestine_Terminal_Ileum#FDonors_TissueBlock1,http://purl.org/ccf/1.5/ec1cc18d-9a48-4c09-a720-2b54c3f83bd9,small intestine,UBERON:0002108,spatial,https://purl.org/ccf/ASCTB-TEMP_goblet,Goblet,6358.480272,0.07124539967480788
https://gtexportal.org/home/tissue/Small_Intestine_Terminal_Ileum#FDonors_TissueBlock1,http://purl.org/ccf/1.5/ec1cc18d-9a48-4c09-a720-2b54c3f83bd9,small intestine,UBERON:0002108,spatial,https://purl.org/ccf/ASCTB-TEMP_cd4-t-cell,CD4+ T cell,5027.570184,0.05633283926814193
https://gtexportal.org/home/tissue/Small_Intestine_Terminal_Ileum#FDonors_TissueBlock1,http://purl.org/ccf/1.5/ec1cc18d-9a48-4c09-a720-2b54c3f83bd9,small intestine,UBERON:0002108,spatial,https://purl.org/ccf/ASCTB-TEMP_m2-macrophage,M2 Macrophage,4005.22644,0.0448776981761638
https://gtexportal.org/home/tissue/Small_Intestine_Terminal_Ileum#FDonors_TissueBlock1,http://purl.org/ccf/1.5/ec1cc18d-9a48-4c09-a720-2b54c3f83bd9,small intestine,UBERON:0002108,spatial,https://purl.org/ccf/ASCTB-TEMP_plasma,Plasma,3718.535304,0.04166538584777782
https://gtexportal.org/home/tissue/Small_Intestine_Terminal_Ileum#FDonors_TissueBlock1,http://purl.org/ccf/1.5/ec1cc18d-9a48-4c09-a720-2b54c3f83bd9,small intestine,UBERON:0002108,spatial,https://purl.org/ccf/ASCTB-TEMP_b,B,3109.968552,0.03484652668327466
https://gtexportal.org/home/tissue/Small_Intestine_Terminal_Ileum#FDonors_TissueBlock1,http://purl.org/ccf/1.5/ec1cc18d-9a48-4c09-a720-2b54c3f83bd9,small intestine,UBERON:0002108,spatial,https://purl.org/ccf/ASCTB-TEMP_nerve,Nerve,2620.52616,0.02936243027278666
https://gtexportal.org/home/tissue/Small_Intestine_Terminal_Ileum#FDonors_TissueBlock1,http://purl.org/ccf/1.5/ec1cc18d-9a48-4c09-a720-2b54c3f83bd9,small intestine,UBERON:0002108,spatial,https://purl.org/ccf/ASCTB-TEMP_lymphatic,Lymphatic,2247.94824,0.02518777505882006
https://gtexportal.org/home/tissue/Small_Intestine_Terminal_Ileum#FDonors_TissueBlock1,http://purl.org/ccf/1.5/ec1cc18d-9a48-4c09-a720-2b54c3f83bd9,small intestine,UBERON:0002108,spatial,https://purl.org/ccf/ASCTB-TEMP_ta,TA,1738.287744,0.01947713915484806
https://gtexportal.org/home/tissue/Small_Intestine_Terminal_Ileum#FDonors_TissueBlock1,http://purl.org/ccf/1.5/ec1cc18d-9a48-4c09-a720-2b54c3f83bd9,small intestine,UBERON:0002108,spatial,https://purl.org/ccf/ASCTB-TEMP_paneth,Paneth,1638.114648,0.01835472122542385
https://gtexportal.org/home/tissue/Small_Intestine_Terminal_Ileum#FDonors_TissueBlock1,http://purl.org/ccf/1.5/ec1cc18d-9a48-4c09-a720-2b54c3f83bd9,small intestine,UBERON:0002108,spatial,https://purl.org/ccf/ASCTB-TEMP_icc,ICC,1630.705152,0.01827169942126201
https://gtexportal.org/home/tissue/Small_Intestine_Terminal_Ileum#FDonors_TissueBlock1,http://purl.org/ccf/1.5/ec1cc18d-9a48-4c09-a720-2b54c3f83bd9,small intestine,UBERON:0002108,spatial,https://purl.org/ccf/ASCTB-TEMP_cycling-ta,Cycling TA,1606.26756,0.01799788147504666
https://gtexportal.org/home/tissue/Small_Intestine_Terminal_Ileum#FDonors_TissueBlock1,http://purl.org/ccf/1.5/ec1cc18d-9a48-4c09-a720-2b54c3f83bd9,small intestine,UBERON:0002108,spatial,https://purl.org/ccf/ASCTB-TEMP_dc,DC,1275.369504,0.01429024014522279
https://gtexportal.org/home/tissue/Small_Intestine_Terminal_Ileum#FDonors_TissueBlock1,http://purl.org/ccf/1.5/ec1cc18d-9a48-4c09-a720-2b54c3f83bd9,small intestine,UBERON:0002108,spatial,https://purl.org/ccf/ASCTB-TEMP_m1-macrophage,M1 Macrophage,915.986592,0.01026343214921674
https://gtexportal.org/home/tissue/Small_Intestine_Terminal_Ileum#FDonors_TissueBlock1,http://purl.org/ccf/1.5/ec1cc18d-9a48-4c09-a720-2b54c3f83bd9,small intestine,UBERON:0002108,spatial,https://purl.org/ccf/ASCTB-TEMP_cd66-enterocyte,CD66+ Enterocyte,832.3398240000001,0.009326188159657037
https://gtexportal.org/home/tissue/Small_Intestine_Terminal_Ileum#FDonors_TissueBlock1,http://purl.org/ccf/1.5/ec1cc18d-9a48-4c09-a720-2b54c3f83bd9,small intestine,UBERON:0002108,spatial,https://purl.org/ccf/ASCTB-TEMP_neuroendocrine,Neuroendocrine,501.212688,0.005615980037854678
https://gtexportal.org/home/tissue/Small_Intestine_Terminal_Ileum#FDonors_TissueBlock1,http://purl.org/ccf/1.5/ec1cc18d-9a48-4c09-a720-2b54c3f83bd9,small intestine,UBERON:0002108,spatial,https://purl.org/ccf/ASCTB-TEMP_neutrophil,Neutrophil,466.6028400000001,0.005228184157712905
https://gtexportal.org/home/tissue/Small_Intestine_Terminal_Ileum#FDonors_TissueBlock1,http://purl.org/ccf/1.5/ec1cc18d-9a48-4c09-a720-2b54c3f83bd9,small intestine,UBERON:0002108,spatial,https://purl.org/ccf/ASCTB-TEMP_muc1-enterocyte,MUC1+ Enterocyte,253.898472,0.002844877602926535
https://gtexportal.org/home/tissue/Small_Intestine_Terminal_Ileum#FDonors_TissueBlock1,http://purl.org/ccf/1.5/ec1cc18d-9a48-4c09-a720-2b54c3f83bd9,small intestine,UBERON:0002108,spatial,https://purl.org/ccf/ASCTB-TEMP_nk,NK,225.08628,0.002522043207483544
https://gtexportal.org/home/tissue/Small_Intestine_Terminal_Ileum#FDonors_TissueBlock1,http://purl.org/ccf/1.5/ec1cc18d-9a48-4c09-a720-2b54c3f83bd9,small intestine,UBERON:0002108,spatial,https://purl.org/ccf/ASCTB-TEMP_cd7-immune,CD7+ Immune,190.092792,0.002129948723907926
https://gtexportal.org/home/tissue/Small_Intestine_Terminal_Ileum#FDonors_TissueBlock1,http://purl.org/ccf/1.5/ec1cc18d-9a48-4c09-a720-2b54c3f83bd9,small intestine,UBERON:0002108,spatial,https://purl.org/ccf/ASCTB-TEMP_cd57-enterocyte,CD57+ Enterocyte,18.416928,2.063577049881205E-4
https://gtexportal.org/home/tissue/Small_Intestine_Terminal_Ileum#MDonors_TissueBlock1,http://purl.org/ccf/1.5/d237fd29-749e-4734-a925-d36e5d1db31d,small intestine,UBERON:0002108,spatial,https://purl.org/ccf/ASCTB-TEMP_enterocyte,Enterocyte,19769.56462,0.1766987947792169
https://gtexportal.org/home/tissue/Small_Intestine_Terminal_Ileum#MDonors_TissueBlock1,http://purl.org/ccf/1.5/d237fd29-749e-4734-a925-d36e5d1db31d,small intestine,UBERON:0002108,spatial,https://purl.org/ccf/ASCTB-TEMP_smooth-muscle,Smooth muscle,15349.763388,0.1371949632144073
https://gtexportal.org/home/tissue/Small_Intestine_Terminal_Ileum#MDonors_TissueBlock1,http://purl.org/ccf/1.5/d237fd29-749e-4734-a925-d36e5d1db31d,small intestine,UBERON:0002108,spatial,https://purl.org/ccf/ASCTB-TEMP_cd8-t,CD8+ T,10823.614904,0.09674060837720003
https://gtexportal.org/home/tissue/Small_Intestine_Terminal_Ileum#MDonors_TissueBlock1,http://purl.org/ccf/1.5/d237fd29-749e-4734-a925-d36e5d1db31d,small intestine,UBERON:0002108,spatial,https://purl.org/ccf/ASCTB-TEMP_stroma,Stroma,9357.453051999999,0.08363617046066767
https://gtexportal.org/home/tissue/Small_Intestine_Terminal_Ileum#MDonors_TissueBlock1,http://purl.org/ccf/1.5/d237fd29-749e-4734-a925-d36e5d1db31d,small intestine,UBERON:0002108,spatial,https://purl.org/ccf/ASCTB-TEMP_endothelial,Endothelial,8467.597795999998,0.07568271502118457
https://gtexportal.org/home/tissue/Small_Intestine_Terminal_Ileum#MDonors_TissueBlock1,http://purl.org/ccf/1.5/d237fd29-749e-4734-a925-d36e5d1db31d,small intestine,UBERON:0002108,spatial,https://purl.org/ccf/ASCTB-TEMP_goblet,Goblet,7971.138311999999,0.07124539967480786
https://gtexportal.org/home/tissue/Small_Intestine_Terminal_Ileum#MDonors_TissueBlock1,http://purl.org/ccf/1.5/d237fd29-749e-4734-a925-d36e5d1db31d,small intestine,UBERON:0002108,spatial,https://purl.org/ccf/ASCTB-TEMP_cd4-t-cell,CD4+ T cell,6302.678563999999,0.05633283926814192
https://gtexportal.org/home/tissue/Small_Intestine_Terminal_Ileum#MDonors_TissueBlock1,http://purl.org/ccf/1.5/d237fd29-749e-4734-a925-d36e5d1db31d,small intestine,UBERON:0002108,spatial,https://purl.org/ccf/ASCTB-TEMP_m2-macrophage,M2 Macrophage,5021.044739999999,0.04487769817616379
https://gtexportal.org/home/tissue/Small_Intestine_Terminal_Ileum#MDonors_TissueBlock1,http://purl.org/ccf/1.5/d237fd29-749e-4734-a925-d36e5d1db31d,small intestine,UBERON:0002108,spatial,https://purl.org/ccf/ASCTB-TEMP_plasma,Plasma,4661.642083999999,0.04166538584777781
https://gtexportal.org/home/tissue/Small_Intestine_Terminal_Ileum#MDonors_TissueBlock1,http://purl.org/ccf/1.5/d237fd29-749e-4734-a925-d36e5d1db31d,small intestine,UBERON:0002108,spatial,https://purl.org/ccf/ASCTB-TEMP_b,B,3898.728691999999,0.03484652668327465
https://gtexportal.org/home/tissue/Small_Intestine_Terminal_Ileum#MDonors_TissueBlock1,http://purl.org/ccf/1.5/d237fd29-749e-4734-a925-d36e5d1db31d,small intestine,UBERON:0002108,spatial,https://purl.org/ccf/ASCTB-TEMP_nerve,Nerve,3285.15236,0.02936243027278665
https://gtexportal.org/home/tissue/Small_Intestine_Terminal_Ileum#MDonors_TissueBlock1,http://purl.org/ccf/1.5/d237fd29-749e-4734-a925-d36e5d1db31d,small intestine,UBERON:0002108,spatial,https://purl.org/ccf/ASCTB-TEMP_lymphatic,Lymphatic,2818.08004,0.02518777505882005
https://gtexportal.org/home/tissue/Small_Intestine_Terminal_Ileum#MDonors_TissueBlock1,http://purl.org/ccf/1.5/d237fd29-749e-4734-a925-d36e5d1db31d,small intestine,UBERON:0002108,spatial,https://purl.org/ccf/ASCTB-TEMP_ta,TA,2179.157823999999,0.01947713915484805
https://gtexportal.org/home/tissue/Small_Intestine_Terminal_Ileum#MDonors_TissueBlock1,http://purl.org/ccf/1.5/d237fd29-749e-4734-a925-d36e5d1db31d,small intestine,UBERON:0002108,spatial,https://purl.org/ccf/ASCTB-TEMP_paneth,Paneth,2053.578508,0.01835472122542385
https://gtexportal.org/home/tissue/Small_Intestine_Terminal_Ileum#MDonors_TissueBlock1,http://purl.org/ccf/1.5/d237fd29-749e-4734-a925-d36e5d1db31d,small intestine,UBERON:0002108,spatial,https://purl.org/ccf/ASCTB-TEMP_icc,ICC,2044.289792,0.01827169942126201
https://gtexportal.org/home/tissue/Small_Intestine_Terminal_Ileum#MDonors_TissueBlock1,http://purl.org/ccf/1.5/d237fd29-749e-4734-a925-d36e5d1db31d,small intestine,UBERON:0002108,spatial,https://purl.org/ccf/ASCTB-TEMP_cycling-ta,Cycling TA,2013.65426,0.01799788147504666
https://gtexportal.org/home/tissue/Small_Intestine_Terminal_Ileum#MDonors_TissueBlock1,http://purl.org/ccf/1.5/d237fd29-749e-4734-a925-d36e5d1db31d,small intestine,UBERON:0002108,spatial,https://purl.org/ccf/ASCTB-TEMP_dc,DC,1598.832784,0.01429024014522278
https://gtexportal.org/home/tissue/Small_Intestine_Terminal_Ileum#MDonors_TissueBlock1,http://purl.org/ccf/1.5/d237fd29-749e-4734-a925-d36e5d1db31d,small intestine,UBERON:0002108,spatial,https://purl.org/ccf/ASCTB-TEMP_m1-macrophage,M1 Macrophage,1148.302032,0.01026343214921673
https://gtexportal.org/home/tissue/Small_Intestine_Terminal_Ileum#MDonors_TissueBlock1,http://purl.org/ccf/1.5/d237fd29-749e-4734-a925-d36e5d1db31d,small intestine,UBERON:0002108,spatial,https://purl.org/ccf/ASCTB-TEMP_cd66-enterocyte,CD66+ Enterocyte,1043.440504,0.009326188159657035
https://gtexportal.org/home/tissue/Small_Intestine_Terminal_Ileum#MDonors_TissueBlock1,http://purl.org/ccf/1.5/d237fd29-749e-4734-a925-d36e5d1db31d,small intestine,UBERON:0002108,spatial,https://purl.org/ccf/ASCTB-TEMP_neuroendocrine,Neuroendocrine,628.3318479999999,0.005615980037854677
https://gtexportal.org/home/tissue/Small_Intestine_Terminal_Ileum#MDonors_TissueBlock1,http://purl.org/ccf/1.5/d237fd29-749e-4734-a925-d36e5d1db31d,small intestine,UBERON:0002108,spatial,https://purl.org/ccf/ASCTB-TEMP_neutrophil,Neutrophil,584.9441400000001,0.005228184157712904
https://gtexportal.org/home/tissue/Small_Intestine_Terminal_Ileum#MDonors_TissueBlock1,http://purl.org/ccf/1.5/d237fd29-749e-4734-a925-d36e5d1db31d,small intestine,UBERON:0002108,spatial,https://purl.org/ccf/ASCTB-TEMP_muc1-enterocyte,MUC1+ Enterocyte,318.293012,0.002844877602926534
https://gtexportal.org/home/tissue/Small_Intestine_Terminal_Ileum#MDonors_TissueBlock1,http://purl.org/ccf/1.5/d237fd29-749e-4734-a925-d36e5d1db31d,small intestine,UBERON:0002108,spatial,https://purl.org/ccf/ASCTB-TEMP_nk,NK,282.17338,0.002522043207483543
https://gtexportal.org/home/tissue/Small_Intestine_Terminal_Ileum#MDonors_TissueBlock1,http://purl.org/ccf/1.5/d237fd29-749e-4734-a925-d36e5d1db31d,small intestine,UBERON:0002108,spatial,https://purl.org/ccf/ASCTB-TEMP_cd7-immune,CD7+ Immune,238.304732,0.002129948723907926
https://gtexportal.org/home/tissue/Small_Intestine_Terminal_Ileum#MDonors_TissueBlock1,http://purl.org/ccf/1.5/d237fd29-749e-4734-a925-d36e5d1db31d,small intestine,UBERON:0002108,spatial,https://purl.org/ccf/ASCTB-TEMP_cd57-enterocyte,CD57+ Enterocyte,23.087888,2.063577049881205E-4
