dataset,count_dx,tool,cell_count,tool_cell_count
https://entity.api.hubmapconsortium.org/entities/58167d0f778284d5b95af782bd8132da,-92300,popv,100527,8227
https://entity.api.hubmapconsortium.org/entities/ee6e44b3e6cb77ef1806e722390a01a8,-92300,popv,100527,8227
https://entity.api.hubmapconsortium.org/entities/426940c89892024677d5d26bfbf157a0,-88374,popv,100947,12573
https://entity.api.hubmapconsortium.org/entities/b8afc634e3e2b2a10f759596fa30101c,-88037,popv,100943,12906
https://entity.api.hubmapconsortium.org/entities/668a833e9d3ba0071d8648d6108828df,-85275,popv,100981,15706
https://entity.api.hubmapconsortium.org/entities/8fc6de017a39057be8e19737ce5eff67,-81254,popv,100961,19707
https://entity.api.hubmapconsortium.org/entities/072b4d43162c40f48ee9ef3f341c7269,-78476,popv,100695,22219
https://entity.api.hubmapconsortium.org/entities/a39fed027b51d97f83cec90c63c44744,-74910,popv,100957,26047
https://entity.api.hubmapconsortium.org/entities/23a62a81daa7b6871b4422826d58ce1b,-74909,popv,100957,26048
https://entity.api.hubmapconsortium.org/entities/f7a8e78dea9cf70735059e8b4a179701,-74906,popv,100957,26051
https://entity.api.hubmapconsortium.org/entities/65b09a22752175901f42fe92e84f1c8e,-72570,popv,100858,28288
https://entity.api.hubmapconsortium.org/entities/c939070bed51fbad07814bc5f265d839,-65488,popv,73700,8212
https://entity.api.hubmapconsortium.org/entities/e0bc8680624ee3aa097f52cc0f860f48,-59823,popv,100660,40837
https://entity.api.hubmapconsortium.org/entities/ca35382d67c90d4d9bca1ee16526b1d3,-59481,popv,100608,41127
https://entity.api.hubmapconsortium.org/entities/d8ec264c4660ef7053764f71ae1789d0,-59481,popv,100608,41127
https://entity.api.hubmapconsortium.org/entities/b0f51c557f05bcff69c9eed090c93b79,-57683,popv,100749,43066
https://entity.api.hubmapconsortium.org/entities/85fa094cbdb29173e0a3463dce0790fc,-57682,popv,100749,43067
https://entity.api.hubmapconsortium.org/entities/c6bb00096b0cf40751f9d6003fb730c7,-56489,popv,65248,8759
https://entity.api.hubmapconsortium.org/entities/fd57a928d9f3cee7e95d284f1d5b9935,-55906,popv,63137,7231
https://entity.api.hubmapconsortium.org/entities/d6e6c8e452ed628425e9e928306a6db0,-50599,popv,60348,9749
https://entity.api.hubmapconsortium.org/entities/17f67cb15e59f65e640d85d2f3866cde,-48431,popv,55605,7174
https://entity.api.hubmapconsortium.org/entities/de78115cc476af9422f916ddfbccbfb6,-48431,popv,55605,7174
https://entity.api.hubmapconsortium.org/entities/2d0deacd8be70eefbdc33ac107d97e58,-48269,popv,52534,4265
https://entity.api.hubmapconsortium.org/entities/21043afd6be7ec258f8a9fa1577c41b5,-46892,popv,53637,6745
https://entity.api.hubmapconsortium.org/entities/c616de3ce57804ede2dd519a1c8addf2,-46892,popv,53637,6745
https://entity.api.hubmapconsortium.org/entities/2d3dbd5e5a3d9d5cfc7a46f06815a4eb,-45499,popv,53149,7650
https://entity.api.hubmapconsortium.org/entities/26e1f2991c6f67fa10e9670f1bc0da6a,-45281,popv,49719,4438
https://entity.api.hubmapconsortium.org/entities/35e9bf0f58152ceb6f4d01052ac8867d,-45281,popv,49719,4438
https://entity.api.hubmapconsortium.org/entities/19304b10d9e1f17af19cccb2feb014a5,-45259,popv,53121,7862
https://entity.api.hubmapconsortium.org/entities/7d70a4deb9e2f0592f0c56e20ca91169,-45259,popv,53121,7862
https://entity.api.hubmapconsortium.org/entities/007f3dfaaa287d5c7c227651f61a9c5b,-45236,popv,50859,5623
https://entity.api.hubmapconsortium.org/entities/9e91d1be412466551533cce5594450cb,-45236,popv,50859,5623
https://entity.api.hubmapconsortium.org/entities/6015aa7cd30a4522b7e18ec617617619,-45129,popv,100952,55823
https://entity.api.hubmapconsortium.org/entities/22684b9011fc5aea5cb3f89670a461e8,-44344,popv,50704,6360
https://entity.api.hubmapconsortium.org/entities/8b65acdfecc504e9a96c84643c3ab02c,-44344,popv,50704,6360
https://entity.api.hubmapconsortium.org/entities/84db9a72aba9ae0ef740192ad8747ee3,-43867,popv,100959,57092
https://entity.api.hubmapconsortium.org/entities/b1ac71625c1aba9d819fae1725c27a42,-43438,popv,49449,6011
https://entity.api.hubmapconsortium.org/entities/176edb4b0e16059522f6f087576fbeec,-40195,popv,100921,60726
https://entity.api.hubmapconsortium.org/entities/d171ff8d83f707ecca64ff159c7160a7,-40195,popv,100921,60726
https://entity.api.hubmapconsortium.org/entities/4608ccb9df2505ed8f3ffe02451b4a19,-36910,popv,100984,64074
https://entity.api.hubmapconsortium.org/entities/dd648e4648238b25a7d1062669ea89af,-36908,popv,100984,64076
https://entity.api.hubmapconsortium.org/entities/293d9f9a1a076c616ed91d7251ec831c,-29951,popv,100955,71004
https://entity.api.hubmapconsortium.org/entities/2dac500177620d78ca174c2c1d36a6c8,-29949,popv,100955,71006
https://entity.api.hubmapconsortium.org/entities/4369a119a9c06ea304003a5c3cb3a2e0,-25020,popv,100986,75966
https://entity.api.hubmapconsortium.org/entities/969b81f6dfbc0ed1fc21b00e2997d441,-25019,popv,100986,75967
https://entity.api.hubmapconsortium.org/entities/224e01ccfc20977ee5a6a6a5b96aa7d7,-9311,popv,14298,4987
https://entity.api.hubmapconsortium.org/entities/4c435d2297941eafda7fe30f327f88ec,-9311,popv,14298,4987
https://entity.api.hubmapconsortium.org/entities/61f4223d67ed09c9b167ebeae12c1532,-9311,popv,14298,4987
https://entity.api.hubmapconsortium.org/entities/c40da13b509a43ba96d3a6832f79bf71,-7116,popv,100994,93878
https://entity.api.hubmapconsortium.org/entities/71719ade6924098f772d4063541a50f3,-5642,popv,5995,353
https://entity.api.hubmapconsortium.org/entities/be9a0e3119ea00dc156eff7ca346f46e,-5496,popv,5987,491
https://entity.api.hubmapconsortium.org/entities/3e6bdf82a2c9fb71ee98dff673b505af,-5468,popv,6000,532
https://entity.api.hubmapconsortium.org/entities/57cf1d63bf13e804c38495f02731aa5e,-5182,popv,7000,1818
https://entity.api.hubmapconsortium.org/entities/cd3cd77eec0fc514b236597aee14c508,-5182,popv,7000,1818
https://entity.api.hubmapconsortium.org/entities/5d333ab22f05d83c6a5ba4848a50b058,-4707,popv,6000,1293
https://entity.api.hubmapconsortium.org/entities/38be64fc0790273627f5afa71479868e,-4631,popv,100982,96351
https://entity.api.hubmapconsortium.org/entities/5e2aaccdea5c209e217888f2c20ea64b,-4014,popv,5998,1984
https://entity.api.hubmapconsortium.org/entities/3e1d2641c370e6d6c47ff51d34fe5a58,-3667,popv,5981,2314
https://entity.api.hubmapconsortium.org/entities/f3256b912f001d1b58877100b96e38a2,-3197,popv,6000,2803
https://entity.api.hubmapconsortium.org/entities/baf7cfd920bea2bbc0b6cd7d00ec1789,-2812,popv,5996,3184
https://entity.api.hubmapconsortium.org/entities/2c718a10905c5941d4cc134a7027f808,-2303,popv,6000,3697
https://entity.api.hubmapconsortium.org/entities/d9780d3f4eb9edfe275abaa32ff8633b,-2011,popv,11633,9622
https://entity.api.hubmapconsortium.org/entities/7edbff53248f2a2c8e74f5f955681734,-1929,popv,5995,4066
https://entity.api.hubmapconsortium.org/entities/046251c94ea0e79ee935dd3de57e093c,-1911,popv,13616,11705
https://entity.api.hubmapconsortium.org/entities/2a4bc7e02193ed50cc8d692db06f042d,-1687,popv,6000,4313
https://entity.api.hubmapconsortium.org/entities/f71249f6e349fb9a99a3d4f08541cab4,-1517,popv,9183,7666
https://entity.api.hubmapconsortium.org/entities/93b26f289133669d892d8d8704685899,-1501,popv,3998,2497
https://entity.api.hubmapconsortium.org/entities/a0bfd09a989530ba348d64499adf6a6b,-1501,popv,3998,2497
https://entity.api.hubmapconsortium.org/entities/f412e76986c1012ea9589d545ed8f043,-1335,popv,16047,14712
https://entity.api.hubmapconsortium.org/entities/9a36e5319429ec6aca5a8a9fef401929,-1334,popv,15192,13858
https://entity.api.hubmapconsortium.org/entities/7199675050ce69bc8c4812005ff086f9,-1246,popv,6000,4754
https://entity.api.hubmapconsortium.org/entities/d746afe85a0b4aa92b57fa8497e8f519,-1246,popv,6000,4754
https://entity.api.hubmapconsortium.org/entities/2eca1430db3b9a4129bff717925fe932,-1149,popv,5996,4847
https://entity.api.hubmapconsortium.org/entities/9458b342e7a9bad77887b60ca42b6a26,-942,popv,6000,5058
https://entity.api.hubmapconsortium.org/entities/edfca1e982b712389bcc67d40d148a53,-912,popv,3995,3083
https://entity.api.sennetconsortium.org/entities/7c0457b5cbb0c6b068dcd1b013a33716,-875,popv,7325,6450
https://entity.api.hubmapconsortium.org/entities/5f2a08b1c3ce5d7d880dd19b5eb9d04c,-819,popv,9998,9179
https://entity.api.hubmapconsortium.org/entities/d4b23a7e9ecabca43d99d9b7444b742b,-819,popv,9998,9179
https://entity.api.hubmapconsortium.org/entities/0219f5ba7743f0fc59d027eb23c5187d,-689,popv,8999,8310
https://entity.api.hubmapconsortium.org/entities/2ea554a5a203a6c468431e652823ca1e,-689,popv,8999,8310
https://entity.api.hubmapconsortium.org/entities/6f1b0a72a5e10af1474cec9a8804b8f5,-638,popv,5997,5359
https://entity.api.hubmapconsortium.org/entities/0b1017f6a9d71c4e75125e7144b62795,-586,popv,6997,6411
https://entity.api.hubmapconsortium.org/entities/97effe14bbcac7911a136008c3a7f5cf,-586,popv,6997,6411
https://entity.api.hubmapconsortium.org/entities/29a538c3ddb396dee26188ae1151da46,-500,popv,3190,2690
https://entity.api.hubmapconsortium.org/entities/06f36504b05a954d35eaf5e26be49c42,-497,popv,7998,7501
https://entity.api.hubmapconsortium.org/entities/b30f6ae2e11e7537bcbe8a67ef6c61fe,-497,popv,7998,7501
https://entity.api.hubmapconsortium.org/entities/6204c98529c482e1bb3816559775dc54,-483,popv,7000,6517
https://entity.api.hubmapconsortium.org/entities/c92847b1dcfb19774c9829b0759162b2,-483,popv,7000,6517
https://entity.api.hubmapconsortium.org/entities/922fdad6086766febc2f4a71059d6f82,-468,popv,7999,7531
https://entity.api.hubmapconsortium.org/entities/e10f4899d35a9f39a2963fe9586b5fa4,-468,popv,7999,7531
https://entity.api.hubmapconsortium.org/entities/cd0ad2f9ed2f896e682ecacfbdac01ab,-417,popv,6767,6350
https://entity.api.hubmapconsortium.org/entities/f2647d9533956fdb12da6b1fc6254441,-349,popv,3282,2933
https://entity.api.hubmapconsortium.org/entities/5e919343564577bb99b140142061fd5f,-295,popv,6000,5705
https://entity.api.hubmapconsortium.org/entities/27db7c3986c56c8ce03e71779e7ce698,-284,popv,5988,5704
https://entity.api.sennetconsortium.org/entities/55b89760a86cf5097aeac1d22e72c406,-228,popv,11000,10772
https://entity.api.hubmapconsortium.org/entities/ff5d0d740fea8963e91f2e35c0a85596,-218,popv,5409,5191
https://entity.api.hubmapconsortium.org/entities/2ae126ab16c264352b2d3d2607236b97,-177,popv,6000,5823
https://entity.api.hubmapconsortium.org/entities/8c1ad4c380ae5477d0b7875fa47e867e,-177,popv,5999,5822
https://entity.api.hubmapconsortium.org/entities/319aafd9420a0c1c6f175d6a2ef060a9,-163,popv,8270,8107
https://entity.api.hubmapconsortium.org/entities/b5aaa0ff6cde445a6808dc03e27c9364,-163,popv,12000,11837
https://entity.api.hubmapconsortium.org/entities/3a659cda80f149cbfaf94a0c004c419d,-160,popv,11999,11839
https://entity.api.hubmapconsortium.org/entities/b2e48b3c4cd58eb8abc2fcf0c2a79a98,-160,popv,11999,11839
https://entity.api.hubmapconsortium.org/entities/7fb06c821cf184b08ae44c256c29b362,-154,popv,11998,11844
https://entity.api.hubmapconsortium.org/entities/ae9d6066c8b680aa82e8da8a259fb429,-154,popv,11998,11844
https://entity.api.hubmapconsortium.org/entities/a5729f859fc944c76f77fc74a1710e3b,-149,popv,6000,5851
https://entity.api.hubmapconsortium.org/entities/281adda9fffc6214e76cbc3855a88cd9,-148,popv,5996,5848
https://entity.api.hubmapconsortium.org/entities/ec7cffb518a4a21025dc213ee1a27ff0,-148,popv,5996,5848
https://entity.api.hubmapconsortium.org/entities/3c22b735beed13a206fa6d0af9762564,-124,popv,12000,11876
https://entity.api.hubmapconsortium.org/entities/3cb80d40ef2e56ae4c6f12ea24ce4008,-124,popv,12000,11876
https://entity.api.hubmapconsortium.org/entities/79f087ae551dd72997f174646bb0d5e0,-124,popv,4899,4775
https://entity.api.sennetconsortium.org/entities/49a77ec5055a8878f95f3eedaac94136,-116,popv,6164,6048
https://entity.api.sennetconsortium.org/entities/aaf6fd6d7017710bdf87d9eb43123e9b,-116,popv,6164,6048
https://entity.api.hubmapconsortium.org/entities/37e2a37daa119629991bbc398d00b576,-111,popv,12998,12887
https://entity.api.hubmapconsortium.org/entities/e31177002791e52119acd9e0b2d06f78,-111,popv,12998,12887
https://entity.api.hubmapconsortium.org/entities/0119a79114328c9b2802771bed6611f5,-103,popv,12999,12896
https://entity.api.hubmapconsortium.org/entities/4e8e7086fb06489f040447e27f40dcf3,-103,popv,12999,12896
https://entity.api.hubmapconsortium.org/entities/39cca81a274a06be881734d01dcc7f66,-95,popv,11996,11901
https://entity.api.hubmapconsortium.org/entities/996a59f0f3819e0b8b425de528467407,-95,popv,11996,11901
https://entity.api.hubmapconsortium.org/entities/6f98ad7345f59e9a0a60b6f706b373bb,-87,popv,208,121
https://entity.api.hubmapconsortium.org/entities/6a05e7d78aca48e29e5c5f6cf7c08c58,-84,popv,9000,8916
https://entity.api.hubmapconsortium.org/entities/8f127a10d370ddfbc902313f248721c3,-84,popv,9000,8916
https://entity.api.hubmapconsortium.org/entities/cae2beaf3926759549dbf4128d6b5ebd,-81,popv,5998,5917
https://entity.api.hubmapconsortium.org/entities/37ccf28cb5c06e8ba076f587ee4e50be,-75,popv,8201,8126
https://entity.api.hubmapconsortium.org/entities/53fe8a84564b313d4e8ee90f337129dc,-75,popv,8201,8126
https://entity.api.hubmapconsortium.org/entities/9b20142483d5714c66885b690c00af4f,-67,popv,11000,10933
https://entity.api.hubmapconsortium.org/entities/d6760d3e17a9a0d5126461af7ee63d0b,-67,popv,11000,10933
https://entity.api.hubmapconsortium.org/entities/d48b7990d638dbede870ae9c1976e475,-64,popv,9872,9808
https://entity.api.hubmapconsortium.org/entities/045a7d6bcca6e1d22c7f6dee032ce25a,-62,popv,10999,10937
https://entity.api.hubmapconsortium.org/entities/98fd7493f62883b748e0f37885be0f07,-62,popv,10999,10937
https://entity.api.hubmapconsortium.org/entities/65fff84c7cbf4fda89c1a038f4739edc,-57,popv,9998,9941
https://entity.api.hubmapconsortium.org/entities/7e7d753ec5074f5d7ae987c47f1c3c0b,-57,popv,9998,9941
https://entity.api.hubmapconsortium.org/entities/643d4afbd87752a89d7643faed261aba,-52,popv,9997,9945
https://entity.api.hubmapconsortium.org/entities/e3794812796232ea2f9335c07c9f0aad,-52,popv,9997,9945
https://entity.api.hubmapconsortium.org/entities/f846d8a192affe8580eacd18e4e27897,-52,popv,9998,9946
https://entity.api.hubmapconsortium.org/entities/f8f8401447d60221cef0532952e59b98,-52,popv,9998,9946
https://entity.api.hubmapconsortium.org/entities/abcc3410656bc854cf5e0abdee3de738,-51,popv,5099,5048
https://entity.api.hubmapconsortium.org/entities/1c741950348e7e32df189a67c73360bb,-50,popv,8999,8949
https://entity.api.hubmapconsortium.org/entities/93e233e001463fea35d8617c34da098c,-50,popv,8999,8949
https://entity.api.hubmapconsortium.org/entities/71477f504b0069828a368009fa3ab1ad,-45,popv,1672,1627
https://entity.api.hubmapconsortium.org/entities/f6eb890063d13698feb11d39fa61e45a,-44,popv,6000,5956
https://entity.api.hubmapconsortium.org/entities/2edf11e0b51b157a319a5fdf68b0d3c7,-43,popv,9000,8957
https://entity.api.hubmapconsortium.org/entities/5ee0b172de3ea493e0da2e7f743b3631,-43,popv,9000,8957
https://entity.api.hubmapconsortium.org/entities/0b590c9e3a62178da592e85572e2f1bf,-37,popv,7980,7943
https://entity.api.hubmapconsortium.org/entities/3f3d9117172a7ebda1a57b2d871ce1be,-37,popv,4921,4884
https://entity.api.sennetconsortium.org/entities/dfcaf1bf0bf4a73bfbd37aa1565a0b70,-37,popv,11000,10963
https://entity.api.sennetconsortium.org/entities/939b748d576fe45f5b236f86a068d2e8,-33,popv,9594,9561
https://entity.api.hubmapconsortium.org/entities/f85a3bfcde06f603102506c851dd76a0,-32,popv,5929,5897
https://entity.api.hubmapconsortium.org/entities/0910bfd40695181a73e5059909e46cda,-29,popv,3560,3531
https://entity.api.hubmapconsortium.org/entities/9aed52d22e30b893045fd1f79b3663fb,-28,popv,7980,7952
https://entity.api.hubmapconsortium.org/entities/e81c9c9753998b2ca69e8bceadf2409d,-28,popv,11236,11208
https://entity.api.hubmapconsortium.org/entities/ed630484e46ea49b319c0e1f92140059,-28,popv,11236,11208
https://entity.api.hubmapconsortium.org/entities/3152ddcb811d362113ebb119602f2cd4,-27,popv,4856,4829
https://entity.api.hubmapconsortium.org/entities/453b06e1f62ec3e54d8380e4e974a5a5,-25,popv,10725,10700
https://entity.api.hubmapconsortium.org/entities/d1d10cfa18d059a96365998fe6406ca9,-25,popv,6858,6833
https://entity.api.hubmapconsortium.org/entities/87e85403e3f7a946fc40bdcf5cba8360,-24,popv,6017,5993
https://entity.api.hubmapconsortium.org/entities/faa1acc13943ee9d365b6cc6a3ea889f,-24,popv,4856,4832
https://entity.api.hubmapconsortium.org/entities/2a0db35326925681bfcd269de5a7e835,-18,popv,8999,8981
https://entity.api.hubmapconsortium.org/entities/e7abfa80618f6dffe82267a6ea144c5a,-18,popv,8999,8981
https://entity.api.hubmapconsortium.org/entities/a48ab0bf5d8084da24859c4e64336e9c,-17,popv,3228,3211
https://entity.api.hubmapconsortium.org/entities/d0f164331f53f745cfa3e67bf3feb22d,-17,popv,3228,3211
https://entity.api.hubmapconsortium.org/entities/020117a381ac84a941c974b939ea3115,-16,popv,10996,10980
https://entity.api.hubmapconsortium.org/entities/4c43019216361c99ef2d9c4a1d9b8c6b,-16,popv,11996,11980
https://entity.api.hubmapconsortium.org/entities/87023a2c65ec7aaa439af2a55c77cbb5,-16,popv,10999,10983
https://entity.api.hubmapconsortium.org/entities/a483dd481580fd0dfc3e5aa00426ab58,-16,popv,11996,11980
https://entity.api.hubmapconsortium.org/entities/f4f6e6614dd5645a37eae9dee1d6bbef,-16,popv,10999,10983
https://entity.api.hubmapconsortium.org/entities/f91fddc1041953e0f09a1ede20b58f97,-16,popv,10996,10980
https://entity.api.hubmapconsortium.org/entities/061b6c8f8e76f9be125f0f93e7734642,-14,popv,6000,5986
https://entity.api.hubmapconsortium.org/entities/494be3179855c071121a9307e0e84683,-13,popv,8999,8986
https://entity.api.hubmapconsortium.org/entities/0b0ef5c2b8786644f0b6bdef1c1d7a4f,-11,popv,5097,5086
https://entity.api.hubmapconsortium.org/entities/277152f17b5a2f308820ab4d85c5a426,-11,popv,2119,2108
https://entity.api.hubmapconsortium.org/entities/5d111a1db2f18d507d23e79b993e1e4a,-11,popv,8430,8419
https://entity.api.hubmapconsortium.org/entities/8e2806ca447695e674889dba28506d38,-11,popv,277,266
https://entity.api.hubmapconsortium.org/entities/b340bb5715f967aa74d1b8eaeec0d475,-11,popv,7499,7488
https://entity.api.hubmapconsortium.org/entities/d0c1bd09443c301413f44f7108d20e08,-11,popv,8430,8419
https://entity.api.hubmapconsortium.org/entities/4b3d4efca2e64a650e943c7bf63f9830,-10,popv,8993,8983
https://entity.api.hubmapconsortium.org/entities/67d7b5a3fb4f64a1f714d4369fdedc16,-9,popv,4294,4285
https://entity.api.hubmapconsortium.org/entities/11678046b4e78f95762acc47d3074dc5,-8,popv,6000,5992
https://entity.api.hubmapconsortium.org/entities/3febd011f193673c6f87a60718dd8f96,-8,popv,7499,7491
https://entity.api.hubmapconsortium.org/entities/69d175d24b6b3997cc99fa6531a5fbce,-8,popv,6000,5992
https://entity.api.hubmapconsortium.org/entities/9b03c4c79ef7bcd1e8992cd50ed3f482,-8,popv,4337,4329
https://entity.api.hubmapconsortium.org/entities/032d7b6b0b4c3c66772c7dbee2fe9606,-7,popv,464,457
https://entity.api.hubmapconsortium.org/entities/4b16c24a3997ea8754921b0f1d60bc4d,-7,popv,6601,6594
https://entity.api.hubmapconsortium.org/entities/5018361bf80fb257d39cea6f4425bbae,-7,popv,10996,10989
https://entity.api.hubmapconsortium.org/entities/6c57274e7a40413dc042ec32442a228b,-7,popv,12999,12992
https://entity.api.hubmapconsortium.org/entities/9305d53ae8c0dd565a088cd45f20e0c8,-7,popv,6601,6594
https://entity.api.hubmapconsortium.org/entities/d67c61063b82f6479e93133bdd8949fb,-7,popv,16000,15993
https://entity.api.hubmapconsortium.org/entities/e73d3a3ccb7d5f8ca8a0df5eb2724f94,-7,popv,10996,10989
https://entity.api.hubmapconsortium.org/entities/0f35f3bd23a8f773c7213d558338e74d,-6,popv,6997,6991
https://entity.api.hubmapconsortium.org/entities/4c4a3047474bf43ea46ca99157c460e1,-6,popv,3188,3182
https://entity.api.hubmapconsortium.org/entities/18b8ab61674cf05024456cde49ac67bb,-5,popv,12997,12992
https://entity.api.hubmapconsortium.org/entities/39d51c436734e5750bf84553ef7eaf85,-5,popv,4434,4429
https://entity.api.hubmapconsortium.org/entities/425f83d73a8c5786810c0272c0c207c4,-5,popv,11997,11992
https://entity.api.hubmapconsortium.org/entities/4fd71a24a7a81141700b26e9a9890172,-5,popv,5999,5994
https://entity.api.hubmapconsortium.org/entities/5e47d518f078be2553080b88d8b33323,-5,popv,11997,11992
https://entity.api.hubmapconsortium.org/entities/c7b84545e944c05c781540c3166f780f,-5,popv,12997,12992
https://entity.api.sennetconsortium.org/entities/1ffd4842e6a1643f538f42eb7fff5bbc,-5,popv,3140,3135
https://entity.api.hubmapconsortium.org/entities/266d58d22549461cd454c32084b9f7fe,-4,popv,3478,3474
https://entity.api.hubmapconsortium.org/entities/48bdce10978fb6c94a513987ab657031,-4,popv,10000,9996
https://entity.api.hubmapconsortium.org/entities/5952a8d5dd376b81baaf5f9b784c1cd4,-4,popv,10995,10991
https://entity.api.hubmapconsortium.org/entities/6f289cf6ba3614682e8d5f6c8e93ebb1,-4,popv,4227,4223
https://entity.api.hubmapconsortium.org/entities/811e4fd5a09896edcb70814a582e85e4,-4,popv,2449,2445
https://entity.api.hubmapconsortium.org/entities/90842f728f8bf896fe5a86e902e00f4e,-4,popv,10000,9996
https://entity.api.hubmapconsortium.org/entities/9308dab31ff0b18325f79a671cd6d833,-4,popv,9045,9041
https://entity.api.hubmapconsortium.org/entities/bb10cd1926335fb8fb20bfc041337681,-4,popv,10995,10991
https://entity.api.hubmapconsortium.org/entities/056c97623fca0f1414572b68aca69cee,-3,popv,13999,13996
https://entity.api.hubmapconsortium.org/entities/0a0eb095c8e7f7c890da20184d7527cb,-3,popv,5998,5995
https://entity.api.hubmapconsortium.org/entities/174c43df28ab2ab737471d00a65d7730,-3,popv,1999,1996
https://entity.api.hubmapconsortium.org/entities/4e9a64e657cca28ad36bd2c62693b6e0,-3,popv,4300,4297
https://entity.api.hubmapconsortium.org/entities/56060793c38c82d8c312e5e05d5d189b,-3,popv,18993,18990
https://entity.api.hubmapconsortium.org/entities/578f1282276ddc1cc4c4817e4950f13c,-3,popv,10998,10995
https://entity.api.hubmapconsortium.org/entities/79bf632f74be9a08676131877d919127,-3,popv,5999,5996
https://entity.api.hubmapconsortium.org/entities/81d8286998779f11d424210f19276941,-3,popv,2749,2746
https://entity.api.hubmapconsortium.org/entities/8ae1c6747fb4f469edd91f1f23f65d24,-3,popv,5999,5996
https://entity.api.hubmapconsortium.org/entities/8ccdee5587a477c482be2e6e19dddf7a,-3,popv,3993,3990
https://entity.api.hubmapconsortium.org/entities/a56498f8e577a6caed934c83cbbb0bb3,-3,popv,1464,1461
https://entity.api.hubmapconsortium.org/entities/ae24a29456fe677fcb97a4468eba922a,-3,popv,975,972
https://entity.api.hubmapconsortium.org/entities/e855a116375f67684fb25be9600e455b,-3,popv,13999,13996
https://entity.api.hubmapconsortium.org/entities/089ebad7c98cebe22f6d97b246fb45c6,-2,popv,204,202
https://entity.api.hubmapconsortium.org/entities/237b8f24c23821690519af862cf25a9f,-2,popv,8688,8686
https://entity.api.hubmapconsortium.org/entities/24f6fc63d7f0444d459de7f419701e86,-2,popv,1689,1687
https://entity.api.hubmapconsortium.org/entities/3de525fe3e5718f297e8d62e037a042d,-2,popv,6000,5998
https://entity.api.hubmapconsortium.org/entities/3ff97368165004ae9e3b799cef261a2a,-2,popv,18988,18986
https://entity.api.hubmapconsortium.org/entities/43b15fb53db3518a5b1b0dcd4a63ddda,-2,popv,10992,10990
https://entity.api.hubmapconsortium.org/entities/7b4d9ca7452ea1303ecca268db1fccba,-2,popv,20000,19998
https://entity.api.hubmapconsortium.org/entities/a24771788dc2d572e267badeb701161d,-2,popv,276,274
https://entity.api.hubmapconsortium.org/entities/b5875c58fe4e471ffa9c522730c5e22a,-2,popv,20000,19998
https://entity.api.hubmapconsortium.org/entities/f9848244883f6c70972acef16680431a,-2,popv,8688,8686
https://entity.api.hubmapconsortium.org/entities/ffade7fd19cebd25cd9a9fab2111cb09,-2,popv,22998,22996
https://entity.api.hubmapconsortium.org/entities/04968c1fe0149ee367b0e53af55763e4,-1,popv,3023,3022
https://entity.api.hubmapconsortium.org/entities/6751b407aa567865e4aa0bff3bd80a78,-1,popv,1872,1871
https://entity.api.hubmapconsortium.org/entities/846e56ed969922f1cb7a81619b175620,-1,popv,346,345
https://entity.api.hubmapconsortium.org/entities/a44f5dbe2472dac447b0f91a24da8b30,-1,popv,17996,17995
https://entity.api.hubmapconsortium.org/entities/b1a0bb5adb99161eb40f977358187c6d,-1,popv,2709,2708
https://entity.api.hubmapconsortium.org/entities/b23c6f176280ad4c9fe8f74509cb6cf6,-1,popv,203,202
https://entity.api.hubmapconsortium.org/entities/ec9405ca3fa9c22273927f0d57c8cc97,-1,popv,5999,5998
https://api.cellxgene.cziscience.com/dp/v1/collections/625f6bf4-2f33-4942-962e-35243d284837#D032$lung,0,azimuth,4970,4970
https://api.cellxgene.cziscience.com/dp/v1/collections/625f6bf4-2f33-4942-962e-35243d284837#D032$lung,0,celltypist,4970,4970
https://api.cellxgene.cziscience.com/dp/v1/collections/625f6bf4-2f33-4942-962e-35243d284837#D032$lung,0,popv,4970,4970
https://api.cellxgene.cziscience.com/dp/v1/collections/625f6bf4-2f33-4942-962e-35243d284837#D046$lung,0,azimuth,8894,8894
https://api.cellxgene.cziscience.com/dp/v1/collections/625f6bf4-2f33-4942-962e-35243d284837#D046$lung,0,celltypist,8894,8894
https://api.cellxgene.cziscience.com/dp/v1/collections/625f6bf4-2f33-4942-962e-35243d284837#D062$lung,0,azimuth,4852,4852
https://api.cellxgene.cziscience.com/dp/v1/collections/625f6bf4-2f33-4942-962e-35243d284837#D062$lung,0,celltypist,4852,4852
https://api.cellxgene.cziscience.com/dp/v1/collections/625f6bf4-2f33-4942-962e-35243d284837#D062$lung,0,popv,4852,4852
https://api.cellxgene.cziscience.com/dp/v1/collections/625f6bf4-2f33-4942-962e-35243d284837#D088$lung,0,azimuth,5903,5903
https://api.cellxgene.cziscience.com/dp/v1/collections/625f6bf4-2f33-4942-962e-35243d284837#D088$lung,0,celltypist,5903,5903
https://api.cellxgene.cziscience.com/dp/v1/collections/625f6bf4-2f33-4942-962e-35243d284837#D088$lung,0,popv,5903,5903
https://api.cellxgene.cziscience.com/dp/v1/collections/625f6bf4-2f33-4942-962e-35243d284837#D122$lung,0,azimuth,3935,3935
https://api.cellxgene.cziscience.com/dp/v1/collections/625f6bf4-2f33-4942-962e-35243d284837#D122$lung,0,celltypist,3935,3935
https://api.cellxgene.cziscience.com/dp/v1/collections/625f6bf4-2f33-4942-962e-35243d284837#D122$lung,0,popv,3935,3935
https://api.cellxgene.cziscience.com/dp/v1/collections/625f6bf4-2f33-4942-962e-35243d284837#D139$lung,0,celltypist,5217,5217
https://api.cellxgene.cziscience.com/dp/v1/collections/625f6bf4-2f33-4942-962e-35243d284837#D139$lung,0,popv,5217,5217
https://api.cellxgene.cziscience.com/dp/v1/collections/625f6bf4-2f33-4942-962e-35243d284837#D150$lung,0,azimuth,6271,6271
https://api.cellxgene.cziscience.com/dp/v1/collections/625f6bf4-2f33-4942-962e-35243d284837#D150$lung,0,celltypist,6271,6271
https://api.cellxgene.cziscience.com/dp/v1/collections/625f6bf4-2f33-4942-962e-35243d284837#D150$lung,0,popv,6271,6271
https://api.cellxgene.cziscience.com/dp/v1/collections/625f6bf4-2f33-4942-962e-35243d284837#D175$lung,0,azimuth,1778,1778
https://api.cellxgene.cziscience.com/dp/v1/collections/625f6bf4-2f33-4942-962e-35243d284837#D175$lung,0,celltypist,1778,1778
https://api.cellxgene.cziscience.com/dp/v1/collections/625f6bf4-2f33-4942-962e-35243d284837#D175$lung,0,popv,1778,1778
https://api.cellxgene.cziscience.com/dp/v1/collections/625f6bf4-2f33-4942-962e-35243d284837#D231$lung,0,azimuth,4680,4680
https://api.cellxgene.cziscience.com/dp/v1/collections/625f6bf4-2f33-4942-962e-35243d284837#D231$lung,0,celltypist,4680,4680
https://api.cellxgene.cziscience.com/dp/v1/collections/625f6bf4-2f33-4942-962e-35243d284837#D231$lung,0,popv,4680,4680
https://api.cellxgene.cziscience.com/dp/v1/collections/b52eb423-5d0d-4645-b217-e1c6d38b2e72#D1$apex%20of%20heart,0,azimuth,3220,3220
https://api.cellxgene.cziscience.com/dp/v1/collections/b52eb423-5d0d-4645-b217-e1c6d38b2e72#D1$apex%20of%20heart,0,celltypist,3220,3220
https://api.cellxgene.cziscience.com/dp/v1/collections/b52eb423-5d0d-4645-b217-e1c6d38b2e72#D1$apex%20of%20heart,0,popv,3220,3220
https://api.cellxgene.cziscience.com/dp/v1/collections/b52eb423-5d0d-4645-b217-e1c6d38b2e72#D1$heart%20left%20ventricle,0,azimuth,7690,7690
https://api.cellxgene.cziscience.com/dp/v1/collections/b52eb423-5d0d-4645-b217-e1c6d38b2e72#D1$heart%20left%20ventricle,0,celltypist,7690,7690
https://api.cellxgene.cziscience.com/dp/v1/collections/b52eb423-5d0d-4645-b217-e1c6d38b2e72#D1$heart%20left%20ventricle,0,popv,7690,7690
https://api.cellxgene.cziscience.com/dp/v1/collections/b52eb423-5d0d-4645-b217-e1c6d38b2e72#D1$heart%20right%20ventricle,0,azimuth,3420,3420
https://api.cellxgene.cziscience.com/dp/v1/collections/b52eb423-5d0d-4645-b217-e1c6d38b2e72#D1$heart%20right%20ventricle,0,celltypist,3420,3420
https://api.cellxgene.cziscience.com/dp/v1/collections/b52eb423-5d0d-4645-b217-e1c6d38b2e72#D1$heart%20right%20ventricle,0,popv,3420,3420
https://api.cellxgene.cziscience.com/dp/v1/collections/b52eb423-5d0d-4645-b217-e1c6d38b2e72#D1$left%20cardiac%20atrium,0,azimuth,1067,1067
https://api.cellxgene.cziscience.com/dp/v1/collections/b52eb423-5d0d-4645-b217-e1c6d38b2e72#D1$left%20cardiac%20atrium,0,celltypist,1067,1067
https://api.cellxgene.cziscience.com/dp/v1/collections/b52eb423-5d0d-4645-b217-e1c6d38b2e72#D1$left%20cardiac%20atrium,0,popv,1067,1067
https://api.cellxgene.cziscience.com/dp/v1/collections/b52eb423-5d0d-4645-b217-e1c6d38b2e72#D11$apex%20of%20heart,0,azimuth,18529,18529
https://api.cellxgene.cziscience.com/dp/v1/collections/b52eb423-5d0d-4645-b217-e1c6d38b2e72#D11$apex%20of%20heart,0,celltypist,18529,18529
https://api.cellxgene.cziscience.com/dp/v1/collections/b52eb423-5d0d-4645-b217-e1c6d38b2e72#D11$apex%20of%20heart,0,popv,18529,18529
https://api.cellxgene.cziscience.com/dp/v1/collections/b52eb423-5d0d-4645-b217-e1c6d38b2e72#D11$heart%20left%20ventricle,0,azimuth,3444,3444
https://api.cellxgene.cziscience.com/dp/v1/collections/b52eb423-5d0d-4645-b217-e1c6d38b2e72#D11$heart%20left%20ventricle,0,celltypist,3444,3444
https://api.cellxgene.cziscience.com/dp/v1/collections/b52eb423-5d0d-4645-b217-e1c6d38b2e72#D11$heart%20left%20ventricle,0,popv,3444,3444
https://api.cellxgene.cziscience.com/dp/v1/collections/b52eb423-5d0d-4645-b217-e1c6d38b2e72#D11$heart%20right%20ventricle,0,celltypist,7437,7437
https://api.cellxgene.cziscience.com/dp/v1/collections/b52eb423-5d0d-4645-b217-e1c6d38b2e72#D11$heart%20right%20ventricle,0,popv,7437,7437
https://api.cellxgene.cziscience.com/dp/v1/collections/b52eb423-5d0d-4645-b217-e1c6d38b2e72#D11$interventricular%20septum,0,azimuth,15458,15458
https://api.cellxgene.cziscience.com/dp/v1/collections/b52eb423-5d0d-4645-b217-e1c6d38b2e72#D11$interventricular%20septum,0,popv,15458,15458
https://api.cellxgene.cziscience.com/dp/v1/collections/b52eb423-5d0d-4645-b217-e1c6d38b2e72#D11$left%20cardiac%20atrium,0,azimuth,3569,3569
https://api.cellxgene.cziscience.com/dp/v1/collections/b52eb423-5d0d-4645-b217-e1c6d38b2e72#D11$left%20cardiac%20atrium,0,celltypist,3569,3569
https://api.cellxgene.cziscience.com/dp/v1/collections/b52eb423-5d0d-4645-b217-e1c6d38b2e72#D11$left%20cardiac%20atrium,0,popv,3569,3569
https://api.cellxgene.cziscience.com/dp/v1/collections/b52eb423-5d0d-4645-b217-e1c6d38b2e72#D11$right%20cardiac%20atrium,0,azimuth,493,493
https://api.cellxgene.cziscience.com/dp/v1/collections/b52eb423-5d0d-4645-b217-e1c6d38b2e72#D11$right%20cardiac%20atrium,0,celltypist,493,493
https://api.cellxgene.cziscience.com/dp/v1/collections/b52eb423-5d0d-4645-b217-e1c6d38b2e72#D2$apex%20of%20heart,0,azimuth,8909,8909
https://api.cellxgene.cziscience.com/dp/v1/collections/b52eb423-5d0d-4645-b217-e1c6d38b2e72#D2$apex%20of%20heart,0,celltypist,8909,8909
https://api.cellxgene.cziscience.com/dp/v1/collections/b52eb423-5d0d-4645-b217-e1c6d38b2e72#D2$apex%20of%20heart,0,popv,8909,8909
https://api.cellxgene.cziscience.com/dp/v1/collections/b52eb423-5d0d-4645-b217-e1c6d38b2e72#D2$heart%20left%20ventricle,0,azimuth,7490,7490
https://api.cellxgene.cziscience.com/dp/v1/collections/b52eb423-5d0d-4645-b217-e1c6d38b2e72#D2$heart%20left%20ventricle,0,celltypist,7490,7490
https://api.cellxgene.cziscience.com/dp/v1/collections/b52eb423-5d0d-4645-b217-e1c6d38b2e72#D2$heart%20left%20ventricle,0,popv,7490,7490
https://api.cellxgene.cziscience.com/dp/v1/collections/b52eb423-5d0d-4645-b217-e1c6d38b2e72#D2$heart%20right%20ventricle,0,azimuth,6450,6450
https://api.cellxgene.cziscience.com/dp/v1/collections/b52eb423-5d0d-4645-b217-e1c6d38b2e72#D2$heart%20right%20ventricle,0,celltypist,6450,6450
https://api.cellxgene.cziscience.com/dp/v1/collections/b52eb423-5d0d-4645-b217-e1c6d38b2e72#D2$heart%20right%20ventricle,0,popv,6450,6450
https://api.cellxgene.cziscience.com/dp/v1/collections/b52eb423-5d0d-4645-b217-e1c6d38b2e72#D2$interventricular%20septum,0,azimuth,7081,7081
https://api.cellxgene.cziscience.com/dp/v1/collections/b52eb423-5d0d-4645-b217-e1c6d38b2e72#D2$interventricular%20septum,0,celltypist,7081,7081
https://api.cellxgene.cziscience.com/dp/v1/collections/b52eb423-5d0d-4645-b217-e1c6d38b2e72#D2$interventricular%20septum,0,popv,7081,7081
https://api.cellxgene.cziscience.com/dp/v1/collections/b52eb423-5d0d-4645-b217-e1c6d38b2e72#D2$left%20cardiac%20atrium,0,azimuth,8501,8501
https://api.cellxgene.cziscience.com/dp/v1/collections/b52eb423-5d0d-4645-b217-e1c6d38b2e72#D2$left%20cardiac%20atrium,0,popv,8501,8501
https://api.cellxgene.cziscience.com/dp/v1/collections/b52eb423-5d0d-4645-b217-e1c6d38b2e72#D2$right%20cardiac%20atrium,0,azimuth,4712,4712
https://api.cellxgene.cziscience.com/dp/v1/collections/b52eb423-5d0d-4645-b217-e1c6d38b2e72#D2$right%20cardiac%20atrium,0,celltypist,4712,4712
https://api.cellxgene.cziscience.com/dp/v1/collections/b52eb423-5d0d-4645-b217-e1c6d38b2e72#D2$right%20cardiac%20atrium,0,popv,4712,4712
https://api.cellxgene.cziscience.com/dp/v1/collections/b52eb423-5d0d-4645-b217-e1c6d38b2e72#D3$apex%20of%20heart,0,azimuth,5031,5031
https://api.cellxgene.cziscience.com/dp/v1/collections/b52eb423-5d0d-4645-b217-e1c6d38b2e72#D3$apex%20of%20heart,0,celltypist,5031,5031
https://api.cellxgene.cziscience.com/dp/v1/collections/b52eb423-5d0d-4645-b217-e1c6d38b2e72#D3$apex%20of%20heart,0,popv,5031,5031
https://api.cellxgene.cziscience.com/dp/v1/collections/b52eb423-5d0d-4645-b217-e1c6d38b2e72#D3$heart%20left%20ventricle,0,azimuth,7605,7605
https://api.cellxgene.cziscience.com/dp/v1/collections/b52eb423-5d0d-4645-b217-e1c6d38b2e72#D3$heart%20left%20ventricle,0,celltypist,7605,7605
https://api.cellxgene.cziscience.com/dp/v1/collections/b52eb423-5d0d-4645-b217-e1c6d38b2e72#D3$heart%20left%20ventricle,0,popv,7605,7605
https://api.cellxgene.cziscience.com/dp/v1/collections/b52eb423-5d0d-4645-b217-e1c6d38b2e72#D3$heart%20right%20ventricle,0,azimuth,1970,1970
https://api.cellxgene.cziscience.com/dp/v1/collections/b52eb423-5d0d-4645-b217-e1c6d38b2e72#D3$heart%20right%20ventricle,0,celltypist,1970,1970
https://api.cellxgene.cziscience.com/dp/v1/collections/b52eb423-5d0d-4645-b217-e1c6d38b2e72#D3$heart%20right%20ventricle,0,popv,1970,1970
https://api.cellxgene.cziscience.com/dp/v1/collections/b52eb423-5d0d-4645-b217-e1c6d38b2e72#D3$interventricular%20septum,0,azimuth,2475,2475
https://api.cellxgene.cziscience.com/dp/v1/collections/b52eb423-5d0d-4645-b217-e1c6d38b2e72#D3$interventricular%20septum,0,celltypist,2475,2475
https://api.cellxgene.cziscience.com/dp/v1/collections/b52eb423-5d0d-4645-b217-e1c6d38b2e72#D3$interventricular%20septum,0,popv,2475,2475
https://api.cellxgene.cziscience.com/dp/v1/collections/b52eb423-5d0d-4645-b217-e1c6d38b2e72#D3$left%20cardiac%20atrium,0,azimuth,3503,3503
https://api.cellxgene.cziscience.com/dp/v1/collections/b52eb423-5d0d-4645-b217-e1c6d38b2e72#D3$left%20cardiac%20atrium,0,celltypist,3503,3503
https://api.cellxgene.cziscience.com/dp/v1/collections/b52eb423-5d0d-4645-b217-e1c6d38b2e72#D3$left%20cardiac%20atrium,0,popv,3503,3503
https://api.cellxgene.cziscience.com/dp/v1/collections/b52eb423-5d0d-4645-b217-e1c6d38b2e72#D3$right%20cardiac%20atrium,0,azimuth,6438,6438
https://api.cellxgene.cziscience.com/dp/v1/collections/b52eb423-5d0d-4645-b217-e1c6d38b2e72#D3$right%20cardiac%20atrium,0,celltypist,6438,6438
https://api.cellxgene.cziscience.com/dp/v1/collections/b52eb423-5d0d-4645-b217-e1c6d38b2e72#D3$right%20cardiac%20atrium,0,popv,6438,6438
https://api.cellxgene.cziscience.com/dp/v1/collections/b52eb423-5d0d-4645-b217-e1c6d38b2e72#D4$apex%20of%20heart,0,azimuth,5354,5354
https://api.cellxgene.cziscience.com/dp/v1/collections/b52eb423-5d0d-4645-b217-e1c6d38b2e72#D4$apex%20of%20heart,0,celltypist,5354,5354
https://api.cellxgene.cziscience.com/dp/v1/collections/b52eb423-5d0d-4645-b217-e1c6d38b2e72#D4$apex%20of%20heart,0,popv,5354,5354
https://api.cellxgene.cziscience.com/dp/v1/collections/b52eb423-5d0d-4645-b217-e1c6d38b2e72#D4$heart%20left%20ventricle,0,azimuth,4331,4331
https://api.cellxgene.cziscience.com/dp/v1/collections/b52eb423-5d0d-4645-b217-e1c6d38b2e72#D4$heart%20left%20ventricle,0,celltypist,4331,4331
https://api.cellxgene.cziscience.com/dp/v1/collections/b52eb423-5d0d-4645-b217-e1c6d38b2e72#D4$heart%20left%20ventricle,0,popv,4331,4331
https://api.cellxgene.cziscience.com/dp/v1/collections/b52eb423-5d0d-4645-b217-e1c6d38b2e72#D4$heart%20right%20ventricle,0,azimuth,5493,5493
https://api.cellxgene.cziscience.com/dp/v1/collections/b52eb423-5d0d-4645-b217-e1c6d38b2e72#D4$heart%20right%20ventricle,0,celltypist,5493,5493
https://api.cellxgene.cziscience.com/dp/v1/collections/b52eb423-5d0d-4645-b217-e1c6d38b2e72#D4$heart%20right%20ventricle,0,popv,5493,5493
https://api.cellxgene.cziscience.com/dp/v1/collections/b52eb423-5d0d-4645-b217-e1c6d38b2e72#D4$interventricular%20septum,0,azimuth,4841,4841
https://api.cellxgene.cziscience.com/dp/v1/collections/b52eb423-5d0d-4645-b217-e1c6d38b2e72#D4$interventricular%20septum,0,celltypist,4841,4841
https://api.cellxgene.cziscience.com/dp/v1/collections/b52eb423-5d0d-4645-b217-e1c6d38b2e72#D4$interventricular%20septum,0,popv,4841,4841
https://api.cellxgene.cziscience.com/dp/v1/collections/b52eb423-5d0d-4645-b217-e1c6d38b2e72#D4$left%20cardiac%20atrium,0,azimuth,5116,5116
https://api.cellxgene.cziscience.com/dp/v1/collections/b52eb423-5d0d-4645-b217-e1c6d38b2e72#D4$left%20cardiac%20atrium,0,celltypist,5116,5116
https://api.cellxgene.cziscience.com/dp/v1/collections/b52eb423-5d0d-4645-b217-e1c6d38b2e72#D4$left%20cardiac%20atrium,0,popv,5116,5116
https://api.cellxgene.cziscience.com/dp/v1/collections/b52eb423-5d0d-4645-b217-e1c6d38b2e72#D4$right%20cardiac%20atrium,0,azimuth,3763,3763
https://api.cellxgene.cziscience.com/dp/v1/collections/b52eb423-5d0d-4645-b217-e1c6d38b2e72#D4$right%20cardiac%20atrium,0,celltypist,3763,3763
https://api.cellxgene.cziscience.com/dp/v1/collections/b52eb423-5d0d-4645-b217-e1c6d38b2e72#D4$right%20cardiac%20atrium,0,popv,3763,3763
https://api.cellxgene.cziscience.com/dp/v1/collections/b52eb423-5d0d-4645-b217-e1c6d38b2e72#D5$apex%20of%20heart,0,azimuth,4371,4371
https://api.cellxgene.cziscience.com/dp/v1/collections/b52eb423-5d0d-4645-b217-e1c6d38b2e72#D5$apex%20of%20heart,0,celltypist,4371,4371
https://api.cellxgene.cziscience.com/dp/v1/collections/b52eb423-5d0d-4645-b217-e1c6d38b2e72#D5$apex%20of%20heart,0,popv,4371,4371
https://api.cellxgene.cziscience.com/dp/v1/collections/b52eb423-5d0d-4645-b217-e1c6d38b2e72#D5$heart%20left%20ventricle,0,azimuth,6415,6415
https://api.cellxgene.cziscience.com/dp/v1/collections/b52eb423-5d0d-4645-b217-e1c6d38b2e72#D5$heart%20left%20ventricle,0,celltypist,6415,6415
https://api.cellxgene.cziscience.com/dp/v1/collections/b52eb423-5d0d-4645-b217-e1c6d38b2e72#D5$heart%20left%20ventricle,0,popv,6415,6415
https://api.cellxgene.cziscience.com/dp/v1/collections/b52eb423-5d0d-4645-b217-e1c6d38b2e72#D5$heart%20right%20ventricle,0,azimuth,4259,4259
https://api.cellxgene.cziscience.com/dp/v1/collections/b52eb423-5d0d-4645-b217-e1c6d38b2e72#D5$heart%20right%20ventricle,0,celltypist,4259,4259
https://api.cellxgene.cziscience.com/dp/v1/collections/b52eb423-5d0d-4645-b217-e1c6d38b2e72#D5$heart%20right%20ventricle,0,popv,4259,4259
https://api.cellxgene.cziscience.com/dp/v1/collections/b52eb423-5d0d-4645-b217-e1c6d38b2e72#D5$interventricular%20septum,0,azimuth,3548,3548
https://api.cellxgene.cziscience.com/dp/v1/collections/b52eb423-5d0d-4645-b217-e1c6d38b2e72#D5$interventricular%20septum,0,celltypist,3548,3548
https://api.cellxgene.cziscience.com/dp/v1/collections/b52eb423-5d0d-4645-b217-e1c6d38b2e72#D5$interventricular%20septum,0,popv,3548,3548
https://api.cellxgene.cziscience.com/dp/v1/collections/b52eb423-5d0d-4645-b217-e1c6d38b2e72#D5$left%20cardiac%20atrium,0,azimuth,5052,5052
https://api.cellxgene.cziscience.com/dp/v1/collections/b52eb423-5d0d-4645-b217-e1c6d38b2e72#D5$left%20cardiac%20atrium,0,celltypist,5052,5052
https://api.cellxgene.cziscience.com/dp/v1/collections/b52eb423-5d0d-4645-b217-e1c6d38b2e72#D5$left%20cardiac%20atrium,0,popv,5052,5052
https://api.cellxgene.cziscience.com/dp/v1/collections/b52eb423-5d0d-4645-b217-e1c6d38b2e72#D5$right%20cardiac%20atrium,0,azimuth,5154,5154
https://api.cellxgene.cziscience.com/dp/v1/collections/b52eb423-5d0d-4645-b217-e1c6d38b2e72#D5$right%20cardiac%20atrium,0,celltypist,5154,5154
https://api.cellxgene.cziscience.com/dp/v1/collections/b52eb423-5d0d-4645-b217-e1c6d38b2e72#D5$right%20cardiac%20atrium,0,popv,5154,5154
https://api.cellxgene.cziscience.com/dp/v1/collections/b52eb423-5d0d-4645-b217-e1c6d38b2e72#D6$apex%20of%20heart,0,celltypist,19610,19610
https://api.cellxgene.cziscience.com/dp/v1/collections/b52eb423-5d0d-4645-b217-e1c6d38b2e72#D6$apex%20of%20heart,0,popv,19610,19610
https://api.cellxgene.cziscience.com/dp/v1/collections/b52eb423-5d0d-4645-b217-e1c6d38b2e72#D6$heart%20left%20ventricle,0,azimuth,12491,12491
https://api.cellxgene.cziscience.com/dp/v1/collections/b52eb423-5d0d-4645-b217-e1c6d38b2e72#D6$heart%20left%20ventricle,0,celltypist,12491,12491
https://api.cellxgene.cziscience.com/dp/v1/collections/b52eb423-5d0d-4645-b217-e1c6d38b2e72#D6$heart%20left%20ventricle,0,popv,12491,12491
https://api.cellxgene.cziscience.com/dp/v1/collections/b52eb423-5d0d-4645-b217-e1c6d38b2e72#D6$heart%20right%20ventricle,0,azimuth,13192,13192
https://api.cellxgene.cziscience.com/dp/v1/collections/b52eb423-5d0d-4645-b217-e1c6d38b2e72#D6$heart%20right%20ventricle,0,celltypist,13192,13192
https://api.cellxgene.cziscience.com/dp/v1/collections/b52eb423-5d0d-4645-b217-e1c6d38b2e72#D6$heart%20right%20ventricle,0,popv,13192,13192
https://api.cellxgene.cziscience.com/dp/v1/collections/b52eb423-5d0d-4645-b217-e1c6d38b2e72#D6$interventricular%20septum,0,celltypist,12147,12147
https://api.cellxgene.cziscience.com/dp/v1/collections/b52eb423-5d0d-4645-b217-e1c6d38b2e72#D6$interventricular%20septum,0,popv,12147,12147
https://api.cellxgene.cziscience.com/dp/v1/collections/b52eb423-5d0d-4645-b217-e1c6d38b2e72#D6$left%20cardiac%20atrium,0,azimuth,17611,17611
https://api.cellxgene.cziscience.com/dp/v1/collections/b52eb423-5d0d-4645-b217-e1c6d38b2e72#D6$left%20cardiac%20atrium,0,celltypist,17611,17611
https://api.cellxgene.cziscience.com/dp/v1/collections/b52eb423-5d0d-4645-b217-e1c6d38b2e72#D6$left%20cardiac%20atrium,0,popv,17611,17611
https://api.cellxgene.cziscience.com/dp/v1/collections/b52eb423-5d0d-4645-b217-e1c6d38b2e72#D6$right%20cardiac%20atrium,0,azimuth,4599,4599
https://api.cellxgene.cziscience.com/dp/v1/collections/b52eb423-5d0d-4645-b217-e1c6d38b2e72#D6$right%20cardiac%20atrium,0,celltypist,4599,4599
https://api.cellxgene.cziscience.com/dp/v1/collections/b52eb423-5d0d-4645-b217-e1c6d38b2e72#D6$right%20cardiac%20atrium,0,popv,4599,4599
https://api.cellxgene.cziscience.com/dp/v1/collections/b52eb423-5d0d-4645-b217-e1c6d38b2e72#D7$apex%20of%20heart,0,azimuth,7074,7074
https://api.cellxgene.cziscience.com/dp/v1/collections/b52eb423-5d0d-4645-b217-e1c6d38b2e72#D7$apex%20of%20heart,0,celltypist,7074,7074
https://api.cellxgene.cziscience.com/dp/v1/collections/b52eb423-5d0d-4645-b217-e1c6d38b2e72#D7$apex%20of%20heart,0,popv,7074,7074
https://api.cellxgene.cziscience.com/dp/v1/collections/b52eb423-5d0d-4645-b217-e1c6d38b2e72#D7$heart%20left%20ventricle,0,azimuth,4542,4542
https://api.cellxgene.cziscience.com/dp/v1/collections/b52eb423-5d0d-4645-b217-e1c6d38b2e72#D7$heart%20left%20ventricle,0,celltypist,4542,4542
https://api.cellxgene.cziscience.com/dp/v1/collections/b52eb423-5d0d-4645-b217-e1c6d38b2e72#D7$heart%20left%20ventricle,0,popv,4542,4542
https://api.cellxgene.cziscience.com/dp/v1/collections/b52eb423-5d0d-4645-b217-e1c6d38b2e72#D7$heart%20right%20ventricle,0,azimuth,8427,8427
https://api.cellxgene.cziscience.com/dp/v1/collections/b52eb423-5d0d-4645-b217-e1c6d38b2e72#D7$heart%20right%20ventricle,0,celltypist,8427,8427
https://api.cellxgene.cziscience.com/dp/v1/collections/b52eb423-5d0d-4645-b217-e1c6d38b2e72#D7$heart%20right%20ventricle,0,popv,8427,8427
https://api.cellxgene.cziscience.com/dp/v1/collections/b52eb423-5d0d-4645-b217-e1c6d38b2e72#D7$interventricular%20septum,0,azimuth,5582,5582
https://api.cellxgene.cziscience.com/dp/v1/collections/b52eb423-5d0d-4645-b217-e1c6d38b2e72#D7$interventricular%20septum,0,celltypist,5582,5582
https://api.cellxgene.cziscience.com/dp/v1/collections/b52eb423-5d0d-4645-b217-e1c6d38b2e72#D7$interventricular%20septum,0,popv,5582,5582
https://api.cellxgene.cziscience.com/dp/v1/collections/b52eb423-5d0d-4645-b217-e1c6d38b2e72#D7$left%20cardiac%20atrium,0,azimuth,5399,5399
https://api.cellxgene.cziscience.com/dp/v1/collections/b52eb423-5d0d-4645-b217-e1c6d38b2e72#D7$left%20cardiac%20atrium,0,celltypist,5399,5399
https://api.cellxgene.cziscience.com/dp/v1/collections/b52eb423-5d0d-4645-b217-e1c6d38b2e72#D7$left%20cardiac%20atrium,0,popv,5399,5399
https://api.cellxgene.cziscience.com/dp/v1/collections/b52eb423-5d0d-4645-b217-e1c6d38b2e72#D7$right%20cardiac%20atrium,0,azimuth,5110,5110
https://api.cellxgene.cziscience.com/dp/v1/collections/b52eb423-5d0d-4645-b217-e1c6d38b2e72#D7$right%20cardiac%20atrium,0,popv,5110,5110
https://api.cellxgene.cziscience.com/dp/v1/collections/b52eb423-5d0d-4645-b217-e1c6d38b2e72#H2$apex%20of%20heart,0,azimuth,3261,3261
https://api.cellxgene.cziscience.com/dp/v1/collections/b52eb423-5d0d-4645-b217-e1c6d38b2e72#H2$apex%20of%20heart,0,celltypist,3261,3261
https://api.cellxgene.cziscience.com/dp/v1/collections/b52eb423-5d0d-4645-b217-e1c6d38b2e72#H2$apex%20of%20heart,0,popv,3261,3261
https://api.cellxgene.cziscience.com/dp/v1/collections/b52eb423-5d0d-4645-b217-e1c6d38b2e72#H2$heart%20left%20ventricle,0,azimuth,6636,6636
https://api.cellxgene.cziscience.com/dp/v1/collections/b52eb423-5d0d-4645-b217-e1c6d38b2e72#H2$heart%20left%20ventricle,0,celltypist,6636,6636
https://api.cellxgene.cziscience.com/dp/v1/collections/b52eb423-5d0d-4645-b217-e1c6d38b2e72#H2$heart%20left%20ventricle,0,popv,6636,6636
https://api.cellxgene.cziscience.com/dp/v1/collections/b52eb423-5d0d-4645-b217-e1c6d38b2e72#H2$heart%20right%20ventricle,0,azimuth,5578,5578
https://api.cellxgene.cziscience.com/dp/v1/collections/b52eb423-5d0d-4645-b217-e1c6d38b2e72#H2$heart%20right%20ventricle,0,celltypist,5578,5578
https://api.cellxgene.cziscience.com/dp/v1/collections/b52eb423-5d0d-4645-b217-e1c6d38b2e72#H2$heart%20right%20ventricle,0,popv,5578,5578
https://api.cellxgene.cziscience.com/dp/v1/collections/b52eb423-5d0d-4645-b217-e1c6d38b2e72#H2$interventricular%20septum,0,azimuth,2487,2487
https://api.cellxgene.cziscience.com/dp/v1/collections/b52eb423-5d0d-4645-b217-e1c6d38b2e72#H2$interventricular%20septum,0,celltypist,2487,2487
https://api.cellxgene.cziscience.com/dp/v1/collections/b52eb423-5d0d-4645-b217-e1c6d38b2e72#H2$interventricular%20septum,0,popv,2487,2487
https://api.cellxgene.cziscience.com/dp/v1/collections/b52eb423-5d0d-4645-b217-e1c6d38b2e72#H2$left%20cardiac%20atrium,0,azimuth,3143,3143
https://api.cellxgene.cziscience.com/dp/v1/collections/b52eb423-5d0d-4645-b217-e1c6d38b2e72#H2$left%20cardiac%20atrium,0,celltypist,3143,3143
https://api.cellxgene.cziscience.com/dp/v1/collections/b52eb423-5d0d-4645-b217-e1c6d38b2e72#H2$left%20cardiac%20atrium,0,popv,3143,3143
https://api.cellxgene.cziscience.com/dp/v1/collections/b52eb423-5d0d-4645-b217-e1c6d38b2e72#H2$right%20cardiac%20atrium,0,azimuth,1111,1111
https://api.cellxgene.cziscience.com/dp/v1/collections/b52eb423-5d0d-4645-b217-e1c6d38b2e72#H2$right%20cardiac%20atrium,0,celltypist,1111,1111
https://api.cellxgene.cziscience.com/dp/v1/collections/b52eb423-5d0d-4645-b217-e1c6d38b2e72#H2$right%20cardiac%20atrium,0,popv,1111,1111
https://api.cellxgene.cziscience.com/dp/v1/collections/b52eb423-5d0d-4645-b217-e1c6d38b2e72#H3$apex%20of%20heart,0,azimuth,2744,2744
https://api.cellxgene.cziscience.com/dp/v1/collections/b52eb423-5d0d-4645-b217-e1c6d38b2e72#H3$apex%20of%20heart,0,celltypist,2744,2744
https://api.cellxgene.cziscience.com/dp/v1/collections/b52eb423-5d0d-4645-b217-e1c6d38b2e72#H3$apex%20of%20heart,0,popv,2744,2744
https://api.cellxgene.cziscience.com/dp/v1/collections/b52eb423-5d0d-4645-b217-e1c6d38b2e72#H3$heart%20left%20ventricle,0,azimuth,10522,10522
https://api.cellxgene.cziscience.com/dp/v1/collections/b52eb423-5d0d-4645-b217-e1c6d38b2e72#H3$heart%20left%20ventricle,0,celltypist,10522,10522
https://api.cellxgene.cziscience.com/dp/v1/collections/b52eb423-5d0d-4645-b217-e1c6d38b2e72#H3$heart%20left%20ventricle,0,popv,10522,10522
https://api.cellxgene.cziscience.com/dp/v1/collections/b52eb423-5d0d-4645-b217-e1c6d38b2e72#H3$heart%20right%20ventricle,0,azimuth,5666,5666
https://api.cellxgene.cziscience.com/dp/v1/collections/b52eb423-5d0d-4645-b217-e1c6d38b2e72#H3$heart%20right%20ventricle,0,celltypist,5666,5666
https://api.cellxgene.cziscience.com/dp/v1/collections/b52eb423-5d0d-4645-b217-e1c6d38b2e72#H3$heart%20right%20ventricle,0,popv,5666,5666
https://api.cellxgene.cziscience.com/dp/v1/collections/b52eb423-5d0d-4645-b217-e1c6d38b2e72#H3$interventricular%20septum,0,azimuth,5526,5526
https://api.cellxgene.cziscience.com/dp/v1/collections/b52eb423-5d0d-4645-b217-e1c6d38b2e72#H3$interventricular%20septum,0,celltypist,5526,5526
https://api.cellxgene.cziscience.com/dp/v1/collections/b52eb423-5d0d-4645-b217-e1c6d38b2e72#H3$interventricular%20septum,0,popv,5526,5526
https://api.cellxgene.cziscience.com/dp/v1/collections/b52eb423-5d0d-4645-b217-e1c6d38b2e72#H3$left%20cardiac%20atrium,0,azimuth,5754,5754
https://api.cellxgene.cziscience.com/dp/v1/collections/b52eb423-5d0d-4645-b217-e1c6d38b2e72#H3$left%20cardiac%20atrium,0,celltypist,5754,5754
https://api.cellxgene.cziscience.com/dp/v1/collections/b52eb423-5d0d-4645-b217-e1c6d38b2e72#H3$right%20cardiac%20atrium,0,azimuth,2246,2246
https://api.cellxgene.cziscience.com/dp/v1/collections/b52eb423-5d0d-4645-b217-e1c6d38b2e72#H3$right%20cardiac%20atrium,0,celltypist,2246,2246
https://api.cellxgene.cziscience.com/dp/v1/collections/b52eb423-5d0d-4645-b217-e1c6d38b2e72#H3$right%20cardiac%20atrium,0,popv,2246,2246
https://api.cellxgene.cziscience.com/dp/v1/collections/b52eb423-5d0d-4645-b217-e1c6d38b2e72#H4$apex%20of%20heart,0,azimuth,4185,4185
https://api.cellxgene.cziscience.com/dp/v1/collections/b52eb423-5d0d-4645-b217-e1c6d38b2e72#H4$apex%20of%20heart,0,celltypist,4185,4185
https://api.cellxgene.cziscience.com/dp/v1/collections/b52eb423-5d0d-4645-b217-e1c6d38b2e72#H4$apex%20of%20heart,0,popv,4185,4185
https://api.cellxgene.cziscience.com/dp/v1/collections/b52eb423-5d0d-4645-b217-e1c6d38b2e72#H4$heart%20left%20ventricle,0,azimuth,7638,7638
https://api.cellxgene.cziscience.com/dp/v1/collections/b52eb423-5d0d-4645-b217-e1c6d38b2e72#H4$heart%20left%20ventricle,0,celltypist,7638,7638
https://api.cellxgene.cziscience.com/dp/v1/collections/b52eb423-5d0d-4645-b217-e1c6d38b2e72#H4$heart%20left%20ventricle,0,popv,7638,7638
https://api.cellxgene.cziscience.com/dp/v1/collections/b52eb423-5d0d-4645-b217-e1c6d38b2e72#H4$heart%20right%20ventricle,0,azimuth,3629,3629
https://api.cellxgene.cziscience.com/dp/v1/collections/b52eb423-5d0d-4645-b217-e1c6d38b2e72#H4$heart%20right%20ventricle,0,celltypist,3629,3629
https://api.cellxgene.cziscience.com/dp/v1/collections/b52eb423-5d0d-4645-b217-e1c6d38b2e72#H4$heart%20right%20ventricle,0,popv,3629,3629
https://api.cellxgene.cziscience.com/dp/v1/collections/b52eb423-5d0d-4645-b217-e1c6d38b2e72#H4$interventricular%20septum,0,azimuth,5813,5813
https://api.cellxgene.cziscience.com/dp/v1/collections/b52eb423-5d0d-4645-b217-e1c6d38b2e72#H4$interventricular%20septum,0,celltypist,5813,5813
https://api.cellxgene.cziscience.com/dp/v1/collections/b52eb423-5d0d-4645-b217-e1c6d38b2e72#H4$interventricular%20septum,0,popv,5813,5813
https://api.cellxgene.cziscience.com/dp/v1/collections/b52eb423-5d0d-4645-b217-e1c6d38b2e72#H4$left%20cardiac%20atrium,0,celltypist,2413,2413
https://api.cellxgene.cziscience.com/dp/v1/collections/b52eb423-5d0d-4645-b217-e1c6d38b2e72#H4$left%20cardiac%20atrium,0,popv,2413,2413
https://api.cellxgene.cziscience.com/dp/v1/collections/b52eb423-5d0d-4645-b217-e1c6d38b2e72#H4$right%20cardiac%20atrium,0,azimuth,2138,2138
https://api.cellxgene.cziscience.com/dp/v1/collections/b52eb423-5d0d-4645-b217-e1c6d38b2e72#H4$right%20cardiac%20atrium,0,celltypist,2138,2138
https://api.cellxgene.cziscience.com/dp/v1/collections/b52eb423-5d0d-4645-b217-e1c6d38b2e72#H4$right%20cardiac%20atrium,0,popv,2138,2138
https://api.cellxgene.cziscience.com/dp/v1/collections/b52eb423-5d0d-4645-b217-e1c6d38b2e72#H5$apex%20of%20heart,0,azimuth,9035,9035
https://api.cellxgene.cziscience.com/dp/v1/collections/b52eb423-5d0d-4645-b217-e1c6d38b2e72#H5$apex%20of%20heart,0,celltypist,9035,9035
https://api.cellxgene.cziscience.com/dp/v1/collections/b52eb423-5d0d-4645-b217-e1c6d38b2e72#H5$apex%20of%20heart,0,popv,9035,9035
https://api.cellxgene.cziscience.com/dp/v1/collections/b52eb423-5d0d-4645-b217-e1c6d38b2e72#H5$heart%20left%20ventricle,0,azimuth,9319,9319
https://api.cellxgene.cziscience.com/dp/v1/collections/b52eb423-5d0d-4645-b217-e1c6d38b2e72#H5$heart%20left%20ventricle,0,celltypist,9319,9319
https://api.cellxgene.cziscience.com/dp/v1/collections/b52eb423-5d0d-4645-b217-e1c6d38b2e72#H5$heart%20left%20ventricle,0,popv,9319,9319
https://api.cellxgene.cziscience.com/dp/v1/collections/b52eb423-5d0d-4645-b217-e1c6d38b2e72#H5$heart%20right%20ventricle,0,azimuth,6967,6967
https://api.cellxgene.cziscience.com/dp/v1/collections/b52eb423-5d0d-4645-b217-e1c6d38b2e72#H5$heart%20right%20ventricle,0,celltypist,6967,6967
https://api.cellxgene.cziscience.com/dp/v1/collections/b52eb423-5d0d-4645-b217-e1c6d38b2e72#H5$heart%20right%20ventricle,0,popv,6967,6967
https://api.cellxgene.cziscience.com/dp/v1/collections/b52eb423-5d0d-4645-b217-e1c6d38b2e72#H5$interventricular%20septum,0,azimuth,8944,8944
https://api.cellxgene.cziscience.com/dp/v1/collections/b52eb423-5d0d-4645-b217-e1c6d38b2e72#H5$interventricular%20septum,0,celltypist,8944,8944
https://api.cellxgene.cziscience.com/dp/v1/collections/b52eb423-5d0d-4645-b217-e1c6d38b2e72#H5$interventricular%20septum,0,popv,8944,8944
https://api.cellxgene.cziscience.com/dp/v1/collections/b52eb423-5d0d-4645-b217-e1c6d38b2e72#H5$left%20cardiac%20atrium,0,azimuth,2188,2188
https://api.cellxgene.cziscience.com/dp/v1/collections/b52eb423-5d0d-4645-b217-e1c6d38b2e72#H5$left%20cardiac%20atrium,0,celltypist,2188,2188
https://api.cellxgene.cziscience.com/dp/v1/collections/b52eb423-5d0d-4645-b217-e1c6d38b2e72#H5$left%20cardiac%20atrium,0,popv,2188,2188
https://api.cellxgene.cziscience.com/dp/v1/collections/b52eb423-5d0d-4645-b217-e1c6d38b2e72#H5$right%20cardiac%20atrium,0,azimuth,1948,1948
https://api.cellxgene.cziscience.com/dp/v1/collections/b52eb423-5d0d-4645-b217-e1c6d38b2e72#H5$right%20cardiac%20atrium,0,celltypist,1948,1948
https://api.cellxgene.cziscience.com/dp/v1/collections/b52eb423-5d0d-4645-b217-e1c6d38b2e72#H5$right%20cardiac%20atrium,0,popv,1948,1948
https://api.cellxgene.cziscience.com/dp/v1/collections/b52eb423-5d0d-4645-b217-e1c6d38b2e72#H6$apex%20of%20heart,0,azimuth,3441,3441
https://api.cellxgene.cziscience.com/dp/v1/collections/b52eb423-5d0d-4645-b217-e1c6d38b2e72#H6$apex%20of%20heart,0,celltypist,3441,3441
https://api.cellxgene.cziscience.com/dp/v1/collections/b52eb423-5d0d-4645-b217-e1c6d38b2e72#H6$apex%20of%20heart,0,popv,3441,3441
https://api.cellxgene.cziscience.com/dp/v1/collections/b52eb423-5d0d-4645-b217-e1c6d38b2e72#H6$heart%20left%20ventricle,0,azimuth,11874,11874
https://api.cellxgene.cziscience.com/dp/v1/collections/b52eb423-5d0d-4645-b217-e1c6d38b2e72#H6$heart%20left%20ventricle,0,celltypist,11874,11874
https://api.cellxgene.cziscience.com/dp/v1/collections/b52eb423-5d0d-4645-b217-e1c6d38b2e72#H6$heart%20left%20ventricle,0,popv,11874,11874
https://api.cellxgene.cziscience.com/dp/v1/collections/b52eb423-5d0d-4645-b217-e1c6d38b2e72#H6$heart%20right%20ventricle,0,azimuth,2682,2682
https://api.cellxgene.cziscience.com/dp/v1/collections/b52eb423-5d0d-4645-b217-e1c6d38b2e72#H6$heart%20right%20ventricle,0,celltypist,2682,2682
https://api.cellxgene.cziscience.com/dp/v1/collections/b52eb423-5d0d-4645-b217-e1c6d38b2e72#H6$heart%20right%20ventricle,0,popv,2682,2682
https://api.cellxgene.cziscience.com/dp/v1/collections/b52eb423-5d0d-4645-b217-e1c6d38b2e72#H6$interventricular%20septum,0,azimuth,4102,4102
https://api.cellxgene.cziscience.com/dp/v1/collections/b52eb423-5d0d-4645-b217-e1c6d38b2e72#H6$interventricular%20septum,0,celltypist,4102,4102
https://api.cellxgene.cziscience.com/dp/v1/collections/b52eb423-5d0d-4645-b217-e1c6d38b2e72#H6$interventricular%20septum,0,popv,4102,4102
https://api.cellxgene.cziscience.com/dp/v1/collections/b52eb423-5d0d-4645-b217-e1c6d38b2e72#H6$left%20cardiac%20atrium,0,azimuth,2535,2535
https://api.cellxgene.cziscience.com/dp/v1/collections/b52eb423-5d0d-4645-b217-e1c6d38b2e72#H6$left%20cardiac%20atrium,0,celltypist,2535,2535
https://api.cellxgene.cziscience.com/dp/v1/collections/b52eb423-5d0d-4645-b217-e1c6d38b2e72#H6$left%20cardiac%20atrium,0,popv,2535,2535
https://api.cellxgene.cziscience.com/dp/v1/collections/b52eb423-5d0d-4645-b217-e1c6d38b2e72#H6$right%20cardiac%20atrium,0,azimuth,2300,2300
https://api.cellxgene.cziscience.com/dp/v1/collections/b52eb423-5d0d-4645-b217-e1c6d38b2e72#H6$right%20cardiac%20atrium,0,celltypist,2300,2300
https://api.cellxgene.cziscience.com/dp/v1/collections/b52eb423-5d0d-4645-b217-e1c6d38b2e72#H6$right%20cardiac%20atrium,0,popv,2300,2300
https://api.cellxgene.cziscience.com/dp/v1/collections/b52eb423-5d0d-4645-b217-e1c6d38b2e72#H7$apex%20of%20heart,0,azimuth,3487,3487
https://api.cellxgene.cziscience.com/dp/v1/collections/b52eb423-5d0d-4645-b217-e1c6d38b2e72#H7$apex%20of%20heart,0,celltypist,3487,3487
https://api.cellxgene.cziscience.com/dp/v1/collections/b52eb423-5d0d-4645-b217-e1c6d38b2e72#H7$apex%20of%20heart,0,popv,3487,3487
https://api.cellxgene.cziscience.com/dp/v1/collections/b52eb423-5d0d-4645-b217-e1c6d38b2e72#H7$heart%20left%20ventricle,0,azimuth,7264,7264
https://api.cellxgene.cziscience.com/dp/v1/collections/b52eb423-5d0d-4645-b217-e1c6d38b2e72#H7$heart%20left%20ventricle,0,celltypist,7264,7264
https://api.cellxgene.cziscience.com/dp/v1/collections/b52eb423-5d0d-4645-b217-e1c6d38b2e72#H7$heart%20left%20ventricle,0,popv,7264,7264
https://api.cellxgene.cziscience.com/dp/v1/collections/b52eb423-5d0d-4645-b217-e1c6d38b2e72#H7$heart%20right%20ventricle,0,celltypist,9349,9349
https://api.cellxgene.cziscience.com/dp/v1/collections/b52eb423-5d0d-4645-b217-e1c6d38b2e72#H7$heart%20right%20ventricle,0,popv,9349,9349
https://api.cellxgene.cziscience.com/dp/v1/collections/b52eb423-5d0d-4645-b217-e1c6d38b2e72#H7$interventricular%20septum,0,azimuth,3862,3862
https://api.cellxgene.cziscience.com/dp/v1/collections/b52eb423-5d0d-4645-b217-e1c6d38b2e72#H7$interventricular%20septum,0,celltypist,3862,3862
https://api.cellxgene.cziscience.com/dp/v1/collections/b52eb423-5d0d-4645-b217-e1c6d38b2e72#H7$interventricular%20septum,0,popv,3862,3862
https://api.cellxgene.cziscience.com/dp/v1/collections/b52eb423-5d0d-4645-b217-e1c6d38b2e72#H7$left%20cardiac%20atrium,0,azimuth,6883,6883
https://api.cellxgene.cziscience.com/dp/v1/collections/b52eb423-5d0d-4645-b217-e1c6d38b2e72#H7$left%20cardiac%20atrium,0,celltypist,6883,6883
https://api.cellxgene.cziscience.com/dp/v1/collections/b52eb423-5d0d-4645-b217-e1c6d38b2e72#H7$left%20cardiac%20atrium,0,popv,6883,6883
https://api.cellxgene.cziscience.com/dp/v1/collections/b52eb423-5d0d-4645-b217-e1c6d38b2e72#H7$right%20cardiac%20atrium,0,azimuth,1491,1491
https://api.cellxgene.cziscience.com/dp/v1/collections/b52eb423-5d0d-4645-b217-e1c6d38b2e72#H7$right%20cardiac%20atrium,0,celltypist,1491,1491
https://api.cellxgene.cziscience.com/dp/v1/collections/b52eb423-5d0d-4645-b217-e1c6d38b2e72#H7$right%20cardiac%20atrium,0,popv,1491,1491
https://doi.org/10.1126/science.abl4290#GTEX-12BJ1-5007-SM-H8L6U,0,popv,6285,6285
https://doi.org/10.1126/science.abl4290#GTEX-13N11-5002-SM-H5JDV,0,popv,12834,12834
https://doi.org/10.1126/science.abl4290#GTEX-13N11-5030-SM-H5JDW,0,popv,13260,13260
https://doi.org/10.1126/science.abl4290#GTEX-15CHR-5005-SM-H5JDT,0,popv,7620,7620
https://doi.org/10.1126/science.abl4290#GTEX-15CHR-5014-SM-H5JDU,0,popv,1502,1502
https://doi.org/10.1126/science.abl4290#GTEX-15EOM-5003-SM-G64IH,0,popv,326,326
https://doi.org/10.1126/science.abl4290#GTEX-15RIE-5015-SM-H8L6X,0,popv,12067,12067
https://doi.org/10.1126/science.abl4290#GTEX-1CAMS-5015-SM-HPJ3C,0,popv,2324,2324
https://doi.org/10.1126/science.abl4290#GTEX-1HSMQ-5005-SM-GKSJF,0,popv,14404,14404
https://doi.org/10.1126/science.abl4290#GTEX-1HSMQ-5007-SM-GKSJG,0,popv,4961,4961
https://doi.org/10.1126/science.abl4290#GTEX-1HSMQ-5014-SM-GKSJI,0,popv,10347,10347
https://doi.org/10.1126/science.abl4290#GTEX-1I1GU-5006-SM-G8XQC,0,popv,12927,12927
https://doi.org/10.1126/science.abl4290#GTEX-1ICG6-5003-SM-GHS9A,0,popv,11673,11673
https://doi.org/10.1126/science.abl4290#GTEX-1MCC2-5013-SM-HPJ3D,0,popv,1456,1456
https://doi.org/10.1126/science.abl4290#GTEX-1R9PN-5002-SM-HD2MC,0,popv,5990,5990
https://entity.api.hubmapconsortium.org/entities/0027cb59bcb4a34d5db83acaf934a9d9,0,azimuth,23280,23280
https://entity.api.hubmapconsortium.org/entities/00318be0b7cfa3c6ed7fbeab08fe700b,0,azimuth,32493,32493
https://entity.api.hubmapconsortium.org/entities/007f3dfaaa287d5c7c227651f61a9c5b,0,azimuth,50859,50859
https://entity.api.hubmapconsortium.org/entities/007f3dfaaa287d5c7c227651f61a9c5b,0,celltypist,50859,50859
https://entity.api.hubmapconsortium.org/entities/0110be17631ab95c722d476145feb00c,0,azimuth,34879,34879
https://entity.api.hubmapconsortium.org/entities/0119a79114328c9b2802771bed6611f5,0,azimuth,12999,12999
https://entity.api.hubmapconsortium.org/entities/0119a79114328c9b2802771bed6611f5,0,celltypist,12999,12999
https://entity.api.hubmapconsortium.org/entities/018a905cdbdff684760859f594d3fd77,0,azimuth,7999,7999
https://entity.api.hubmapconsortium.org/entities/020117a381ac84a941c974b939ea3115,0,azimuth,10996,10996
https://entity.api.hubmapconsortium.org/entities/020117a381ac84a941c974b939ea3115,0,celltypist,10996,10996
https://entity.api.hubmapconsortium.org/entities/0219f5ba7743f0fc59d027eb23c5187d,0,azimuth,8999,8999
https://entity.api.hubmapconsortium.org/entities/0219f5ba7743f0fc59d027eb23c5187d,0,celltypist,8999,8999
https://entity.api.hubmapconsortium.org/entities/032d7b6b0b4c3c66772c7dbee2fe9606,0,celltypist,464,464
https://entity.api.hubmapconsortium.org/entities/03e021cda976339676187e8597d7c485,0,azimuth,3996,3996
https://entity.api.hubmapconsortium.org/entities/0430a44e418219aafce608f4286b2a9b,0,azimuth,29295,29295
https://entity.api.hubmapconsortium.org/entities/044b28971204366347e7ed0b7ef0c279,0,azimuth,95427,95427
https://entity.api.hubmapconsortium.org/entities/045a7d6bcca6e1d22c7f6dee032ce25a,0,azimuth,10999,10999
https://entity.api.hubmapconsortium.org/entities/04968c1fe0149ee367b0e53af55763e4,0,celltypist,3023,3023
https://entity.api.hubmapconsortium.org/entities/056c97623fca0f1414572b68aca69cee,0,azimuth,13999,13999
https://entity.api.hubmapconsortium.org/entities/056c97623fca0f1414572b68aca69cee,0,celltypist,13999,13999
https://entity.api.hubmapconsortium.org/entities/061b6c8f8e76f9be125f0f93e7734642,0,celltypist,6000,6000
https://entity.api.hubmapconsortium.org/entities/069a6930776ca28f8e10c3781aa13b56,0,azimuth,34879,34879
https://entity.api.hubmapconsortium.org/entities/06f36504b05a954d35eaf5e26be49c42,0,azimuth,7998,7998
https://entity.api.hubmapconsortium.org/entities/06f36504b05a954d35eaf5e26be49c42,0,celltypist,7998,7998
https://entity.api.hubmapconsortium.org/entities/072b4d43162c40f48ee9ef3f341c7269,0,azimuth,100695,100695
https://entity.api.hubmapconsortium.org/entities/072b4d43162c40f48ee9ef3f341c7269,0,celltypist,100695,100695
https://entity.api.hubmapconsortium.org/entities/07b9f36478e22bf820ac6a084e01bf94,0,celltypist,206,206
https://entity.api.hubmapconsortium.org/entities/07b9f36478e22bf820ac6a084e01bf94,0,popv,206,206
https://entity.api.hubmapconsortium.org/entities/0804a7a9e430e6adfbc56f339d787211,0,azimuth,100927,100927
https://entity.api.hubmapconsortium.org/entities/089ebad7c98cebe22f6d97b246fb45c6,0,celltypist,204,204
https://entity.api.hubmapconsortium.org/entities/08c1aa2e74700e1170fc9218ae255992,0,azimuth,3650,3650
https://entity.api.hubmapconsortium.org/entities/0910bfd40695181a73e5059909e46cda,0,celltypist,3560,3560
https://entity.api.hubmapconsortium.org/entities/0a0eb095c8e7f7c890da20184d7527cb,0,celltypist,5998,5998
https://entity.api.hubmapconsortium.org/entities/0a21f3fa27109790483f2a0729be53de,0,azimuth,15811,15811
https://entity.api.hubmapconsortium.org/entities/0b0ef5c2b8786644f0b6bdef1c1d7a4f,0,celltypist,5097,5097
https://entity.api.hubmapconsortium.org/entities/0b1017f6a9d71c4e75125e7144b62795,0,azimuth,6997,6997
https://entity.api.hubmapconsortium.org/entities/0b1017f6a9d71c4e75125e7144b62795,0,celltypist,6997,6997
https://entity.api.hubmapconsortium.org/entities/0b2dd0e14711d1f77e15ff1c731ef069,0,azimuth,20997,20997
https://entity.api.hubmapconsortium.org/entities/0b528e5d674fadada32215c364f6fcaa,0,celltypist,759,759
https://entity.api.hubmapconsortium.org/entities/0b528e5d674fadada32215c364f6fcaa,0,popv,759,759
https://entity.api.hubmapconsortium.org/entities/0b590c9e3a62178da592e85572e2f1bf,0,azimuth,7980,7980
https://entity.api.hubmapconsortium.org/entities/0b6f63f2bd61a8c091fc7afc0f318ad1,0,azimuth,20997,20997
https://entity.api.hubmapconsortium.org/entities/0b7015a55e38bd43b6cd6f58ddeb9059,0,azimuth,31810,31810
https://entity.api.hubmapconsortium.org/entities/0bcea0ab24e8bc5b0529b6f4d899ddad,0,azimuth,25052,25052
https://entity.api.hubmapconsortium.org/entities/0c4b78ba3e001f58bb973ac51783d10c,0,azimuth,13999,13999
https://entity.api.hubmapconsortium.org/entities/0cecd7cf1da6f81d3654c1712a5d61a2,0,azimuth,31810,31810
https://entity.api.hubmapconsortium.org/entities/0d1eb3d774a694b79e844987f771b183,0,azimuth,6493,6493
https://entity.api.hubmapconsortium.org/entities/0db9481caed92aec4cddc606108692d5,0,azimuth,25949,25949
https://entity.api.hubmapconsortium.org/entities/10b22d398b548c141167d4d9c4cbd79e,0,azimuth,23280,23280
https://entity.api.hubmapconsortium.org/entities/11678046b4e78f95762acc47d3074dc5,0,celltypist,6000,6000
https://entity.api.hubmapconsortium.org/entities/1197c73d127193dd493ff542890a3d3d,0,azimuth,3650,3650
https://entity.api.hubmapconsortium.org/entities/12de9dcdb62640f1687b832f69648a55,0,azimuth,7520,7520
https://entity.api.hubmapconsortium.org/entities/13d882fbeae970f8fb08a6f0b76bf127,0,azimuth,23104,23104
https://entity.api.hubmapconsortium.org/entities/148d6445ed0cda5cabae377829013b4c,0,celltypist,339,339
https://entity.api.hubmapconsortium.org/entities/149e1be22a4961f9c6240480710836a3,0,azimuth,100988,100988
https://entity.api.hubmapconsortium.org/entities/15882fef75843d5cef518853a0e8246d,0,azimuth,32493,32493
https://entity.api.hubmapconsortium.org/entities/171bd6114652ce2a1ff0e4757b5eaef9,0,azimuth,4899,4899
https://entity.api.hubmapconsortium.org/entities/171bd6114652ce2a1ff0e4757b5eaef9,0,celltypist,4899,4899
https://entity.api.hubmapconsortium.org/entities/173de2e80adf6a73ac8cff5ccce20dfc,0,azimuth,6997,6997
https://entity.api.hubmapconsortium.org/entities/174c43df28ab2ab737471d00a65d7730,0,celltypist,1999,1999
https://entity.api.hubmapconsortium.org/entities/176edb4b0e16059522f6f087576fbeec,0,azimuth,100921,100921
https://entity.api.hubmapconsortium.org/entities/176edb4b0e16059522f6f087576fbeec,0,celltypist,100921,100921
https://entity.api.hubmapconsortium.org/entities/17f67cb15e59f65e640d85d2f3866cde,0,azimuth,55605,55605
https://entity.api.hubmapconsortium.org/entities/17f67cb15e59f65e640d85d2f3866cde,0,celltypist,55605,55605
https://entity.api.hubmapconsortium.org/entities/17fb6d5db17936acc8fb613ce98ab808,0,azimuth,20182,20182
https://entity.api.hubmapconsortium.org/entities/18b8ab61674cf05024456cde49ac67bb,0,azimuth,12997,12997
https://entity.api.hubmapconsortium.org/entities/18b8ab61674cf05024456cde49ac67bb,0,celltypist,12997,12997
https://entity.api.hubmapconsortium.org/entities/19304b10d9e1f17af19cccb2feb014a5,0,azimuth,53121,53121
https://entity.api.hubmapconsortium.org/entities/19304b10d9e1f17af19cccb2feb014a5,0,celltypist,53121,53121
https://entity.api.hubmapconsortium.org/entities/1b5c7d45cb0e475b73f9280d092d34a5,0,azimuth,18490,18490
https://entity.api.hubmapconsortium.org/entities/1c741950348e7e32df189a67c73360bb,0,azimuth,8999,8999
https://entity.api.hubmapconsortium.org/entities/1c741950348e7e32df189a67c73360bb,0,celltypist,8999,8999
https://entity.api.hubmapconsortium.org/entities/1c7aed43c995b32eb9b7233dce635529,0,celltypist,240,240
https://entity.api.hubmapconsortium.org/entities/1c7aed43c995b32eb9b7233dce635529,0,popv,240,240
https://entity.api.hubmapconsortium.org/entities/1dc16eb0270ff73291dd45b6a96aa3c0,0,azimuth,2997,2997
https://entity.api.hubmapconsortium.org/entities/1ea6c0ac5ba60fe35bf63af8699b6fbe,0,azimuth,6999,6999
https://entity.api.hubmapconsortium.org/entities/1ec50f4908899d7d766c6c6f39d7d27b,0,azimuth,5998,5998
https://entity.api.hubmapconsortium.org/entities/206d669d243f6dab04cc126a52cdab8d,0,azimuth,18490,18490
https://entity.api.hubmapconsortium.org/entities/21043afd6be7ec258f8a9fa1577c41b5,0,azimuth,53637,53637
https://entity.api.hubmapconsortium.org/entities/21043afd6be7ec258f8a9fa1577c41b5,0,celltypist,53637,53637
https://entity.api.hubmapconsortium.org/entities/2107df00633f703d39e1ec74c271a9e5,0,azimuth,21268,21268
https://entity.api.hubmapconsortium.org/entities/224e01ccfc20977ee5a6a6a5b96aa7d7,0,azimuth,14298,14298
https://entity.api.hubmapconsortium.org/entities/224e01ccfc20977ee5a6a6a5b96aa7d7,0,celltypist,14298,14298
https://entity.api.hubmapconsortium.org/entities/22684b9011fc5aea5cb3f89670a461e8,0,azimuth,50704,50704
https://entity.api.hubmapconsortium.org/entities/22684b9011fc5aea5cb3f89670a461e8,0,celltypist,50704,50704
https://entity.api.hubmapconsortium.org/entities/237b8f24c23821690519af862cf25a9f,0,azimuth,8688,8688
https://entity.api.hubmapconsortium.org/entities/237b8f24c23821690519af862cf25a9f,0,celltypist,8688,8688
https://entity.api.hubmapconsortium.org/entities/23a62a81daa7b6871b4422826d58ce1b,0,azimuth,100957,100957
https://entity.api.hubmapconsortium.org/entities/23a62a81daa7b6871b4422826d58ce1b,0,celltypist,100957,100957
https://entity.api.hubmapconsortium.org/entities/24c896083333c12d8f19bd59e855e9b7,0,azimuth,12000,12000
https://entity.api.hubmapconsortium.org/entities/24f6fc63d7f0444d459de7f419701e86,0,celltypist,1689,1689
https://entity.api.hubmapconsortium.org/entities/254801a318687281ba3e473569d89a45,0,azimuth,100891,100891
https://entity.api.hubmapconsortium.org/entities/2553283ad2c4dfe0033ba752fe204551,0,azimuth,34608,34608
https://entity.api.hubmapconsortium.org/entities/2638ed2b83e619710497ca2410dc1da1,0,celltypist,841,841
https://entity.api.hubmapconsortium.org/entities/2638ed2b83e619710497ca2410dc1da1,0,popv,841,841
https://entity.api.hubmapconsortium.org/entities/2639e9e8488edddde275491cdbaae662,0,azimuth,80881,80881
https://entity.api.hubmapconsortium.org/entities/266d58d22549461cd454c32084b9f7fe,0,celltypist,3478,3478
https://entity.api.hubmapconsortium.org/entities/26e1f2991c6f67fa10e9670f1bc0da6a,0,azimuth,49719,49719
https://entity.api.hubmapconsortium.org/entities/26e1f2991c6f67fa10e9670f1bc0da6a,0,celltypist,49719,49719
https://entity.api.hubmapconsortium.org/entities/277152f17b5a2f308820ab4d85c5a426,0,celltypist,2119,2119
https://entity.api.hubmapconsortium.org/entities/27db7c3986c56c8ce03e71779e7ce698,0,celltypist,5988,5988
https://entity.api.hubmapconsortium.org/entities/281adda9fffc6214e76cbc3855a88cd9,0,azimuth,5996,5996
https://entity.api.hubmapconsortium.org/entities/281adda9fffc6214e76cbc3855a88cd9,0,celltypist,5996,5996
https://entity.api.hubmapconsortium.org/entities/28d7789ef980031fb7278646fe43ffe1,0,azimuth,19439,19439
https://entity.api.hubmapconsortium.org/entities/293d9f9a1a076c616ed91d7251ec831c,0,azimuth,100955,100955
https://entity.api.hubmapconsortium.org/entities/293d9f9a1a076c616ed91d7251ec831c,0,celltypist,100955,100955
https://entity.api.hubmapconsortium.org/entities/29596bee3f70b2bfc89d184fe38a3daa,0,azimuth,25732,25732
https://entity.api.hubmapconsortium.org/entities/2a0db35326925681bfcd269de5a7e835,0,celltypist,8999,8999
https://entity.api.hubmapconsortium.org/entities/2a4bc7e02193ed50cc8d692db06f042d,0,celltypist,6000,6000
https://entity.api.hubmapconsortium.org/entities/2a590db3d7ab1e1512816b165d95cdcf,0,azimuth,19439,19439
https://entity.api.hubmapconsortium.org/entities/2ae126ab16c264352b2d3d2607236b97,0,celltypist,6000,6000
https://entity.api.hubmapconsortium.org/entities/2bd350c08997ecfec9c22f453cf4e6af,0,azimuth,19338,19338
https://entity.api.hubmapconsortium.org/entities/2c718a10905c5941d4cc134a7027f808,0,celltypist,6000,6000
https://entity.api.hubmapconsortium.org/entities/2c84a86ab51ec3a1168d8ba573d32c0a,0,azimuth,25362,25362
https://entity.api.hubmapconsortium.org/entities/2cd4eabca0b653af7f3b79534b2d641f,0,azimuth,11185,11185
https://entity.api.hubmapconsortium.org/entities/2d0deacd8be70eefbdc33ac107d97e58,0,azimuth,52534,52534
https://entity.api.hubmapconsortium.org/entities/2d0deacd8be70eefbdc33ac107d97e58,0,celltypist,52534,52534
https://entity.api.hubmapconsortium.org/entities/2d2356cf5b4eb114d958c31346c3dd2f,0,azimuth,20182,20182
https://entity.api.hubmapconsortium.org/entities/2d3dbd5e5a3d9d5cfc7a46f06815a4eb,0,azimuth,53149,53149
https://entity.api.hubmapconsortium.org/entities/2d3dbd5e5a3d9d5cfc7a46f06815a4eb,0,celltypist,53149,53149
https://entity.api.hubmapconsortium.org/entities/2d8b8b5f4cf8b1f955b1b823ae9a9441,0,azimuth,26087,26087
https://entity.api.hubmapconsortium.org/entities/2dac500177620d78ca174c2c1d36a6c8,0,azimuth,100955,100955
https://entity.api.hubmapconsortium.org/entities/2dac500177620d78ca174c2c1d36a6c8,0,celltypist,100955,100955
https://entity.api.hubmapconsortium.org/entities/2dc005024c64b82e95e6e69d56407c0e,0,azimuth,3000,3000
https://entity.api.hubmapconsortium.org/entities/2e4ae8b2f845f62e77cea46ef074981c,0,azimuth,36076,36076
https://entity.api.hubmapconsortium.org/entities/2ea554a5a203a6c468431e652823ca1e,0,azimuth,8999,8999
https://entity.api.hubmapconsortium.org/entities/2ea554a5a203a6c468431e652823ca1e,0,celltypist,8999,8999
https://entity.api.hubmapconsortium.org/entities/2eca1430db3b9a4129bff717925fe932,0,celltypist,5996,5996
https://entity.api.hubmapconsortium.org/entities/2edf11e0b51b157a319a5fdf68b0d3c7,0,azimuth,9000,9000
https://entity.api.hubmapconsortium.org/entities/2edf11e0b51b157a319a5fdf68b0d3c7,0,celltypist,9000,9000
https://entity.api.hubmapconsortium.org/entities/2ee93cd3a39b317d58d3f308281a943e,0,azimuth,21812,21812
https://entity.api.hubmapconsortium.org/entities/2f9777369594ff09a82bd51f6251ed83,0,azimuth,14998,14998
https://entity.api.hubmapconsortium.org/entities/30a94db595b402bd813b020b0c51e233,0,azimuth,37195,37195
https://entity.api.hubmapconsortium.org/entities/30cca46b98006c525d3df89d6b6374e4,0,azimuth,4000,4000
https://entity.api.hubmapconsortium.org/entities/3152ddcb811d362113ebb119602f2cd4,0,azimuth,4856,4856
https://entity.api.hubmapconsortium.org/entities/3152ddcb811d362113ebb119602f2cd4,0,celltypist,4856,4856
https://entity.api.hubmapconsortium.org/entities/316772d6487538152b82e056fa74471d,0,azimuth,4974,4974
https://entity.api.hubmapconsortium.org/entities/323c68262eb07f786041b6253e9e83ca,0,azimuth,8342,8342
https://entity.api.hubmapconsortium.org/entities/32b783576b6c88fec03f5e5988e3effa,0,azimuth,27982,27982
https://entity.api.hubmapconsortium.org/entities/33b9c54d7c295897826e1e5271d4fc24,0,azimuth,736,736
https://entity.api.hubmapconsortium.org/entities/33b9c54d7c295897826e1e5271d4fc24,0,celltypist,736,736
https://entity.api.hubmapconsortium.org/entities/33b9c54d7c295897826e1e5271d4fc24,0,popv,736,736
https://entity.api.hubmapconsortium.org/entities/33c0ce043ae331ea23fc80023428e534,0,azimuth,80881,80881
https://entity.api.hubmapconsortium.org/entities/34dc58df212563c90d9d86782f4209ba,0,azimuth,15993,15993
https://entity.api.hubmapconsortium.org/entities/35234b5e3eda236bb80ef3722da366f7,0,azimuth,22734,22734
https://entity.api.hubmapconsortium.org/entities/35e9bf0f58152ceb6f4d01052ac8867d,0,azimuth,49719,49719
https://entity.api.hubmapconsortium.org/entities/35e9bf0f58152ceb6f4d01052ac8867d,0,celltypist,49719,49719
https://entity.api.hubmapconsortium.org/entities/35f5b75a7e3d0711f16b0a10219586fb,0,azimuth,3183,3183
https://entity.api.hubmapconsortium.org/entities/367fee3b40cba682063289505b922be1,0,azimuth,12000,12000
https://entity.api.hubmapconsortium.org/entities/377df3da484d29fdde20ec020a76ba1b,0,azimuth,2820,2820
https://entity.api.hubmapconsortium.org/entities/37988db44acc8d0780e4e31cd057e789,0,azimuth,3183,3183
https://entity.api.hubmapconsortium.org/entities/37ccf28cb5c06e8ba076f587ee4e50be,0,azimuth,8201,8201
https://entity.api.hubmapconsortium.org/entities/37ccf28cb5c06e8ba076f587ee4e50be,0,celltypist,8201,8201
https://entity.api.hubmapconsortium.org/entities/37e2a37daa119629991bbc398d00b576,0,azimuth,12998,12998
https://entity.api.hubmapconsortium.org/entities/37e2a37daa119629991bbc398d00b576,0,celltypist,12998,12998
https://entity.api.hubmapconsortium.org/entities/38be64fc0790273627f5afa71479868e,0,azimuth,100982,100982
https://entity.api.hubmapconsortium.org/entities/38be64fc0790273627f5afa71479868e,0,celltypist,100982,100982
https://entity.api.hubmapconsortium.org/entities/39cca81a274a06be881734d01dcc7f66,0,azimuth,11996,11996
https://entity.api.hubmapconsortium.org/entities/39cca81a274a06be881734d01dcc7f66,0,celltypist,11996,11996
https://entity.api.hubmapconsortium.org/entities/39d51c436734e5750bf84553ef7eaf85,0,celltypist,4434,4434
https://entity.api.hubmapconsortium.org/entities/39e55aa4b6953651230feff506c00fec,0,azimuth,22734,22734
https://entity.api.hubmapconsortium.org/entities/3a659cda80f149cbfaf94a0c004c419d,0,azimuth,11999,11999
https://entity.api.hubmapconsortium.org/entities/3a659cda80f149cbfaf94a0c004c419d,0,celltypist,11999,11999
https://entity.api.hubmapconsortium.org/entities/3bb5f743b039cb620d7ef234e0876f7a,0,azimuth,6410,6410
https://entity.api.hubmapconsortium.org/entities/3c1b10bc912c60c9afc36b7423695236,0,azimuth,1500,1500
https://entity.api.hubmapconsortium.org/entities/3c22b735beed13a206fa6d0af9762564,0,azimuth,12000,12000
https://entity.api.hubmapconsortium.org/entities/3c22b735beed13a206fa6d0af9762564,0,celltypist,12000,12000
https://entity.api.hubmapconsortium.org/entities/3c53dca6b15e90eab6166f527636685c,0,azimuth,6000,6000
https://entity.api.hubmapconsortium.org/entities/3cb80d40ef2e56ae4c6f12ea24ce4008,0,azimuth,12000,12000
https://entity.api.hubmapconsortium.org/entities/3cb80d40ef2e56ae4c6f12ea24ce4008,0,celltypist,12000,12000
https://entity.api.hubmapconsortium.org/entities/3d0bf870aaa607cd0bd0146a461ea0ac,0,azimuth,736,736
https://entity.api.hubmapconsortium.org/entities/3d0bf870aaa607cd0bd0146a461ea0ac,0,celltypist,736,736
https://entity.api.hubmapconsortium.org/entities/3de525fe3e5718f297e8d62e037a042d,0,celltypist,6000,6000
https://entity.api.hubmapconsortium.org/entities/3e1d2641c370e6d6c47ff51d34fe5a58,0,celltypist,5981,5981
https://entity.api.hubmapconsortium.org/entities/3e6bdf82a2c9fb71ee98dff673b505af,0,celltypist,6000,6000
https://entity.api.hubmapconsortium.org/entities/3f3d9117172a7ebda1a57b2d871ce1be,0,celltypist,4921,4921
https://entity.api.hubmapconsortium.org/entities/3febd011f193673c6f87a60718dd8f96,0,azimuth,7499,7499
https://entity.api.hubmapconsortium.org/entities/3febd011f193673c6f87a60718dd8f96,0,celltypist,7499,7499
https://entity.api.hubmapconsortium.org/entities/41dab04d801d21bfc99328c9e249cc68,0,azimuth,25712,25712
https://entity.api.hubmapconsortium.org/entities/425f83d73a8c5786810c0272c0c207c4,0,azimuth,11997,11997
https://entity.api.hubmapconsortium.org/entities/425f83d73a8c5786810c0272c0c207c4,0,celltypist,11997,11997
https://entity.api.hubmapconsortium.org/entities/426940c89892024677d5d26bfbf157a0,0,azimuth,100947,100947
https://entity.api.hubmapconsortium.org/entities/426940c89892024677d5d26bfbf157a0,0,celltypist,100947,100947
https://entity.api.hubmapconsortium.org/entities/42ab155ddff1d33fe1c505c067828614,0,azimuth,8307,8307
https://entity.api.hubmapconsortium.org/entities/4348d5cf6485b949381a1c3358ab3f23,0,azimuth,29295,29295
https://entity.api.hubmapconsortium.org/entities/434fbc55d458dc4e06da9ba4961f3840,0,azimuth,5845,5845
https://entity.api.hubmapconsortium.org/entities/4369a119a9c06ea304003a5c3cb3a2e0,0,azimuth,100986,100986
https://entity.api.hubmapconsortium.org/entities/4369a119a9c06ea304003a5c3cb3a2e0,0,celltypist,100986,100986
https://entity.api.hubmapconsortium.org/entities/44830922b634a9ecd4812b4f27ad4923,0,azimuth,22799,22799
https://entity.api.hubmapconsortium.org/entities/450581eb06aeeb66419b4007d5e86baa,0,azimuth,30187,30187
https://entity.api.hubmapconsortium.org/entities/453b06e1f62ec3e54d8380e4e974a5a5,0,celltypist,10725,10725
https://entity.api.hubmapconsortium.org/entities/4608ccb9df2505ed8f3ffe02451b4a19,0,azimuth,100984,100984
https://entity.api.hubmapconsortium.org/entities/4608ccb9df2505ed8f3ffe02451b4a19,0,celltypist,100984,100984
https://entity.api.hubmapconsortium.org/entities/4663b54020087bba991db5605e32af25,0,azimuth,20182,20182
https://entity.api.hubmapconsortium.org/entities/47015df8ab7615a9ce26098d88196dde,0,azimuth,19243,19243
https://entity.api.hubmapconsortium.org/entities/4734034ae3026f586bab5269085ba0e6,0,azimuth,22799,22799
https://entity.api.hubmapconsortium.org/entities/48bdce10978fb6c94a513987ab657031,0,azimuth,10000,10000
https://entity.api.hubmapconsortium.org/entities/48bdce10978fb6c94a513987ab657031,0,celltypist,10000,10000
https://entity.api.hubmapconsortium.org/entities/4a535055190943788c69d672ba1c8a71,0,celltypist,6000,6000
https://entity.api.hubmapconsortium.org/entities/4b16c24a3997ea8754921b0f1d60bc4d,0,azimuth,6601,6601
https://entity.api.hubmapconsortium.org/entities/4b16c24a3997ea8754921b0f1d60bc4d,0,celltypist,6601,6601
https://entity.api.hubmapconsortium.org/entities/4b5dc6d04aa30a6eb0b224a7ab7d03b3,0,azimuth,99907,99907
https://entity.api.hubmapconsortium.org/entities/4b62d9d2c248323ce029859f953fdc57,0,azimuth,4000,4000
https://entity.api.hubmapconsortium.org/entities/4c43019216361c99ef2d9c4a1d9b8c6b,0,azimuth,11996,11996
https://entity.api.hubmapconsortium.org/entities/4c43019216361c99ef2d9c4a1d9b8c6b,0,celltypist,11996,11996
https://entity.api.hubmapconsortium.org/entities/4c435d2297941eafda7fe30f327f88ec,0,azimuth,14298,14298
https://entity.api.hubmapconsortium.org/entities/4c435d2297941eafda7fe30f327f88ec,0,celltypist,14298,14298
https://entity.api.hubmapconsortium.org/entities/4c4a3047474bf43ea46ca99157c460e1,0,celltypist,3188,3188
https://entity.api.hubmapconsortium.org/entities/4e372aa4f8cfce62f2663c5ef810409a,0,azimuth,19439,19439
https://entity.api.hubmapconsortium.org/entities/4e8e7086fb06489f040447e27f40dcf3,0,azimuth,12999,12999
https://entity.api.hubmapconsortium.org/entities/4e8e7086fb06489f040447e27f40dcf3,0,celltypist,12999,12999
https://entity.api.hubmapconsortium.org/entities/4e9a64e657cca28ad36bd2c62693b6e0,0,celltypist,4300,4300
https://entity.api.hubmapconsortium.org/entities/4fd71a24a7a81141700b26e9a9890172,0,celltypist,5999,5999
https://entity.api.hubmapconsortium.org/entities/5018361bf80fb257d39cea6f4425bbae,0,azimuth,10996,10996
https://entity.api.hubmapconsortium.org/entities/5018361bf80fb257d39cea6f4425bbae,0,celltypist,10996,10996
https://entity.api.hubmapconsortium.org/entities/5039cf8619f6f8b5b4a14af1037e1d1f,0,azimuth,4824,4824
https://entity.api.hubmapconsortium.org/entities/5137facf6f24b87d325b886ec8e5fb1f,0,azimuth,30187,30187
https://entity.api.hubmapconsortium.org/entities/51bc718e411810044e4258dae80ff044,0,azimuth,20043,20043
https://entity.api.hubmapconsortium.org/entities/524dc341a03c155b6f4140e9d72f9b1d,0,azimuth,6228,6228
https://entity.api.hubmapconsortium.org/entities/52ec5e111357f8fdd4ab2a3c5790cf4e,0,azimuth,6410,6410
https://entity.api.hubmapconsortium.org/entities/5302ee81cb9692dfda92b2c5dad37198,0,azimuth,8111,8111
https://entity.api.hubmapconsortium.org/entities/53fe8a84564b313d4e8ee90f337129dc,0,azimuth,8201,8201
https://entity.api.hubmapconsortium.org/entities/53fe8a84564b313d4e8ee90f337129dc,0,celltypist,8201,8201
https://entity.api.hubmapconsortium.org/entities/55452bd302046918eaeeffa62c5b5f03,0,azimuth,25732,25732
https://entity.api.hubmapconsortium.org/entities/56742ee7dcbe8b03d964f519009db12d,0,azimuth,100928,100928
https://entity.api.hubmapconsortium.org/entities/56cbda4789f04d79c0c3dffe21816d48,0,azimuth,8999,8999
https://entity.api.hubmapconsortium.org/entities/57054da2dbe87b93f1adb78444086963,0,azimuth,10398,10398
https://entity.api.hubmapconsortium.org/entities/57cf1d63bf13e804c38495f02731aa5e,0,azimuth,7000,7000
https://entity.api.hubmapconsortium.org/entities/57cf1d63bf13e804c38495f02731aa5e,0,celltypist,7000,7000
https://entity.api.hubmapconsortium.org/entities/58167d0f778284d5b95af782bd8132da,0,azimuth,100527,100527
https://entity.api.hubmapconsortium.org/entities/58167d0f778284d5b95af782bd8132da,0,celltypist,100527,100527
https://entity.api.hubmapconsortium.org/entities/5908774e08f8a32737cdfe70e868a944,0,azimuth,23104,23104
https://entity.api.hubmapconsortium.org/entities/59249f23ecdcc975c90de9a1956a5285,0,azimuth,9801,9801
https://entity.api.hubmapconsortium.org/entities/5952a8d5dd376b81baaf5f9b784c1cd4,0,azimuth,10995,10995
https://entity.api.hubmapconsortium.org/entities/5952a8d5dd376b81baaf5f9b784c1cd4,0,celltypist,10995,10995
https://entity.api.hubmapconsortium.org/entities/5a5ca03fa623602d9a859224aa40ace4,0,azimuth,3996,3996
https://entity.api.hubmapconsortium.org/entities/5a6470730104461ebb4358a11f70bd56,0,azimuth,36076,36076
https://entity.api.hubmapconsortium.org/entities/5bc39f0a0deb7632f5cb9650d5e7067c,0,azimuth,3183,3183
https://entity.api.hubmapconsortium.org/entities/5c57b3574a103e4990c8ed54cd82c6e6,0,azimuth,23280,23280
https://entity.api.hubmapconsortium.org/entities/5d111a1db2f18d507d23e79b993e1e4a,0,azimuth,8430,8430
https://entity.api.hubmapconsortium.org/entities/5d111a1db2f18d507d23e79b993e1e4a,0,celltypist,8430,8430
https://entity.api.hubmapconsortium.org/entities/5d333ab22f05d83c6a5ba4848a50b058,0,celltypist,6000,6000
https://entity.api.hubmapconsortium.org/entities/5d59784e70a74d4f44c729afff22668c,0,azimuth,100793,100793
https://entity.api.hubmapconsortium.org/entities/5e2aaccdea5c209e217888f2c20ea64b,0,celltypist,5998,5998
https://entity.api.hubmapconsortium.org/entities/5e47d518f078be2553080b88d8b33323,0,azimuth,11997,11997
https://entity.api.hubmapconsortium.org/entities/5e47d518f078be2553080b88d8b33323,0,celltypist,11997,11997
https://entity.api.hubmapconsortium.org/entities/5e919343564577bb99b140142061fd5f,0,celltypist,6000,6000
https://entity.api.hubmapconsortium.org/entities/5ee0b172de3ea493e0da2e7f743b3631,0,azimuth,9000,9000
https://entity.api.hubmapconsortium.org/entities/5ee0b172de3ea493e0da2e7f743b3631,0,celltypist,9000,9000
https://entity.api.hubmapconsortium.org/entities/5ee240959c96b49d960702755478b9fc,0,azimuth,3999,3999
https://entity.api.hubmapconsortium.org/entities/5f2a08b1c3ce5d7d880dd19b5eb9d04c,0,azimuth,9998,9998
https://entity.api.hubmapconsortium.org/entities/5f2a08b1c3ce5d7d880dd19b5eb9d04c,0,celltypist,9998,9998
https://entity.api.hubmapconsortium.org/entities/5f4e84e77fd0e4dec0c4d1cab468de15,0,azimuth,31580,31580
https://entity.api.hubmapconsortium.org/entities/6015aa7cd30a4522b7e18ec617617619,0,azimuth,100952,100952
https://entity.api.hubmapconsortium.org/entities/6015aa7cd30a4522b7e18ec617617619,0,celltypist,100952,100952
https://entity.api.hubmapconsortium.org/entities/611d301d6755508efd91a6d924d7c400,0,azimuth,10996,10996
https://entity.api.hubmapconsortium.org/entities/615462a0e4aa133d8b19644c404e3eeb,0,azimuth,100485,100485
https://entity.api.hubmapconsortium.org/entities/61f4223d67ed09c9b167ebeae12c1532,0,azimuth,14298,14298
https://entity.api.hubmapconsortium.org/entities/61f4223d67ed09c9b167ebeae12c1532,0,celltypist,14298,14298
https://entity.api.hubmapconsortium.org/entities/6204c98529c482e1bb3816559775dc54,0,azimuth,7000,7000
https://entity.api.hubmapconsortium.org/entities/6204c98529c482e1bb3816559775dc54,0,celltypist,7000,7000
https://entity.api.hubmapconsortium.org/entities/62efbe0a6abd0bcf53ab9ab29e7cd73f,0,azimuth,7000,7000
https://entity.api.hubmapconsortium.org/entities/63349325056ccff582f1d095055c7e12,0,azimuth,8342,8342
https://entity.api.hubmapconsortium.org/entities/634511b7c63c16cfb51dc867c65cfc91,0,azimuth,21563,21563
https://entity.api.hubmapconsortium.org/entities/643d4afbd87752a89d7643faed261aba,0,azimuth,9997,9997
https://entity.api.hubmapconsortium.org/entities/643d4afbd87752a89d7643faed261aba,0,celltypist,9997,9997
https://entity.api.hubmapconsortium.org/entities/65b09a22752175901f42fe92e84f1c8e,0,azimuth,100858,100858
https://entity.api.hubmapconsortium.org/entities/65b09a22752175901f42fe92e84f1c8e,0,celltypist,100858,100858
https://entity.api.hubmapconsortium.org/entities/65fff84c7cbf4fda89c1a038f4739edc,0,azimuth,9998,9998
https://entity.api.hubmapconsortium.org/entities/65fff84c7cbf4fda89c1a038f4739edc,0,celltypist,9998,9998
https://entity.api.hubmapconsortium.org/entities/668a833e9d3ba0071d8648d6108828df,0,azimuth,100981,100981
https://entity.api.hubmapconsortium.org/entities/668a833e9d3ba0071d8648d6108828df,0,celltypist,100981,100981
https://entity.api.hubmapconsortium.org/entities/674116f3bb6c85dc933ea4ce6ffab05f,0,azimuth,32493,32493
https://entity.api.hubmapconsortium.org/entities/6751b407aa567865e4aa0bff3bd80a78,0,celltypist,1872,1872
https://entity.api.hubmapconsortium.org/entities/67c6b239cf0986423273c874dd8c5e66,0,azimuth,34304,34304
https://entity.api.hubmapconsortium.org/entities/69d175d24b6b3997cc99fa6531a5fbce,0,celltypist,6000,6000
https://entity.api.hubmapconsortium.org/entities/69e35548d14ef026c46ddbab31f761da,0,azimuth,35052,35052
https://entity.api.hubmapconsortium.org/entities/69ede86e15f4c129ca8eff2bb9940b36,0,celltypist,445,445
https://entity.api.hubmapconsortium.org/entities/69ede86e15f4c129ca8eff2bb9940b36,0,popv,445,445
https://entity.api.hubmapconsortium.org/entities/6a05e7d78aca48e29e5c5f6cf7c08c58,0,azimuth,9000,9000
https://entity.api.hubmapconsortium.org/entities/6a05e7d78aca48e29e5c5f6cf7c08c58,0,celltypist,9000,9000
https://entity.api.hubmapconsortium.org/entities/6b19b8025b7928aa2eb3c43c00955b93,0,azimuth,15999,15999
https://entity.api.hubmapconsortium.org/entities/6b5d4d3a6af69a3bb82c4768cd24396c,0,azimuth,25949,25949
https://entity.api.hubmapconsortium.org/entities/6c8b810d8727dfc1dba7774a26d885a5,0,azimuth,3982,3982
https://entity.api.hubmapconsortium.org/entities/6cd657565c709c832300336899a1e1ec,0,azimuth,25712,25712
https://entity.api.hubmapconsortium.org/entities/6d43804a0477e8839e682611a1cf0ada,0,azimuth,15811,15811
https://entity.api.hubmapconsortium.org/entities/6e1db473492095ccc2f1393d7259b9c0,0,azimuth,5998,5998
https://entity.api.hubmapconsortium.org/entities/6efd19dc32f820a0e6be6a34973359b6,0,azimuth,6493,6493
https://entity.api.hubmapconsortium.org/entities/6f289cf6ba3614682e8d5f6c8e93ebb1,0,celltypist,4227,4227
https://entity.api.hubmapconsortium.org/entities/6f98ad7345f59e9a0a60b6f706b373bb,0,azimuth,208,208
https://entity.api.hubmapconsortium.org/entities/6f98ad7345f59e9a0a60b6f706b373bb,0,celltypist,208,208
https://entity.api.hubmapconsortium.org/entities/6fdfde6f88e34294b3cd58e070ebcba2,0,azimuth,26409,26409
https://entity.api.hubmapconsortium.org/entities/7017034c816444f6acb469834e53344f,0,azimuth,2716,2716
https://entity.api.hubmapconsortium.org/entities/707d72d89097af2ff75d127137e5547e,0,azimuth,27424,27424
https://entity.api.hubmapconsortium.org/entities/71477f504b0069828a368009fa3ab1ad,0,celltypist,1672,1672
https://entity.api.hubmapconsortium.org/entities/71719ade6924098f772d4063541a50f3,0,celltypist,5995,5995
https://entity.api.hubmapconsortium.org/entities/7199675050ce69bc8c4812005ff086f9,0,azimuth,6000,6000
https://entity.api.hubmapconsortium.org/entities/7199675050ce69bc8c4812005ff086f9,0,celltypist,6000,6000
https://entity.api.hubmapconsortium.org/entities/7203e44cb29caee9f968d6e6bb36dc7e,0,azimuth,3999,3999
https://entity.api.hubmapconsortium.org/entities/72fd0d8256cd9d9e9d0c75ed7b4431cc,0,azimuth,19439,19439
https://entity.api.hubmapconsortium.org/entities/739184f7ec84d93a35360cde81cc026c,0,azimuth,2387,2387
https://entity.api.hubmapconsortium.org/entities/7479e6dbfa3b3a8e1e2d4f78cbe0f9e4,0,azimuth,100988,100988
https://entity.api.hubmapconsortium.org/entities/74e09cbb91aba06b48429651cb388940,0,azimuth,21268,21268
https://entity.api.hubmapconsortium.org/entities/75356313b18a160c4cb1c1ee0cad5cb6,0,azimuth,7000,7000
https://entity.api.hubmapconsortium.org/entities/7646a8a89555a123a56446b66c183d58,0,azimuth,4824,4824
https://entity.api.hubmapconsortium.org/entities/76b410b314b455d86dfa098c97b8acf6,0,azimuth,2994,2994
https://entity.api.hubmapconsortium.org/entities/781a16848177ef6567d4963a0eb9fb0a,0,azimuth,30187,30187
https://entity.api.hubmapconsortium.org/entities/78e90185d511ee0f6293e266a7354348,0,azimuth,31580,31580
https://entity.api.hubmapconsortium.org/entities/79022070eab3517655e57a85b2438e7a,0,azimuth,10999,10999
https://entity.api.hubmapconsortium.org/entities/79bf632f74be9a08676131877d919127,0,celltypist,5999,5999
https://entity.api.hubmapconsortium.org/entities/79f087ae551dd72997f174646bb0d5e0,0,azimuth,4899,4899
https://entity.api.hubmapconsortium.org/entities/79f087ae551dd72997f174646bb0d5e0,0,celltypist,4899,4899
https://entity.api.hubmapconsortium.org/entities/79f8c7ec1b200dfe5b46d0bcfec02bd7,0,azimuth,28664,28664
https://entity.api.hubmapconsortium.org/entities/7b15d0833426852e59a08f6c6a75f4d8,0,azimuth,5000,5000
https://entity.api.hubmapconsortium.org/entities/7b4d9ca7452ea1303ecca268db1fccba,0,azimuth,20000,20000
https://entity.api.hubmapconsortium.org/entities/7b4d9ca7452ea1303ecca268db1fccba,0,celltypist,20000,20000
https://entity.api.hubmapconsortium.org/entities/7c8c57d0d7f39d680f30587cc2c91c64,0,azimuth,34879,34879
https://entity.api.hubmapconsortium.org/entities/7c9e07c96d144536525b1f889acee14d,0,azimuth,5000,5000
https://entity.api.hubmapconsortium.org/entities/7d70a4deb9e2f0592f0c56e20ca91169,0,azimuth,53121,53121
https://entity.api.hubmapconsortium.org/entities/7d70a4deb9e2f0592f0c56e20ca91169,0,celltypist,53121,53121
https://entity.api.hubmapconsortium.org/entities/7e7d753ec5074f5d7ae987c47f1c3c0b,0,azimuth,9998,9998
https://entity.api.hubmapconsortium.org/entities/7e7d753ec5074f5d7ae987c47f1c3c0b,0,celltypist,9998,9998
https://entity.api.hubmapconsortium.org/entities/7ed80889944d7b0276e84f179090d622,0,azimuth,27982,27982
https://entity.api.hubmapconsortium.org/entities/7edbff53248f2a2c8e74f5f955681734,0,celltypist,5995,5995
https://entity.api.hubmapconsortium.org/entities/7f1e932a91a86ef58ed61ee19c175c18,0,azimuth,100921,100921
https://entity.api.hubmapconsortium.org/entities/7fb06c821cf184b08ae44c256c29b362,0,azimuth,11998,11998
https://entity.api.hubmapconsortium.org/entities/7fb06c821cf184b08ae44c256c29b362,0,celltypist,11998,11998
https://entity.api.hubmapconsortium.org/entities/80a6ada1863d11fd0c338b2fab7f7d36,0,azimuth,5000,5000
https://entity.api.hubmapconsortium.org/entities/811e4fd5a09896edcb70814a582e85e4,0,celltypist,2449,2449
https://entity.api.hubmapconsortium.org/entities/813af4ad3207830e0e7b2559413028bf,0,azimuth,4000,4000
https://entity.api.hubmapconsortium.org/entities/81c50251d7f1aa85eeb6c03be44443a6,0,azimuth,27278,27278
https://entity.api.hubmapconsortium.org/entities/81d8286998779f11d424210f19276941,0,celltypist,2749,2749
https://entity.api.hubmapconsortium.org/entities/82400009b02f7651f3edf5b292f7cd9a,0,azimuth,6997,6997
https://entity.api.hubmapconsortium.org/entities/8251c86364659887c1508def8f8cef05,0,azimuth,4974,4974
https://entity.api.hubmapconsortium.org/entities/8306f9bdef96312bd36c18b45bd8e141,0,azimuth,21812,21812
https://entity.api.hubmapconsortium.org/entities/8464b75a88e33b69027c39b0c3f43b2f,0,azimuth,34304,34304
https://entity.api.hubmapconsortium.org/entities/846e56ed969922f1cb7a81619b175620,0,celltypist,346,346
https://entity.api.hubmapconsortium.org/entities/84ae65cb9e8eb84562ee268b4e7b5637,0,azimuth,6000,6000
https://entity.api.hubmapconsortium.org/entities/84db9a72aba9ae0ef740192ad8747ee3,0,azimuth,100959,100959
https://entity.api.hubmapconsortium.org/entities/84db9a72aba9ae0ef740192ad8747ee3,0,celltypist,100959,100959
https://entity.api.hubmapconsortium.org/entities/853ab5348f619043ab2f997ac8ae14f0,0,azimuth,10398,10398
https://entity.api.hubmapconsortium.org/entities/85dcbf66b078d61015a6e1c1f971d7d8,0,azimuth,100928,100928
https://entity.api.hubmapconsortium.org/entities/85fa094cbdb29173e0a3463dce0790fc,0,azimuth,100749,100749
https://entity.api.hubmapconsortium.org/entities/85fa094cbdb29173e0a3463dce0790fc,0,celltypist,100749,100749
https://entity.api.hubmapconsortium.org/entities/86ad3859bb98f5d35e5f2ce553e64164,0,azimuth,1500,1500
https://entity.api.hubmapconsortium.org/entities/87023a2c65ec7aaa439af2a55c77cbb5,0,azimuth,10999,10999
https://entity.api.hubmapconsortium.org/entities/87023a2c65ec7aaa439af2a55c77cbb5,0,celltypist,10999,10999
https://entity.api.hubmapconsortium.org/entities/87e85403e3f7a946fc40bdcf5cba8360,0,celltypist,6017,6017
https://entity.api.hubmapconsortium.org/entities/892b7cae1138be0b8181cca95b901628,0,azimuth,22799,22799
https://entity.api.hubmapconsortium.org/entities/897c8d98e62b782b81f4b1bbf85e49bc,0,azimuth,7000,7000
https://entity.api.hubmapconsortium.org/entities/8a05f6bdf4ad165f8ba5f3f194ebf93b,0,azimuth,8996,8996
https://entity.api.hubmapconsortium.org/entities/8a5592389339a77ce7697f516aa721fe,0,celltypist,6000,6000
https://entity.api.hubmapconsortium.org/entities/8adfc58a225049fb0884a8289d560534,0,azimuth,20182,20182
https://entity.api.hubmapconsortium.org/entities/8ae1c6747fb4f469edd91f1f23f65d24,0,celltypist,5999,5999
https://entity.api.hubmapconsortium.org/entities/8b205b7d32b404e39106405cfc0beaad,0,azimuth,2997,2997
https://entity.api.hubmapconsortium.org/entities/8b65acdfecc504e9a96c84643c3ab02c,0,azimuth,50704,50704
https://entity.api.hubmapconsortium.org/entities/8b65acdfecc504e9a96c84643c3ab02c,0,celltypist,50704,50704
https://entity.api.hubmapconsortium.org/entities/8c1ad4c380ae5477d0b7875fa47e867e,0,celltypist,5999,5999
https://entity.api.hubmapconsortium.org/entities/8c5e705001d5cc1c40dbd963ad848486,0,azimuth,95817,95817
https://entity.api.hubmapconsortium.org/entities/8cc6af72f27be7b6406547c64bbb2637,0,azimuth,6999,6999
https://entity.api.hubmapconsortium.org/entities/8ccdee5587a477c482be2e6e19dddf7a,0,celltypist,3993,3993
https://entity.api.hubmapconsortium.org/entities/8cdb42ed1194255c74c8462b99bbd7ef,0,azimuth,2994,2994
https://entity.api.hubmapconsortium.org/entities/8d631eee88855ac59155edca2a3bc1ca,0,azimuth,3000,3000
https://entity.api.hubmapconsortium.org/entities/8df15cb20f5e127d102a73d0ec5682a0,0,azimuth,100959,100959
https://entity.api.hubmapconsortium.org/entities/8df15cb20f5e127d102a73d0ec5682a0,0,celltypist,100959,100959
https://entity.api.hubmapconsortium.org/entities/8f127a10d370ddfbc902313f248721c3,0,azimuth,9000,9000
https://entity.api.hubmapconsortium.org/entities/8f127a10d370ddfbc902313f248721c3,0,celltypist,9000,9000
https://entity.api.hubmapconsortium.org/entities/8f27d93b71147597f38de827f233930e,0,azimuth,6228,6228
https://entity.api.hubmapconsortium.org/entities/8fc6de017a39057be8e19737ce5eff67,0,azimuth,100961,100961
https://entity.api.hubmapconsortium.org/entities/8fc6de017a39057be8e19737ce5eff67,0,celltypist,100961,100961
https://entity.api.hubmapconsortium.org/entities/90842f728f8bf896fe5a86e902e00f4e,0,azimuth,10000,10000
https://entity.api.hubmapconsortium.org/entities/90842f728f8bf896fe5a86e902e00f4e,0,celltypist,10000,10000
https://entity.api.hubmapconsortium.org/entities/911380980cd33eac5add7f72d86de146,0,azimuth,31580,31580
https://entity.api.hubmapconsortium.org/entities/91822c7d75c54ce838bcd4d77f076b25,0,celltypist,959,959
https://entity.api.hubmapconsortium.org/entities/91822c7d75c54ce838bcd4d77f076b25,0,popv,959,959
https://entity.api.hubmapconsortium.org/entities/91cfb45f5d398e950ed65786c87f4372,0,azimuth,2820,2820
https://entity.api.hubmapconsortium.org/entities/92248f72d47b916a2027085ec1b8e996,0,azimuth,19243,19243
https://entity.api.hubmapconsortium.org/entities/922fdad6086766febc2f4a71059d6f82,0,azimuth,7999,7999
https://entity.api.hubmapconsortium.org/entities/922fdad6086766febc2f4a71059d6f82,0,celltypist,7999,7999
https://entity.api.hubmapconsortium.org/entities/9305d53ae8c0dd565a088cd45f20e0c8,0,azimuth,6601,6601
https://entity.api.hubmapconsortium.org/entities/9305d53ae8c0dd565a088cd45f20e0c8,0,celltypist,6601,6601
https://entity.api.hubmapconsortium.org/entities/9308dab31ff0b18325f79a671cd6d833,0,celltypist,9045,9045
https://entity.api.hubmapconsortium.org/entities/93204c7af92f0bad431735d7c9c9185a,0,azimuth,6994,6994
https://entity.api.hubmapconsortium.org/entities/93b26f289133669d892d8d8704685899,0,azimuth,3998,3998
https://entity.api.hubmapconsortium.org/entities/93b26f289133669d892d8d8704685899,0,celltypist,3998,3998
https://entity.api.hubmapconsortium.org/entities/93e233e001463fea35d8617c34da098c,0,azimuth,8999,8999
https://entity.api.hubmapconsortium.org/entities/93e233e001463fea35d8617c34da098c,0,celltypist,8999,8999
https://entity.api.hubmapconsortium.org/entities/9457860c1b69f7ec3e51a6b648eabf13,0,azimuth,100651,100651
https://entity.api.hubmapconsortium.org/entities/9458b342e7a9bad77887b60ca42b6a26,0,celltypist,6000,6000
https://entity.api.hubmapconsortium.org/entities/949827f25f423d54663f09596351795d,0,azimuth,100651,100651
https://entity.api.hubmapconsortium.org/entities/9543f0b5e921d865e57a9fe3e4e62f4e,0,azimuth,20043,20043
https://entity.api.hubmapconsortium.org/entities/969b81f6dfbc0ed1fc21b00e2997d441,0,azimuth,100986,100986
https://entity.api.hubmapconsortium.org/entities/969b81f6dfbc0ed1fc21b00e2997d441,0,celltypist,100986,100986
https://entity.api.hubmapconsortium.org/entities/96b322ef4a9a31c0a6c80ac0cc1c8a31,0,azimuth,12000,12000
https://entity.api.hubmapconsortium.org/entities/97c65df1d8fdc8d67c34a55e386fd430,0,azimuth,20596,20596
https://entity.api.hubmapconsortium.org/entities/97effe14bbcac7911a136008c3a7f5cf,0,azimuth,6997,6997
https://entity.api.hubmapconsortium.org/entities/97effe14bbcac7911a136008c3a7f5cf,0,celltypist,6997,6997
https://entity.api.hubmapconsortium.org/entities/985b97a1645baa3d7dffd4c0e13adbb6,0,azimuth,17602,17602
https://entity.api.hubmapconsortium.org/entities/98fd7493f62883b748e0f37885be0f07,0,azimuth,10999,10999
https://entity.api.hubmapconsortium.org/entities/98fd7493f62883b748e0f37885be0f07,0,celltypist,10999,10999
https://entity.api.hubmapconsortium.org/entities/996a59f0f3819e0b8b425de528467407,0,azimuth,11996,11996
https://entity.api.hubmapconsortium.org/entities/996a59f0f3819e0b8b425de528467407,0,celltypist,11996,11996
https://entity.api.hubmapconsortium.org/entities/9a7e6be288b27ddbd3366c4ae41bbcd2,0,azimuth,20999,20999
https://entity.api.hubmapconsortium.org/entities/9aed52d22e30b893045fd1f79b3663fb,0,azimuth,7980,7980
https://entity.api.hubmapconsortium.org/entities/9aed52d22e30b893045fd1f79b3663fb,0,celltypist,7980,7980
https://entity.api.hubmapconsortium.org/entities/9b03c4c79ef7bcd1e8992cd50ed3f482,0,celltypist,4337,4337
https://entity.api.hubmapconsortium.org/entities/9b20142483d5714c66885b690c00af4f,0,azimuth,11000,11000
https://entity.api.hubmapconsortium.org/entities/9b20142483d5714c66885b690c00af4f,0,celltypist,11000,11000
https://entity.api.hubmapconsortium.org/entities/9b99c75de2347b9567e33065108488e8,0,azimuth,100703,100703
https://entity.api.hubmapconsortium.org/entities/9bc5d8fc743fd4dd610586ca720976f1,0,azimuth,17602,17602
https://entity.api.hubmapconsortium.org/entities/9e91d1be412466551533cce5594450cb,0,azimuth,50859,50859
https://entity.api.hubmapconsortium.org/entities/9e91d1be412466551533cce5594450cb,0,celltypist,50859,50859
https://entity.api.hubmapconsortium.org/entities/9ef25b416e99014c7af842b97626e676,0,azimuth,100737,100737
https://entity.api.hubmapconsortium.org/entities/9f415d53db0f3452bb642ad2d229eff0,0,azimuth,7998,7998
https://entity.api.hubmapconsortium.org/entities/9fe24e50c8b8b77d86900ee4beecef69,0,azimuth,8342,8342
https://entity.api.hubmapconsortium.org/entities/a0bfd09a989530ba348d64499adf6a6b,0,azimuth,3998,3998
https://entity.api.hubmapconsortium.org/entities/a0bfd09a989530ba348d64499adf6a6b,0,celltypist,3998,3998
https://entity.api.hubmapconsortium.org/entities/a19973065eec1489f4d6a308e73da275,0,azimuth,26409,26409
https://entity.api.hubmapconsortium.org/entities/a1d17fdd270a69c813b872a927dfa5f3,0,azimuth,26251,26251
https://entity.api.hubmapconsortium.org/entities/a2268636667d51ce05ddea2451621434,0,azimuth,12000,12000
https://entity.api.hubmapconsortium.org/entities/a24771788dc2d572e267badeb701161d,0,celltypist,276,276
https://entity.api.hubmapconsortium.org/entities/a2b20bdf8e9602ea775a84cbb10472d3,0,azimuth,5998,5998
https://entity.api.hubmapconsortium.org/entities/a39f501df340b605a58dc492f51c05db,0,azimuth,25362,25362
https://entity.api.hubmapconsortium.org/entities/a39fed027b51d97f83cec90c63c44744,0,azimuth,100957,100957
https://entity.api.hubmapconsortium.org/entities/a39fed027b51d97f83cec90c63c44744,0,celltypist,100957,100957
https://entity.api.hubmapconsortium.org/entities/a483dd481580fd0dfc3e5aa00426ab58,0,azimuth,11996,11996
https://entity.api.hubmapconsortium.org/entities/a483dd481580fd0dfc3e5aa00426ab58,0,celltypist,11996,11996
https://entity.api.hubmapconsortium.org/entities/a48ab0bf5d8084da24859c4e64336e9c,0,azimuth,3228,3228
https://entity.api.hubmapconsortium.org/entities/a48ab0bf5d8084da24859c4e64336e9c,0,celltypist,3228,3228
https://entity.api.hubmapconsortium.org/entities/a4fe3e811e2bfc795dbbb133f6b6a8a4,0,azimuth,3996,3996
https://entity.api.hubmapconsortium.org/entities/a56498f8e577a6caed934c83cbbb0bb3,0,celltypist,1464,1464
https://entity.api.hubmapconsortium.org/entities/a5729f859fc944c76f77fc74a1710e3b,0,celltypist,6000,6000
https://entity.api.hubmapconsortium.org/entities/a69367866979f878635b2b665a6a7e0c,0,azimuth,100932,100932
https://entity.api.hubmapconsortium.org/entities/a6bfa5ab516fcc24137cdd3ce3971e2c,0,azimuth,20596,20596
https://entity.api.hubmapconsortium.org/entities/a8560706a0a6bcffd974ed4dd8082571,0,azimuth,3999,3999
https://entity.api.hubmapconsortium.org/entities/a95f2c79bb637141f7e6874eddc8e274,0,azimuth,100927,100927
https://entity.api.hubmapconsortium.org/entities/aa93e53df10842c13348a334c8fe423f,0,azimuth,100703,100703
https://entity.api.hubmapconsortium.org/entities/aa97a7c3e11e210bfa1629ee467bdcf6,0,azimuth,37195,37195
https://entity.api.hubmapconsortium.org/entities/aaedb5272190e61bf557d3b0a1bc591f,0,azimuth,501,501
https://entity.api.hubmapconsortium.org/entities/ac1d4544ab4886b851f74b2c21952378,0,azimuth,89168,89168
https://entity.api.hubmapconsortium.org/entities/ad312fba7d484a57f4a9b0d05977b521,0,azimuth,21563,21563
https://entity.api.hubmapconsortium.org/entities/ad693f99fb9006e68a53e97598da1509,0,azimuth,6994,6994
https://entity.api.hubmapconsortium.org/entities/ae24a29456fe677fcb97a4468eba922a,0,celltypist,975,975
https://entity.api.hubmapconsortium.org/entities/ae69348842e9e11be18cb3af99db834e,0,azimuth,22676,22676
https://entity.api.hubmapconsortium.org/entities/ae9d6066c8b680aa82e8da8a259fb429,0,azimuth,11998,11998
https://entity.api.hubmapconsortium.org/entities/ae9d6066c8b680aa82e8da8a259fb429,0,celltypist,11998,11998
https://entity.api.hubmapconsortium.org/entities/aeaaa0536b87935ad50cf69f1a0c3b1a,0,azimuth,31810,31810
https://entity.api.hubmapconsortium.org/entities/aeb2f6902721eb8c7d44c1c3669c640c,0,azimuth,1499,1499
https://entity.api.hubmapconsortium.org/entities/aece0d5303d9ce959cdab34a9e9f3003,0,azimuth,26087,26087
https://entity.api.hubmapconsortium.org/entities/af5741dad7aecf7960a129c3d2ae642a,0,azimuth,4000,4000
https://entity.api.hubmapconsortium.org/entities/b05c21f9c94ce1a22a9694cd0fe0291e,0,azimuth,1499,1499
https://entity.api.hubmapconsortium.org/entities/b07a1fb96ddc2d4119e1f9a73d9c0a6a,0,azimuth,29295,29295
https://entity.api.hubmapconsortium.org/entities/b0c09583b2a1b3c82eddce71706dba4b,0,azimuth,34304,34304
https://entity.api.hubmapconsortium.org/entities/b0f51c557f05bcff69c9eed090c93b79,0,azimuth,100749,100749
https://entity.api.hubmapconsortium.org/entities/b0f51c557f05bcff69c9eed090c93b79,0,celltypist,100749,100749
https://entity.api.hubmapconsortium.org/entities/b1a0bb5adb99161eb40f977358187c6d,0,celltypist,2709,2709
https://entity.api.hubmapconsortium.org/entities/b1ac71625c1aba9d819fae1725c27a42,0,azimuth,49449,49449
https://entity.api.hubmapconsortium.org/entities/b1ac71625c1aba9d819fae1725c27a42,0,celltypist,49449,49449
https://entity.api.hubmapconsortium.org/entities/b1f60066564cca41af57ff64f951364f,0,azimuth,20182,20182
https://entity.api.hubmapconsortium.org/entities/b23c6f176280ad4c9fe8f74509cb6cf6,0,celltypist,203,203
https://entity.api.hubmapconsortium.org/entities/b2ab05f290c0740c3198f020cd70e78d,0,azimuth,2716,2716
https://entity.api.hubmapconsortium.org/entities/b2e48b3c4cd58eb8abc2fcf0c2a79a98,0,azimuth,11999,11999
https://entity.api.hubmapconsortium.org/entities/b2e48b3c4cd58eb8abc2fcf0c2a79a98,0,celltypist,11999,11999
https://entity.api.hubmapconsortium.org/entities/b30f6ae2e11e7537bcbe8a67ef6c61fe,0,azimuth,7998,7998
https://entity.api.hubmapconsortium.org/entities/b30f6ae2e11e7537bcbe8a67ef6c61fe,0,celltypist,7998,7998
https://entity.api.hubmapconsortium.org/entities/b340bb5715f967aa74d1b8eaeec0d475,0,azimuth,7499,7499
https://entity.api.hubmapconsortium.org/entities/b340bb5715f967aa74d1b8eaeec0d475,0,celltypist,7499,7499
https://entity.api.hubmapconsortium.org/entities/b3803d913f08b07943417fa685419cdd,0,azimuth,6999,6999
https://entity.api.hubmapconsortium.org/entities/b3d66a3ef05dcca3984087b155c6e915,0,azimuth,26251,26251
https://entity.api.hubmapconsortium.org/entities/b52062ad74e35b61179be6d4d137b7b8,0,azimuth,5997,5997
https://entity.api.hubmapconsortium.org/entities/b5875c58fe4e471ffa9c522730c5e22a,0,azimuth,20000,20000
https://entity.api.hubmapconsortium.org/entities/b5875c58fe4e471ffa9c522730c5e22a,0,celltypist,20000,20000
https://entity.api.hubmapconsortium.org/entities/b5aaa0ff6cde445a6808dc03e27c9364,0,azimuth,12000,12000
https://entity.api.hubmapconsortium.org/entities/b5aaa0ff6cde445a6808dc03e27c9364,0,celltypist,12000,12000
https://entity.api.hubmapconsortium.org/entities/b5ff6c347488c45deafeb6316dc7925b,0,azimuth,34608,34608
https://entity.api.hubmapconsortium.org/entities/b6b6cb64d837a70aacd0275175d1c4e0,0,celltypist,616,616
https://entity.api.hubmapconsortium.org/entities/b6b6cb64d837a70aacd0275175d1c4e0,0,popv,616,616
https://entity.api.hubmapconsortium.org/entities/b8afc634e3e2b2a10f759596fa30101c,0,azimuth,100943,100943
https://entity.api.hubmapconsortium.org/entities/b8afc634e3e2b2a10f759596fa30101c,0,celltypist,100943,100943
https://entity.api.hubmapconsortium.org/entities/b921c30d5077581c016d87d4f4c9ff19,0,azimuth,12166,12166
https://entity.api.hubmapconsortium.org/entities/b95f34761c252ebbd1e482cd9afae73f,0,azimuth,12000,12000
https://entity.api.hubmapconsortium.org/entities/b99fc30c4195958fbef217fa9ed9ec8f,0,azimuth,3982,3982
https://entity.api.hubmapconsortium.org/entities/ba3081716f3fa98a1670b0864c5115ff,0,celltypist,3846,3846
https://entity.api.hubmapconsortium.org/entities/ba3081716f3fa98a1670b0864c5115ff,0,popv,3846,3846
https://entity.api.hubmapconsortium.org/entities/baf7cfd920bea2bbc0b6cd7d00ec1789,0,celltypist,5996,5996
https://entity.api.hubmapconsortium.org/entities/bb10cd1926335fb8fb20bfc041337681,0,azimuth,10995,10995
https://entity.api.hubmapconsortium.org/entities/bb10cd1926335fb8fb20bfc041337681,0,celltypist,10995,10995
https://entity.api.hubmapconsortium.org/entities/bba1f664447f3bf1bccb0b6ebf2f61ad,0,azimuth,21812,21812
https://entity.api.hubmapconsortium.org/entities/bbcad31a55b1710dd5f889be8f63b62b,0,azimuth,100737,100737
https://entity.api.hubmapconsortium.org/entities/bc26df5c01b624841a51e60cd8229c51,0,azimuth,20182,20182
https://entity.api.hubmapconsortium.org/entities/bca0d1d7fcb2bdcde16a31d1484e83e5,0,azimuth,31810,31810
https://entity.api.hubmapconsortium.org/entities/be103f95cc6c1a3e48f099d1bd149a49,0,azimuth,10760,10760
https://entity.api.hubmapconsortium.org/entities/be9a0e3119ea00dc156eff7ca346f46e,0,celltypist,5987,5987
https://entity.api.hubmapconsortium.org/entities/bf1896efe41bb1b17eee3bd77072454d,0,azimuth,35052,35052
https://entity.api.hubmapconsortium.org/entities/c05a38c5210b870281b5aea01e290339,0,azimuth,7520,7520
https://entity.api.hubmapconsortium.org/entities/c14b104f9e44511ddf82697bce0d1901,0,azimuth,100291,100291
https://entity.api.hubmapconsortium.org/entities/c1a0c043d0a986d71552091cc1b09742,0,azimuth,15811,15811
https://entity.api.hubmapconsortium.org/entities/c3e09a5698adbd3308d75c91eb7ff802,0,celltypist,223,223
https://entity.api.hubmapconsortium.org/entities/c3e09a5698adbd3308d75c91eb7ff802,0,popv,223,223
https://entity.api.hubmapconsortium.org/entities/c3fc521953367daa816487df05a58ec8,0,celltypist,577,577
https://entity.api.hubmapconsortium.org/entities/c3fc521953367daa816487df05a58ec8,0,popv,577,577
https://entity.api.hubmapconsortium.org/entities/c40da13b509a43ba96d3a6832f79bf71,0,azimuth,100994,100994
https://entity.api.hubmapconsortium.org/entities/c40da13b509a43ba96d3a6832f79bf71,0,celltypist,100994,100994
https://entity.api.hubmapconsortium.org/entities/c429e51920537c11fa91d1bc69085c1d,0,azimuth,3000,3000
https://entity.api.hubmapconsortium.org/entities/c616de3ce57804ede2dd519a1c8addf2,0,celltypist,53637,53637
https://entity.api.hubmapconsortium.org/entities/c6bb00096b0cf40751f9d6003fb730c7,0,azimuth,65248,65248
https://entity.api.hubmapconsortium.org/entities/c6bb00096b0cf40751f9d6003fb730c7,0,celltypist,65248,65248
https://entity.api.hubmapconsortium.org/entities/c6c0cca1d093fcdb8d72bd18053a7940,0,azimuth,12166,12166
https://entity.api.hubmapconsortium.org/entities/c7b84545e944c05c781540c3166f780f,0,azimuth,12997,12997
https://entity.api.hubmapconsortium.org/entities/c7b84545e944c05c781540c3166f780f,0,celltypist,12997,12997
https://entity.api.hubmapconsortium.org/entities/c7beda8afe491243d634e3fd0531489b,0,azimuth,30187,30187
https://entity.api.hubmapconsortium.org/entities/c81b0dc9d16eb825a7d6bce6e1b3678f,0,azimuth,14998,14998
https://entity.api.hubmapconsortium.org/entities/c92847b1dcfb19774c9829b0759162b2,0,azimuth,7000,7000
https://entity.api.hubmapconsortium.org/entities/c92847b1dcfb19774c9829b0759162b2,0,celltypist,7000,7000
https://entity.api.hubmapconsortium.org/entities/c939070bed51fbad07814bc5f265d839,0,azimuth,73700,73700
https://entity.api.hubmapconsortium.org/entities/c939070bed51fbad07814bc5f265d839,0,celltypist,73700,73700
https://entity.api.hubmapconsortium.org/entities/ca35382d67c90d4d9bca1ee16526b1d3,0,azimuth,100608,100608
https://entity.api.hubmapconsortium.org/entities/ca35382d67c90d4d9bca1ee16526b1d3,0,celltypist,100608,100608
https://entity.api.hubmapconsortium.org/entities/cad9fd8d9dded93c39e694f851b85b97,0,azimuth,22799,22799
https://entity.api.hubmapconsortium.org/entities/cb75fa61840081ea61c83bd9d76c7061,0,azimuth,20999,20999
https://entity.api.hubmapconsortium.org/entities/ccbad4ffd323265937b842ea36ada4ad,0,azimuth,95817,95817
https://entity.api.hubmapconsortium.org/entities/ccf899abde825d51b03ad91028483ac1,0,azimuth,26950,26950
https://entity.api.hubmapconsortium.org/entities/cd0ad2f9ed2f896e682ecacfbdac01ab,0,celltypist,6767,6767
https://entity.api.hubmapconsortium.org/entities/cd3cd77eec0fc514b236597aee14c508,0,azimuth,7000,7000
https://entity.api.hubmapconsortium.org/entities/cd3cd77eec0fc514b236597aee14c508,0,celltypist,7000,7000
https://entity.api.hubmapconsortium.org/entities/cd7dd20541b34cb5d4e06f9f55cb4bc1,0,azimuth,9998,9998
https://entity.api.hubmapconsortium.org/entities/cd9d171eaa5bbff511011b81985fa4f8,0,azimuth,3000,3000
https://entity.api.hubmapconsortium.org/entities/cdf9127efdfc96189845c35244d4d8ab,0,azimuth,35052,35052
https://entity.api.hubmapconsortium.org/entities/ced1599b71875ead46a41286ce67ba53,0,celltypist,203,203
https://entity.api.hubmapconsortium.org/entities/ced1599b71875ead46a41286ce67ba53,0,popv,203,203
https://entity.api.hubmapconsortium.org/entities/cf3ba9b4cc97302d70d28139ae8e4c13,0,azimuth,19243,19243
https://entity.api.hubmapconsortium.org/entities/d0c1bd09443c301413f44f7108d20e08,0,azimuth,8430,8430
https://entity.api.hubmapconsortium.org/entities/d0c1bd09443c301413f44f7108d20e08,0,celltypist,8430,8430
https://entity.api.hubmapconsortium.org/entities/d0f164331f53f745cfa3e67bf3feb22d,0,azimuth,3228,3228
https://entity.api.hubmapconsortium.org/entities/d0f164331f53f745cfa3e67bf3feb22d,0,celltypist,3228,3228
https://entity.api.hubmapconsortium.org/entities/d171ff8d83f707ecca64ff159c7160a7,0,azimuth,100921,100921
https://entity.api.hubmapconsortium.org/entities/d171ff8d83f707ecca64ff159c7160a7,0,celltypist,100921,100921
https://entity.api.hubmapconsortium.org/entities/d1af36911148fdd7001fd4eebe7222f1,0,azimuth,11185,11185
https://entity.api.hubmapconsortium.org/entities/d1d10cfa18d059a96365998fe6406ca9,0,celltypist,6858,6858
https://entity.api.hubmapconsortium.org/entities/d1e9f509063984326570cf603c5654f2,0,azimuth,95427,95427
https://entity.api.hubmapconsortium.org/entities/d363e6062d4962bc7ef44d1d94afec62,0,azimuth,21812,21812
https://entity.api.hubmapconsortium.org/entities/d48d564260d54735569792a464d3ba8a,0,azimuth,20182,20182
https://entity.api.hubmapconsortium.org/entities/d4982446ce3663d25b32d3b8ff3d4b1e,0,azimuth,15811,15811
https://entity.api.hubmapconsortium.org/entities/d4b23a7e9ecabca43d99d9b7444b742b,0,azimuth,9998,9998
https://entity.api.hubmapconsortium.org/entities/d4b23a7e9ecabca43d99d9b7444b742b,0,celltypist,9998,9998
https://entity.api.hubmapconsortium.org/entities/d655e506e3e07f345c65c3cc90d045e2,0,azimuth,26251,26251
https://entity.api.hubmapconsortium.org/entities/d6760d3e17a9a0d5126461af7ee63d0b,0,azimuth,11000,11000
https://entity.api.hubmapconsortium.org/entities/d6760d3e17a9a0d5126461af7ee63d0b,0,celltypist,11000,11000
https://entity.api.hubmapconsortium.org/entities/d68e7b99290b6b7cca686b54955a2c22,0,azimuth,22676,22676
https://entity.api.hubmapconsortium.org/entities/d6e6c8e452ed628425e9e928306a6db0,0,azimuth,60348,60348
https://entity.api.hubmapconsortium.org/entities/d6e6c8e452ed628425e9e928306a6db0,0,celltypist,60348,60348
https://entity.api.hubmapconsortium.org/entities/d746afe85a0b4aa92b57fa8497e8f519,0,azimuth,6000,6000
https://entity.api.hubmapconsortium.org/entities/d746afe85a0b4aa92b57fa8497e8f519,0,celltypist,6000,6000
https://entity.api.hubmapconsortium.org/entities/d87b2121ee1a5777c29a69307f806328,0,azimuth,100932,100932
https://entity.api.hubmapconsortium.org/entities/d88c483eea56204fd3282c5f62f31f0d,0,azimuth,36076,36076
https://entity.api.hubmapconsortium.org/entities/d8ec264c4660ef7053764f71ae1789d0,0,azimuth,100608,100608
https://entity.api.hubmapconsortium.org/entities/d8ec264c4660ef7053764f71ae1789d0,0,celltypist,100608,100608
https://entity.api.hubmapconsortium.org/entities/dab09765ac710804749b195462381b32,0,azimuth,37195,37195
https://entity.api.hubmapconsortium.org/entities/dbe24793ebc30c47e241150cccf4b0d1,0,azimuth,100793,100793
https://entity.api.hubmapconsortium.org/entities/dc4f4778dd04263c0660addcc93b3807,0,azimuth,8111,8111
https://entity.api.hubmapconsortium.org/entities/dc535e26fd17b8286a57d6dcd734c648,0,azimuth,25052,25052
https://entity.api.hubmapconsortium.org/entities/dd3e6da115fd13eee62d9a4fba2324ae,0,azimuth,100485,100485
https://entity.api.hubmapconsortium.org/entities/dd648e4648238b25a7d1062669ea89af,0,azimuth,100984,100984
https://entity.api.hubmapconsortium.org/entities/dd648e4648238b25a7d1062669ea89af,0,celltypist,100984,100984
https://entity.api.hubmapconsortium.org/entities/dd7ccbc306692fc5ff5e61c22845da21,0,azimuth,10996,10996
https://entity.api.hubmapconsortium.org/entities/dd9c7ba448d249b4d8d99e444c592c54,0,azimuth,8999,8999
https://entity.api.hubmapconsortium.org/entities/de78115cc476af9422f916ddfbccbfb6,0,azimuth,55605,55605
https://entity.api.hubmapconsortium.org/entities/de78115cc476af9422f916ddfbccbfb6,0,celltypist,55605,55605
https://entity.api.hubmapconsortium.org/entities/e010f7505632d7b6eeda25b349383149,0,azimuth,2387,2387
https://entity.api.hubmapconsortium.org/entities/e0bc8680624ee3aa097f52cc0f860f48,0,azimuth,100660,100660
https://entity.api.hubmapconsortium.org/entities/e0bc8680624ee3aa097f52cc0f860f48,0,celltypist,100660,100660
https://entity.api.hubmapconsortium.org/entities/e10f4899d35a9f39a2963fe9586b5fa4,0,azimuth,7999,7999
https://entity.api.hubmapconsortium.org/entities/e10f4899d35a9f39a2963fe9586b5fa4,0,celltypist,7999,7999
https://entity.api.hubmapconsortium.org/entities/e31177002791e52119acd9e0b2d06f78,0,azimuth,12998,12998
https://entity.api.hubmapconsortium.org/entities/e31177002791e52119acd9e0b2d06f78,0,celltypist,12998,12998
https://entity.api.hubmapconsortium.org/entities/e35c788dcdcb18c64ad300097b0b863c,0,azimuth,12000,12000
https://entity.api.hubmapconsortium.org/entities/e375a44f5cf5457c8f9b1132574c2436,0,azimuth,6228,6228
https://entity.api.hubmapconsortium.org/entities/e3794812796232ea2f9335c07c9f0aad,0,azimuth,9997,9997
https://entity.api.hubmapconsortium.org/entities/e3794812796232ea2f9335c07c9f0aad,0,celltypist,9997,9997
https://entity.api.hubmapconsortium.org/entities/e3d2be85088ae5073758e6609167407a,0,azimuth,27424,27424
https://entity.api.hubmapconsortium.org/entities/e5f7a14d93659bd0b8dc2819ffa9bc4b,0,azimuth,15993,15993
https://entity.api.hubmapconsortium.org/entities/e65175561b4b17da5352e3837aa0e497,0,azimuth,8111,8111
https://entity.api.hubmapconsortium.org/entities/e73d3a3ccb7d5f8ca8a0df5eb2724f94,0,azimuth,10996,10996
https://entity.api.hubmapconsortium.org/entities/e73d3a3ccb7d5f8ca8a0df5eb2724f94,0,celltypist,10996,10996
https://entity.api.hubmapconsortium.org/entities/e7abfa80618f6dffe82267a6ea144c5a,0,azimuth,8999,8999
https://entity.api.hubmapconsortium.org/entities/e7abfa80618f6dffe82267a6ea144c5a,0,celltypist,8999,8999
https://entity.api.hubmapconsortium.org/entities/e7b70f4c1b3cb934e45fc4114a4fca28,0,celltypist,1783,1783
https://entity.api.hubmapconsortium.org/entities/e7b70f4c1b3cb934e45fc4114a4fca28,0,popv,1783,1783
https://entity.api.hubmapconsortium.org/entities/e7bdf34c4da9f1d880f2615226e9713d,0,azimuth,89168,89168
https://entity.api.hubmapconsortium.org/entities/e81c9c9753998b2ca69e8bceadf2409d,0,celltypist,11236,11236
https://entity.api.hubmapconsortium.org/entities/e83e9242f4823b710a98fcb9affdfa1d,0,celltypist,204,204
https://entity.api.hubmapconsortium.org/entities/e855a116375f67684fb25be9600e455b,0,azimuth,13999,13999
https://entity.api.hubmapconsortium.org/entities/e855a116375f67684fb25be9600e455b,0,celltypist,13999,13999
https://entity.api.hubmapconsortium.org/entities/e901621d0400c18d3d69decd46a82c84,0,azimuth,34608,34608
https://entity.api.hubmapconsortium.org/entities/ea4cfecb8495b36694d9a951510dc3c6,0,azimuth,34304,34304
https://entity.api.hubmapconsortium.org/entities/eb961e5dc50239d35f5398903c64e2b9,0,azimuth,100891,100891
https://entity.api.hubmapconsortium.org/entities/ec7cffb518a4a21025dc213ee1a27ff0,0,azimuth,5996,5996
https://entity.api.hubmapconsortium.org/entities/ec7cffb518a4a21025dc213ee1a27ff0,0,celltypist,5996,5996
https://entity.api.hubmapconsortium.org/entities/ec7ebe15feec075a0299979b0350dd3a,0,azimuth,9801,9801
https://entity.api.hubmapconsortium.org/entities/ec9405ca3fa9c22273927f0d57c8cc97,0,celltypist,5999,5999
https://entity.api.hubmapconsortium.org/entities/ed630484e46ea49b319c0e1f92140059,0,azimuth,11236,11236
https://entity.api.hubmapconsortium.org/entities/ed630484e46ea49b319c0e1f92140059,0,celltypist,11236,11236
https://entity.api.hubmapconsortium.org/entities/ee6e44b3e6cb77ef1806e722390a01a8,0,azimuth,100527,100527
https://entity.api.hubmapconsortium.org/entities/ee6e44b3e6cb77ef1806e722390a01a8,0,celltypist,100527,100527
https://entity.api.hubmapconsortium.org/entities/ef6d7b2952846bd382fd815cb100cd1c,0,azimuth,3000,3000
https://entity.api.hubmapconsortium.org/entities/f0ba359ac01382540c1e5fe5d043e9f1,0,azimuth,6999,6999
https://entity.api.hubmapconsortium.org/entities/f0d9d828d7d1e61289d72e52fafafafa,0,azimuth,23280,23280
https://entity.api.hubmapconsortium.org/entities/f220c9e7bcaea3a87162cbe61287ea4d,0,azimuth,15999,15999
https://entity.api.hubmapconsortium.org/entities/f2647d9533956fdb12da6b1fc6254441,0,celltypist,3282,3282
https://entity.api.hubmapconsortium.org/entities/f3256b912f001d1b58877100b96e38a2,0,celltypist,6000,6000
https://entity.api.hubmapconsortium.org/entities/f3a05f31c6ea4e2315bc66ff468a5a0a,0,azimuth,100737,100737
https://entity.api.hubmapconsortium.org/entities/f4b3c0e24e09e1e8c16f2e4e190a8cbb,0,azimuth,22676,22676
https://entity.api.hubmapconsortium.org/entities/f4f6e6614dd5645a37eae9dee1d6bbef,0,azimuth,10999,10999
https://entity.api.hubmapconsortium.org/entities/f4f6e6614dd5645a37eae9dee1d6bbef,0,celltypist,10999,10999
https://entity.api.hubmapconsortium.org/entities/f6eb890063d13698feb11d39fa61e45a,0,celltypist,6000,6000
https://entity.api.hubmapconsortium.org/entities/f7a8e78dea9cf70735059e8b4a179701,0,azimuth,100957,100957
https://entity.api.hubmapconsortium.org/entities/f7a8e78dea9cf70735059e8b4a179701,0,celltypist,100957,100957
https://entity.api.hubmapconsortium.org/entities/f846d8a192affe8580eacd18e4e27897,0,azimuth,9998,9998
https://entity.api.hubmapconsortium.org/entities/f846d8a192affe8580eacd18e4e27897,0,celltypist,9998,9998
https://entity.api.hubmapconsortium.org/entities/f85a3bfcde06f603102506c851dd76a0,0,celltypist,5929,5929
https://entity.api.hubmapconsortium.org/entities/f88e96675a3215474570083edad66e0c,0,azimuth,19338,19338
https://entity.api.hubmapconsortium.org/entities/f8f8401447d60221cef0532952e59b98,0,azimuth,9998,9998
https://entity.api.hubmapconsortium.org/entities/f8f8401447d60221cef0532952e59b98,0,celltypist,9998,9998
https://entity.api.hubmapconsortium.org/entities/f90ca327ace4f28721be1c39c77d8834,0,azimuth,100921,100921
https://entity.api.hubmapconsortium.org/entities/f91fddc1041953e0f09a1ede20b58f97,0,azimuth,10996,10996
https://entity.api.hubmapconsortium.org/entities/f9848244883f6c70972acef16680431a,0,azimuth,8688,8688
https://entity.api.hubmapconsortium.org/entities/fa9a13fa6cca3c96869930f0b483b484,0,azimuth,99907,99907
https://entity.api.hubmapconsortium.org/entities/faa1acc13943ee9d365b6cc6a3ea889f,0,azimuth,4856,4856
https://entity.api.hubmapconsortium.org/entities/faa1acc13943ee9d365b6cc6a3ea889f,0,celltypist,4856,4856
https://entity.api.hubmapconsortium.org/entities/fae9a1f2e7abefca2203765a3c7a5ba1,0,azimuth,10999,10999
https://entity.api.hubmapconsortium.org/entities/fb94e862fe33f171de6e07d2d207d0de,0,azimuth,501,501
https://entity.api.hubmapconsortium.org/entities/fbb43e7c05d88c8700af94a32cb4e21d,0,azimuth,7742,7742
https://entity.api.hubmapconsortium.org/entities/fbfdd102ecd60d7cf9d3da8c3d83a5c4,0,azimuth,5845,5845
https://entity.api.hubmapconsortium.org/entities/fc5560162deab57641085cdf8bcdfe87,0,azimuth,8307,8307
https://entity.api.hubmapconsortium.org/entities/fcd7a8d45be34fdccb8fa400ea81a331,0,azimuth,27424,27424
https://entity.api.hubmapconsortium.org/entities/fd0b0c1d050010de3520492147aacef4,0,azimuth,26950,26950
https://entity.api.hubmapconsortium.org/entities/fd57a928d9f3cee7e95d284f1d5b9935,0,azimuth,63137,63137
https://entity.api.hubmapconsortium.org/entities/fd57a928d9f3cee7e95d284f1d5b9935,0,celltypist,63137,63137
https://entity.api.hubmapconsortium.org/entities/fdfa344add5dcf9e8e0f6572efbf9312,0,azimuth,22799,22799
https://entity.api.hubmapconsortium.org/entities/fe0ded5fc0355c95239f9c040dd31e99,0,azimuth,3000,3000
https://entity.api.hubmapconsortium.org/entities/fee4cf0e7da557d3ef5c535b5417ed7a,0,azimuth,28664,28664
https://entity.api.hubmapconsortium.org/entities/feea9accbe57b7a052563895ac543d91,0,azimuth,22676,22676
https://entity.api.hubmapconsortium.org/entities/ff5d0d740fea8963e91f2e35c0a85596,0,celltypist,5409,5409
https://entity.api.sennetconsortium.org/entities/1ffd4842e6a1643f538f42eb7fff5bbc,0,celltypist,3140,3140
https://entity.api.sennetconsortium.org/entities/49a77ec5055a8878f95f3eedaac94136,0,celltypist,6164,6164
https://entity.api.sennetconsortium.org/entities/55b89760a86cf5097aeac1d22e72c406,0,celltypist,11000,11000
https://entity.api.sennetconsortium.org/entities/7c0457b5cbb0c6b068dcd1b013a33716,0,celltypist,7325,7325
https://entity.api.sennetconsortium.org/entities/939b748d576fe45f5b236f86a068d2e8,0,celltypist,9594,9594
https://entity.api.sennetconsortium.org/entities/aaf6fd6d7017710bdf87d9eb43123e9b,0,celltypist,6164,6164
https://entity.api.sennetconsortium.org/entities/dfcaf1bf0bf4a73bfbd37aa1565a0b70,0,celltypist,11000,11000
